subject,predicate,object,timestamp,latitude,longitude,source,force,tracking_id,uuid,entity_type,damage,smoke,flaming,mobility_kill,firepower_kill,suppression_level
ENM1A2003,move to,LOC_중앙계곡,2026-08-09T08:53:44.000Z,21.37399573,-157.74288102,UAV 1,2,1:3001:5,ENM1A2003,1:1:225:1:1:3:0,0,false,false,false,false,0
ENCAESAR002,FFE-on-Location,LOC_아군포병진지,2026-08-09T08:53:44.000Z,21.37011579,-157.73488768,UAV 1,2,1:3001:35,ENCAESAR002,1:1:71:4:0:0:0,0,false,false,false,false,0
ENT72012,move to,LOC_중앙계곡,2026-08-09T08:53:44.000Z,21.37175204,-157.74165503,UAV 1,2,1:3001:36,ENT72012,1:1:222:1:2:1:0,0,false,false,false,false,0
ENBTR60001,move to,LOC_중앙계곡,2026-08-09T08:53:44.000Z,21.36932237,-157.74061588,UAV 1,2,1:3001:43,ENBTR60001,1:1:222:2:8:1:0,0,false,false,false,false,0
ENMORT005,FFE-on-Location,LOC_중앙킬존,2026-08-09T08:53:44.000Z,21.37457651,-157.73710572,UAV 1,2,1:3001:48,ENMORT005,1:1:71:10:1:0:1,0,false,false,false,false,0
ENM1A2001,move to,LOC_중앙계곡,2026-08-09T08:53:44.000Z,21.37408028,-157.74303109,UAV 1,2,1:3001:49,ENM1A2001,1:1:225:1:1:3:0,0,false,false,false,false,0
ENM1A2005,move to,LOC_중앙계곡,2026-08-09T08:53:44.000Z,21.37390786,-157.74272979,UAV 1,2,1:3001:62,ENM1A2005,1:1:225:1:1:3:0,0,false,false,false,false,0
FRT69001,move to,LOC_중앙킬존남측,2026-08-09T08:53:44.000Z,21.38670584,-157.73573631,UAV 1,1,1:3001:66,FRT69001,1:1:45:1:2:1:0,0,false,false,false,false,0
ENMORT004,FFE-on-Location,LOC_아군박격포진지,2026-08-09T08:53:44.000Z,21.37447596,-157.73706256,UAV 1,2,1:3001:71,ENMORT004,1:1:71:10:1:0:1,0,false,false,false,false,0
ENM35004,move to,LOC_적북측접근로,2026-08-09T08:53:44.000Z,21.37341718,-157.73326644,UAV 1,2,1:3001:91,ENM35004,1:1:225:7:1:6:0,0,false,false,false,false,0
ENGAZ001,move to,LOC_적북측접근로,2026-08-09T08:53:44.000Z,21.37310886,-157.73343883,UAV 1,2,1:3001:95,ENGAZ001,1:1:222:7:8:0:0,0,false,false,false,false,0
ENBTR60006,move to,LOC_중앙계곡,2026-08-09T08:53:44.000Z,21.36938472,-157.74041621,UAV 1,2,1:3001:107,ENBTR60006,1:1:222:2:8:1:0,0,false,false,false,false,0
ENBTR80004,move to,LOC_중앙계곡,2026-08-09T08:53:44.000Z,21.36952079,-157.74034971,UAV 1,2,1:3001:123,ENBTR80004,1:1:222:2:13:0:0,0,false,false,false,false,0
ENBTR60003,move to,LOC_중앙계곡,2026-08-09T08:53:44.000Z,21.36946691,-157.74047356,UAV 1,2,1:3001:129,ENBTR60003,1:1:222:2:8:1:0,0,false,false,false,false,0
ENM1A2002,move to,LOC_중앙계곡,2026-08-09T08:53:44.000Z,21.37404297,-157.74295444,UAV 1,2,1:3001:137,ENM1A2002,1:1:225:1:1:3:0,0,false,false,false,false,0
ENBTR80001,move to,LOC_중앙계곡,2026-08-09T08:53:44.000Z,21.36968586,-157.74041175,UAV 1,2,1:3001:141,ENBTR80001,1:1:222:2:13:0:0,0,false,false,false,false,0
ENGAZ002,move to,LOC_적북측접근로,2026-08-09T08:53:44.000Z,21.37319310,-157.73345837,UAV 1,2,1:3001:165,ENGAZ002,1:1:222:7:8:0:0,0,false,false,false,false,0
ENT72009,move to,LOC_중앙계곡,2026-08-09T08:53:44.000Z,21.37185247,-157.74173435,UAV 1,2,1:3001:171,ENT72009,1:1:222:1:2:1:0,0,false,false,false,false,0
ENBTR80006,move to,LOC_중앙계곡,2026-08-09T08:53:44.000Z,21.36969429,-157.74021254,UAV 1,2,1:3001:172,ENBTR80006,1:1:222:2:13:0:0,0,false,false,false,false,0
ENT72011,move to,LOC_중앙계곡,2026-08-09T08:53:44.000Z,21.37174900,-157.74174440,UAV 1,2,1:3001:176,ENT72011,1:1:222:1:2:1:0,0,false,false,false,false,0
ENM35002,move to,LOC_적북측접근로,2026-08-09T08:53:44.000Z,21.37339388,-157.73336694,UAV 1,2,1:3001:184,ENM35002,1:1:225:7:1:6:0,0,false,false,false,false,0
ENGAZ003,move to,LOC_적북측접근로,2026-08-09T08:53:44.000Z,21.37313077,-157.73334327,UAV 1,2,1:3001:193,ENGAZ003,1:1:222:7:8:0:0,0,false,false,false,false,0
ENBTR80003,move to,LOC_중앙계곡,2026-08-09T08:53:44.000Z,21.36983735,-157.74027407,UAV 1,2,1:3001:199,ENBTR80003,1:1:222:2:13:0:0,0,false,false,false,false,0
ENM35001,move to,LOC_적북측접근로,2026-08-09T08:53:44.000Z,21.37330863,-157.73334531,UAV 1,2,1:3001:200,ENM35001,1:1:225:7:1:6:0,0,false,false,false,false,0
FRT80008,move to,LOC_중앙킬존남측,2026-08-09T08:53:44.000Z,21.38258179,-157.75041579,UAV 1,1,1:3001:202,FRT80008,1:1:222:1:1:1:0,0,false,false,false,false,0
ENT72010,move to,LOC_중앙계곡,2026-08-09T08:53:44.000Z,21.37186135,-157.74164471,UAV 1,2,1:3001:207,ENT72010,1:1:222:1:2:1:0,0,false,false,false,false,0
ENBTR60002,move to,LOC_중앙계곡,2026-08-09T08:53:44.000Z,21.36939922,-157.74054478,UAV 1,2,1:3001:234,ENBTR60002,1:1:222:2:8:1:0,0,false,false,false,false,0
ENMORT001,FFE-on-Location,LOC_중앙킬존,2026-08-09T08:53:44.000Z,21.37443553,-157.73716992,UAV 1,2,1:3001:235,ENMORT001,1:1:71:10:1:0:1,0,false,false,false,false,0
ENBTR60007,move to,LOC_중앙계곡,2026-08-09T08:53:44.000Z,21.36914912,-157.74050058,UAV 1,2,1:3001:261,ENBTR60007,1:1:222:2:8:1:0,0,false,false,false,false,0
ENBTR60008,move to,LOC_중앙계곡,2026-08-09T08:53:44.000Z,21.36920357,-157.74042825,UAV 1,2,1:3001:274,ENBTR60008,1:1:222:2:8:1:0,0,false,false,false,false,0
ENBTR80007,move to,LOC_중앙계곡,2026-08-09T08:53:44.000Z,21.36943130,-157.74029202,UAV 1,2,1:3001:276,ENBTR80007,1:1:222:2:13:0:0,0,false,false,false,false,0
ENMORT002,FFE-on-Location,LOC_남측제1방어선,2026-08-09T08:53:44.000Z,21.37453609,-157.73721308,UAV 1,2,1:3001:282,ENMORT002,1:1:71:10:1:0:1,0,false,false,false,false,0
ENGAZ004,move to,LOC_적북측접근로,2026-08-09T08:53:44.000Z,21.37321487,-157.73336368,UAV 1,2,1:3001:286,ENGAZ004,1:1:222:7:8:0:0,0,false,false,false,false,0
ENBTR80005,move to,LOC_중앙계곡,2026-08-09T08:53:44.000Z,21.36961976,-157.74028176,UAV 1,2,1:3001:294,ENBTR80005,1:1:222:2:13:0:0,0,false,false,false,false,0
ENMIM001,move to,LOC_적북측접근로,2026-08-09T08:53:44.000Z,21.36980178,-157.73714584,UAV 1,2,1:3001:303,ENMIM001,1:1:225:28:2:0:0,0,false,false,false,false,0
ENCAESAR001,move to,LOC_적북측접근로,2026-08-09T08:53:44.000Z,21.36999394,-157.73495090,UAV 1,2,1:3001:308,ENCAESAR001,1:1:71:4:0:0:0,0,false,false,false,false,0
ENMORT003,FFE-on-Location,LOC_아군포병진지,2026-08-09T08:53:44.000Z,21.37463664,-157.73725624,UAV 1,2,1:3001:315,ENMORT003,1:1:71:10:1:0:1,0,false,false,false,false,0
ENBTR60004,move to,LOC_중앙계곡,2026-08-09T08:53:44.000Z,21.36879671,-157.74053938,UAV 1,2,1:3001:322,ENBTR60004,1:1:222:2:8:1:0,0,false,false,false,false,0
ENBTR80002,move to,LOC_중앙계곡,2026-08-09T08:53:44.000Z,21.36910741,-157.74029787,UAV 1,2,1:3001:334,ENBTR80002,1:1:222:2:13:0:0,0,false,false,false,false,0
ENM1A2004,move to,LOC_중앙계곡,2026-08-09T08:53:44.000Z,21.37340257,-157.74299702,UAV 1,2,1:3001:336,ENM1A2004,1:1:225:1:1:3:0,0,false,false,false,false,0
ENM35003,move to,LOC_적북측접근로,2026-08-09T08:53:44.000Z,21.37338646,-157.73301289,UAV 1,2,1:3001:344,ENM35003,1:1:225:7:1:6:0,0,false,false,false,false,0
ENBTR60005,move to,LOC_중앙계곡,2026-08-09T08:53:44.000Z,21.36885237,-157.74046387,UAV 1,2,1:3001:352,ENBTR60005,1:1:222:2:8:1:0,0,false,false,false,false,0
ENINF095,Follow-Entity,ENINF001,2026-08-09T08:53:44.000Z,21.36863333,-157.74072451,UAV 1,2,1:3001:13,ENINF095,3:1:222:11:5:30:6,0,false,false,false,false,0
ENT72007,move to,LOC_중앙계곡,2026-08-09T08:53:44.000Z,21.37194955,-157.74172494,UAV 1,2,1:3001:28,ENT72007,1:1:222:1:2:1:0,0,false,false,false,false,0
ENINF088,Follow-Entity,ENINF001,2026-08-09T08:53:44.000Z,21.36865711,-157.74070224,UAV 1,2,1:3001:58,ENINF088,3:1:222:11:5:30:6,0,false,false,false,false,0
ENINF084,Follow-Entity,ENINF001,2026-08-09T08:53:44.000Z,21.36864133,-157.74074800,UAV 1,2,1:3001:72,ENINF084,3:1:222:11:5:30:6,0,false,false,false,false,0
FRMORT002,FFE-on-Location,LOC_적박격포진지,2026-08-09T08:53:44.000Z,21.39112390,-157.73727132,UAV 1,1,1:3001:83,FRMORT002,1:1:71:10:1:0:1,0,false,false,false,false,0
ENINF100,Follow-Entity,ENINF001,2026-08-09T08:53:44.000Z,21.36867229,-157.74065747,UAV 1,2,1:3001:92,ENINF100,3:1:222:11:5:30:6,0,false,false,false,false,0
ENINF092,Follow-Entity,ENINF001,2026-08-09T08:53:44.000Z,21.36862485,-157.74074619,UAV 1,2,1:3001:108,ENINF092,3:1:222:11:5:30:6,0,false,false,false,false,0
FRMORT001,FFE-on-Location,LOC_적포병진지,2026-08-09T08:53:44.000Z,21.39104607,-157.73719078,UAV 1,1,1:3001:127,FRMORT001,1:1:71:10:1:0:1,0,false,false,false,false,0
ENINF096,Follow-Entity,ENINF001,2026-08-09T08:53:44.000Z,21.36864885,-157.74070632,UAV 1,2,1:3001:145,ENINF096,3:1:222:11:5:30:6,0,false,false,false,false,0
ENINF090,Follow-Entity,ENINF001,2026-08-09T08:53:44.000Z,21.36868333,-157.74067037,UAV 1,2,1:3001:186,ENINF090,3:1:222:11:5:30:6,0,false,false,false,false,0
ENINF099,Follow-Entity,ENINF001,2026-08-09T08:53:44.000Z,21.36866618,-157.74067044,UAV 1,2,1:3001:201,ENINF099,3:1:222:11:5:30:6,0,false,false,false,false,0
FRMORT004,none,,2026-08-09T08:53:44.000Z,21.39119933,-157.73718822,UAV 1,1,1:3001:213,FRMORT004,1:1:71:10:1:0:1,0,false,false,false,false,0
FRT69004,move to,LOC_중앙킬존남측,2026-08-09T08:53:44.000Z,21.38697030,-157.73573156,UAV 1,1,1:3001:216,FRT69004,1:1:45:1:2:1:0,0,false,false,false,false,0
ENINF098,Follow-Entity,ENINF001,2026-08-09T08:53:44.000Z,21.36866028,-157.74068294,UAV 1,2,1:3001:256,ENINF098,3:1:222:11:5:30:6,0,false,false,false,false,0
ENINF097,Follow-Entity,ENINF001,2026-08-09T08:53:44.000Z,21.36865453,-157.74069491,UAV 1,2,1:3001:277,ENINF097,3:1:222:11:5:30:6,0,false,false,false,false,0
FRMORT003,FFE-on-Location,LOC_적북측접근로,2026-08-09T08:53:44.000Z,21.39112150,-157.73710768,UAV 1,1,1:3001:287,FRMORT003,1:1:71:10:1:0:1,0,false,false,false,false,0
ENINF086,Follow-Entity,ENINF001,2026-08-09T08:53:44.000Z,21.36866126,-157.74071929,UAV 1,2,1:3001:293,ENINF086,3:1:222:11:5:30:6,0,false,false,false,false,0
ENINF091,Follow-Entity,ENINF001,2026-08-09T08:53:44.000Z,21.36861795,-157.74075497,UAV 1,2,1:3001:307,ENINF091,3:1:222:11:5:30:6,0,false,false,false,false,0
ENINF068,Follow-Entity,ENINF001,2026-08-09T08:53:44.000Z,21.36866283,-157.74065550,UAV 1,2,1:3001:316,ENINF068,3:1:222:11:5:30:6,0,false,false,false,false,0
ENINF057,Follow-Entity,ENINF001,2026-08-09T08:53:44.000Z,21.36866580,-157.74068245,UAV 1,2,1:3001:318,ENINF057,3:1:222:11:5:30:6,0,false,false,false,false,0
ENINF063,Follow-Entity,ENINF001,2026-08-09T08:53:44.000Z,21.36862041,-157.74073018,UAV 1,2,1:3001:323,ENINF063,3:1:222:11:5:30:6,0,false,false,false,false,0
FRT69010,move to,LOC_중앙킬존남측,2026-08-09T08:53:44.000Z,21.38771761,-157.73537231,UAV 1,1,1:3001:325,FRT69010,1:1:45:1:2:1:0,0,false,false,false,false,0
ENINF085,Follow-Entity,ENINF001,2026-08-09T08:53:44.000Z,21.36861059,-157.74067849,UAV 1,2,1:3001:330,ENINF085,3:1:222:11:5:30:6,0,false,false,false,false,0
ENINF079,Follow-Entity,ENINF001,2026-08-09T08:53:44.000Z,21.36865959,-157.74063271,UAV 1,2,1:3001:331,ENINF079,3:1:222:11:5:30:6,0,false,false,false,false,0
ENINF049,Follow-Entity,ENINF001,2026-08-09T08:53:44.000Z,21.36869832,-157.74065455,UAV 1,2,1:3001:339,ENINF049,3:1:222:11:5:30:6,0,false,false,false,false,0
ENINF089,Follow-Entity,ENINF001,2026-08-09T08:53:44.000Z,21.36864708,-157.74062059,UAV 1,2,1:3001:347,ENINF089,3:1:222:11:5:30:6,0,false,false,false,false,0
ENINF076,Follow-Entity,ENINF001,2026-08-09T08:53:44.000Z,21.36863221,-157.74067690,UAV 1,2,1:3001:350,ENINF076,3:1:222:11:5:30:6,0,false,false,false,false,0
ENINF052,Follow-Entity,ENINF001,2026-08-09T08:53:44.000Z,21.36862598,-157.74075499,UAV 1,2,1:3001:351,ENINF052,3:1:222:11:5:30:6,0,false,false,false,false,0
ENM1A2003,move to,LOC_중앙계곡,2026-08-09T08:59:21.000Z,21.37337901,-157.74310663,UAV 1,2,1:3001:1469,ENM1A2003,1:1:225:1:1:3:0,0,false,false,false,false,0
FRTRK2004,move to,LOC_남측제1방어선,2026-08-09T08:59:21.000Z,21.38795805,-157.75056245,UAV 1,1,1:3001:1481,FRTRK2004,1:1:225:7:12:8:0,0,false,false,false,false,0
ENCAESAR002,FFE-on-Location,LOC_아군포병진지,2026-08-09T08:59:21.000Z,21.37011579,-157.73488768,UAV 1,2,1:3001:1499,ENCAESAR002,1:1:71:4:0:0:0,0,false,false,false,false,0
ENT72012,move to,LOC_중앙계곡,2026-08-09T08:59:21.000Z,21.37110216,-157.74171347,UAV 1,2,1:3001:1500,ENT72012,1:1:222:1:2:1:0,0,false,false,false,false,0
ENBTR60001,move to,LOC_중앙계곡,2026-08-09T08:59:21.000Z,21.36882493,-157.74059709,UAV 1,2,1:3001:1507,ENBTR60001,1:1:222:2:8:1:0,0,false,false,false,false,0
ENMORT005,FFE-on-Location,LOC_중앙킬존,2026-08-09T08:59:21.000Z,21.37457651,-157.73710572,UAV 1,2,1:3001:1512,ENMORT005,1:1:71:10:1:0:1,0,false,false,false,false,0
ENM1A2001,move to,LOC_중앙계곡,2026-08-09T08:59:21.000Z,21.37343756,-157.74328907,UAV 1,2,1:3001:1513,ENM1A2001,1:1:225:1:1:3:0,0,false,false,false,false,0
FRTRK1003,move to,LOC_남측제1방어선,2026-08-09T08:59:21.000Z,21.38812433,-157.75044009,UAV 1,1,1:3001:1519,FRTRK1003,1:1:225:7:12:0:0,0,false,false,false,false,0
ENM1A2005,move to,LOC_중앙계곡,2026-08-09T08:59:21.000Z,21.37332045,-157.74292420,UAV 1,2,1:3001:1526,ENM1A2005,1:1:225:1:1:3:0,0,false,false,false,false,0
FRT69001,move to,LOC_중앙킬존남측,2026-08-09T08:59:21.000Z,21.38691354,-157.73533465,UAV 1,1,1:3001:1530,FRT69001,1:1:45:1:2:1:0,0,false,false,false,false,0
ENMORT004,FFE-on-Location,LOC_아군박격포진지,2026-08-09T08:59:21.000Z,21.37447596,-157.73706256,UAV 1,2,1:3001:1535,ENMORT004,1:1:71:10:1:0:1,0,false,false,false,false,0
FRTRK1001,move to,LOC_남측제1방어선,2026-08-09T08:59:21.000Z,21.38830321,-157.75041322,UAV 1,1,1:3001:1548,FRTRK1001,1:1:225:7:12:0:0,0,false,false,false,false,0
ENGAZ001,move to,LOC_적북측접근로,2026-08-09T08:59:21.000Z,21.37319419,-157.73304052,UAV 1,2,1:3001:1559,ENGAZ001,1:1:222:7:8:0:0,0,false,false,false,false,0
ENBTR60006,move to,LOC_중앙계곡,2026-08-09T08:59:21.000Z,21.36886549,-157.74038588,UAV 1,2,1:3001:1568,ENBTR60006,1:1:222:2:8:1:0,0,false,false,false,false,0
ENBTR80004,move to,LOC_중앙계곡,2026-08-09T08:59:21.000Z,21.36892128,-157.74031006,UAV 1,2,1:3001:1584,ENBTR80004,1:1:222:2:13:0:0,0,false,false,false,false,0
ENBTR60003,move to,LOC_중앙계곡,2026-08-09T08:59:21.000Z,21.36893652,-157.74044544,UAV 1,2,1:3001:1590,ENBTR60003,1:1:222:2:8:1:0,0,false,false,false,false,0
ENM1A2002,move to,LOC_중앙계곡,2026-08-09T08:59:21.000Z,21.37340828,-157.74319785,UAV 1,2,1:3001:1598,ENM1A2002,1:1:225:1:1:3:0,0,false,false,false,false,0
ENBTR80001,move to,LOC_중앙계곡,2026-08-09T08:59:21.000Z,21.36899231,-157.74036962,UAV 1,2,1:3001:1602,ENBTR80001,1:1:222:2:13:0:0,0,false,false,false,false,0
ENCAESAR004,move to,LOC_북측예비방어선,2026-08-09T08:59:21.000Z,21.37005657,-157.73475759,UAV 1,2,1:3001:1603,ENCAESAR004,1:1:71:4:0:0:0,0,false,false,false,false,0
ENGAZ002,move to,LOC_적북측접근로,2026-08-09T08:59:21.000Z,21.37328190,-157.73306354,UAV 1,2,1:3001:1626,ENGAZ002,1:1:222:7:8:0:0,0,false,false,false,false,0
ENBTR80006,move to,LOC_중앙계곡,2026-08-09T08:59:21.000Z,21.36903287,-157.74015841,UAV 1,2,1:3001:1633,ENBTR80006,1:1:222:2:13:0:0,0,false,false,false,false,0
ENT72011,move to,LOC_중앙계곡,2026-08-09T08:59:21.000Z,21.37111024,-157.74180950,UAV 1,2,1:3001:1637,ENT72011,1:1:222:1:2:1:0,0,false,false,false,false,0
ENM35002,move to,LOC_적북측접근로,2026-08-09T08:59:21.000Z,21.37345731,-157.73310956,UAV 1,2,1:3001:1645,ENM35002,1:1:225:7:1:6:0,0,false,false,false,false,0
ENGAZ003,move to,LOC_적북측접근로,2026-08-09T08:59:21.000Z,21.37321576,-157.73294689,UAV 1,2,1:3001:1654,ENGAZ003,1:1:222:7:8:0:0,0,false,false,false,false,0
ENBTR80003,move to,LOC_중앙계곡,2026-08-09T08:59:21.000Z,21.36910389,-157.74021797,UAV 1,2,1:3001:1658,ENBTR80003,1:1:222:2:13:0:0,0,false,false,false,false,0
ENM35001,move to,LOC_적북측접근로,2026-08-09T08:59:21.000Z,21.37336961,-157.73308654,UAV 1,2,1:3001:1659,ENM35001,1:1:225:7:1:6:0,0,false,false,false,false,0
FRT80008,move to,LOC_중앙킬존남측,2026-08-09T08:59:21.000Z,21.38272998,-157.75083059,UAV 1,1,1:3001:1661,FRT80008,1:1:222:1:1:1:0,0,false,false,false,false,0
ENCAESAR003,FFE-on-Location,LOC_아군박격포진지,2026-08-09T08:59:21.000Z,21.36993473,-157.73482081,UAV 1,2,1:3001:1687,ENCAESAR003,1:1:71:4:0:0:0,0,false,false,false,false,0
ENBTR60002,move to,LOC_중앙계곡,2026-08-09T08:59:21.000Z,21.36888072,-157.74052127,UAV 1,2,1:3001:1693,ENBTR60002,1:1:222:2:8:1:0,0,false,false,false,false,0
ENMORT001,FFE-on-Location,LOC_중앙킬존,2026-08-09T08:59:21.000Z,21.37443553,-157.73716992,UAV 1,2,1:3001:1694,ENMORT001,1:1:71:10:1:0:1,0,false,false,false,false,0
ENBTR60007,move to,LOC_중앙계곡,2026-08-09T08:59:21.000Z,21.36868289,-157.74047797,UAV 1,2,1:3001:1720,ENBTR60007,1:1:222:2:8:1:0,0,false,false,false,false,0
ENBTR60008,move to,LOC_중앙계곡,2026-08-09T08:59:21.000Z,21.36873868,-157.74040214,UAV 1,2,1:3001:1731,ENBTR60008,1:1:222:2:8:1:0,0,false,false,false,false,0
FRTRK2002,move to,LOC_남측제1방어선,2026-08-09T08:59:21.000Z,21.38794546,-157.75046696,UAV 1,1,1:3001:1732,FRTRK2002,1:1:225:7:12:8:0,0,false,false,false,false,0
ENBTR80007,move to,LOC_중앙계곡,2026-08-09T08:59:21.000Z,21.36885026,-157.74025050,UAV 1,2,1:3001:1733,ENBTR80007,1:1:222:2:13:0:0,0,false,false,false,false,0
ENMORT002,FFE-on-Location,LOC_남측제1방어선,2026-08-09T08:59:21.000Z,21.37453609,-157.73721308,UAV 1,2,1:3001:1739,ENMORT002,1:1:71:10:1:0:1,0,false,false,false,false,0
ENGAZ004,move to,LOC_적북측접근로,2026-08-09T08:59:21.000Z,21.37330346,-157.73296991,UAV 1,2,1:3001:1743,ENGAZ004,1:1:222:7:8:0:0,0,false,false,false,false,0
ENBTR80005,move to,LOC_중앙계곡,2026-08-09T08:59:21.000Z,21.36897708,-157.74023423,UAV 1,2,1:3001:1751,ENBTR80005,1:1:222:2:13:0:0,0,false,false,false,false,0
FRTRK1002,move to,LOC_남측제1방어선,2026-08-09T08:59:21.000Z,21.38821377,-157.75042666,UAV 1,1,1:3001:1758,FRTRK1002,1:1:225:7:12:0:0,0,false,false,false,false,0
ENMIM001,move to,LOC_적북측접근로,2026-08-09T08:59:21.000Z,21.36971525,-157.73688575,UAV 1,2,1:3001:1760,ENMIM001,1:1:225:28:2:0:0,0,false,false,false,false,0
ENCAESAR001,move to,LOC_적북측접근로,2026-08-09T08:59:21.000Z,21.36999394,-157.73495090,UAV 1,2,1:3001:1765,ENCAESAR001,1:1:71:4:0:0:0,0,false,false,false,false,0
FRTRK2003,move to,LOC_남측제1방어선,2026-08-09T08:59:21.000Z,21.38804748,-157.75054902,UAV 1,1,1:3001:1768,FRTRK2003,1:1:225:7:12:8:0,0,false,false,false,false,0
ENMORT003,FFE-on-Location,LOC_아군포병진지,2026-08-09T08:59:21.000Z,21.37463664,-157.73725624,UAV 1,2,1:3001:1770,ENMORT003,1:1:71:10:1:0:1,0,false,false,false,false,0
ENBTR60004,move to,LOC_중앙계곡,2026-08-09T08:59:21.000Z,21.36875391,-157.74053753,UAV 1,2,1:3001:1777,ENBTR60004,1:1:222:2:8:1:0,0,false,false,false,false,0
ENBTR80002,move to,LOC_중앙계곡,2026-08-09T08:59:21.000Z,21.36904810,-157.74029380,UAV 1,2,1:3001:1789,ENBTR80002,1:1:222:2:13:0:0,0,false,false,false,false,0
ENM1A2004,move to,LOC_중앙계곡,2026-08-09T08:59:21.000Z,21.37334973,-157.74301541,UAV 1,2,1:3001:1791,ENM1A2004,1:1:225:1:1:3:0,0,false,false,false,false,0
ENBTR60005,move to,LOC_중앙계곡,2026-08-09T08:59:21.000Z,21.36880970,-157.74046170,UAV 1,2,1:3001:1807,ENBTR60005,1:1:222:2:8:1:0,0,false,false,false,false,0
ENM1A2003,move to,LOC_중앙계곡,2026-08-09T08:59:22.000Z,21.37349184,-157.74306536,UAV 1,2,1:3001:1469,ENM1A2003,1:1:225:1:1:3:0,0,false,false,false,false,0
FRTRK2004,move to,LOC_남측제1방어선,2026-08-09T08:59:22.000Z,21.38795272,-157.75051646,UAV 1,1,1:3001:1481,FRTRK2004,1:1:225:7:12:8:0,0,false,false,false,false,0
ENCAESAR002,FFE-on-Location,LOC_아군포병진지,2026-08-09T08:59:22.000Z,21.37011579,-157.73488768,UAV 1,2,1:3001:1499,ENCAESAR002,1:1:71:4:0:0:0,0,false,false,false,false,0
ENT72012,move to,LOC_중앙계곡,2026-08-09T08:59:22.000Z,21.37121601,-157.74170323,UAV 1,2,1:3001:1500,ENT72012,1:1:222:1:2:1:0,0,false,false,false,false,0
ENBTR60001,move to,LOC_중앙계곡,2026-08-09T08:59:22.000Z,21.36892061,-157.74060070,UAV 1,2,1:3001:1507,ENBTR60001,1:1:222:2:8:1:0,0,false,false,false,false,0
ENMORT005,FFE-on-Location,LOC_중앙킬존,2026-08-09T08:59:22.000Z,21.37457651,-157.73710572,UAV 1,2,1:3001:1512,ENMORT005,1:1:71:10:1:0:1,0,false,false,false,false,0
ENM1A2001,move to,LOC_중앙계곡,2026-08-09T08:59:22.000Z,21.37355256,-157.74324291,UAV 1,2,1:3001:1513,ENM1A2001,1:1:225:1:1:3:0,0,false,false,false,false,0
ENM1A2005,move to,LOC_중앙계곡,2026-08-09T08:59:22.000Z,21.37343054,-157.74288776,UAV 1,2,1:3001:1526,ENM1A2005,1:1:225:1:1:3:0,0,false,false,false,false,0
FRT69001,move to,LOC_중앙킬존남측,2026-08-09T08:59:22.000Z,21.38688444,-157.73540186,UAV 1,1,1:3001:1530,FRT69001,1:1:45:1:2:1:0,0,false,false,false,false,0
ENMORT004,FFE-on-Location,LOC_아군박격포진지,2026-08-09T08:59:22.000Z,21.37447596,-157.73706256,UAV 1,2,1:3001:1535,ENMORT004,1:1:71:10:1:0:1,0,false,false,false,false,0
FRTRK1001,move to,LOC_남측제1방어선,2026-08-09T08:59:22.000Z,21.38829819,-157.75037931,UAV 1,1,1:3001:1548,FRTRK1001,1:1:225:7:12:0:0,0,false,false,false,false,0
ENGAZ001,move to,LOC_적북측접근로,2026-08-09T08:59:22.000Z,21.37317844,-157.73311406,UAV 1,2,1:3001:1559,ENGAZ001,1:1:222:7:8:0:0,0,false,false,false,false,0
ENBTR60006,move to,LOC_중앙계곡,2026-08-09T08:59:22.000Z,21.36896803,-157.74039187,UAV 1,2,1:3001:1568,ENBTR60006,1:1:222:2:8:1:0,0,false,false,false,false,0
ENBTR80004,move to,LOC_중앙계곡,2026-08-09T08:59:22.000Z,21.36903121,-157.74031733,UAV 1,2,1:3001:1584,ENBTR80004,1:1:222:2:13:0:0,0,false,false,false,false,0
ENBTR60003,move to,LOC_중앙계곡,2026-08-09T08:59:22.000Z,21.36904225,-157.74045105,UAV 1,2,1:3001:1590,ENBTR60003,1:1:222:2:8:1:0,0,false,false,false,false,0
ENM1A2002,move to,LOC_중앙계곡,2026-08-09T08:59:22.000Z,21.37352323,-157.74315377,UAV 1,2,1:3001:1598,ENM1A2002,1:1:225:1:1:3:0,0,false,false,false,false,0
ENBTR80001,move to,LOC_중앙계곡,2026-08-09T08:59:22.000Z,21.36910839,-157.74037667,UAV 1,2,1:3001:1602,ENBTR80001,1:1:222:2:13:0:0,0,false,false,false,false,0
ENCAESAR004,move to,LOC_북측예비방어선,2026-08-09T08:59:22.000Z,21.37007445,-157.73480125,UAV 1,2,1:3001:1603,ENCAESAR004,1:1:71:4:0:0:0,0,false,false,false,false,0
ENGAZ002,move to,LOC_적북측접근로,2026-08-09T08:59:22.000Z,21.37326549,-157.73313647,UAV 1,2,1:3001:1626,ENGAZ002,1:1:222:7:8:0:0,0,false,false,false,false,0
ENBTR80006,move to,LOC_중앙계곡,2026-08-09T08:59:22.000Z,21.36914788,-157.74016782,UAV 1,2,1:3001:1633,ENBTR80006,1:1:222:2:13:0:0,0,false,false,false,false,0
ENT72011,move to,LOC_중앙계곡,2026-08-09T08:59:22.000Z,21.37122601,-157.74179770,UAV 1,2,1:3001:1637,ENT72011,1:1:222:1:2:1:0,0,false,false,false,false,0
ENM35002,move to,LOC_적북측접근로,2026-08-09T08:59:22.000Z,21.37344486,-157.73316009,UAV 1,2,1:3001:1645,ENM35002,1:1:225:7:1:6:0,0,false,false,false,false,0
ENGAZ003,move to,LOC_적북측접근로,2026-08-09T08:59:22.000Z,21.37320007,-157.73302007,UAV 1,2,1:3001:1654,ENGAZ003,1:1:222:7:8:0:0,0,false,false,false,false,0
ENBTR80003,move to,LOC_중앙계곡,2026-08-09T08:59:22.000Z,21.36922826,-157.74022748,UAV 1,2,1:3001:1658,ENBTR80003,1:1:222:2:13:0:0,0,false,false,false,false,0
FRT80008,move to,LOC_중앙킬존남측,2026-08-09T08:59:22.000Z,21.38273721,-157.75074709,UAV 1,1,1:3001:1661,FRT80008,1:1:222:1:1:1:0,0,false,false,false,false,0
ENCAESAR003,FFE-on-Location,LOC_아군박격포진지,2026-08-09T08:59:22.000Z,21.36993473,-157.73482081,UAV 1,2,1:3001:1687,ENCAESAR003,1:1:71:4:0:0:0,0,false,false,false,false,0
ENBTR60002,move to,LOC_중앙계곡,2026-08-09T08:59:22.000Z,21.36898250,-157.74052588,UAV 1,2,1:3001:1693,ENBTR60002,1:1:222:2:8:1:0,0,false,false,false,false,0
ENMORT001,FFE-on-Location,LOC_중앙킬존,2026-08-09T08:59:22.000Z,21.37443553,-157.73716992,UAV 1,2,1:3001:1694,ENMORT001,1:1:71:10:1:0:1,0,false,false,false,false,0
ENBTR60007,move to,LOC_중앙계곡,2026-08-09T08:59:22.000Z,21.36877551,-157.74048246,UAV 1,2,1:3001:1720,ENBTR60007,1:1:222:2:8:1:0,0,false,false,false,false,0
ENBTR60008,move to,LOC_중앙계곡,2026-08-09T08:59:22.000Z,21.36883121,-157.74040734,UAV 1,2,1:3001:1731,ENBTR60008,1:1:222:2:8:1:0,0,false,false,false,false,0
FRTRK2002,move to,LOC_남측제1방어선,2026-08-09T08:59:22.000Z,21.38794015,-157.75042101,UAV 1,1,1:3001:1732,FRTRK2002,1:1:225:7:12:8:0,0,false,false,false,false,0
ENBTR80007,move to,LOC_중앙계곡,2026-08-09T08:59:22.000Z,21.36895774,-157.74025817,UAV 1,2,1:3001:1733,ENBTR80007,1:1:222:2:13:0:0,0,false,false,false,false,0
ENMORT002,FFE-on-Location,LOC_남측제1방어선,2026-08-09T08:59:22.000Z,21.37453609,-157.73721308,UAV 1,2,1:3001:1739,ENMORT002,1:1:71:10:1:0:1,0,false,false,false,false,0
ENGAZ004,move to,LOC_적북측접근로,2026-08-09T08:59:22.000Z,21.37328710,-157.73304261,UAV 1,2,1:3001:1743,ENGAZ004,1:1:222:7:8:0:0,0,false,false,false,false,0
ENBTR80005,move to,LOC_중앙계곡,2026-08-09T08:59:22.000Z,21.36908593,-157.74024228,UAV 1,2,1:3001:1751,ENBTR80005,1:1:222:2:13:0:0,0,false,false,false,false,0
FRTRK1002,move to,LOC_남측제1방어선,2026-08-09T08:59:22.000Z,21.38820870,-157.75039036,UAV 1,1,1:3001:1758,FRTRK1002,1:1:225:7:12:0:0,0,false,false,false,false,0
ENMIM001,move to,LOC_적북측접근로,2026-08-09T08:59:22.000Z,21.36973107,-157.73693304,UAV 1,2,1:3001:1760,ENMIM001,1:1:225:28:2:0:0,0,false,false,false,false,0
ENCAESAR001,move to,LOC_적북측접근로,2026-08-09T08:59:22.000Z,21.37000699,-157.73501133,UAV 1,2,1:3001:1765,ENCAESAR001,1:1:71:4:0:0:0,0,false,false,false,false,0
ENMORT003,FFE-on-Location,LOC_아군포병진지,2026-08-09T08:59:22.000Z,21.37463664,-157.73725624,UAV 1,2,1:3001:1770,ENMORT003,1:1:71:10:1:0:1,0,false,false,false,false,0
ENBTR60004,move to,LOC_중앙계곡,2026-08-09T08:59:22.000Z,21.36884595,-157.74054151,UAV 1,2,1:3001:1777,ENBTR60004,1:1:222:2:8:1:0,0,false,false,false,false,0
ENBTR80002,move to,LOC_중앙계곡,2026-08-09T08:59:22.000Z,21.36917258,-157.74030233,UAV 1,2,1:3001:1789,ENBTR80002,1:1:222:2:13:0:0,0,false,false,false,false,0
ENM1A2004,move to,LOC_중앙계곡,2026-08-09T08:59:22.000Z,21.37346159,-157.74297645,UAV 1,2,1:3001:1791,ENM1A2004,1:1:225:1:1:3:0,0,false,false,false,false,0
ENBTR60005,move to,LOC_중앙계곡,2026-08-09T08:59:22.000Z,21.36890365,-157.74046648,UAV 1,2,1:3001:1807,ENBTR60005,1:1:222:2:8:1:0,0,false,false,false,false,0
ENT72002,move to,LOC_중앙계곡,2026-08-09T08:59:22.000Z,21.37165394,-157.74166119,UAV 1,2,1:3001:1533,ENT72002,1:1:222:1:2:1:0,0,false,false,false,false,0
ENT72010,move to,LOC_중앙계곡,2026-08-09T08:59:22.000Z,21.37130423,-157.74169477,UAV 1,2,1:3001:1666,ENT72010,1:1:222:1:2:1:0,0,false,false,false,false,0
ENM1A2003,move to,LOC_중앙계곡,2026-08-09T08:59:22.000Z,21.37349184,-157.74306536,UAV 1,2,1:3001:1469,ENM1A2003,1:1:225:1:1:3:0,0,false,false,false,false,0
FRTRK2004,move to,LOC_남측제1방어선,2026-08-09T08:59:22.000Z,21.38795272,-157.75051646,UAV 1,1,1:3001:1481,FRTRK2004,1:1:225:7:12:8:0,0,false,false,false,false,0
ENCAESAR002,FFE-on-Location,LOC_아군포병진지,2026-08-09T08:59:22.000Z,21.37011579,-157.73488768,UAV 1,2,1:3001:1499,ENCAESAR002,1:1:71:4:0:0:0,0,false,false,false,false,0
ENT72012,move to,LOC_중앙계곡,2026-08-09T08:59:22.000Z,21.37121601,-157.74170323,UAV 1,2,1:3001:1500,ENT72012,1:1:222:1:2:1:0,0,false,false,false,false,0
ENBTR60001,move to,LOC_중앙계곡,2026-08-09T08:59:22.000Z,21.36892061,-157.74060070,UAV 1,2,1:3001:1507,ENBTR60001,1:1:222:2:8:1:0,0,false,false,false,false,0
ENMORT005,FFE-on-Location,LOC_중앙킬존,2026-08-09T08:59:22.000Z,21.37457651,-157.73710572,UAV 1,2,1:3001:1512,ENMORT005,1:1:71:10:1:0:1,0,false,false,false,false,0
ENM1A2001,move to,LOC_중앙계곡,2026-08-09T08:59:22.000Z,21.37355256,-157.74324291,UAV 1,2,1:3001:1513,ENM1A2001,1:1:225:1:1:3:0,0,false,false,false,false,0
ENM1A2005,move to,LOC_중앙계곡,2026-08-09T08:59:22.000Z,21.37343054,-157.74288776,UAV 1,2,1:3001:1526,ENM1A2005,1:1:225:1:1:3:0,0,false,false,false,false,0
FRT69001,move to,LOC_중앙킬존남측,2026-08-09T08:59:22.000Z,21.38688444,-157.73540186,UAV 1,1,1:3001:1530,FRT69001,1:1:45:1:2:1:0,0,false,false,false,false,0
ENMORT004,FFE-on-Location,LOC_아군박격포진지,2026-08-09T08:59:22.000Z,21.37447596,-157.73706256,UAV 1,2,1:3001:1535,ENMORT004,1:1:71:10:1:0:1,0,false,false,false,false,0
FRTRK1001,move to,LOC_남측제1방어선,2026-08-09T08:59:22.000Z,21.38829819,-157.75037931,UAV 1,1,1:3001:1548,FRTRK1001,1:1:225:7:12:0:0,0,false,false,false,false,0
ENGAZ001,move to,LOC_적북측접근로,2026-08-09T08:59:22.000Z,21.37317844,-157.73311406,UAV 1,2,1:3001:1559,ENGAZ001,1:1:222:7:8:0:0,0,false,false,false,false,0
ENBTR60006,move to,LOC_중앙계곡,2026-08-09T08:59:22.000Z,21.36896803,-157.74039187,UAV 1,2,1:3001:1568,ENBTR60006,1:1:222:2:8:1:0,0,false,false,false,false,0
ENBTR80004,move to,LOC_중앙계곡,2026-08-09T08:59:22.000Z,21.36903121,-157.74031733,UAV 1,2,1:3001:1584,ENBTR80004,1:1:222:2:13:0:0,0,false,false,false,false,0
ENBTR60003,move to,LOC_중앙계곡,2026-08-09T08:59:22.000Z,21.36904225,-157.74045105,UAV 1,2,1:3001:1590,ENBTR60003,1:1:222:2:8:1:0,0,false,false,false,false,0
ENM1A2002,move to,LOC_중앙계곡,2026-08-09T08:59:22.000Z,21.37352323,-157.74315377,UAV 1,2,1:3001:1598,ENM1A2002,1:1:225:1:1:3:0,0,false,false,false,false,0
ENBTR80001,move to,LOC_중앙계곡,2026-08-09T08:59:22.000Z,21.36910839,-157.74037667,UAV 1,2,1:3001:1602,ENBTR80001,1:1:222:2:13:0:0,0,false,false,false,false,0
ENCAESAR004,move to,LOC_북측예비방어선,2026-08-09T08:59:22.000Z,21.37007445,-157.73480125,UAV 1,2,1:3001:1603,ENCAESAR004,1:1:71:4:0:0:0,0,false,false,false,false,0
ENGAZ002,move to,LOC_적북측접근로,2026-08-09T08:59:22.000Z,21.37326549,-157.73313647,UAV 1,2,1:3001:1626,ENGAZ002,1:1:222:7:8:0:0,0,false,false,false,false,0
ENBTR80006,move to,LOC_중앙계곡,2026-08-09T08:59:22.000Z,21.36914788,-157.74016782,UAV 1,2,1:3001:1633,ENBTR80006,1:1:222:2:13:0:0,0,false,false,false,false,0
ENT72011,move to,LOC_중앙계곡,2026-08-09T08:59:22.000Z,21.37122601,-157.74179770,UAV 1,2,1:3001:1637,ENT72011,1:1:222:1:2:1:0,0,false,false,false,false,0
ENM35002,move to,LOC_적북측접근로,2026-08-09T08:59:22.000Z,21.37344486,-157.73316009,UAV 1,2,1:3001:1645,ENM35002,1:1:225:7:1:6:0,0,false,false,false,false,0
ENGAZ003,move to,LOC_적북측접근로,2026-08-09T08:59:22.000Z,21.37320007,-157.73302007,UAV 1,2,1:3001:1654,ENGAZ003,1:1:222:7:8:0:0,0,false,false,false,false,0
ENBTR80003,move to,LOC_중앙계곡,2026-08-09T08:59:22.000Z,21.36922826,-157.74022748,UAV 1,2,1:3001:1658,ENBTR80003,1:1:222:2:13:0:0,0,false,false,false,false,0
FRT80008,move to,LOC_중앙킬존남측,2026-08-09T08:59:22.000Z,21.38273721,-157.75074709,UAV 1,1,1:3001:1661,FRT80008,1:1:222:1:1:1:0,0,false,false,false,false,0
ENCAESAR003,FFE-on-Location,LOC_아군박격포진지,2026-08-09T08:59:22.000Z,21.36993473,-157.73482081,UAV 1,2,1:3001:1687,ENCAESAR003,1:1:71:4:0:0:0,0,false,false,false,false,0
ENBTR60002,move to,LOC_중앙계곡,2026-08-09T08:59:22.000Z,21.36898250,-157.74052588,UAV 1,2,1:3001:1693,ENBTR60002,1:1:222:2:8:1:0,0,false,false,false,false,0
ENMORT001,FFE-on-Location,LOC_중앙킬존,2026-08-09T08:59:22.000Z,21.37443553,-157.73716992,UAV 1,2,1:3001:1694,ENMORT001,1:1:71:10:1:0:1,0,false,false,false,false,0
ENBTR60007,move to,LOC_중앙계곡,2026-08-09T08:59:22.000Z,21.36877551,-157.74048246,UAV 1,2,1:3001:1720,ENBTR60007,1:1:222:2:8:1:0,0,false,false,false,false,0
ENBTR60008,move to,LOC_중앙계곡,2026-08-09T08:59:22.000Z,21.36883121,-157.74040734,UAV 1,2,1:3001:1731,ENBTR60008,1:1:222:2:8:1:0,0,false,false,false,false,0
FRTRK2002,move to,LOC_남측제1방어선,2026-08-09T08:59:22.000Z,21.38794015,-157.75042101,UAV 1,1,1:3001:1732,FRTRK2002,1:1:225:7:12:8:0,0,false,false,false,false,0
ENBTR80007,move to,LOC_중앙계곡,2026-08-09T08:59:22.000Z,21.36895774,-157.74025817,UAV 1,2,1:3001:1733,ENBTR80007,1:1:222:2:13:0:0,0,false,false,false,false,0
ENMORT002,FFE-on-Location,LOC_남측제1방어선,2026-08-09T08:59:22.000Z,21.37453609,-157.73721308,UAV 1,2,1:3001:1739,ENMORT002,1:1:71:10:1:0:1,0,false,false,false,false,0
ENGAZ004,move to,LOC_적북측접근로,2026-08-09T08:59:22.000Z,21.37328710,-157.73304261,UAV 1,2,1:3001:1743,ENGAZ004,1:1:222:7:8:0:0,0,false,false,false,false,0
ENBTR80005,move to,LOC_중앙계곡,2026-08-09T08:59:22.000Z,21.36908593,-157.74024228,UAV 1,2,1:3001:1751,ENBTR80005,1:1:222:2:13:0:0,0,false,false,false,false,0
FRTRK1002,move to,LOC_남측제1방어선,2026-08-09T08:59:22.000Z,21.38820870,-157.75039036,UAV 1,1,1:3001:1758,FRTRK1002,1:1:225:7:12:0:0,0,false,false,false,false,0
ENMIM001,move to,LOC_적북측접근로,2026-08-09T08:59:22.000Z,21.36973107,-157.73693304,UAV 1,2,1:3001:1760,ENMIM001,1:1:225:28:2:0:0,0,false,false,false,false,0
ENCAESAR001,move to,LOC_적북측접근로,2026-08-09T08:59:22.000Z,21.37000699,-157.73501133,UAV 1,2,1:3001:1765,ENCAESAR001,1:1:71:4:0:0:0,0,false,false,false,false,0
ENMORT003,FFE-on-Location,LOC_아군포병진지,2026-08-09T08:59:22.000Z,21.37463664,-157.73725624,UAV 1,2,1:3001:1770,ENMORT003,1:1:71:10:1:0:1,0,false,false,false,false,0
ENBTR60004,move to,LOC_중앙계곡,2026-08-09T08:59:22.000Z,21.36884595,-157.74054151,UAV 1,2,1:3001:1777,ENBTR60004,1:1:222:2:8:1:0,0,false,false,false,false,0
ENBTR80002,move to,LOC_중앙계곡,2026-08-09T08:59:22.000Z,21.36917258,-157.74030233,UAV 1,2,1:3001:1789,ENBTR80002,1:1:222:2:13:0:0,0,false,false,false,false,0
ENM1A2004,move to,LOC_중앙계곡,2026-08-09T08:59:22.000Z,21.37346159,-157.74297645,UAV 1,2,1:3001:1791,ENM1A2004,1:1:225:1:1:3:0,0,false,false,false,false,0
ENBTR60005,move to,LOC_중앙계곡,2026-08-09T08:59:22.000Z,21.36890365,-157.74046648,UAV 1,2,1:3001:1807,ENBTR60005,1:1:222:2:8:1:0,0,false,false,false,false,0
ENT72002,move to,LOC_중앙계곡,2026-08-09T08:59:22.000Z,21.37165394,-157.74166119,UAV 1,2,1:3001:1533,ENT72002,1:1:222:1:2:1:0,0,false,false,false,false,0
ENT72010,move to,LOC_중앙계곡,2026-08-09T08:59:22.000Z,21.37130423,-157.74169477,UAV 1,2,1:3001:1666,ENT72010,1:1:222:1:2:1:0,0,false,false,false,false,0
ENM1A2003,move to,LOC_중앙계곡,2026-08-09T08:59:23.000Z,21.37349184,-157.74306536,UAV 1,2,1:3001:1469,ENM1A2003,1:1:225:1:1:3:0,0,false,false,false,false,0
FRTRK2004,move to,LOC_남측제1방어선,2026-08-09T08:59:23.000Z,21.38795272,-157.75051646,UAV 1,1,1:3001:1481,FRTRK2004,1:1:225:7:12:8:0,0,false,false,false,false,0
ENCAESAR002,FFE-on-Location,LOC_아군포병진지,2026-08-09T08:59:23.000Z,21.37011579,-157.73488768,UAV 1,2,1:3001:1499,ENCAESAR002,1:1:71:4:0:0:0,0,false,false,false,false,0
ENT72012,move to,LOC_중앙계곡,2026-08-09T08:59:23.000Z,21.37121601,-157.74170323,UAV 1,2,1:3001:1500,ENT72012,1:1:222:1:2:1:0,0,false,false,false,false,0
ENBTR60001,move to,LOC_중앙계곡,2026-08-09T08:59:23.000Z,21.36892061,-157.74060070,UAV 1,2,1:3001:1507,ENBTR60001,1:1:222:2:8:1:0,0,false,false,false,false,0
ENMORT005,FFE-on-Location,LOC_중앙킬존,2026-08-09T08:59:23.000Z,21.37457651,-157.73710572,UAV 1,2,1:3001:1512,ENMORT005,1:1:71:10:1:0:1,0,false,false,false,false,0
ENM1A2001,move to,LOC_중앙계곡,2026-08-09T08:59:23.000Z,21.37355256,-157.74324291,UAV 1,2,1:3001:1513,ENM1A2001,1:1:225:1:1:3:0,0,false,false,false,false,0
ENM1A2005,move to,LOC_중앙계곡,2026-08-09T08:59:23.000Z,21.37343054,-157.74288776,UAV 1,2,1:3001:1526,ENM1A2005,1:1:225:1:1:3:0,0,false,false,false,false,0
FRT69001,move to,LOC_중앙킬존남측,2026-08-09T08:59:23.000Z,21.38688444,-157.73540186,UAV 1,1,1:3001:1530,FRT69001,1:1:45:1:2:1:0,0,false,false,false,false,0
ENMORT004,FFE-on-Location,LOC_아군박격포진지,2026-08-09T08:59:23.000Z,21.37447596,-157.73706256,UAV 1,2,1:3001:1535,ENMORT004,1:1:71:10:1:0:1,0,false,false,false,false,0
FRTRK1001,move to,LOC_남측제1방어선,2026-08-09T08:59:23.000Z,21.38829819,-157.75037931,UAV 1,1,1:3001:1548,FRTRK1001,1:1:225:7:12:0:0,0,false,false,false,false,0
ENGAZ001,move to,LOC_적북측접근로,2026-08-09T08:59:23.000Z,21.37317844,-157.73311406,UAV 1,2,1:3001:1559,ENGAZ001,1:1:222:7:8:0:0,0,false,false,false,false,0
ENBTR60006,move to,LOC_중앙계곡,2026-08-09T08:59:23.000Z,21.36896803,-157.74039187,UAV 1,2,1:3001:1568,ENBTR60006,1:1:222:2:8:1:0,0,false,false,false,false,0
ENBTR80004,move to,LOC_중앙계곡,2026-08-09T08:59:23.000Z,21.36903121,-157.74031733,UAV 1,2,1:3001:1584,ENBTR80004,1:1:222:2:13:0:0,0,false,false,false,false,0
ENBTR60003,move to,LOC_중앙계곡,2026-08-09T08:59:23.000Z,21.36904225,-157.74045105,UAV 1,2,1:3001:1590,ENBTR60003,1:1:222:2:8:1:0,0,false,false,false,false,0
ENM1A2002,move to,LOC_중앙계곡,2026-08-09T08:59:23.000Z,21.37352323,-157.74315377,UAV 1,2,1:3001:1598,ENM1A2002,1:1:225:1:1:3:0,0,false,false,false,false,0
ENBTR80001,move to,LOC_중앙계곡,2026-08-09T08:59:23.000Z,21.36910839,-157.74037667,UAV 1,2,1:3001:1602,ENBTR80001,1:1:222:2:13:0:0,0,false,false,false,false,0
ENCAESAR004,move to,LOC_북측예비방어선,2026-08-09T08:59:23.000Z,21.37007445,-157.73480125,UAV 1,2,1:3001:1603,ENCAESAR004,1:1:71:4:0:0:0,0,false,false,false,false,0
ENGAZ002,move to,LOC_적북측접근로,2026-08-09T08:59:23.000Z,21.37326549,-157.73313647,UAV 1,2,1:3001:1626,ENGAZ002,1:1:222:7:8:0:0,0,false,false,false,false,0
ENBTR80006,move to,LOC_중앙계곡,2026-08-09T08:59:23.000Z,21.36914788,-157.74016782,UAV 1,2,1:3001:1633,ENBTR80006,1:1:222:2:13:0:0,0,false,false,false,false,0
ENT72011,move to,LOC_중앙계곡,2026-08-09T08:59:23.000Z,21.37122601,-157.74179770,UAV 1,2,1:3001:1637,ENT72011,1:1:222:1:2:1:0,0,false,false,false,false,0
ENM35002,move to,LOC_적북측접근로,2026-08-09T08:59:23.000Z,21.37344486,-157.73316009,UAV 1,2,1:3001:1645,ENM35002,1:1:225:7:1:6:0,0,false,false,false,false,0
ENGAZ003,move to,LOC_적북측접근로,2026-08-09T08:59:23.000Z,21.37320007,-157.73302007,UAV 1,2,1:3001:1654,ENGAZ003,1:1:222:7:8:0:0,0,false,false,false,false,0
ENBTR80003,move to,LOC_중앙계곡,2026-08-09T08:59:23.000Z,21.36922826,-157.74022748,UAV 1,2,1:3001:1658,ENBTR80003,1:1:222:2:13:0:0,0,false,false,false,false,0
FRT80008,move to,LOC_중앙킬존남측,2026-08-09T08:59:23.000Z,21.38273721,-157.75074709,UAV 1,1,1:3001:1661,FRT80008,1:1:222:1:1:1:0,0,false,false,false,false,0
ENCAESAR003,FFE-on-Location,LOC_아군박격포진지,2026-08-09T08:59:23.000Z,21.36993473,-157.73482081,UAV 1,2,1:3001:1687,ENCAESAR003,1:1:71:4:0:0:0,0,false,false,false,false,0
ENBTR60002,move to,LOC_중앙계곡,2026-08-09T08:59:23.000Z,21.36898250,-157.74052588,UAV 1,2,1:3001:1693,ENBTR60002,1:1:222:2:8:1:0,0,false,false,false,false,0
ENMORT001,FFE-on-Location,LOC_중앙킬존,2026-08-09T08:59:23.000Z,21.37443553,-157.73716992,UAV 1,2,1:3001:1694,ENMORT001,1:1:71:10:1:0:1,0,false,false,false,false,0
ENBTR60007,move to,LOC_중앙계곡,2026-08-09T08:59:23.000Z,21.36877551,-157.74048246,UAV 1,2,1:3001:1720,ENBTR60007,1:1:222:2:8:1:0,0,false,false,false,false,0
ENBTR60008,move to,LOC_중앙계곡,2026-08-09T08:59:23.000Z,21.36883121,-157.74040734,UAV 1,2,1:3001:1731,ENBTR60008,1:1:222:2:8:1:0,0,false,false,false,false,0
FRTRK2002,move to,LOC_남측제1방어선,2026-08-09T08:59:23.000Z,21.38794015,-157.75042101,UAV 1,1,1:3001:1732,FRTRK2002,1:1:225:7:12:8:0,0,false,false,false,false,0
ENBTR80007,move to,LOC_중앙계곡,2026-08-09T08:59:23.000Z,21.36895774,-157.74025817,UAV 1,2,1:3001:1733,ENBTR80007,1:1:222:2:13:0:0,0,false,false,false,false,0
ENMORT002,FFE-on-Location,LOC_남측제1방어선,2026-08-09T08:59:23.000Z,21.37453609,-157.73721308,UAV 1,2,1:3001:1739,ENMORT002,1:1:71:10:1:0:1,0,false,false,false,false,0
ENGAZ004,move to,LOC_적북측접근로,2026-08-09T08:59:23.000Z,21.37328710,-157.73304261,UAV 1,2,1:3001:1743,ENGAZ004,1:1:222:7:8:0:0,0,false,false,false,false,0
ENBTR80005,move to,LOC_중앙계곡,2026-08-09T08:59:23.000Z,21.36908593,-157.74024228,UAV 1,2,1:3001:1751,ENBTR80005,1:1:222:2:13:0:0,0,false,false,false,false,0
FRTRK1002,move to,LOC_남측제1방어선,2026-08-09T08:59:23.000Z,21.38820870,-157.75039036,UAV 1,1,1:3001:1758,FRTRK1002,1:1:225:7:12:0:0,0,false,false,false,false,0
ENMIM001,move to,LOC_적북측접근로,2026-08-09T08:59:23.000Z,21.36973107,-157.73693304,UAV 1,2,1:3001:1760,ENMIM001,1:1:225:28:2:0:0,0,false,false,false,false,0
ENCAESAR001,move to,LOC_적북측접근로,2026-08-09T08:59:23.000Z,21.37000699,-157.73501133,UAV 1,2,1:3001:1765,ENCAESAR001,1:1:71:4:0:0:0,0,false,false,false,false,0
ENMORT003,FFE-on-Location,LOC_아군포병진지,2026-08-09T08:59:23.000Z,21.37463664,-157.73725624,UAV 1,2,1:3001:1770,ENMORT003,1:1:71:10:1:0:1,0,false,false,false,false,0
ENBTR60004,move to,LOC_중앙계곡,2026-08-09T08:59:23.000Z,21.36884595,-157.74054151,UAV 1,2,1:3001:1777,ENBTR60004,1:1:222:2:8:1:0,0,false,false,false,false,0
ENBTR80002,move to,LOC_중앙계곡,2026-08-09T08:59:23.000Z,21.36917258,-157.74030233,UAV 1,2,1:3001:1789,ENBTR80002,1:1:222:2:13:0:0,0,false,false,false,false,0
ENM1A2004,move to,LOC_중앙계곡,2026-08-09T08:59:23.000Z,21.37346159,-157.74297645,UAV 1,2,1:3001:1791,ENM1A2004,1:1:225:1:1:3:0,0,false,false,false,false,0
ENBTR60005,move to,LOC_중앙계곡,2026-08-09T08:59:23.000Z,21.36890365,-157.74046648,UAV 1,2,1:3001:1807,ENBTR60005,1:1:222:2:8:1:0,0,false,false,false,false,0
ENT72002,move to,LOC_중앙계곡,2026-08-09T08:59:23.000Z,21.37165394,-157.74166119,UAV 1,2,1:3001:1533,ENT72002,1:1:222:1:2:1:0,0,false,false,false,false,0
ENT72010,move to,LOC_중앙계곡,2026-08-09T08:59:23.000Z,21.37130423,-157.74169477,UAV 1,2,1:3001:1666,ENT72010,1:1:222:1:2:1:0,0,false,false,false,false,0
ENM1A2003,move to,LOC_중앙계곡,2026-08-09T08:59:24.000Z,21.37368193,-157.74299582,UAV 1,2,1:3001:1469,ENM1A2003,1:1:225:1:1:3:0,0,false,false,false,false,0
FRTRK2004,move to,LOC_남측제1방어선,2026-08-09T08:59:24.000Z,21.38793462,-157.75036022,UAV 1,1,1:3001:1481,FRTRK2004,1:1:225:7:12:8:0,0,false,false,false,false,0
ENCAESAR002,FFE-on-Location,LOC_아군포병진지,2026-08-09T08:59:24.000Z,21.37011579,-157.73488768,UAV 1,2,1:3001:1499,ENCAESAR002,1:1:71:4:0:0:0,0,false,false,false,false,0
ENT72012,move to,LOC_중앙계곡,2026-08-09T08:59:24.000Z,21.37141589,-157.74168526,UAV 1,2,1:3001:1500,ENT72012,1:1:222:1:2:1:0,0,false,false,false,false,0
ENBTR60001,move to,LOC_중앙계곡,2026-08-09T08:59:24.000Z,21.36912625,-157.74060847,UAV 1,2,1:3001:1507,ENBTR60001,1:1:222:2:8:1:0,0,false,false,false,false,0
ENMORT005,FFE-on-Location,LOC_중앙킬존,2026-08-09T08:59:24.000Z,21.37457651,-157.73710572,UAV 1,2,1:3001:1512,ENMORT005,1:1:71:10:1:0:1,0,false,false,false,false,0
ENM1A2001,move to,LOC_중앙계곡,2026-08-09T08:59:24.000Z,21.37373755,-157.74316866,UAV 1,2,1:3001:1513,ENM1A2001,1:1:225:1:1:3:0,0,false,false,false,false,0
ENM1A2005,move to,LOC_중앙계곡,2026-08-09T08:59:24.000Z,21.37362456,-157.74282355,UAV 1,2,1:3001:1526,ENM1A2005,1:1:225:1:1:3:0,0,false,false,false,false,0
FRT69001,move to,LOC_중앙킬존남측,2026-08-09T08:59:24.000Z,21.38678380,-157.73558529,UAV 1,1,1:3001:1530,FRT69001,1:1:45:1:2:1:0,0,false,false,false,false,0
ENMORT004,FFE-on-Location,LOC_아군박격포진지,2026-08-09T08:59:24.000Z,21.37447596,-157.73706256,UAV 1,2,1:3001:1535,ENMORT004,1:1:71:10:1:0:1,0,false,false,false,false,0
ENGAZ001,move to,LOC_적북측접근로,2026-08-09T08:59:24.000Z,21.37313446,-157.73331933,UAV 1,2,1:3001:1559,ENGAZ001,1:1:222:7:8:0:0,0,false,false,false,false,0
ENBTR60006,move to,LOC_중앙계곡,2026-08-09T08:59:24.000Z,21.36917257,-157.74040382,UAV 1,2,1:3001:1568,ENBTR60006,1:1:222:2:8:1:0,0,false,false,false,false,0
ENBTR80004,move to,LOC_중앙계곡,2026-08-09T08:59:24.000Z,21.36923558,-157.74033084,UAV 1,2,1:3001:1584,ENBTR80004,1:1:222:2:13:0:0,0,false,false,false,false,0
ENM1A2002,move to,LOC_중앙계곡,2026-08-09T08:59:24.000Z,21.37371004,-157.74308212,UAV 1,2,1:3001:1598,ENM1A2002,1:1:225:1:1:3:0,0,false,false,false,false,0
ENBTR80001,move to,LOC_중앙계곡,2026-08-09T08:59:24.000Z,21.36930826,-157.74038881,UAV 1,2,1:3001:1602,ENBTR80001,1:1:222:2:13:0:0,0,false,false,false,false,0
ENCAESAR004,move to,LOC_북측예비방어선,2026-08-09T08:59:24.000Z,21.37015094,-157.73499353,UAV 1,2,1:3001:1603,ENCAESAR004,1:1:71:4:0:0:0,0,false,false,false,false,0
ENGAZ002,move to,LOC_적북측접근로,2026-08-09T08:59:24.000Z,21.37321946,-157.73334116,UAV 1,2,1:3001:1626,ENGAZ002,1:1:222:7:8:0:0,0,false,false,false,false,0
ENBTR80006,move to,LOC_중앙계곡,2026-08-09T08:59:24.000Z,21.36934854,-157.74018424,UAV 1,2,1:3001:1633,ENBTR80006,1:1:222:2:13:0:0,0,false,false,false,false,0
ENT72011,move to,LOC_중앙계곡,2026-08-09T08:59:24.000Z,21.37142754,-157.74177716,UAV 1,2,1:3001:1637,ENT72011,1:1:222:1:2:1:0,0,false,false,false,false,0
ENM35002,move to,LOC_적북측접근로,2026-08-09T08:59:24.000Z,21.37340300,-157.73332994,UAV 1,2,1:3001:1645,ENM35002,1:1:225:7:1:6:0,0,false,false,false,false,0
ENGAZ003,move to,LOC_적북측접근로,2026-08-09T08:59:24.000Z,21.37315604,-157.73322540,UAV 1,2,1:3001:1654,ENGAZ003,1:1:222:7:8:0:0,0,false,false,false,false,0
ENBTR80003,move to,LOC_중앙계곡,2026-08-09T08:59:24.000Z,21.36942493,-157.74024253,UAV 1,2,1:3001:1658,ENBTR80003,1:1:222:2:13:0:0,0,false,false,false,false,0
FRT80008,move to,LOC_중앙킬존남측,2026-08-09T08:59:24.000Z,21.38265558,-157.75055156,UAV 1,1,1:3001:1661,FRT80008,1:1:222:1:1:1:0,0,false,false,false,false,0
ENCAESAR003,FFE-on-Location,LOC_아군박격포진지,2026-08-09T08:59:24.000Z,21.36993473,-157.73482081,UAV 1,2,1:3001:1687,ENCAESAR003,1:1:71:4:0:0:0,0,false,false,false,false,0
ENMORT001,FFE-on-Location,LOC_중앙킬존,2026-08-09T08:59:24.000Z,21.37443553,-157.73716992,UAV 1,2,1:3001:1694,ENMORT001,1:1:71:10:1:0:1,0,false,false,false,false,0
ENBTR60007,move to,LOC_중앙계곡,2026-08-09T08:59:24.000Z,21.36898015,-157.74049239,UAV 1,2,1:3001:1720,ENBTR60007,1:1:222:2:8:1:0,0,false,false,false,false,0
ENBTR60008,move to,LOC_중앙계곡,2026-08-09T08:59:24.000Z,21.36903368,-157.74041871,UAV 1,2,1:3001:1731,ENBTR60008,1:1:222:2:8:1:0,0,false,false,false,false,0
FRTRK2002,move to,LOC_남측제1방어선,2026-08-09T08:59:24.000Z,21.38792197,-157.75026391,UAV 1,1,1:3001:1732,FRTRK2002,1:1:225:7:12:8:0,0,false,false,false,false,0
ENBTR80007,move to,LOC_중앙계곡,2026-08-09T08:59:24.000Z,21.36916120,-157.74027271,UAV 1,2,1:3001:1733,ENBTR80007,1:1:222:2:13:0:0,0,false,false,false,false,0
ENMORT002,FFE-on-Location,LOC_남측제1방어선,2026-08-09T08:59:24.000Z,21.37453609,-157.73721308,UAV 1,2,1:3001:1739,ENMORT002,1:1:71:10:1:0:1,0,false,false,false,false,0
ENGAZ004,move to,LOC_적북측접근로,2026-08-09T08:59:24.000Z,21.37324105,-157.73324733,UAV 1,2,1:3001:1743,ENGAZ004,1:1:222:7:8:0:0,0,false,false,false,false,0
ENBTR80005,move to,LOC_중앙계곡,2026-08-09T08:59:24.000Z,21.36928806,-157.74025723,UAV 1,2,1:3001:1751,ENBTR80005,1:1:222:2:13:0:0,0,false,false,false,false,0
ENMIM001,move to,LOC_적북측접근로,2026-08-09T08:59:24.000Z,21.36978500,-157.73709511,UAV 1,2,1:3001:1760,ENMIM001,1:1:225:28:2:0:0,0,false,false,false,false,0
ENCAESAR001,move to,LOC_적북측접근로,2026-08-09T08:59:24.000Z,21.37004789,-157.73521927,UAV 1,2,1:3001:1765,ENCAESAR001,1:1:71:4:0:0:0,0,false,false,false,false,0
ENMORT003,FFE-on-Location,LOC_아군포병진지,2026-08-09T08:59:24.000Z,21.37463664,-157.73725624,UAV 1,2,1:3001:1770,ENMORT003,1:1:71:10:1:0:1,0,false,false,false,false,0
ENBTR60004,move to,LOC_중앙계곡,2026-08-09T08:59:24.000Z,21.36904893,-157.74055028,UAV 1,2,1:3001:1777,ENBTR60004,1:1:222:2:8:1:0,0,false,false,false,false,0
ENM1A2004,move to,LOC_중앙계곡,2026-08-09T08:59:24.000Z,21.37365361,-157.74290957,UAV 1,2,1:3001:1791,ENM1A2004,1:1:225:1:1:3:0,0,false,false,false,false,0
ENBTR60005,move to,LOC_중앙계곡,2026-08-09T08:59:24.000Z,21.36910935,-157.74047692,UAV 1,2,1:3001:1807,ENBTR60005,1:1:222:2:8:1:0,0,false,false,false,false,0
ENT72010,move to,LOC_중앙계곡,2026-08-09T08:59:24.000Z,21.37150858,-157.74167641,UAV 1,2,1:3001:1666,ENT72010,1:1:222:1:2:1:0,0,false,false,false,false,0
ENM35004,move to,LOC_적북측접근로,2026-08-09T08:59:24.000Z,21.37342556,-157.73323242,UAV 1,2,1:3001:1555,ENM35004,1:1:225:7:1:6:0,0,false,false,false,false,0
ENM35001,move to,LOC_적북측접근로,2026-08-09T08:59:24.000Z,21.37331736,-157.73330825,UAV 1,2,1:3001:1659,ENM35001,1:1:225:7:1:6:0,0,false,false,false,false,0
ENM35003,move to,LOC_적북측접근로,2026-08-09T08:59:24.000Z,21.37333936,-157.73321281,UAV 1,2,1:3001:1799,ENM35003,1:1:225:7:1:6:0,0,false,false,false,false,0
ENM1A2003,move to,LOC_중앙계곡,2026-08-09T08:59:25.000Z,21.37368193,-157.74299582,UAV 1,2,1:3001:1469,ENM1A2003,1:1:225:1:1:3:0,0,false,false,false,false,0
FRTRK2004,move to,LOC_남측제1방어선,2026-08-09T08:59:25.000Z,21.38793462,-157.75036022,UAV 1,1,1:3001:1481,FRTRK2004,1:1:225:7:12:8:0,0,false,false,false,false,0
ENCAESAR002,FFE-on-Location,LOC_아군포병진지,2026-08-09T08:59:25.000Z,21.37011579,-157.73488768,UAV 1,2,1:3001:1499,ENCAESAR002,1:1:71:4:0:0:0,0,false,false,false,false,0
ENT72012,move to,LOC_중앙계곡,2026-08-09T08:59:25.000Z,21.37141589,-157.74168526,UAV 1,2,1:3001:1500,ENT72012,1:1:222:1:2:1:0,0,false,false,false,false,0
ENBTR60001,move to,LOC_중앙계곡,2026-08-09T08:59:25.000Z,21.36912625,-157.74060847,UAV 1,2,1:3001:1507,ENBTR60001,1:1:222:2:8:1:0,0,false,false,false,false,0
ENMORT005,FFE-on-Location,LOC_중앙킬존,2026-08-09T08:59:25.000Z,21.37457651,-157.73710572,UAV 1,2,1:3001:1512,ENMORT005,1:1:71:10:1:0:1,0,false,false,false,false,0
ENM1A2001,move to,LOC_중앙계곡,2026-08-09T08:59:25.000Z,21.37373755,-157.74316866,UAV 1,2,1:3001:1513,ENM1A2001,1:1:225:1:1:3:0,0,false,false,false,false,0
ENM1A2005,move to,LOC_중앙계곡,2026-08-09T08:59:25.000Z,21.37362456,-157.74282355,UAV 1,2,1:3001:1526,ENM1A2005,1:1:225:1:1:3:0,0,false,false,false,false,0
FRT69001,move to,LOC_중앙킬존남측,2026-08-09T08:59:25.000Z,21.38678380,-157.73558529,UAV 1,1,1:3001:1530,FRT69001,1:1:45:1:2:1:0,0,false,false,false,false,0
ENMORT004,FFE-on-Location,LOC_아군박격포진지,2026-08-09T08:59:25.000Z,21.37447596,-157.73706256,UAV 1,2,1:3001:1535,ENMORT004,1:1:71:10:1:0:1,0,false,false,false,false,0
ENGAZ001,move to,LOC_적북측접근로,2026-08-09T08:59:25.000Z,21.37313446,-157.73331933,UAV 1,2,1:3001:1559,ENGAZ001,1:1:222:7:8:0:0,0,false,false,false,false,0
ENBTR60006,move to,LOC_중앙계곡,2026-08-09T08:59:25.000Z,21.36917257,-157.74040382,UAV 1,2,1:3001:1568,ENBTR60006,1:1:222:2:8:1:0,0,false,false,false,false,0
ENBTR80004,move to,LOC_중앙계곡,2026-08-09T08:59:25.000Z,21.36923558,-157.74033084,UAV 1,2,1:3001:1584,ENBTR80004,1:1:222:2:13:0:0,0,false,false,false,false,0
ENM1A2002,move to,LOC_중앙계곡,2026-08-09T08:59:25.000Z,21.37371004,-157.74308212,UAV 1,2,1:3001:1598,ENM1A2002,1:1:225:1:1:3:0,0,false,false,false,false,0
ENBTR80001,move to,LOC_중앙계곡,2026-08-09T08:59:25.000Z,21.36930826,-157.74038881,UAV 1,2,1:3001:1602,ENBTR80001,1:1:222:2:13:0:0,0,false,false,false,false,0
ENCAESAR004,move to,LOC_북측예비방어선,2026-08-09T08:59:25.000Z,21.37015094,-157.73499353,UAV 1,2,1:3001:1603,ENCAESAR004,1:1:71:4:0:0:0,0,false,false,false,false,0
ENGAZ002,move to,LOC_적북측접근로,2026-08-09T08:59:25.000Z,21.37321946,-157.73334116,UAV 1,2,1:3001:1626,ENGAZ002,1:1:222:7:8:0:0,0,false,false,false,false,0
ENBTR80006,move to,LOC_중앙계곡,2026-08-09T08:59:25.000Z,21.36934854,-157.74018424,UAV 1,2,1:3001:1633,ENBTR80006,1:1:222:2:13:0:0,0,false,false,false,false,0
ENT72011,move to,LOC_중앙계곡,2026-08-09T08:59:25.000Z,21.37142754,-157.74177716,UAV 1,2,1:3001:1637,ENT72011,1:1:222:1:2:1:0,0,false,false,false,false,0
ENM35002,move to,LOC_적북측접근로,2026-08-09T08:59:25.000Z,21.37340300,-157.73332994,UAV 1,2,1:3001:1645,ENM35002,1:1:225:7:1:6:0,0,false,false,false,false,0
ENGAZ003,move to,LOC_적북측접근로,2026-08-09T08:59:25.000Z,21.37315604,-157.73322540,UAV 1,2,1:3001:1654,ENGAZ003,1:1:222:7:8:0:0,0,false,false,false,false,0
ENBTR80003,move to,LOC_중앙계곡,2026-08-09T08:59:25.000Z,21.36942493,-157.74024253,UAV 1,2,1:3001:1658,ENBTR80003,1:1:222:2:13:0:0,0,false,false,false,false,0
FRT80008,move to,LOC_중앙킬존남측,2026-08-09T08:59:25.000Z,21.38265558,-157.75055156,UAV 1,1,1:3001:1661,FRT80008,1:1:222:1:1:1:0,0,false,false,false,false,0
ENCAESAR003,FFE-on-Location,LOC_아군박격포진지,2026-08-09T08:59:25.000Z,21.36993473,-157.73482081,UAV 1,2,1:3001:1687,ENCAESAR003,1:1:71:4:0:0:0,0,false,false,false,false,0
ENMORT001,FFE-on-Location,LOC_중앙킬존,2026-08-09T08:59:25.000Z,21.37443553,-157.73716992,UAV 1,2,1:3001:1694,ENMORT001,1:1:71:10:1:0:1,0,false,false,false,false,0
ENBTR60007,move to,LOC_중앙계곡,2026-08-09T08:59:25.000Z,21.36898015,-157.74049239,UAV 1,2,1:3001:1720,ENBTR60007,1:1:222:2:8:1:0,0,false,false,false,false,0
ENBTR60008,move to,LOC_중앙계곡,2026-08-09T08:59:25.000Z,21.36903368,-157.74041871,UAV 1,2,1:3001:1731,ENBTR60008,1:1:222:2:8:1:0,0,false,false,false,false,0
FRTRK2002,move to,LOC_남측제1방어선,2026-08-09T08:59:25.000Z,21.38792197,-157.75026391,UAV 1,1,1:3001:1732,FRTRK2002,1:1:225:7:12:8:0,0,false,false,false,false,0
ENBTR80007,move to,LOC_중앙계곡,2026-08-09T08:59:25.000Z,21.36916120,-157.74027271,UAV 1,2,1:3001:1733,ENBTR80007,1:1:222:2:13:0:0,0,false,false,false,false,0
ENMORT002,FFE-on-Location,LOC_남측제1방어선,2026-08-09T08:59:25.000Z,21.37453609,-157.73721308,UAV 1,2,1:3001:1739,ENMORT002,1:1:71:10:1:0:1,0,false,false,false,false,0
ENGAZ004,move to,LOC_적북측접근로,2026-08-09T08:59:25.000Z,21.37324105,-157.73324733,UAV 1,2,1:3001:1743,ENGAZ004,1:1:222:7:8:0:0,0,false,false,false,false,0
ENBTR80005,move to,LOC_중앙계곡,2026-08-09T08:59:25.000Z,21.36928806,-157.74025723,UAV 1,2,1:3001:1751,ENBTR80005,1:1:222:2:13:0:0,0,false,false,false,false,0
ENMIM001,move to,LOC_적북측접근로,2026-08-09T08:59:25.000Z,21.36978500,-157.73709511,UAV 1,2,1:3001:1760,ENMIM001,1:1:225:28:2:0:0,0,false,false,false,false,0
ENCAESAR001,move to,LOC_적북측접근로,2026-08-09T08:59:25.000Z,21.37004789,-157.73521927,UAV 1,2,1:3001:1765,ENCAESAR001,1:1:71:4:0:0:0,0,false,false,false,false,0
ENMORT003,FFE-on-Location,LOC_아군포병진지,2026-08-09T08:59:25.000Z,21.37463664,-157.73725624,UAV 1,2,1:3001:1770,ENMORT003,1:1:71:10:1:0:1,0,false,false,false,false,0
ENBTR60004,move to,LOC_중앙계곡,2026-08-09T08:59:25.000Z,21.36904893,-157.74055028,UAV 1,2,1:3001:1777,ENBTR60004,1:1:222:2:8:1:0,0,false,false,false,false,0
ENM1A2004,move to,LOC_중앙계곡,2026-08-09T08:59:25.000Z,21.37365361,-157.74290957,UAV 1,2,1:3001:1791,ENM1A2004,1:1:225:1:1:3:0,0,false,false,false,false,0
ENBTR60005,move to,LOC_중앙계곡,2026-08-09T08:59:25.000Z,21.36910935,-157.74047692,UAV 1,2,1:3001:1807,ENBTR60005,1:1:222:2:8:1:0,0,false,false,false,false,0
ENT72010,move to,LOC_중앙계곡,2026-08-09T08:59:25.000Z,21.37150858,-157.74167641,UAV 1,2,1:3001:1666,ENT72010,1:1:222:1:2:1:0,0,false,false,false,false,0
ENM35004,move to,LOC_적북측접근로,2026-08-09T08:59:25.000Z,21.37342556,-157.73323242,UAV 1,2,1:3001:1555,ENM35004,1:1:225:7:1:6:0,0,false,false,false,false,0
ENM35001,move to,LOC_적북측접근로,2026-08-09T08:59:25.000Z,21.37331736,-157.73330825,UAV 1,2,1:3001:1659,ENM35001,1:1:225:7:1:6:0,0,false,false,false,false,0
ENM35003,move to,LOC_적북측접근로,2026-08-09T08:59:25.000Z,21.37333936,-157.73321281,UAV 1,2,1:3001:1799,ENM35003,1:1:225:7:1:6:0,0,false,false,false,false,0
ENM1A2003,move to,LOC_중앙계곡,2026-08-09T08:59:26.000Z,21.37384517,-157.74293610,UAV 1,2,1:3001:1469,ENM1A2003,1:1:225:1:1:3:0,0,false,false,false,false,0
FRTRK2004,move to,LOC_남측제1방어선,2026-08-09T08:59:26.000Z,21.38791328,-157.75017604,UAV 1,1,1:3001:1481,FRTRK2004,1:1:225:7:12:8:0,0,false,false,false,false,0
ENCAESAR002,FFE-on-Location,LOC_아군포병진지,2026-08-09T08:59:26.000Z,21.37011579,-157.73488768,UAV 1,2,1:3001:1499,ENCAESAR002,1:1:71:4:0:0:0,0,false,false,false,false,0
ENT72012,move to,LOC_중앙계곡,2026-08-09T08:59:26.000Z,21.37158697,-157.74166987,UAV 1,2,1:3001:1500,ENT72012,1:1:222:1:2:1:0,0,false,false,false,false,0
ENBTR60001,move to,LOC_중앙계곡,2026-08-09T08:59:26.000Z,21.36929854,-157.74061498,UAV 1,2,1:3001:1507,ENBTR60001,1:1:222:2:8:1:0,0,false,false,false,false,0
ENMORT005,FFE-on-Location,LOC_중앙킬존,2026-08-09T08:59:26.000Z,21.37457651,-157.73710572,UAV 1,2,1:3001:1512,ENMORT005,1:1:71:10:1:0:1,0,false,false,false,false,0
ENM1A2001,move to,LOC_중앙계곡,2026-08-09T08:59:26.000Z,21.37389877,-157.74310395,UAV 1,2,1:3001:1513,ENM1A2001,1:1:225:1:1:3:0,0,false,false,false,false,0
ENM1A2005,move to,LOC_중앙계곡,2026-08-09T08:59:26.000Z,21.37378954,-157.74276895,UAV 1,2,1:3001:1526,ENM1A2005,1:1:225:1:1:3:0,0,false,false,false,false,0
FRT69001,move to,LOC_중앙킬존남측,2026-08-09T08:59:26.000Z,21.38669654,-157.73574432,UAV 1,1,1:3001:1530,FRT69001,1:1:45:1:2:1:0,0,false,false,false,false,0
ENMORT004,FFE-on-Location,LOC_아군박격포진지,2026-08-09T08:59:26.000Z,21.37447596,-157.73706256,UAV 1,2,1:3001:1535,ENMORT004,1:1:71:10:1:0:1,0,false,false,false,false,0
ENGAZ001,move to,LOC_적북측접근로,2026-08-09T08:59:26.000Z,21.37309589,-157.73349939,UAV 1,2,1:3001:1559,ENGAZ001,1:1:222:7:8:0:0,0,false,false,false,false,0
ENBTR60006,move to,LOC_중앙계곡,2026-08-09T08:59:26.000Z,21.36934488,-157.74041388,UAV 1,2,1:3001:1568,ENBTR60006,1:1:222:2:8:1:0,0,false,false,false,false,0
ENBTR80004,move to,LOC_중앙계곡,2026-08-09T08:59:26.000Z,21.36940701,-157.74034218,UAV 1,2,1:3001:1584,ENBTR80004,1:1:222:2:13:0:0,0,false,false,false,false,0
ENM1A2002,move to,LOC_중앙계곡,2026-08-09T08:59:26.000Z,21.37387204,-157.74302000,UAV 1,2,1:3001:1598,ENM1A2002,1:1:225:1:1:3:0,0,false,false,false,false,0
ENBTR80001,move to,LOC_중앙계곡,2026-08-09T08:59:26.000Z,21.36947947,-157.74039921,UAV 1,2,1:3001:1602,ENBTR80001,1:1:222:2:13:0:0,0,false,false,false,false,0
ENCAESAR004,move to,LOC_북측예비방어선,2026-08-09T08:59:26.000Z,21.37021901,-157.73516465,UAV 1,2,1:3001:1603,ENCAESAR004,1:1:71:4:0:0:0,0,false,false,false,false,0
ENGAZ002,move to,LOC_적북측접근로,2026-08-09T08:59:26.000Z,21.37317905,-157.73352083,UAV 1,2,1:3001:1626,ENGAZ002,1:1:222:7:8:0:0,0,false,false,false,false,0
ENBTR80006,move to,LOC_중앙계곡,2026-08-09T08:59:26.000Z,21.36952024,-157.74019829,UAV 1,2,1:3001:1633,ENBTR80006,1:1:222:2:13:0:0,0,false,false,false,false,0
ENT72011,move to,LOC_중앙계곡,2026-08-09T08:59:26.000Z,21.37159879,-157.74175971,UAV 1,2,1:3001:1637,ENT72011,1:1:222:1:2:1:0,0,false,false,false,false,0
ENM35002,move to,LOC_적북측접근로,2026-08-09T08:59:26.000Z,21.37335987,-157.73350494,UAV 1,2,1:3001:1645,ENM35002,1:1:225:7:1:6:0,0,false,false,false,false,0
ENGAZ003,move to,LOC_적북측접근로,2026-08-09T08:59:26.000Z,21.37311746,-157.73340534,UAV 1,2,1:3001:1654,ENGAZ003,1:1:222:7:8:0:0,0,false,false,false,false,0
ENBTR80003,move to,LOC_중앙계곡,2026-08-09T08:59:26.000Z,21.36959766,-157.74025574,UAV 1,2,1:3001:1658,ENBTR80003,1:1:222:2:13:0:0,0,false,false,false,false,0
FRT80008,move to,LOC_중앙킬존남측,2026-08-09T08:59:26.000Z,21.38258219,-157.75038412,UAV 1,1,1:3001:1661,FRT80008,1:1:222:1:1:1:0,0,false,false,false,false,0
ENCAESAR003,FFE-on-Location,LOC_아군박격포진지,2026-08-09T08:59:26.000Z,21.36993473,-157.73482081,UAV 1,2,1:3001:1687,ENCAESAR003,1:1:71:4:0:0:0,0,false,false,false,false,0
ENMORT001,FFE-on-Location,LOC_중앙킬존,2026-08-09T08:59:26.000Z,21.37443553,-157.73716992,UAV 1,2,1:3001:1694,ENMORT001,1:1:71:10:1:0:1,0,false,false,false,false,0
ENBTR60007,move to,LOC_중앙계곡,2026-08-09T08:59:26.000Z,21.36915442,-157.74050084,UAV 1,2,1:3001:1720,ENBTR60007,1:1:222:2:8:1:0,0,false,false,false,false,0
ENBTR60008,move to,LOC_중앙계곡,2026-08-09T08:59:26.000Z,21.36920651,-157.74042841,UAV 1,2,1:3001:1731,ENBTR60008,1:1:222:2:8:1:0,0,false,false,false,false,0
FRTRK2002,move to,LOC_남측제1방어선,2026-08-09T08:59:26.000Z,21.38790079,-157.75008090,UAV 1,1,1:3001:1732,FRTRK2002,1:1:225:7:12:8:0,0,false,false,false,false,0
ENBTR80007,move to,LOC_중앙계곡,2026-08-09T08:59:26.000Z,21.36933333,-157.74028501,UAV 1,2,1:3001:1733,ENBTR80007,1:1:222:2:13:0:0,0,false,false,false,false,0
ENMORT002,FFE-on-Location,LOC_남측제1방어선,2026-08-09T08:59:26.000Z,21.37453609,-157.73721308,UAV 1,2,1:3001:1739,ENMORT002,1:1:71:10:1:0:1,0,false,false,false,false,0
ENGAZ004,move to,LOC_적북측접근로,2026-08-09T08:59:26.000Z,21.37320065,-157.73342692,UAV 1,2,1:3001:1743,ENGAZ004,1:1:222:7:8:0:0,0,false,false,false,false,0
ENBTR80005,move to,LOC_중앙계곡,2026-08-09T08:59:26.000Z,21.36945937,-157.74026989,UAV 1,2,1:3001:1751,ENBTR80005,1:1:222:2:13:0:0,0,false,false,false,false,0
ENMIM001,move to,LOC_적북측접근로,2026-08-09T08:59:26.000Z,21.36984242,-157.73726771,UAV 1,2,1:3001:1760,ENMIM001,1:1:225:28:2:0:0,0,false,false,false,false,0
ENCAESAR001,move to,LOC_적북측접근로,2026-08-09T08:59:26.000Z,21.37008354,-157.73540054,UAV 1,2,1:3001:1765,ENCAESAR001,1:1:71:4:0:0:0,0,false,false,false,false,0
ENMORT003,FFE-on-Location,LOC_아군포병진지,2026-08-09T08:59:26.000Z,21.37463664,-157.73725624,UAV 1,2,1:3001:1770,ENMORT003,1:1:71:10:1:0:1,0,false,false,false,false,0
ENBTR60004,move to,LOC_중앙계곡,2026-08-09T08:59:26.000Z,21.36922175,-157.74055775,UAV 1,2,1:3001:1777,ENBTR60004,1:1:222:2:8:1:0,0,false,false,false,false,0
ENM1A2004,move to,LOC_중앙계곡,2026-08-09T08:59:26.000Z,21.37381795,-157.74285233,UAV 1,2,1:3001:1791,ENM1A2004,1:1:225:1:1:3:0,0,false,false,false,false,0
ENBTR60005,move to,LOC_중앙계곡,2026-08-09T08:59:26.000Z,21.36928139,-157.74048566,UAV 1,2,1:3001:1807,ENBTR60005,1:1:222:2:8:1:0,0,false,false,false,false,0
ENT72010,move to,LOC_중앙계곡,2026-08-09T08:59:26.000Z,21.37167774,-157.74166121,UAV 1,2,1:3001:1666,ENT72010,1:1:222:1:2:1:0,0,false,false,false,false,0
ENM35004,move to,LOC_적북측접근로,2026-08-09T08:59:26.000Z,21.37338248,-157.73340735,UAV 1,2,1:3001:1555,ENM35004,1:1:225:7:1:6:0,0,false,false,false,false,0
ENM35001,move to,LOC_적북측접근로,2026-08-09T08:59:26.000Z,21.37327601,-157.73348373,UAV 1,2,1:3001:1659,ENM35001,1:1:225:7:1:6:0,0,false,false,false,false,0
ENM35003,move to,LOC_적북측접근로,2026-08-09T08:59:26.000Z,21.37329806,-157.73338814,UAV 1,2,1:3001:1799,ENM35003,1:1:225:7:1:6:0,0,false,false,false,false,0
ENT72007,move to,LOC_중앙계곡,2026-08-09T08:59:26.000Z,21.37178112,-157.74174214,UAV 1,2,1:3001:1492,ENT72007,1:1:222:1:2:1:0,0,false,false,false,false,0
ENT72008,move to,LOC_중앙계곡,2026-08-09T08:59:26.000Z,21.37176973,-157.74165243,UAV 1,2,1:3001:1520,ENT72008,1:1:222:1:2:1:0,0,false,false,false,false,0
ENT72006,move to,LOC_중앙계곡,2026-08-09T08:59:26.000Z,21.37185715,-157.74164406,UAV 1,2,1:3001:1683,ENT72006,1:1:222:1:2:1:0,0,false,false,false,false,0
ENBTR80002,move to,LOC_중앙계곡,2026-08-09T08:59:26.000Z,21.36954249,-157.74032769,UAV 1,2,1:3001:1789,ENBTR80002,1:1:222:2:13:0:0,0,false,false,false,false,0
ENM1A2003,move to,LOC_중앙계곡,2026-08-09T08:59:26.000Z,21.37384517,-157.74293610,UAV 1,2,1:3001:1469,ENM1A2003,1:1:225:1:1:3:0,0,false,false,false,false,0
FRTRK2004,move to,LOC_남측제1방어선,2026-08-09T08:59:26.000Z,21.38791328,-157.75017604,UAV 1,1,1:3001:1481,FRTRK2004,1:1:225:7:12:8:0,0,false,false,false,false,0
ENCAESAR002,FFE-on-Location,LOC_아군포병진지,2026-08-09T08:59:26.000Z,21.37011579,-157.73488768,UAV 1,2,1:3001:1499,ENCAESAR002,1:1:71:4:0:0:0,0,false,false,false,false,0
ENT72012,move to,LOC_중앙계곡,2026-08-09T08:59:26.000Z,21.37158697,-157.74166987,UAV 1,2,1:3001:1500,ENT72012,1:1:222:1:2:1:0,0,false,false,false,false,0
ENBTR60001,move to,LOC_중앙계곡,2026-08-09T08:59:26.000Z,21.36929854,-157.74061498,UAV 1,2,1:3001:1507,ENBTR60001,1:1:222:2:8:1:0,0,false,false,false,false,0
ENMORT005,FFE-on-Location,LOC_중앙킬존,2026-08-09T08:59:26.000Z,21.37457651,-157.73710572,UAV 1,2,1:3001:1512,ENMORT005,1:1:71:10:1:0:1,0,false,false,false,false,0
ENM1A2001,move to,LOC_중앙계곡,2026-08-09T08:59:26.000Z,21.37389877,-157.74310395,UAV 1,2,1:3001:1513,ENM1A2001,1:1:225:1:1:3:0,0,false,false,false,false,0
ENM1A2005,move to,LOC_중앙계곡,2026-08-09T08:59:26.000Z,21.37378954,-157.74276895,UAV 1,2,1:3001:1526,ENM1A2005,1:1:225:1:1:3:0,0,false,false,false,false,0
FRT69001,move to,LOC_중앙킬존남측,2026-08-09T08:59:26.000Z,21.38669654,-157.73574432,UAV 1,1,1:3001:1530,FRT69001,1:1:45:1:2:1:0,0,false,false,false,false,0
ENMORT004,FFE-on-Location,LOC_아군박격포진지,2026-08-09T08:59:26.000Z,21.37447596,-157.73706256,UAV 1,2,1:3001:1535,ENMORT004,1:1:71:10:1:0:1,0,false,false,false,false,0
ENGAZ001,move to,LOC_적북측접근로,2026-08-09T08:59:26.000Z,21.37309589,-157.73349939,UAV 1,2,1:3001:1559,ENGAZ001,1:1:222:7:8:0:0,0,false,false,false,false,0
ENBTR60006,move to,LOC_중앙계곡,2026-08-09T08:59:26.000Z,21.36934488,-157.74041388,UAV 1,2,1:3001:1568,ENBTR60006,1:1:222:2:8:1:0,0,false,false,false,false,0
ENBTR80004,move to,LOC_중앙계곡,2026-08-09T08:59:26.000Z,21.36940701,-157.74034218,UAV 1,2,1:3001:1584,ENBTR80004,1:1:222:2:13:0:0,0,false,false,false,false,0
ENM1A2002,move to,LOC_중앙계곡,2026-08-09T08:59:26.000Z,21.37387204,-157.74302000,UAV 1,2,1:3001:1598,ENM1A2002,1:1:225:1:1:3:0,0,false,false,false,false,0
ENBTR80001,move to,LOC_중앙계곡,2026-08-09T08:59:26.000Z,21.36947947,-157.74039921,UAV 1,2,1:3001:1602,ENBTR80001,1:1:222:2:13:0:0,0,false,false,false,false,0
ENCAESAR004,move to,LOC_북측예비방어선,2026-08-09T08:59:26.000Z,21.37021901,-157.73516465,UAV 1,2,1:3001:1603,ENCAESAR004,1:1:71:4:0:0:0,0,false,false,false,false,0
ENGAZ002,move to,LOC_적북측접근로,2026-08-09T08:59:26.000Z,21.37317905,-157.73352083,UAV 1,2,1:3001:1626,ENGAZ002,1:1:222:7:8:0:0,0,false,false,false,false,0
ENBTR80006,move to,LOC_중앙계곡,2026-08-09T08:59:26.000Z,21.36952024,-157.74019829,UAV 1,2,1:3001:1633,ENBTR80006,1:1:222:2:13:0:0,0,false,false,false,false,0
ENT72011,move to,LOC_중앙계곡,2026-08-09T08:59:26.000Z,21.37159879,-157.74175971,UAV 1,2,1:3001:1637,ENT72011,1:1:222:1:2:1:0,0,false,false,false,false,0
ENM35002,move to,LOC_적북측접근로,2026-08-09T08:59:26.000Z,21.37335987,-157.73350494,UAV 1,2,1:3001:1645,ENM35002,1:1:225:7:1:6:0,0,false,false,false,false,0
ENGAZ003,move to,LOC_적북측접근로,2026-08-09T08:59:26.000Z,21.37311746,-157.73340534,UAV 1,2,1:3001:1654,ENGAZ003,1:1:222:7:8:0:0,0,false,false,false,false,0
ENBTR80003,move to,LOC_중앙계곡,2026-08-09T08:59:26.000Z,21.36959766,-157.74025574,UAV 1,2,1:3001:1658,ENBTR80003,1:1:222:2:13:0:0,0,false,false,false,false,0
FRT80008,move to,LOC_중앙킬존남측,2026-08-09T08:59:26.000Z,21.38258219,-157.75038412,UAV 1,1,1:3001:1661,FRT80008,1:1:222:1:1:1:0,0,false,false,false,false,0
ENCAESAR003,FFE-on-Location,LOC_아군박격포진지,2026-08-09T08:59:26.000Z,21.36993473,-157.73482081,UAV 1,2,1:3001:1687,ENCAESAR003,1:1:71:4:0:0:0,0,false,false,false,false,0
ENMORT001,FFE-on-Location,LOC_중앙킬존,2026-08-09T08:59:26.000Z,21.37443553,-157.73716992,UAV 1,2,1:3001:1694,ENMORT001,1:1:71:10:1:0:1,0,false,false,false,false,0
ENBTR60007,move to,LOC_중앙계곡,2026-08-09T08:59:26.000Z,21.36915442,-157.74050084,UAV 1,2,1:3001:1720,ENBTR60007,1:1:222:2:8:1:0,0,false,false,false,false,0
ENBTR60008,move to,LOC_중앙계곡,2026-08-09T08:59:26.000Z,21.36920651,-157.74042841,UAV 1,2,1:3001:1731,ENBTR60008,1:1:222:2:8:1:0,0,false,false,false,false,0
FRTRK2002,move to,LOC_남측제1방어선,2026-08-09T08:59:26.000Z,21.38790079,-157.75008090,UAV 1,1,1:3001:1732,FRTRK2002,1:1:225:7:12:8:0,0,false,false,false,false,0
ENBTR80007,move to,LOC_중앙계곡,2026-08-09T08:59:26.000Z,21.36933333,-157.74028501,UAV 1,2,1:3001:1733,ENBTR80007,1:1:222:2:13:0:0,0,false,false,false,false,0
ENMORT002,FFE-on-Location,LOC_남측제1방어선,2026-08-09T08:59:26.000Z,21.37453609,-157.73721308,UAV 1,2,1:3001:1739,ENMORT002,1:1:71:10:1:0:1,0,false,false,false,false,0
ENGAZ004,move to,LOC_적북측접근로,2026-08-09T08:59:26.000Z,21.37320065,-157.73342692,UAV 1,2,1:3001:1743,ENGAZ004,1:1:222:7:8:0:0,0,false,false,false,false,0
ENBTR80005,move to,LOC_중앙계곡,2026-08-09T08:59:26.000Z,21.36945937,-157.74026989,UAV 1,2,1:3001:1751,ENBTR80005,1:1:222:2:13:0:0,0,false,false,false,false,0
ENMIM001,move to,LOC_적북측접근로,2026-08-09T08:59:26.000Z,21.36984242,-157.73726771,UAV 1,2,1:3001:1760,ENMIM001,1:1:225:28:2:0:0,0,false,false,false,false,0
ENCAESAR001,move to,LOC_적북측접근로,2026-08-09T08:59:26.000Z,21.37008354,-157.73540054,UAV 1,2,1:3001:1765,ENCAESAR001,1:1:71:4:0:0:0,0,false,false,false,false,0
ENMORT003,FFE-on-Location,LOC_아군포병진지,2026-08-09T08:59:26.000Z,21.37463664,-157.73725624,UAV 1,2,1:3001:1770,ENMORT003,1:1:71:10:1:0:1,0,false,false,false,false,0
ENBTR60004,move to,LOC_중앙계곡,2026-08-09T08:59:26.000Z,21.36922175,-157.74055775,UAV 1,2,1:3001:1777,ENBTR60004,1:1:222:2:8:1:0,0,false,false,false,false,0
ENM1A2004,move to,LOC_중앙계곡,2026-08-09T08:59:26.000Z,21.37381795,-157.74285233,UAV 1,2,1:3001:1791,ENM1A2004,1:1:225:1:1:3:0,0,false,false,false,false,0
ENBTR60005,move to,LOC_중앙계곡,2026-08-09T08:59:26.000Z,21.36928139,-157.74048566,UAV 1,2,1:3001:1807,ENBTR60005,1:1:222:2:8:1:0,0,false,false,false,false,0
ENT72010,move to,LOC_중앙계곡,2026-08-09T08:59:26.000Z,21.37167774,-157.74166121,UAV 1,2,1:3001:1666,ENT72010,1:1:222:1:2:1:0,0,false,false,false,false,0
ENM35004,move to,LOC_적북측접근로,2026-08-09T08:59:26.000Z,21.37338248,-157.73340735,UAV 1,2,1:3001:1555,ENM35004,1:1:225:7:1:6:0,0,false,false,false,false,0
ENM35001,move to,LOC_적북측접근로,2026-08-09T08:59:26.000Z,21.37327601,-157.73348373,UAV 1,2,1:3001:1659,ENM35001,1:1:225:7:1:6:0,0,false,false,false,false,0
ENM35003,move to,LOC_적북측접근로,2026-08-09T08:59:26.000Z,21.37329806,-157.73338814,UAV 1,2,1:3001:1799,ENM35003,1:1:225:7:1:6:0,0,false,false,false,false,0
ENT72007,move to,LOC_중앙계곡,2026-08-09T08:59:26.000Z,21.37178112,-157.74174214,UAV 1,2,1:3001:1492,ENT72007,1:1:222:1:2:1:0,0,false,false,false,false,0
ENT72008,move to,LOC_중앙계곡,2026-08-09T08:59:26.000Z,21.37176973,-157.74165243,UAV 1,2,1:3001:1520,ENT72008,1:1:222:1:2:1:0,0,false,false,false,false,0
ENT72006,move to,LOC_중앙계곡,2026-08-09T08:59:26.000Z,21.37185715,-157.74164406,UAV 1,2,1:3001:1683,ENT72006,1:1:222:1:2:1:0,0,false,false,false,false,0
ENBTR80002,move to,LOC_중앙계곡,2026-08-09T08:59:26.000Z,21.36954249,-157.74032769,UAV 1,2,1:3001:1789,ENBTR80002,1:1:222:2:13:0:0,0,false,false,false,false,0
ENM1A2003,move to,LOC_중앙계곡,2026-08-09T08:59:27.000Z,21.37384517,-157.74293610,UAV 1,2,1:3001:1469,ENM1A2003,1:1:225:1:1:3:0,0,false,false,false,false,0
FRTRK2004,move to,LOC_남측제1방어선,2026-08-09T08:59:27.000Z,21.38791328,-157.75017604,UAV 1,1,1:3001:1481,FRTRK2004,1:1:225:7:12:8:0,0,false,false,false,false,0
ENCAESAR002,FFE-on-Location,LOC_아군포병진지,2026-08-09T08:59:27.000Z,21.37011579,-157.73488768,UAV 1,2,1:3001:1499,ENCAESAR002,1:1:71:4:0:0:0,0,false,false,false,false,0
ENT72012,move to,LOC_중앙계곡,2026-08-09T08:59:27.000Z,21.37158697,-157.74166987,UAV 1,2,1:3001:1500,ENT72012,1:1:222:1:2:1:0,0,false,false,false,false,0
ENBTR60001,move to,LOC_중앙계곡,2026-08-09T08:59:27.000Z,21.36929854,-157.74061498,UAV 1,2,1:3001:1507,ENBTR60001,1:1:222:2:8:1:0,0,false,false,false,false,0
ENMORT005,FFE-on-Location,LOC_중앙킬존,2026-08-09T08:59:27.000Z,21.37457651,-157.73710572,UAV 1,2,1:3001:1512,ENMORT005,1:1:71:10:1:0:1,0,false,false,false,false,0
ENM1A2001,move to,LOC_중앙계곡,2026-08-09T08:59:27.000Z,21.37389877,-157.74310395,UAV 1,2,1:3001:1513,ENM1A2001,1:1:225:1:1:3:0,0,false,false,false,false,0
ENM1A2005,move to,LOC_중앙계곡,2026-08-09T08:59:27.000Z,21.37378954,-157.74276895,UAV 1,2,1:3001:1526,ENM1A2005,1:1:225:1:1:3:0,0,false,false,false,false,0
FRT69001,move to,LOC_중앙킬존남측,2026-08-09T08:59:27.000Z,21.38669654,-157.73574432,UAV 1,1,1:3001:1530,FRT69001,1:1:45:1:2:1:0,0,false,false,false,false,0
ENMORT004,FFE-on-Location,LOC_아군박격포진지,2026-08-09T08:59:27.000Z,21.37447596,-157.73706256,UAV 1,2,1:3001:1535,ENMORT004,1:1:71:10:1:0:1,0,false,false,false,false,0
ENGAZ001,move to,LOC_적북측접근로,2026-08-09T08:59:27.000Z,21.37309589,-157.73349939,UAV 1,2,1:3001:1559,ENGAZ001,1:1:222:7:8:0:0,0,false,false,false,false,0
ENBTR60006,move to,LOC_중앙계곡,2026-08-09T08:59:27.000Z,21.36934488,-157.74041388,UAV 1,2,1:3001:1568,ENBTR60006,1:1:222:2:8:1:0,0,false,false,false,false,0
ENBTR80004,move to,LOC_중앙계곡,2026-08-09T08:59:27.000Z,21.36940701,-157.74034218,UAV 1,2,1:3001:1584,ENBTR80004,1:1:222:2:13:0:0,0,false,false,false,false,0
ENM1A2002,move to,LOC_중앙계곡,2026-08-09T08:59:27.000Z,21.37387204,-157.74302000,UAV 1,2,1:3001:1598,ENM1A2002,1:1:225:1:1:3:0,0,false,false,false,false,0
ENBTR80001,move to,LOC_중앙계곡,2026-08-09T08:59:27.000Z,21.36947947,-157.74039921,UAV 1,2,1:3001:1602,ENBTR80001,1:1:222:2:13:0:0,0,false,false,false,false,0
ENCAESAR004,move to,LOC_북측예비방어선,2026-08-09T08:59:27.000Z,21.37021901,-157.73516465,UAV 1,2,1:3001:1603,ENCAESAR004,1:1:71:4:0:0:0,0,false,false,false,false,0
ENGAZ002,move to,LOC_적북측접근로,2026-08-09T08:59:27.000Z,21.37317905,-157.73352083,UAV 1,2,1:3001:1626,ENGAZ002,1:1:222:7:8:0:0,0,false,false,false,false,0
ENBTR80006,move to,LOC_중앙계곡,2026-08-09T08:59:27.000Z,21.36952024,-157.74019829,UAV 1,2,1:3001:1633,ENBTR80006,1:1:222:2:13:0:0,0,false,false,false,false,0
ENT72011,move to,LOC_중앙계곡,2026-08-09T08:59:27.000Z,21.37159879,-157.74175971,UAV 1,2,1:3001:1637,ENT72011,1:1:222:1:2:1:0,0,false,false,false,false,0
ENM35002,move to,LOC_적북측접근로,2026-08-09T08:59:27.000Z,21.37335987,-157.73350494,UAV 1,2,1:3001:1645,ENM35002,1:1:225:7:1:6:0,0,false,false,false,false,0
ENGAZ003,move to,LOC_적북측접근로,2026-08-09T08:59:27.000Z,21.37311746,-157.73340534,UAV 1,2,1:3001:1654,ENGAZ003,1:1:222:7:8:0:0,0,false,false,false,false,0
ENBTR80003,move to,LOC_중앙계곡,2026-08-09T08:59:27.000Z,21.36959766,-157.74025574,UAV 1,2,1:3001:1658,ENBTR80003,1:1:222:2:13:0:0,0,false,false,false,false,0
FRT80008,move to,LOC_중앙킬존남측,2026-08-09T08:59:27.000Z,21.38258219,-157.75038412,UAV 1,1,1:3001:1661,FRT80008,1:1:222:1:1:1:0,0,false,false,false,false,0
ENCAESAR003,FFE-on-Location,LOC_아군박격포진지,2026-08-09T08:59:27.000Z,21.36993473,-157.73482081,UAV 1,2,1:3001:1687,ENCAESAR003,1:1:71:4:0:0:0,0,false,false,false,false,0
ENMORT001,FFE-on-Location,LOC_중앙킬존,2026-08-09T08:59:27.000Z,21.37443553,-157.73716992,UAV 1,2,1:3001:1694,ENMORT001,1:1:71:10:1:0:1,0,false,false,false,false,0
ENBTR60007,move to,LOC_중앙계곡,2026-08-09T08:59:27.000Z,21.36915442,-157.74050084,UAV 1,2,1:3001:1720,ENBTR60007,1:1:222:2:8:1:0,0,false,false,false,false,0
ENBTR60008,move to,LOC_중앙계곡,2026-08-09T08:59:27.000Z,21.36920651,-157.74042841,UAV 1,2,1:3001:1731,ENBTR60008,1:1:222:2:8:1:0,0,false,false,false,false,0
FRTRK2002,move to,LOC_남측제1방어선,2026-08-09T08:59:27.000Z,21.38790079,-157.75008090,UAV 1,1,1:3001:1732,FRTRK2002,1:1:225:7:12:8:0,0,false,false,false,false,0
ENBTR80007,move to,LOC_중앙계곡,2026-08-09T08:59:27.000Z,21.36933333,-157.74028501,UAV 1,2,1:3001:1733,ENBTR80007,1:1:222:2:13:0:0,0,false,false,false,false,0
ENMORT002,FFE-on-Location,LOC_남측제1방어선,2026-08-09T08:59:27.000Z,21.37453609,-157.73721308,UAV 1,2,1:3001:1739,ENMORT002,1:1:71:10:1:0:1,0,false,false,false,false,0
ENGAZ004,move to,LOC_적북측접근로,2026-08-09T08:59:27.000Z,21.37320065,-157.73342692,UAV 1,2,1:3001:1743,ENGAZ004,1:1:222:7:8:0:0,0,false,false,false,false,0
ENBTR80005,move to,LOC_중앙계곡,2026-08-09T08:59:27.000Z,21.36945937,-157.74026989,UAV 1,2,1:3001:1751,ENBTR80005,1:1:222:2:13:0:0,0,false,false,false,false,0
ENMIM001,move to,LOC_적북측접근로,2026-08-09T08:59:27.000Z,21.36984242,-157.73726771,UAV 1,2,1:3001:1760,ENMIM001,1:1:225:28:2:0:0,0,false,false,false,false,0
ENCAESAR001,move to,LOC_적북측접근로,2026-08-09T08:59:27.000Z,21.37008354,-157.73540054,UAV 1,2,1:3001:1765,ENCAESAR001,1:1:71:4:0:0:0,0,false,false,false,false,0
ENMORT003,FFE-on-Location,LOC_아군포병진지,2026-08-09T08:59:27.000Z,21.37463664,-157.73725624,UAV 1,2,1:3001:1770,ENMORT003,1:1:71:10:1:0:1,0,false,false,false,false,0
ENBTR60004,move to,LOC_중앙계곡,2026-08-09T08:59:27.000Z,21.36922175,-157.74055775,UAV 1,2,1:3001:1777,ENBTR60004,1:1:222:2:8:1:0,0,false,false,false,false,0
ENM1A2004,move to,LOC_중앙계곡,2026-08-09T08:59:27.000Z,21.37381795,-157.74285233,UAV 1,2,1:3001:1791,ENM1A2004,1:1:225:1:1:3:0,0,false,false,false,false,0
ENBTR60005,move to,LOC_중앙계곡,2026-08-09T08:59:27.000Z,21.36928139,-157.74048566,UAV 1,2,1:3001:1807,ENBTR60005,1:1:222:2:8:1:0,0,false,false,false,false,0
ENT72010,move to,LOC_중앙계곡,2026-08-09T08:59:27.000Z,21.37167774,-157.74166121,UAV 1,2,1:3001:1666,ENT72010,1:1:222:1:2:1:0,0,false,false,false,false,0
ENM35004,move to,LOC_적북측접근로,2026-08-09T08:59:27.000Z,21.37338248,-157.73340735,UAV 1,2,1:3001:1555,ENM35004,1:1:225:7:1:6:0,0,false,false,false,false,0
ENM35001,move to,LOC_적북측접근로,2026-08-09T08:59:27.000Z,21.37327601,-157.73348373,UAV 1,2,1:3001:1659,ENM35001,1:1:225:7:1:6:0,0,false,false,false,false,0
ENM35003,move to,LOC_적북측접근로,2026-08-09T08:59:27.000Z,21.37329806,-157.73338814,UAV 1,2,1:3001:1799,ENM35003,1:1:225:7:1:6:0,0,false,false,false,false,0
ENT72007,move to,LOC_중앙계곡,2026-08-09T08:59:27.000Z,21.37178112,-157.74174214,UAV 1,2,1:3001:1492,ENT72007,1:1:222:1:2:1:0,0,false,false,false,false,0
ENT72008,move to,LOC_중앙계곡,2026-08-09T08:59:27.000Z,21.37176973,-157.74165243,UAV 1,2,1:3001:1520,ENT72008,1:1:222:1:2:1:0,0,false,false,false,false,0
ENT72006,move to,LOC_중앙계곡,2026-08-09T08:59:27.000Z,21.37185715,-157.74164406,UAV 1,2,1:3001:1683,ENT72006,1:1:222:1:2:1:0,0,false,false,false,false,0
ENBTR80002,move to,LOC_중앙계곡,2026-08-09T08:59:27.000Z,21.36954249,-157.74032769,UAV 1,2,1:3001:1789,ENBTR80002,1:1:222:2:13:0:0,0,false,false,false,false,0
ENM1A2003,move to,LOC_중앙계곡,2026-08-09T08:59:28.000Z,21.37402738,-157.74286944,UAV 1,2,1:3001:1469,ENM1A2003,1:1:225:1:1:3:0,0,false,false,false,false,0
FRTRK2004,move to,LOC_남측제1방어선,2026-08-09T08:59:28.000Z,21.38788973,-157.74997277,UAV 1,1,1:3001:1481,FRTRK2004,1:1:225:7:12:8:0,0,false,false,false,false,0
ENCAESAR002,FFE-on-Location,LOC_아군포병진지,2026-08-09T08:59:28.000Z,21.37011579,-157.73488768,UAV 1,2,1:3001:1499,ENCAESAR002,1:1:71:4:0:0:0,0,false,false,false,false,0
ENT72012,move to,LOC_중앙계곡,2026-08-09T08:59:28.000Z,21.37177511,-157.74165296,UAV 1,2,1:3001:1500,ENT72012,1:1:222:1:2:1:0,0,false,false,false,false,0
ENBTR60001,move to,LOC_중앙계곡,2026-08-09T08:59:28.000Z,21.36949030,-157.74062222,UAV 1,2,1:3001:1507,ENBTR60001,1:1:222:2:8:1:0,0,false,false,false,false,0
ENMORT005,FFE-on-Location,LOC_중앙킬존,2026-08-09T08:59:28.000Z,21.37457651,-157.73710572,UAV 1,2,1:3001:1512,ENMORT005,1:1:71:10:1:0:1,0,false,false,false,false,0
ENM1A2001,move to,LOC_중앙계곡,2026-08-09T08:59:28.000Z,21.37408044,-157.74303103,UAV 1,2,1:3001:1513,ENM1A2001,1:1:225:1:1:3:0,0,false,false,false,false,0
ENM1A2005,move to,LOC_중앙계곡,2026-08-09T08:59:28.000Z,21.37397353,-157.74270805,UAV 1,2,1:3001:1526,ENM1A2005,1:1:225:1:1:3:0,0,false,false,false,false,0
FRT69001,move to,LOC_중앙킬존남측,2026-08-09T08:59:28.000Z,21.38659915,-157.73592182,UAV 1,1,1:3001:1530,FRT69001,1:1:45:1:2:1:0,0,false,false,false,false,0
ENMORT004,FFE-on-Location,LOC_아군박격포진지,2026-08-09T08:59:28.000Z,21.37447596,-157.73706256,UAV 1,2,1:3001:1535,ENMORT004,1:1:71:10:1:0:1,0,false,false,false,false,0
ENGAZ001,move to,LOC_적북측접근로,2026-08-09T08:59:28.000Z,21.37305295,-157.73369981,UAV 1,2,1:3001:1559,ENGAZ001,1:1:222:7:8:0:0,0,false,false,false,false,0
ENBTR60006,move to,LOC_중앙계곡,2026-08-09T08:59:28.000Z,21.36953595,-157.74042505,UAV 1,2,1:3001:1568,ENBTR60006,1:1:222:2:8:1:0,0,false,false,false,false,0
ENBTR80004,move to,LOC_중앙계곡,2026-08-09T08:59:28.000Z,21.36959938,-157.74035490,UAV 1,2,1:3001:1584,ENBTR80004,1:1:222:2:13:0:0,0,false,false,false,false,0
ENM1A2002,move to,LOC_중앙계곡,2026-08-09T08:59:28.000Z,21.37405409,-157.74295018,UAV 1,2,1:3001:1598,ENM1A2002,1:1:225:1:1:3:0,0,false,false,false,false,0
ENBTR80001,move to,LOC_중앙계곡,2026-08-09T08:59:28.000Z,21.36967199,-157.74041090,UAV 1,2,1:3001:1602,ENBTR80001,1:1:222:2:13:0:0,0,false,false,false,false,0
ENCAESAR004,move to,LOC_북측예비방어선,2026-08-09T08:59:28.000Z,21.37029340,-157.73535168,UAV 1,2,1:3001:1603,ENCAESAR004,1:1:71:4:0:0:0,0,false,false,false,false,0
ENGAZ002,move to,LOC_적북측접근로,2026-08-09T08:59:28.000Z,21.37313410,-157.73372066,UAV 1,2,1:3001:1626,ENGAZ002,1:1:222:7:8:0:0,0,false,false,false,false,0
ENBTR80006,move to,LOC_중앙계곡,2026-08-09T08:59:28.000Z,21.36971318,-157.74021407,UAV 1,2,1:3001:1633,ENBTR80006,1:1:222:2:13:0:0,0,false,false,false,false,0
ENT72011,move to,LOC_중앙계곡,2026-08-09T08:59:28.000Z,21.37178991,-157.74174023,UAV 1,2,1:3001:1637,ENT72011,1:1:222:1:2:1:0,0,false,false,false,false,0
ENM35002,move to,LOC_적북측접근로,2026-08-09T08:59:28.000Z,21.37330949,-157.73370938,UAV 1,2,1:3001:1645,ENM35002,1:1:225:7:1:6:0,0,false,false,false,false,0
ENGAZ003,move to,LOC_적북측접근로,2026-08-09T08:59:28.000Z,21.37307449,-157.73360578,UAV 1,2,1:3001:1654,ENGAZ003,1:1:222:7:8:0:0,0,false,false,false,false,0
ENBTR80003,move to,LOC_중앙계곡,2026-08-09T08:59:28.000Z,21.36978958,-157.74027041,UAV 1,2,1:3001:1658,ENBTR80003,1:1:222:2:13:0:0,0,false,false,false,false,0
FRT80008,move to,LOC_중앙킬존남측,2026-08-09T08:59:28.000Z,21.38250060,-157.75019801,UAV 1,1,1:3001:1661,FRT80008,1:1:222:1:1:1:0,0,false,false,false,false,0
ENCAESAR003,FFE-on-Location,LOC_아군박격포진지,2026-08-09T08:59:28.000Z,21.36993473,-157.73482081,UAV 1,2,1:3001:1687,ENCAESAR003,1:1:71:4:0:0:0,0,false,false,false,false,0
ENMORT001,FFE-on-Location,LOC_중앙킬존,2026-08-09T08:59:28.000Z,21.37443553,-157.73716992,UAV 1,2,1:3001:1694,ENMORT001,1:1:71:10:1:0:1,0,false,false,false,false,0
ENBTR60007,move to,LOC_중앙계곡,2026-08-09T08:59:28.000Z,21.36934699,-157.74051018,UAV 1,2,1:3001:1720,ENBTR60007,1:1:222:2:8:1:0,0,false,false,false,false,0
ENBTR60008,move to,LOC_중앙계곡,2026-08-09T08:59:28.000Z,21.36939783,-157.74043915,UAV 1,2,1:3001:1731,ENBTR60008,1:1:222:2:8:1:0,0,false,false,false,false,0
FRTRK2002,move to,LOC_남측제1방어선,2026-08-09T08:59:28.000Z,21.38787714,-157.74987650,UAV 1,1,1:3001:1732,FRTRK2002,1:1:225:7:12:8:0,0,false,false,false,false,0
ENBTR80007,move to,LOC_중앙계곡,2026-08-09T08:59:28.000Z,21.36952468,-157.74029868,UAV 1,2,1:3001:1733,ENBTR80007,1:1:222:2:13:0:0,0,false,false,false,false,0
ENMORT002,FFE-on-Location,LOC_남측제1방어선,2026-08-09T08:59:28.000Z,21.37453609,-157.73721308,UAV 1,2,1:3001:1739,ENMORT002,1:1:71:10:1:0:1,0,false,false,false,false,0
ENGAZ004,move to,LOC_적북측접근로,2026-08-09T08:59:28.000Z,21.37315569,-157.73362677,UAV 1,2,1:3001:1743,ENGAZ004,1:1:222:7:8:0:0,0,false,false,false,false,0
ENBTR80005,move to,LOC_중앙계곡,2026-08-09T08:59:28.000Z,21.36965208,-157.74028414,UAV 1,2,1:3001:1751,ENBTR80005,1:1:222:2:13:0:0,0,false,false,false,false,0
ENMIM001,move to,LOC_적북측접근로,2026-08-09T08:59:28.000Z,21.36990787,-157.73746446,UAV 1,2,1:3001:1760,ENMIM001,1:1:225:28:2:0:0,0,false,false,false,false,0
ENCAESAR001,move to,LOC_적북측접근로,2026-08-09T08:59:28.000Z,21.37012290,-157.73560064,UAV 1,2,1:3001:1765,ENCAESAR001,1:1:71:4:0:0:0,0,false,false,false,false,0
ENMORT003,FFE-on-Location,LOC_아군포병진지,2026-08-09T08:59:28.000Z,21.37463664,-157.73725624,UAV 1,2,1:3001:1770,ENMORT003,1:1:71:10:1:0:1,0,false,false,false,false,0
ENBTR60004,move to,LOC_중앙계곡,2026-08-09T08:59:28.000Z,21.36941325,-157.74056603,UAV 1,2,1:3001:1777,ENBTR60004,1:1:222:2:8:1:0,0,false,false,false,false,0
ENM1A2004,move to,LOC_중앙계곡,2026-08-09T08:59:28.000Z,21.37400039,-157.74278879,UAV 1,2,1:3001:1791,ENM1A2004,1:1:225:1:1:3:0,0,false,false,false,false,0
ENBTR60005,move to,LOC_중앙계곡,2026-08-09T08:59:28.000Z,21.36947283,-157.74049538,UAV 1,2,1:3001:1807,ENBTR60005,1:1:222:2:8:1:0,0,false,false,false,false,0
ENT72010,move to,LOC_중앙계곡,2026-08-09T08:59:28.000Z,21.37186978,-157.74164395,UAV 1,2,1:3001:1666,ENT72010,1:1:222:1:2:1:0,0,false,false,false,false,0
ENM35004,move to,LOC_적북측접근로,2026-08-09T08:59:28.000Z,21.37333208,-157.73361201,UAV 1,2,1:3001:1555,ENM35004,1:1:225:7:1:6:0,0,false,false,false,false,0
ENM35001,move to,LOC_적북측접근로,2026-08-09T08:59:28.000Z,21.37322772,-157.73368865,UAV 1,2,1:3001:1659,ENM35001,1:1:225:7:1:6:0,0,false,false,false,false,0
ENM35003,move to,LOC_적북측접근로,2026-08-09T08:59:28.000Z,21.37324972,-157.73359331,UAV 1,2,1:3001:1799,ENM35003,1:1:225:7:1:6:0,0,false,false,false,false,0
ENT72007,move to,LOC_중앙계곡,2026-08-09T08:59:28.000Z,21.37196966,-157.74172289,UAV 1,2,1:3001:1492,ENT72007,1:1:222:1:2:1:0,0,false,false,false,false,0
ENT72008,move to,LOC_중앙계곡,2026-08-09T08:59:28.000Z,21.37195920,-157.74163542,UAV 1,2,1:3001:1520,ENT72008,1:1:222:1:2:1:0,0,false,false,false,false,0
ENT72006,move to,LOC_중앙계곡,2026-08-09T08:59:28.000Z,21.37204919,-157.74162683,UAV 1,2,1:3001:1683,ENT72006,1:1:222:1:2:1:0,0,false,false,false,false,0
ENBTR80002,move to,LOC_중앙계곡,2026-08-09T08:59:28.000Z,21.36973489,-157.74034089,UAV 1,2,1:3001:1789,ENBTR80002,1:1:222:2:13:0:0,0,false,false,false,false,0
ENT72005,move to,LOC_중앙계곡,2026-08-09T08:59:28.000Z,21.37206106,-157.74171407,UAV 1,2,1:3001:1553,ENT72005,1:1:222:1:2:1:0,0,false,false,false,false,0
ENBTR60003,move to,LOC_중앙계곡,2026-08-09T08:59:28.000Z,21.36961236,-157.74048126,UAV 1,2,1:3001:1590,ENBTR60003,1:1:222:2:8:1:0,0,false,false,false,false,0
ENT72009,move to,LOC_중앙계곡,2026-08-09T08:59:28.000Z,21.37188011,-157.74173153,UAV 1,2,1:3001:1632,ENT72009,1:1:222:1:2:1:0,0,false,false,false,false,0
ENBTR60002,move to,LOC_중앙계곡,2026-08-09T08:59:28.000Z,21.36955078,-157.74055165,UAV 1,2,1:3001:1693,ENBTR60002,1:1:222:2:8:1:0,0,false,false,false,false,0
ENM1A2003,move to,LOC_중앙계곡,2026-08-09T08:59:29.000Z,21.37402738,-157.74286944,UAV 1,2,1:3001:1469,ENM1A2003,1:1:225:1:1:3:0,0,false,false,false,false,0
FRTRK2004,move to,LOC_남측제1방어선,2026-08-09T08:59:29.000Z,21.38788973,-157.74997277,UAV 1,1,1:3001:1481,FRTRK2004,1:1:225:7:12:8:0,0,false,false,false,false,0
ENCAESAR002,FFE-on-Location,LOC_아군포병진지,2026-08-09T08:59:29.000Z,21.37011579,-157.73488768,UAV 1,2,1:3001:1499,ENCAESAR002,1:1:71:4:0:0:0,0,false,false,false,false,0
ENT72012,move to,LOC_중앙계곡,2026-08-09T08:59:29.000Z,21.37177511,-157.74165296,UAV 1,2,1:3001:1500,ENT72012,1:1:222:1:2:1:0,0,false,false,false,false,0
ENBTR60001,move to,LOC_중앙계곡,2026-08-09T08:59:29.000Z,21.36949030,-157.74062222,UAV 1,2,1:3001:1507,ENBTR60001,1:1:222:2:8:1:0,0,false,false,false,false,0
ENMORT005,FFE-on-Location,LOC_중앙킬존,2026-08-09T08:59:29.000Z,21.37457651,-157.73710572,UAV 1,2,1:3001:1512,ENMORT005,1:1:71:10:1:0:1,0,false,false,false,false,0
ENM1A2001,move to,LOC_중앙계곡,2026-08-09T08:59:29.000Z,21.37408044,-157.74303103,UAV 1,2,1:3001:1513,ENM1A2001,1:1:225:1:1:3:0,0,false,false,false,false,0
ENM1A2005,move to,LOC_중앙계곡,2026-08-09T08:59:29.000Z,21.37397353,-157.74270805,UAV 1,2,1:3001:1526,ENM1A2005,1:1:225:1:1:3:0,0,false,false,false,false,0
FRT69001,move to,LOC_중앙킬존남측,2026-08-09T08:59:29.000Z,21.38659915,-157.73592182,UAV 1,1,1:3001:1530,FRT69001,1:1:45:1:2:1:0,0,false,false,false,false,0
ENMORT004,FFE-on-Location,LOC_아군박격포진지,2026-08-09T08:59:29.000Z,21.37447596,-157.73706256,UAV 1,2,1:3001:1535,ENMORT004,1:1:71:10:1:0:1,0,false,false,false,false,0
ENGAZ001,move to,LOC_적북측접근로,2026-08-09T08:59:29.000Z,21.37305295,-157.73369981,UAV 1,2,1:3001:1559,ENGAZ001,1:1:222:7:8:0:0,0,false,false,false,false,0
ENBTR60006,move to,LOC_중앙계곡,2026-08-09T08:59:29.000Z,21.36953595,-157.74042505,UAV 1,2,1:3001:1568,ENBTR60006,1:1:222:2:8:1:0,0,false,false,false,false,0
ENBTR80004,move to,LOC_중앙계곡,2026-08-09T08:59:29.000Z,21.36959938,-157.74035490,UAV 1,2,1:3001:1584,ENBTR80004,1:1:222:2:13:0:0,0,false,false,false,false,0
ENM1A2002,move to,LOC_중앙계곡,2026-08-09T08:59:29.000Z,21.37405409,-157.74295018,UAV 1,2,1:3001:1598,ENM1A2002,1:1:225:1:1:3:0,0,false,false,false,false,0
ENBTR80001,move to,LOC_중앙계곡,2026-08-09T08:59:29.000Z,21.36967199,-157.74041090,UAV 1,2,1:3001:1602,ENBTR80001,1:1:222:2:13:0:0,0,false,false,false,false,0
ENCAESAR004,move to,LOC_북측예비방어선,2026-08-09T08:59:29.000Z,21.37029340,-157.73535168,UAV 1,2,1:3001:1603,ENCAESAR004,1:1:71:4:0:0:0,0,false,false,false,false,0
ENGAZ002,move to,LOC_적북측접근로,2026-08-09T08:59:29.000Z,21.37313410,-157.73372066,UAV 1,2,1:3001:1626,ENGAZ002,1:1:222:7:8:0:0,0,false,false,false,false,0
ENBTR80006,move to,LOC_중앙계곡,2026-08-09T08:59:29.000Z,21.36971318,-157.74021407,UAV 1,2,1:3001:1633,ENBTR80006,1:1:222:2:13:0:0,0,false,false,false,false,0
ENT72011,move to,LOC_중앙계곡,2026-08-09T08:59:29.000Z,21.37178991,-157.74174023,UAV 1,2,1:3001:1637,ENT72011,1:1:222:1:2:1:0,0,false,false,false,false,0
ENM35002,move to,LOC_적북측접근로,2026-08-09T08:59:29.000Z,21.37330949,-157.73370938,UAV 1,2,1:3001:1645,ENM35002,1:1:225:7:1:6:0,0,false,false,false,false,0
ENGAZ003,move to,LOC_적북측접근로,2026-08-09T08:59:29.000Z,21.37307449,-157.73360578,UAV 1,2,1:3001:1654,ENGAZ003,1:1:222:7:8:0:0,0,false,false,false,false,0
ENBTR80003,move to,LOC_중앙계곡,2026-08-09T08:59:29.000Z,21.36978958,-157.74027041,UAV 1,2,1:3001:1658,ENBTR80003,1:1:222:2:13:0:0,0,false,false,false,false,0
FRT80008,move to,LOC_중앙킬존남측,2026-08-09T08:59:29.000Z,21.38250060,-157.75019801,UAV 1,1,1:3001:1661,FRT80008,1:1:222:1:1:1:0,0,false,false,false,false,0
ENCAESAR003,FFE-on-Location,LOC_아군박격포진지,2026-08-09T08:59:29.000Z,21.36993473,-157.73482081,UAV 1,2,1:3001:1687,ENCAESAR003,1:1:71:4:0:0:0,0,false,false,false,false,0
ENMORT001,FFE-on-Location,LOC_중앙킬존,2026-08-09T08:59:29.000Z,21.37443553,-157.73716992,UAV 1,2,1:3001:1694,ENMORT001,1:1:71:10:1:0:1,0,false,false,false,false,0
ENBTR60007,move to,LOC_중앙계곡,2026-08-09T08:59:29.000Z,21.36934699,-157.74051018,UAV 1,2,1:3001:1720,ENBTR60007,1:1:222:2:8:1:0,0,false,false,false,false,0
ENBTR60008,move to,LOC_중앙계곡,2026-08-09T08:59:29.000Z,21.36939783,-157.74043915,UAV 1,2,1:3001:1731,ENBTR60008,1:1:222:2:8:1:0,0,false,false,false,false,0
FRTRK2002,move to,LOC_남측제1방어선,2026-08-09T08:59:29.000Z,21.38787714,-157.74987650,UAV 1,1,1:3001:1732,FRTRK2002,1:1:225:7:12:8:0,0,false,false,false,false,0
ENBTR80007,move to,LOC_중앙계곡,2026-08-09T08:59:29.000Z,21.36952468,-157.74029868,UAV 1,2,1:3001:1733,ENBTR80007,1:1:222:2:13:0:0,0,false,false,false,false,0
ENMORT002,FFE-on-Location,LOC_남측제1방어선,2026-08-09T08:59:29.000Z,21.37453609,-157.73721308,UAV 1,2,1:3001:1739,ENMORT002,1:1:71:10:1:0:1,0,false,false,false,false,0
ENGAZ004,move to,LOC_적북측접근로,2026-08-09T08:59:29.000Z,21.37315569,-157.73362677,UAV 1,2,1:3001:1743,ENGAZ004,1:1:222:7:8:0:0,0,false,false,false,false,0
ENBTR80005,move to,LOC_중앙계곡,2026-08-09T08:59:29.000Z,21.36965208,-157.74028414,UAV 1,2,1:3001:1751,ENBTR80005,1:1:222:2:13:0:0,0,false,false,false,false,0
ENMIM001,move to,LOC_적북측접근로,2026-08-09T08:59:29.000Z,21.36990787,-157.73746446,UAV 1,2,1:3001:1760,ENMIM001,1:1:225:28:2:0:0,0,false,false,false,false,0
ENCAESAR001,move to,LOC_적북측접근로,2026-08-09T08:59:29.000Z,21.37012290,-157.73560064,UAV 1,2,1:3001:1765,ENCAESAR001,1:1:71:4:0:0:0,0,false,false,false,false,0
ENMORT003,FFE-on-Location,LOC_아군포병진지,2026-08-09T08:59:29.000Z,21.37463664,-157.73725624,UAV 1,2,1:3001:1770,ENMORT003,1:1:71:10:1:0:1,0,false,false,false,false,0
ENBTR60004,move to,LOC_중앙계곡,2026-08-09T08:59:29.000Z,21.36941325,-157.74056603,UAV 1,2,1:3001:1777,ENBTR60004,1:1:222:2:8:1:0,0,false,false,false,false,0
ENM1A2004,move to,LOC_중앙계곡,2026-08-09T08:59:29.000Z,21.37400039,-157.74278879,UAV 1,2,1:3001:1791,ENM1A2004,1:1:225:1:1:3:0,0,false,false,false,false,0
ENBTR60005,move to,LOC_중앙계곡,2026-08-09T08:59:29.000Z,21.36947283,-157.74049538,UAV 1,2,1:3001:1807,ENBTR60005,1:1:222:2:8:1:0,0,false,false,false,false,0
ENT72010,move to,LOC_중앙계곡,2026-08-09T08:59:29.000Z,21.37186978,-157.74164395,UAV 1,2,1:3001:1666,ENT72010,1:1:222:1:2:1:0,0,false,false,false,false,0
ENM35004,move to,LOC_적북측접근로,2026-08-09T08:59:29.000Z,21.37333208,-157.73361201,UAV 1,2,1:3001:1555,ENM35004,1:1:225:7:1:6:0,0,false,false,false,false,0
ENM35001,move to,LOC_적북측접근로,2026-08-09T08:59:29.000Z,21.37322772,-157.73368865,UAV 1,2,1:3001:1659,ENM35001,1:1:225:7:1:6:0,0,false,false,false,false,0
ENM35003,move to,LOC_적북측접근로,2026-08-09T08:59:29.000Z,21.37324972,-157.73359331,UAV 1,2,1:3001:1799,ENM35003,1:1:225:7:1:6:0,0,false,false,false,false,0
ENT72007,move to,LOC_중앙계곡,2026-08-09T08:59:29.000Z,21.37196966,-157.74172289,UAV 1,2,1:3001:1492,ENT72007,1:1:222:1:2:1:0,0,false,false,false,false,0
ENT72008,move to,LOC_중앙계곡,2026-08-09T08:59:29.000Z,21.37195920,-157.74163542,UAV 1,2,1:3001:1520,ENT72008,1:1:222:1:2:1:0,0,false,false,false,false,0
ENT72006,move to,LOC_중앙계곡,2026-08-09T08:59:29.000Z,21.37204919,-157.74162683,UAV 1,2,1:3001:1683,ENT72006,1:1:222:1:2:1:0,0,false,false,false,false,0
ENBTR80002,move to,LOC_중앙계곡,2026-08-09T08:59:29.000Z,21.36973489,-157.74034089,UAV 1,2,1:3001:1789,ENBTR80002,1:1:222:2:13:0:0,0,false,false,false,false,0
ENT72005,move to,LOC_중앙계곡,2026-08-09T08:59:29.000Z,21.37206106,-157.74171407,UAV 1,2,1:3001:1553,ENT72005,1:1:222:1:2:1:0,0,false,false,false,false,0
ENBTR60003,move to,LOC_중앙계곡,2026-08-09T08:59:29.000Z,21.36961236,-157.74048126,UAV 1,2,1:3001:1590,ENBTR60003,1:1:222:2:8:1:0,0,false,false,false,false,0
ENT72009,move to,LOC_중앙계곡,2026-08-09T08:59:29.000Z,21.37188011,-157.74173153,UAV 1,2,1:3001:1632,ENT72009,1:1:222:1:2:1:0,0,false,false,false,false,0
ENBTR60002,move to,LOC_중앙계곡,2026-08-09T08:59:29.000Z,21.36955078,-157.74055165,UAV 1,2,1:3001:1693,ENBTR60002,1:1:222:2:8:1:0,0,false,false,false,false,0
ENM1A2003,move to,LOC_중앙계곡,2026-08-09T08:59:30.000Z,21.37419480,-157.74280820,UAV 1,2,1:3001:1469,ENM1A2003,1:1:225:1:1:3:0,0,false,false,false,false,0
FRTRK2004,move to,LOC_남측제1방어선,2026-08-09T08:59:30.000Z,21.38786803,-157.74978549,UAV 1,1,1:3001:1481,FRTRK2004,1:1:225:7:12:8:0,0,false,false,false,false,0
ENCAESAR002,FFE-on-Location,LOC_아군포병진지,2026-08-09T08:59:30.000Z,21.37011579,-157.73488768,UAV 1,2,1:3001:1499,ENCAESAR002,1:1:71:4:0:0:0,0,false,false,false,false,0
ENT72012,move to,LOC_중앙계곡,2026-08-09T08:59:30.000Z,21.37195310,-157.74163695,UAV 1,2,1:3001:1500,ENT72012,1:1:222:1:2:1:0,0,false,false,false,false,0
ENBTR60001,move to,LOC_중앙계곡,2026-08-09T08:59:30.000Z,21.36966795,-157.74062893,UAV 1,2,1:3001:1507,ENBTR60001,1:1:222:2:8:1:0,0,false,false,false,false,0
ENMORT005,none,,2026-08-09T08:59:30.000Z,21.37457651,-157.73710572,UAV 1,2,1:3001:1512,ENMORT005,1:1:71:10:1:0:1,0,false,false,false,false,0
ENM1A2001,move to,LOC_중앙계곡,2026-08-09T08:59:30.000Z,21.37424723,-157.74296409,UAV 1,2,1:3001:1513,ENM1A2001,1:1:225:1:1:3:0,0,false,false,false,false,0
ENM1A2005,move to,LOC_중앙계곡,2026-08-09T08:59:30.000Z,21.37414232,-157.74265219,UAV 1,2,1:3001:1526,ENM1A2005,1:1:225:1:1:3:0,0,false,false,false,false,0
FRT69001,move to,LOC_중앙킬존남측,2026-08-09T08:59:30.000Z,21.38650915,-157.73608585,UAV 1,1,1:3001:1530,FRT69001,1:1:45:1:2:1:0,0,false,false,false,false,0
ENMORT004,none,,2026-08-09T08:59:30.000Z,21.37447596,-157.73706256,UAV 1,2,1:3001:1535,ENMORT004,1:1:71:10:1:0:1,0,false,false,false,false,0
ENGAZ001,move to,LOC_적북측접근로,2026-08-09T08:59:30.000Z,21.37301327,-157.73388500,UAV 1,2,1:3001:1559,ENGAZ001,1:1:222:7:8:0:0,0,false,false,false,false,0
ENBTR60006,move to,LOC_중앙계곡,2026-08-09T08:59:30.000Z,21.36971342,-157.74043541,UAV 1,2,1:3001:1568,ENBTR60006,1:1:222:2:8:1:0,0,false,false,false,false,0
ENBTR80004,move to,LOC_중앙계곡,2026-08-09T08:59:30.000Z,21.36977703,-157.74036665,UAV 1,2,1:3001:1584,ENBTR80004,1:1:222:2:13:0:0,0,false,false,false,false,0
ENM1A2002,move to,LOC_중앙계곡,2026-08-09T08:59:30.000Z,21.37422192,-157.74288582,UAV 1,2,1:3001:1598,ENM1A2002,1:1:225:1:1:3:0,0,false,false,false,false,0
ENBTR80001,move to,LOC_중앙계곡,2026-08-09T08:59:30.000Z,21.36984968,-157.74042170,UAV 1,2,1:3001:1602,ENBTR80001,1:1:222:2:13:0:0,0,false,false,false,false,0
ENCAESAR004,move to,LOC_북측예비방어선,2026-08-09T08:59:30.000Z,21.37036345,-157.73552777,UAV 1,2,1:3001:1603,ENCAESAR004,1:1:71:4:0:0:0,0,false,false,false,false,0
ENGAZ002,move to,LOC_적북측접근로,2026-08-09T08:59:30.000Z,21.37309257,-157.73390534,UAV 1,2,1:3001:1626,ENGAZ002,1:1:222:7:8:0:0,0,false,false,false,false,0
ENBTR80006,move to,LOC_중앙계곡,2026-08-09T08:59:30.000Z,21.36989092,-157.74022861,UAV 1,2,1:3001:1633,ENBTR80006,1:1:222:2:13:0:0,0,false,false,false,false,0
ENT72011,move to,LOC_중앙계곡,2026-08-09T08:59:30.000Z,21.37196668,-157.74172221,UAV 1,2,1:3001:1637,ENT72011,1:1:222:1:2:1:0,0,false,false,false,false,0
ENM35002,move to,LOC_적북측접근로,2026-08-09T08:59:30.000Z,21.37326508,-157.73388961,UAV 1,2,1:3001:1645,ENM35002,1:1:225:7:1:6:0,0,false,false,false,false,0
ENGAZ003,move to,LOC_적북측접근로,2026-08-09T08:59:30.000Z,21.37303476,-157.73379107,UAV 1,2,1:3001:1654,ENGAZ003,1:1:222:7:8:0:0,0,false,false,false,false,0
ENBTR80003,move to,LOC_중앙계곡,2026-08-09T08:59:30.000Z,21.36996598,-157.74028390,UAV 1,2,1:3001:1658,ENBTR80003,1:1:222:2:13:0:0,0,false,false,false,false,0
FRT80008,move to,LOC_중앙킬존남측,2026-08-09T08:59:30.000Z,21.38242523,-157.75002607,UAV 1,1,1:3001:1661,FRT80008,1:1:222:1:1:1:0,0,false,false,false,false,0
ENCAESAR003,FFE-on-Location,LOC_아군박격포진지,2026-08-09T08:59:30.000Z,21.36993473,-157.73482081,UAV 1,2,1:3001:1687,ENCAESAR003,1:1:71:4:0:0:0,0,false,false,false,false,0
ENMORT001,none,,2026-08-09T08:59:30.000Z,21.37443553,-157.73716992,UAV 1,2,1:3001:1694,ENMORT001,1:1:71:10:1:0:1,0,false,false,false,false,0
ENBTR60007,move to,LOC_중앙계곡,2026-08-09T08:59:30.000Z,21.36952381,-157.74051876,UAV 1,2,1:3001:1720,ENBTR60007,1:1:222:2:8:1:0,0,false,false,false,false,0
ENBTR60008,move to,LOC_중앙계곡,2026-08-09T08:59:30.000Z,21.36957430,-157.74044906,UAV 1,2,1:3001:1731,ENBTR60008,1:1:222:2:8:1:0,0,false,false,false,false,0
FRTRK2002,move to,LOC_남측제1방어선,2026-08-09T08:59:30.000Z,21.38785600,-157.74969383,UAV 1,1,1:3001:1732,FRTRK2002,1:1:225:7:12:8:0,0,false,false,false,false,0
ENBTR80007,move to,LOC_중앙계곡,2026-08-09T08:59:30.000Z,21.36970244,-157.74031138,UAV 1,2,1:3001:1733,ENBTR80007,1:1:222:2:13:0:0,0,false,false,false,false,0
ENMORT002,none,,2026-08-09T08:59:30.000Z,21.37453609,-157.73721308,UAV 1,2,1:3001:1739,ENMORT002,1:1:71:10:1:0:1,0,false,false,false,false,0
ENGAZ004,move to,LOC_적북측접근로,2026-08-09T08:59:30.000Z,21.37311412,-157.73381152,UAV 1,2,1:3001:1743,ENGAZ004,1:1:222:7:8:0:0,0,false,false,false,false,0
ENBTR80005,move to,LOC_중앙계곡,2026-08-09T08:59:30.000Z,21.36982975,-157.74029727,UAV 1,2,1:3001:1751,ENBTR80005,1:1:222:2:13:0:0,0,false,false,false,false,0
ENMIM001,move to,LOC_적북측접근로,2026-08-09T08:59:30.000Z,21.36996632,-157.73764016,UAV 1,2,1:3001:1760,ENMIM001,1:1:225:28:2:0:0,0,false,false,false,false,0
ENCAESAR001,move to,LOC_적북측접근로,2026-08-09T08:59:30.000Z,21.37015973,-157.73578792,UAV 1,2,1:3001:1765,ENCAESAR001,1:1:71:4:0:0:0,0,false,false,false,false,0
ENMORT003,none,,2026-08-09T08:59:30.000Z,21.37463664,-157.73725624,UAV 1,2,1:3001:1770,ENMORT003,1:1:71:10:1:0:1,0,false,false,false,false,0
ENBTR60004,move to,LOC_중앙계곡,2026-08-09T08:59:30.000Z,21.36959035,-157.74057369,UAV 1,2,1:3001:1777,ENBTR60004,1:1:222:2:8:1:0,0,false,false,false,false,0
ENM1A2004,move to,LOC_중앙계곡,2026-08-09T08:59:30.000Z,21.37416777,-157.74273049,UAV 1,2,1:3001:1791,ENM1A2004,1:1:225:1:1:3:0,0,false,false,false,false,0
ENBTR60005,move to,LOC_중앙계곡,2026-08-09T08:59:30.000Z,21.36965073,-157.74050441,UAV 1,2,1:3001:1807,ENBTR60005,1:1:222:2:8:1:0,0,false,false,false,false,0
ENT72010,move to,LOC_중앙계곡,2026-08-09T08:59:30.000Z,21.37204741,-157.74162799,UAV 1,2,1:3001:1666,ENT72010,1:1:222:1:2:1:0,0,false,false,false,false,0
ENM35004,move to,LOC_적북측접근로,2026-08-09T08:59:30.000Z,21.37328771,-157.73379217,UAV 1,2,1:3001:1555,ENM35004,1:1:225:7:1:6:0,0,false,false,false,false,0
ENM35001,move to,LOC_적북측접근로,2026-08-09T08:59:30.000Z,21.37318511,-157.73386950,UAV 1,2,1:3001:1659,ENM35001,1:1:225:7:1:6:0,0,false,false,false,false,0
ENM35003,move to,LOC_적북측접근로,2026-08-09T08:59:30.000Z,21.37320714,-157.73377407,UAV 1,2,1:3001:1799,ENM35003,1:1:225:7:1:6:0,0,false,false,false,false,0
ENT72007,move to,LOC_중앙계곡,2026-08-09T08:59:30.000Z,21.37214946,-157.74170454,UAV 1,2,1:3001:1492,ENT72007,1:1:222:1:2:1:0,0,false,false,false,false,0
ENT72008,move to,LOC_중앙계곡,2026-08-09T08:59:30.000Z,21.37213933,-157.74161924,UAV 1,2,1:3001:1520,ENT72008,1:1:222:1:2:1:0,0,false,false,false,false,0
ENT72006,move to,LOC_중앙계곡,2026-08-09T08:59:30.000Z,21.37222733,-157.74161085,UAV 1,2,1:3001:1683,ENT72006,1:1:222:1:2:1:0,0,false,false,false,false,0
ENBTR80002,move to,LOC_중앙계곡,2026-08-09T08:59:30.000Z,21.36991204,-157.74035303,UAV 1,2,1:3001:1789,ENBTR80002,1:1:222:2:13:0:0,0,false,false,false,false,0
ENT72005,move to,LOC_중앙계곡,2026-08-09T08:59:30.000Z,21.37223621,-157.74169618,UAV 1,2,1:3001:1553,ENT72005,1:1:222:1:2:1:0,0,false,false,false,false,0
ENBTR60003,move to,LOC_중앙계곡,2026-08-09T08:59:30.000Z,21.36978983,-157.74049067,UAV 1,2,1:3001:1590,ENBTR60003,1:1:222:2:8:1:0,0,false,false,false,false,0
ENT72009,move to,LOC_중앙계곡,2026-08-09T08:59:30.000Z,21.37205780,-157.74171340,UAV 1,2,1:3001:1632,ENT72009,1:1:222:1:2:1:0,0,false,false,false,false,0
ENBTR60002,move to,LOC_중앙계곡,2026-08-09T08:59:30.000Z,21.36972805,-157.74055969,UAV 1,2,1:3001:1693,ENBTR60002,1:1:222:2:8:1:0,0,false,false,false,false,0
ENT72003,move to,LOC_중앙계곡,2026-08-09T08:59:30.000Z,21.37232448,-157.74168766,UAV 1,2,1:3001:1495,ENT72003,1:1:222:1:2:1:0,0,false,false,false,false,0
ENT72002,move to,LOC_중앙계곡,2026-08-09T08:59:30.000Z,21.37239967,-157.74159440,UAV 1,2,1:3001:1533,ENT72002,1:1:222:1:2:1:0,0,false,false,false,false,0
ENT72001,move to,LOC_중앙계곡,2026-08-09T08:59:30.000Z,21.37241019,-157.74167940,UAV 1,2,1:3001:1586,ENT72001,1:1:222:1:2:1:0,0,false,false,false,false,0
ENT72004,move to,LOC_중앙계곡,2026-08-09T08:59:30.000Z,21.37231490,-157.74160250,UAV 1,2,1:3001:1643,ENT72004,1:1:222:1:2:1:0,0,false,false,false,false,0
ENM1A2003,move to,LOC_중앙계곡,2026-08-09T08:59:30.000Z,21.37419480,-157.74280820,UAV 1,2,1:3001:1469,ENM1A2003,1:1:225:1:1:3:0,0,false,false,false,false,0
FRTRK2004,move to,LOC_남측제1방어선,2026-08-09T08:59:30.000Z,21.38786803,-157.74978549,UAV 1,1,1:3001:1481,FRTRK2004,1:1:225:7:12:8:0,0,false,false,false,false,0
ENCAESAR002,FFE-on-Location,LOC_아군포병진지,2026-08-09T08:59:30.000Z,21.37011579,-157.73488768,UAV 1,2,1:3001:1499,ENCAESAR002,1:1:71:4:0:0:0,0,false,false,false,false,0
ENT72012,move to,LOC_중앙계곡,2026-08-09T08:59:30.000Z,21.37195310,-157.74163695,UAV 1,2,1:3001:1500,ENT72012,1:1:222:1:2:1:0,0,false,false,false,false,0
ENBTR60001,move to,LOC_중앙계곡,2026-08-09T08:59:30.000Z,21.36966795,-157.74062893,UAV 1,2,1:3001:1507,ENBTR60001,1:1:222:2:8:1:0,0,false,false,false,false,0
ENMORT005,none,,2026-08-09T08:59:30.000Z,21.37457651,-157.73710572,UAV 1,2,1:3001:1512,ENMORT005,1:1:71:10:1:0:1,0,false,false,false,false,0
ENM1A2001,move to,LOC_중앙계곡,2026-08-09T08:59:30.000Z,21.37424723,-157.74296409,UAV 1,2,1:3001:1513,ENM1A2001,1:1:225:1:1:3:0,0,false,false,false,false,0
ENM1A2005,move to,LOC_중앙계곡,2026-08-09T08:59:30.000Z,21.37414232,-157.74265219,UAV 1,2,1:3001:1526,ENM1A2005,1:1:225:1:1:3:0,0,false,false,false,false,0
FRT69001,move to,LOC_중앙킬존남측,2026-08-09T08:59:30.000Z,21.38650915,-157.73608585,UAV 1,1,1:3001:1530,FRT69001,1:1:45:1:2:1:0,0,false,false,false,false,0
ENMORT004,none,,2026-08-09T08:59:30.000Z,21.37447596,-157.73706256,UAV 1,2,1:3001:1535,ENMORT004,1:1:71:10:1:0:1,0,false,false,false,false,0
ENGAZ001,move to,LOC_적북측접근로,2026-08-09T08:59:30.000Z,21.37301327,-157.73388500,UAV 1,2,1:3001:1559,ENGAZ001,1:1:222:7:8:0:0,0,false,false,false,false,0
ENBTR60006,move to,LOC_중앙계곡,2026-08-09T08:59:30.000Z,21.36971342,-157.74043541,UAV 1,2,1:3001:1568,ENBTR60006,1:1:222:2:8:1:0,0,false,false,false,false,0
ENBTR80004,move to,LOC_중앙계곡,2026-08-09T08:59:30.000Z,21.36977703,-157.74036665,UAV 1,2,1:3001:1584,ENBTR80004,1:1:222:2:13:0:0,0,false,false,false,false,0
ENM1A2002,move to,LOC_중앙계곡,2026-08-09T08:59:30.000Z,21.37422192,-157.74288582,UAV 1,2,1:3001:1598,ENM1A2002,1:1:225:1:1:3:0,0,false,false,false,false,0
ENBTR80001,move to,LOC_중앙계곡,2026-08-09T08:59:30.000Z,21.36984968,-157.74042170,UAV 1,2,1:3001:1602,ENBTR80001,1:1:222:2:13:0:0,0,false,false,false,false,0
ENCAESAR004,move to,LOC_북측예비방어선,2026-08-09T08:59:30.000Z,21.37036345,-157.73552777,UAV 1,2,1:3001:1603,ENCAESAR004,1:1:71:4:0:0:0,0,false,false,false,false,0
ENGAZ002,move to,LOC_적북측접근로,2026-08-09T08:59:30.000Z,21.37309257,-157.73390534,UAV 1,2,1:3001:1626,ENGAZ002,1:1:222:7:8:0:0,0,false,false,false,false,0
ENBTR80006,move to,LOC_중앙계곡,2026-08-09T08:59:30.000Z,21.36989092,-157.74022861,UAV 1,2,1:3001:1633,ENBTR80006,1:1:222:2:13:0:0,0,false,false,false,false,0
ENT72011,move to,LOC_중앙계곡,2026-08-09T08:59:30.000Z,21.37196668,-157.74172221,UAV 1,2,1:3001:1637,ENT72011,1:1:222:1:2:1:0,0,false,false,false,false,0
ENM35002,move to,LOC_적북측접근로,2026-08-09T08:59:30.000Z,21.37326508,-157.73388961,UAV 1,2,1:3001:1645,ENM35002,1:1:225:7:1:6:0,0,false,false,false,false,0
ENGAZ003,move to,LOC_적북측접근로,2026-08-09T08:59:30.000Z,21.37303476,-157.73379107,UAV 1,2,1:3001:1654,ENGAZ003,1:1:222:7:8:0:0,0,false,false,false,false,0
ENBTR80003,move to,LOC_중앙계곡,2026-08-09T08:59:30.000Z,21.36996598,-157.74028390,UAV 1,2,1:3001:1658,ENBTR80003,1:1:222:2:13:0:0,0,false,false,false,false,0
FRT80008,move to,LOC_중앙킬존남측,2026-08-09T08:59:30.000Z,21.38242523,-157.75002607,UAV 1,1,1:3001:1661,FRT80008,1:1:222:1:1:1:0,0,false,false,false,false,0
ENCAESAR003,FFE-on-Location,LOC_아군박격포진지,2026-08-09T08:59:30.000Z,21.36993473,-157.73482081,UAV 1,2,1:3001:1687,ENCAESAR003,1:1:71:4:0:0:0,0,false,false,false,false,0
ENMORT001,none,,2026-08-09T08:59:30.000Z,21.37443553,-157.73716992,UAV 1,2,1:3001:1694,ENMORT001,1:1:71:10:1:0:1,0,false,false,false,false,0
ENBTR60007,move to,LOC_중앙계곡,2026-08-09T08:59:30.000Z,21.36952381,-157.74051876,UAV 1,2,1:3001:1720,ENBTR60007,1:1:222:2:8:1:0,0,false,false,false,false,0
ENBTR60008,move to,LOC_중앙계곡,2026-08-09T08:59:30.000Z,21.36957430,-157.74044906,UAV 1,2,1:3001:1731,ENBTR60008,1:1:222:2:8:1:0,0,false,false,false,false,0
FRTRK2002,move to,LOC_남측제1방어선,2026-08-09T08:59:30.000Z,21.38785600,-157.74969383,UAV 1,1,1:3001:1732,FRTRK2002,1:1:225:7:12:8:0,0,false,false,false,false,0
ENBTR80007,move to,LOC_중앙계곡,2026-08-09T08:59:30.000Z,21.36970244,-157.74031138,UAV 1,2,1:3001:1733,ENBTR80007,1:1:222:2:13:0:0,0,false,false,false,false,0
ENMORT002,none,,2026-08-09T08:59:30.000Z,21.37453609,-157.73721308,UAV 1,2,1:3001:1739,ENMORT002,1:1:71:10:1:0:1,0,false,false,false,false,0
ENGAZ004,move to,LOC_적북측접근로,2026-08-09T08:59:30.000Z,21.37311412,-157.73381152,UAV 1,2,1:3001:1743,ENGAZ004,1:1:222:7:8:0:0,0,false,false,false,false,0
ENBTR80005,move to,LOC_중앙계곡,2026-08-09T08:59:30.000Z,21.36982975,-157.74029727,UAV 1,2,1:3001:1751,ENBTR80005,1:1:222:2:13:0:0,0,false,false,false,false,0
ENMIM001,move to,LOC_적북측접근로,2026-08-09T08:59:30.000Z,21.36996632,-157.73764016,UAV 1,2,1:3001:1760,ENMIM001,1:1:225:28:2:0:0,0,false,false,false,false,0
ENCAESAR001,move to,LOC_적북측접근로,2026-08-09T08:59:30.000Z,21.37015973,-157.73578792,UAV 1,2,1:3001:1765,ENCAESAR001,1:1:71:4:0:0:0,0,false,false,false,false,0
ENMORT003,none,,2026-08-09T08:59:30.000Z,21.37463664,-157.73725624,UAV 1,2,1:3001:1770,ENMORT003,1:1:71:10:1:0:1,0,false,false,false,false,0
ENBTR60004,move to,LOC_중앙계곡,2026-08-09T08:59:30.000Z,21.36959035,-157.74057369,UAV 1,2,1:3001:1777,ENBTR60004,1:1:222:2:8:1:0,0,false,false,false,false,0
ENM1A2004,move to,LOC_중앙계곡,2026-08-09T08:59:30.000Z,21.37416777,-157.74273049,UAV 1,2,1:3001:1791,ENM1A2004,1:1:225:1:1:3:0,0,false,false,false,false,0
ENBTR60005,move to,LOC_중앙계곡,2026-08-09T08:59:30.000Z,21.36965073,-157.74050441,UAV 1,2,1:3001:1807,ENBTR60005,1:1:222:2:8:1:0,0,false,false,false,false,0
ENT72010,move to,LOC_중앙계곡,2026-08-09T08:59:30.000Z,21.37204741,-157.74162799,UAV 1,2,1:3001:1666,ENT72010,1:1:222:1:2:1:0,0,false,false,false,false,0
ENM35004,move to,LOC_적북측접근로,2026-08-09T08:59:30.000Z,21.37328771,-157.73379217,UAV 1,2,1:3001:1555,ENM35004,1:1:225:7:1:6:0,0,false,false,false,false,0
ENM35001,move to,LOC_적북측접근로,2026-08-09T08:59:30.000Z,21.37318511,-157.73386950,UAV 1,2,1:3001:1659,ENM35001,1:1:225:7:1:6:0,0,false,false,false,false,0
ENM35003,move to,LOC_적북측접근로,2026-08-09T08:59:30.000Z,21.37320714,-157.73377407,UAV 1,2,1:3001:1799,ENM35003,1:1:225:7:1:6:0,0,false,false,false,false,0
ENT72007,move to,LOC_중앙계곡,2026-08-09T08:59:30.000Z,21.37214946,-157.74170454,UAV 1,2,1:3001:1492,ENT72007,1:1:222:1:2:1:0,0,false,false,false,false,0
ENT72008,move to,LOC_중앙계곡,2026-08-09T08:59:30.000Z,21.37213933,-157.74161924,UAV 1,2,1:3001:1520,ENT72008,1:1:222:1:2:1:0,0,false,false,false,false,0
ENT72006,move to,LOC_중앙계곡,2026-08-09T08:59:30.000Z,21.37222733,-157.74161085,UAV 1,2,1:3001:1683,ENT72006,1:1:222:1:2:1:0,0,false,false,false,false,0
ENBTR80002,move to,LOC_중앙계곡,2026-08-09T08:59:30.000Z,21.36991204,-157.74035303,UAV 1,2,1:3001:1789,ENBTR80002,1:1:222:2:13:0:0,0,false,false,false,false,0
ENT72005,move to,LOC_중앙계곡,2026-08-09T08:59:30.000Z,21.37223621,-157.74169618,UAV 1,2,1:3001:1553,ENT72005,1:1:222:1:2:1:0,0,false,false,false,false,0
ENBTR60003,move to,LOC_중앙계곡,2026-08-09T08:59:30.000Z,21.36978983,-157.74049067,UAV 1,2,1:3001:1590,ENBTR60003,1:1:222:2:8:1:0,0,false,false,false,false,0
ENT72009,move to,LOC_중앙계곡,2026-08-09T08:59:30.000Z,21.37205780,-157.74171340,UAV 1,2,1:3001:1632,ENT72009,1:1:222:1:2:1:0,0,false,false,false,false,0
ENBTR60002,move to,LOC_중앙계곡,2026-08-09T08:59:30.000Z,21.36972805,-157.74055969,UAV 1,2,1:3001:1693,ENBTR60002,1:1:222:2:8:1:0,0,false,false,false,false,0
ENT72003,move to,LOC_중앙계곡,2026-08-09T08:59:30.000Z,21.37232448,-157.74168766,UAV 1,2,1:3001:1495,ENT72003,1:1:222:1:2:1:0,0,false,false,false,false,0
ENT72002,move to,LOC_중앙계곡,2026-08-09T08:59:30.000Z,21.37239967,-157.74159440,UAV 1,2,1:3001:1533,ENT72002,1:1:222:1:2:1:0,0,false,false,false,false,0
ENT72001,move to,LOC_중앙계곡,2026-08-09T08:59:30.000Z,21.37241019,-157.74167940,UAV 1,2,1:3001:1586,ENT72001,1:1:222:1:2:1:0,0,false,false,false,false,0
ENT72004,move to,LOC_중앙계곡,2026-08-09T08:59:30.000Z,21.37231490,-157.74160250,UAV 1,2,1:3001:1643,ENT72004,1:1:222:1:2:1:0,0,false,false,false,false,0
ENM1A2003,move to,LOC_중앙계곡,2026-08-09T08:59:31.000Z,21.37419480,-157.74280820,UAV 1,2,1:3001:1469,ENM1A2003,1:1:225:1:1:3:0,0,false,false,false,false,0
FRTRK2004,move to,LOC_남측제1방어선,2026-08-09T08:59:31.000Z,21.38786803,-157.74978549,UAV 1,1,1:3001:1481,FRTRK2004,1:1:225:7:12:8:0,0,false,false,false,false,0
ENCAESAR002,FFE-on-Location,LOC_아군포병진지,2026-08-09T08:59:31.000Z,21.37011579,-157.73488768,UAV 1,2,1:3001:1499,ENCAESAR002,1:1:71:4:0:0:0,0,false,false,false,false,0
ENT72012,move to,LOC_중앙계곡,2026-08-09T08:59:31.000Z,21.37195310,-157.74163695,UAV 1,2,1:3001:1500,ENT72012,1:1:222:1:2:1:0,0,false,false,false,false,0
ENBTR60001,move to,LOC_중앙계곡,2026-08-09T08:59:31.000Z,21.36966795,-157.74062893,UAV 1,2,1:3001:1507,ENBTR60001,1:1:222:2:8:1:0,0,false,false,false,false,0
ENMORT005,none,,2026-08-09T08:59:31.000Z,21.37457651,-157.73710572,UAV 1,2,1:3001:1512,ENMORT005,1:1:71:10:1:0:1,0,false,false,false,false,0
ENM1A2001,move to,LOC_중앙계곡,2026-08-09T08:59:31.000Z,21.37424723,-157.74296409,UAV 1,2,1:3001:1513,ENM1A2001,1:1:225:1:1:3:0,0,false,false,false,false,0
ENM1A2005,move to,LOC_중앙계곡,2026-08-09T08:59:31.000Z,21.37414232,-157.74265219,UAV 1,2,1:3001:1526,ENM1A2005,1:1:225:1:1:3:0,0,false,false,false,false,0
FRT69001,move to,LOC_중앙킬존남측,2026-08-09T08:59:31.000Z,21.38650915,-157.73608585,UAV 1,1,1:3001:1530,FRT69001,1:1:45:1:2:1:0,0,false,false,false,false,0
ENMORT004,none,,2026-08-09T08:59:31.000Z,21.37447596,-157.73706256,UAV 1,2,1:3001:1535,ENMORT004,1:1:71:10:1:0:1,0,false,false,false,false,0
ENGAZ001,move to,LOC_적북측접근로,2026-08-09T08:59:31.000Z,21.37301327,-157.73388500,UAV 1,2,1:3001:1559,ENGAZ001,1:1:222:7:8:0:0,0,false,false,false,false,0
ENBTR60006,move to,LOC_중앙계곡,2026-08-09T08:59:31.000Z,21.36971342,-157.74043541,UAV 1,2,1:3001:1568,ENBTR60006,1:1:222:2:8:1:0,0,false,false,false,false,0
ENBTR80004,move to,LOC_중앙계곡,2026-08-09T08:59:31.000Z,21.36977703,-157.74036665,UAV 1,2,1:3001:1584,ENBTR80004,1:1:222:2:13:0:0,0,false,false,false,false,0
ENM1A2002,move to,LOC_중앙계곡,2026-08-09T08:59:31.000Z,21.37422192,-157.74288582,UAV 1,2,1:3001:1598,ENM1A2002,1:1:225:1:1:3:0,0,false,false,false,false,0
ENBTR80001,move to,LOC_중앙계곡,2026-08-09T08:59:31.000Z,21.36984968,-157.74042170,UAV 1,2,1:3001:1602,ENBTR80001,1:1:222:2:13:0:0,0,false,false,false,false,0
ENCAESAR004,move to,LOC_북측예비방어선,2026-08-09T08:59:31.000Z,21.37036345,-157.73552777,UAV 1,2,1:3001:1603,ENCAESAR004,1:1:71:4:0:0:0,0,false,false,false,false,0
ENGAZ002,move to,LOC_적북측접근로,2026-08-09T08:59:31.000Z,21.37309257,-157.73390534,UAV 1,2,1:3001:1626,ENGAZ002,1:1:222:7:8:0:0,0,false,false,false,false,0
ENBTR80006,move to,LOC_중앙계곡,2026-08-09T08:59:31.000Z,21.36989092,-157.74022861,UAV 1,2,1:3001:1633,ENBTR80006,1:1:222:2:13:0:0,0,false,false,false,false,0
ENT72011,move to,LOC_중앙계곡,2026-08-09T08:59:31.000Z,21.37196668,-157.74172221,UAV 1,2,1:3001:1637,ENT72011,1:1:222:1:2:1:0,0,false,false,false,false,0
ENM35002,move to,LOC_적북측접근로,2026-08-09T08:59:31.000Z,21.37326508,-157.73388961,UAV 1,2,1:3001:1645,ENM35002,1:1:225:7:1:6:0,0,false,false,false,false,0
ENGAZ003,move to,LOC_적북측접근로,2026-08-09T08:59:31.000Z,21.37303476,-157.73379107,UAV 1,2,1:3001:1654,ENGAZ003,1:1:222:7:8:0:0,0,false,false,false,false,0
ENBTR80003,move to,LOC_중앙계곡,2026-08-09T08:59:31.000Z,21.36996598,-157.74028390,UAV 1,2,1:3001:1658,ENBTR80003,1:1:222:2:13:0:0,0,false,false,false,false,0
FRT80008,move to,LOC_중앙킬존남측,2026-08-09T08:59:31.000Z,21.38242523,-157.75002607,UAV 1,1,1:3001:1661,FRT80008,1:1:222:1:1:1:0,0,false,false,false,false,0
ENCAESAR003,FFE-on-Location,LOC_아군박격포진지,2026-08-09T08:59:31.000Z,21.36993473,-157.73482081,UAV 1,2,1:3001:1687,ENCAESAR003,1:1:71:4:0:0:0,0,false,false,false,false,0
ENMORT001,none,,2026-08-09T08:59:31.000Z,21.37443553,-157.73716992,UAV 1,2,1:3001:1694,ENMORT001,1:1:71:10:1:0:1,0,false,false,false,false,0
ENBTR60007,move to,LOC_중앙계곡,2026-08-09T08:59:31.000Z,21.36952381,-157.74051876,UAV 1,2,1:3001:1720,ENBTR60007,1:1:222:2:8:1:0,0,false,false,false,false,0
ENBTR60008,move to,LOC_중앙계곡,2026-08-09T08:59:31.000Z,21.36957430,-157.74044906,UAV 1,2,1:3001:1731,ENBTR60008,1:1:222:2:8:1:0,0,false,false,false,false,0
FRTRK2002,move to,LOC_남측제1방어선,2026-08-09T08:59:31.000Z,21.38785600,-157.74969383,UAV 1,1,1:3001:1732,FRTRK2002,1:1:225:7:12:8:0,0,false,false,false,false,0
ENBTR80007,move to,LOC_중앙계곡,2026-08-09T08:59:31.000Z,21.36970244,-157.74031138,UAV 1,2,1:3001:1733,ENBTR80007,1:1:222:2:13:0:0,0,false,false,false,false,0
ENMORT002,none,,2026-08-09T08:59:31.000Z,21.37453609,-157.73721308,UAV 1,2,1:3001:1739,ENMORT002,1:1:71:10:1:0:1,0,false,false,false,false,0
ENGAZ004,move to,LOC_적북측접근로,2026-08-09T08:59:31.000Z,21.37311412,-157.73381152,UAV 1,2,1:3001:1743,ENGAZ004,1:1:222:7:8:0:0,0,false,false,false,false,0
ENBTR80005,move to,LOC_중앙계곡,2026-08-09T08:59:31.000Z,21.36982975,-157.74029727,UAV 1,2,1:3001:1751,ENBTR80005,1:1:222:2:13:0:0,0,false,false,false,false,0
ENMIM001,move to,LOC_적북측접근로,2026-08-09T08:59:31.000Z,21.36996632,-157.73764016,UAV 1,2,1:3001:1760,ENMIM001,1:1:225:28:2:0:0,0,false,false,false,false,0
ENCAESAR001,move to,LOC_적북측접근로,2026-08-09T08:59:31.000Z,21.37015973,-157.73578792,UAV 1,2,1:3001:1765,ENCAESAR001,1:1:71:4:0:0:0,0,false,false,false,false,0
ENMORT003,none,,2026-08-09T08:59:31.000Z,21.37463664,-157.73725624,UAV 1,2,1:3001:1770,ENMORT003,1:1:71:10:1:0:1,0,false,false,false,false,0
ENBTR60004,move to,LOC_중앙계곡,2026-08-09T08:59:31.000Z,21.36959035,-157.74057369,UAV 1,2,1:3001:1777,ENBTR60004,1:1:222:2:8:1:0,0,false,false,false,false,0
ENM1A2004,move to,LOC_중앙계곡,2026-08-09T08:59:31.000Z,21.37416777,-157.74273049,UAV 1,2,1:3001:1791,ENM1A2004,1:1:225:1:1:3:0,0,false,false,false,false,0
ENBTR60005,move to,LOC_중앙계곡,2026-08-09T08:59:31.000Z,21.36965073,-157.74050441,UAV 1,2,1:3001:1807,ENBTR60005,1:1:222:2:8:1:0,0,false,false,false,false,0
ENT72010,move to,LOC_중앙계곡,2026-08-09T08:59:31.000Z,21.37204741,-157.74162799,UAV 1,2,1:3001:1666,ENT72010,1:1:222:1:2:1:0,0,false,false,false,false,0
ENM35004,move to,LOC_적북측접근로,2026-08-09T08:59:31.000Z,21.37328771,-157.73379217,UAV 1,2,1:3001:1555,ENM35004,1:1:225:7:1:6:0,0,false,false,false,false,0
ENM35001,move to,LOC_적북측접근로,2026-08-09T08:59:31.000Z,21.37318511,-157.73386950,UAV 1,2,1:3001:1659,ENM35001,1:1:225:7:1:6:0,0,false,false,false,false,0
ENM35003,move to,LOC_적북측접근로,2026-08-09T08:59:31.000Z,21.37320714,-157.73377407,UAV 1,2,1:3001:1799,ENM35003,1:1:225:7:1:6:0,0,false,false,false,false,0
ENT72007,move to,LOC_중앙계곡,2026-08-09T08:59:31.000Z,21.37214946,-157.74170454,UAV 1,2,1:3001:1492,ENT72007,1:1:222:1:2:1:0,0,false,false,false,false,0
ENT72008,move to,LOC_중앙계곡,2026-08-09T08:59:31.000Z,21.37213933,-157.74161924,UAV 1,2,1:3001:1520,ENT72008,1:1:222:1:2:1:0,0,false,false,false,false,0
ENT72006,move to,LOC_중앙계곡,2026-08-09T08:59:31.000Z,21.37222733,-157.74161085,UAV 1,2,1:3001:1683,ENT72006,1:1:222:1:2:1:0,0,false,false,false,false,0
ENBTR80002,move to,LOC_중앙계곡,2026-08-09T08:59:31.000Z,21.36991204,-157.74035303,UAV 1,2,1:3001:1789,ENBTR80002,1:1:222:2:13:0:0,0,false,false,false,false,0
ENT72005,move to,LOC_중앙계곡,2026-08-09T08:59:31.000Z,21.37223621,-157.74169618,UAV 1,2,1:3001:1553,ENT72005,1:1:222:1:2:1:0,0,false,false,false,false,0
ENBTR60003,move to,LOC_중앙계곡,2026-08-09T08:59:31.000Z,21.36978983,-157.74049067,UAV 1,2,1:3001:1590,ENBTR60003,1:1:222:2:8:1:0,0,false,false,false,false,0
ENT72009,move to,LOC_중앙계곡,2026-08-09T08:59:31.000Z,21.37205780,-157.74171340,UAV 1,2,1:3001:1632,ENT72009,1:1:222:1:2:1:0,0,false,false,false,false,0
ENBTR60002,move to,LOC_중앙계곡,2026-08-09T08:59:31.000Z,21.36972805,-157.74055969,UAV 1,2,1:3001:1693,ENBTR60002,1:1:222:2:8:1:0,0,false,false,false,false,0
ENT72003,move to,LOC_중앙계곡,2026-08-09T08:59:31.000Z,21.37232448,-157.74168766,UAV 1,2,1:3001:1495,ENT72003,1:1:222:1:2:1:0,0,false,false,false,false,0
ENT72002,move to,LOC_중앙계곡,2026-08-09T08:59:31.000Z,21.37239967,-157.74159440,UAV 1,2,1:3001:1533,ENT72002,1:1:222:1:2:1:0,0,false,false,false,false,0
ENT72001,move to,LOC_중앙계곡,2026-08-09T08:59:31.000Z,21.37241019,-157.74167940,UAV 1,2,1:3001:1586,ENT72001,1:1:222:1:2:1:0,0,false,false,false,false,0
ENT72004,move to,LOC_중앙계곡,2026-08-09T08:59:31.000Z,21.37231490,-157.74160250,UAV 1,2,1:3001:1643,ENT72004,1:1:222:1:2:1:0,0,false,false,false,false,0
ENM1A2003,move to,LOC_중앙계곡,2026-08-09T08:59:32.000Z,21.37438095,-157.74274010,UAV 1,2,1:3001:1469,ENM1A2003,1:1:225:1:1:3:0,0,false,false,false,false,0
FRTRK2004,move to,LOC_남측제1방어선,2026-08-09T08:59:32.000Z,21.38784628,-157.74959769,UAV 1,1,1:3001:1481,FRTRK2004,1:1:225:7:12:8:0,0,false,false,false,false,0
ENCAESAR002,FFE-on-Location,LOC_아군포병진지,2026-08-09T08:59:32.000Z,21.37011579,-157.73488768,UAV 1,2,1:3001:1499,ENCAESAR002,1:1:71:4:0:0:0,0,false,false,false,false,0
ENT72012,move to,LOC_중앙계곡,2026-08-09T08:59:32.000Z,21.37214959,-157.74161928,UAV 1,2,1:3001:1500,ENT72012,1:1:222:1:2:1:0,0,false,false,false,false,0
ENBTR60001,move to,LOC_중앙계곡,2026-08-09T08:59:32.000Z,21.36986277,-157.74063629,UAV 1,2,1:3001:1507,ENBTR60001,1:1:222:2:8:1:0,0,false,false,false,false,0
ENMORT005,none,,2026-08-09T08:59:32.000Z,21.37457651,-157.73710572,UAV 1,2,1:3001:1512,ENMORT005,1:1:71:10:1:0:1,0,false,false,false,false,0
ENM1A2001,move to,LOC_중앙계곡,2026-08-09T08:59:32.000Z,21.37443047,-157.74289054,UAV 1,2,1:3001:1513,ENM1A2001,1:1:225:1:1:3:0,0,false,false,false,false,0
ENM1A2005,move to,LOC_중앙계곡,2026-08-09T08:59:32.000Z,21.37433013,-157.74259003,UAV 1,2,1:3001:1526,ENM1A2005,1:1:225:1:1:3:0,0,false,false,false,false,0
FRT69001,move to,LOC_중앙킬존남측,2026-08-09T08:59:32.000Z,21.38640969,-157.73626711,UAV 1,1,1:3001:1530,FRT69001,1:1:45:1:2:1:0,0,false,false,false,false,0
ENMORT004,none,,2026-08-09T08:59:32.000Z,21.37447596,-157.73706256,UAV 1,2,1:3001:1535,ENMORT004,1:1:71:10:1:0:1,0,false,false,false,false,0
ENGAZ001,move to,LOC_적북측접근로,2026-08-09T08:59:32.000Z,21.37296938,-157.73408991,UAV 1,2,1:3001:1559,ENGAZ001,1:1:222:7:8:0:0,0,false,false,false,false,0
ENBTR60006,move to,LOC_중앙계곡,2026-08-09T08:59:32.000Z,21.36990913,-157.74044685,UAV 1,2,1:3001:1568,ENBTR60006,1:1:222:2:8:1:0,0,false,false,false,false,0
ENBTR80004,move to,LOC_중앙계곡,2026-08-09T08:59:32.000Z,21.36997247,-157.74037957,UAV 1,2,1:3001:1584,ENBTR80004,1:1:222:2:13:0:0,0,false,false,false,false,0
ENM1A2002,move to,LOC_중앙계곡,2026-08-09T08:59:32.000Z,21.37440591,-157.74281526,UAV 1,2,1:3001:1598,ENM1A2002,1:1:225:1:1:3:0,0,false,false,false,false,0
ENBTR80001,move to,LOC_중앙계곡,2026-08-09T08:59:32.000Z,21.37004513,-157.74043357,UAV 1,2,1:3001:1602,ENBTR80001,1:1:222:2:13:0:0,0,false,false,false,false,0
ENCAESAR004,move to,LOC_북측예비방어선,2026-08-09T08:59:32.000Z,21.37044041,-157.73572127,UAV 1,2,1:3001:1603,ENCAESAR004,1:1:71:4:0:0:0,0,false,false,false,false,0
ENGAZ002,move to,LOC_적북측접근로,2026-08-09T08:59:32.000Z,21.37304661,-157.73410966,UAV 1,2,1:3001:1626,ENGAZ002,1:1:222:7:8:0:0,0,false,false,false,false,0
ENBTR80006,move to,LOC_중앙계곡,2026-08-09T08:59:32.000Z,21.37008585,-157.74024456,UAV 1,2,1:3001:1633,ENBTR80006,1:1:222:2:13:0:0,0,false,false,false,false,0
ENT72011,move to,LOC_중앙계곡,2026-08-09T08:59:32.000Z,21.37216211,-157.74170229,UAV 1,2,1:3001:1637,ENT72011,1:1:222:1:2:1:0,0,false,false,false,false,0
ENM35002,move to,LOC_적북측접근로,2026-08-09T08:59:32.000Z,21.37321483,-157.73409350,UAV 1,2,1:3001:1645,ENM35002,1:1:225:7:1:6:0,0,false,false,false,false,0
ENGAZ003,move to,LOC_적북측접근로,2026-08-09T08:59:32.000Z,21.37299083,-157.73399594,UAV 1,2,1:3001:1654,ENGAZ003,1:1:222:7:8:0:0,0,false,false,false,false,0
ENBTR80003,move to,LOC_중앙계곡,2026-08-09T08:59:32.000Z,21.37016158,-157.74029886,UAV 1,2,1:3001:1658,ENBTR80003,1:1:222:2:13:0:0,0,false,false,false,false,0
FRT80008,move to,LOC_중앙킬존남측,2026-08-09T08:59:32.000Z,21.38234180,-157.74983577,UAV 1,1,1:3001:1661,FRT80008,1:1:222:1:1:1:0,0,false,false,false,false,0
ENCAESAR003,FFE-on-Location,LOC_아군박격포진지,2026-08-09T08:59:32.000Z,21.36993473,-157.73482081,UAV 1,2,1:3001:1687,ENCAESAR003,1:1:71:4:0:0:0,0,false,false,false,false,0
ENMORT001,none,,2026-08-09T08:59:32.000Z,21.37443553,-157.73716992,UAV 1,2,1:3001:1694,ENMORT001,1:1:71:10:1:0:1,0,false,false,false,false,0
ENBTR60007,move to,LOC_중앙계곡,2026-08-09T08:59:32.000Z,21.36972032,-157.74052829,UAV 1,2,1:3001:1720,ENBTR60007,1:1:222:2:8:1:0,0,false,false,false,false,0
ENBTR60008,move to,LOC_중앙계곡,2026-08-09T08:59:32.000Z,21.36977057,-157.74046008,UAV 1,2,1:3001:1731,ENBTR60008,1:1:222:2:8:1:0,0,false,false,false,false,0
FRTRK2002,move to,LOC_남측제1방어선,2026-08-09T08:59:32.000Z,21.38783496,-157.74951199,UAV 1,1,1:3001:1732,FRTRK2002,1:1:225:7:12:8:0,0,false,false,false,false,0
ENBTR80007,move to,LOC_중앙계곡,2026-08-09T08:59:32.000Z,21.36989848,-157.74032539,UAV 1,2,1:3001:1733,ENBTR80007,1:1:222:2:13:0:0,0,false,false,false,false,0
ENMORT002,none,,2026-08-09T08:59:32.000Z,21.37453609,-157.73721308,UAV 1,2,1:3001:1739,ENMORT002,1:1:71:10:1:0:1,0,false,false,false,false,0
ENGAZ004,move to,LOC_적북측접근로,2026-08-09T08:59:32.000Z,21.37306814,-157.73401590,UAV 1,2,1:3001:1743,ENGAZ004,1:1:222:7:8:0:0,0,false,false,false,false,0
ENBTR80005,move to,LOC_중앙계곡,2026-08-09T08:59:32.000Z,21.37002536,-157.74031173,UAV 1,2,1:3001:1751,ENBTR80005,1:1:222:2:13:0:0,0,false,false,false,false,0
ENMIM001,move to,LOC_적북측접근로,2026-08-09T08:59:32.000Z,21.37003219,-157.73783813,UAV 1,2,1:3001:1760,ENMIM001,1:1:225:28:2:0:0,0,false,false,false,false,0
ENCAESAR001,move to,LOC_적북측접근로,2026-08-09T08:59:32.000Z,21.37020012,-157.73599331,UAV 1,2,1:3001:1765,ENCAESAR001,1:1:71:4:0:0:0,0,false,false,false,false,0
ENMORT003,none,,2026-08-09T08:59:32.000Z,21.37463664,-157.73725624,UAV 1,2,1:3001:1770,ENMORT003,1:1:71:10:1:0:1,0,false,false,false,false,0
ENBTR60004,move to,LOC_중앙계곡,2026-08-09T08:59:32.000Z,21.36978663,-157.74058218,UAV 1,2,1:3001:1777,ENBTR60004,1:1:222:2:8:1:0,0,false,false,false,false,0
ENM1A2004,move to,LOC_중앙계곡,2026-08-09T08:59:32.000Z,21.37435428,-157.74266552,UAV 1,2,1:3001:1791,ENM1A2004,1:1:225:1:1:3:0,0,false,false,false,false,0
ENBTR60005,move to,LOC_중앙계곡,2026-08-09T08:59:32.000Z,21.36984717,-157.74051439,UAV 1,2,1:3001:1807,ENBTR60005,1:1:222:2:8:1:0,0,false,false,false,false,0
ENT72010,move to,LOC_중앙계곡,2026-08-09T08:59:32.000Z,21.37224504,-157.74161023,UAV 1,2,1:3001:1666,ENT72010,1:1:222:1:2:1:0,0,false,false,false,false,0
ENM35004,move to,LOC_적북측접근로,2026-08-09T08:59:32.000Z,21.37323752,-157.73399601,UAV 1,2,1:3001:1555,ENM35004,1:1:225:7:1:6:0,0,false,false,false,false,0
ENM35001,move to,LOC_적북측접근로,2026-08-09T08:59:32.000Z,21.37313692,-157.73407398,UAV 1,2,1:3001:1659,ENM35001,1:1:225:7:1:6:0,0,false,false,false,false,0
ENM35003,move to,LOC_적북측접근로,2026-08-09T08:59:32.000Z,21.37315898,-157.73397850,UAV 1,2,1:3001:1799,ENM35003,1:1:225:7:1:6:0,0,false,false,false,false,0
ENT72007,move to,LOC_중앙계곡,2026-08-09T08:59:32.000Z,21.37234520,-157.74168457,UAV 1,2,1:3001:1492,ENT72007,1:1:222:1:2:1:0,0,false,false,false,false,0
ENT72008,move to,LOC_중앙계곡,2026-08-09T08:59:32.000Z,21.37233613,-157.74160157,UAV 1,2,1:3001:1520,ENT72008,1:1:222:1:2:1:0,0,false,false,false,false,0
ENT72006,move to,LOC_중앙계곡,2026-08-09T08:59:32.000Z,21.37242437,-157.74159317,UAV 1,2,1:3001:1683,ENT72006,1:1:222:1:2:1:0,0,false,false,false,false,0
ENBTR80002,move to,LOC_중앙계곡,2026-08-09T08:59:32.000Z,21.37010708,-157.74036641,UAV 1,2,1:3001:1789,ENBTR80002,1:1:222:2:13:0:0,0,false,false,false,false,0
ENT72005,move to,LOC_중앙계곡,2026-08-09T08:59:32.000Z,21.37243300,-157.74167608,UAV 1,2,1:3001:1553,ENT72005,1:1:222:1:2:1:0,0,false,false,false,false,0
ENBTR60003,move to,LOC_중앙계곡,2026-08-09T08:59:32.000Z,21.36998490,-157.74050101,UAV 1,2,1:3001:1590,ENBTR60003,1:1:222:2:8:1:0,0,false,false,false,false,0
ENT72009,move to,LOC_중앙계곡,2026-08-09T08:59:32.000Z,21.37225385,-157.74169341,UAV 1,2,1:3001:1632,ENT72009,1:1:222:1:2:1:0,0,false,false,false,false,0
ENBTR60002,move to,LOC_중앙계곡,2026-08-09T08:59:32.000Z,21.36992171,-157.74056847,UAV 1,2,1:3001:1693,ENBTR60002,1:1:222:2:8:1:0,0,false,false,false,false,0
ENT72003,move to,LOC_중앙계곡,2026-08-09T08:59:32.000Z,21.37252125,-157.74166755,UAV 1,2,1:3001:1495,ENT72003,1:1:222:1:2:1:0,0,false,false,false,false,0
ENT72002,move to,LOC_중앙계곡,2026-08-09T08:59:32.000Z,21.37259593,-157.74157682,UAV 1,2,1:3001:1533,ENT72002,1:1:222:1:2:1:0,0,false,false,false,false,0
ENT72001,move to,LOC_중앙계곡,2026-08-09T08:59:32.000Z,21.37260552,-157.74165942,UAV 1,2,1:3001:1586,ENT72001,1:1:222:1:2:1:0,0,false,false,false,false,0
ENT72004,move to,LOC_중앙계곡,2026-08-09T08:59:32.000Z,21.37251116,-157.74158490,UAV 1,2,1:3001:1643,ENT72004,1:1:222:1:2:1:0,0,false,false,false,false,0
FRTRK2001,move to,LOC_남측제1방어선,2026-08-09T08:59:32.000Z,21.38791508,-157.74948504,UAV 1,1,1:3001:1728,FRTRK2001,1:1:225:7:12:8:0,0,false,false,false,false,0
M933HE 1,fired_by,,2026-08-09T08:59:32.000Z,21.37523141,-157.73764967,UAV 1,2,1:3001:1817,M933HE 1,2:9:225:2:11:1:0,0,false,false,false,false,0
M933HE 2,fired_by,,2026-08-09T08:59:32.000Z,21.37558571,-157.73709917,UAV 1,2,1:3001:1818,M933HE 2,2:9:225:2:11:1:0,0,false,false,false,false,0
M933HE 3,fired_by,,2026-08-09T08:59:32.000Z,21.39000421,-157.73727151,UAV 1,1,1:3001:1819,M933HE 3,2:9:225:2:11:1:0,0,false,false,false,false,0
M933HE 4,fired_by,,2026-08-09T08:59:32.000Z,21.38945383,-157.73684805,UAV 1,1,1:3001:1820,M933HE 4,2:9:225:2:11:1:0,0,false,false,false,false,0
M933HE 5,fired_by,,2026-08-09T08:59:32.000Z,21.37508014,-157.73771459,UAV 1,2,1:3001:1821,M933HE 5,2:9:225:2:11:1:0,0,false,false,false,false,0
M933HE 6,fired_by,,2026-08-09T08:59:32.000Z,21.37543360,-157.73737203,UAV 1,2,1:3001:1822,M933HE 6,2:9:225:2:11:1:0,0,false,false,false,false,0
M933HE 7,fired_by,,2026-08-09T08:59:32.000Z,21.38981597,-157.73740816,UAV 1,1,1:3001:1823,M933HE 7,2:9:225:2:11:1:0,0,false,false,false,false,0
M933HE 8,fired_by,,2026-08-09T08:59:32.000Z,21.37605289,-157.73724860,UAV 1,2,1:3001:1824,M933HE 8,2:9:225:2:11:1:0,0,false,false,false,false,0
ENM1A2003,move to,LOC_중앙계곡,2026-08-09T08:59:33.000Z,21.37438095,-157.74274010,UAV 1,2,1:3001:1469,ENM1A2003,1:1:225:1:1:3:0,0,false,false,false,false,0
FRTRK2004,move to,LOC_남측제1방어선,2026-08-09T08:59:33.000Z,21.38784628,-157.74959769,UAV 1,1,1:3001:1481,FRTRK2004,1:1:225:7:12:8:0,0,false,false,false,false,0
ENCAESAR002,FFE-on-Location,LOC_아군포병진지,2026-08-09T08:59:33.000Z,21.37011579,-157.73488768,UAV 1,2,1:3001:1499,ENCAESAR002,1:1:71:4:0:0:0,0,false,false,false,false,0
ENT72012,move to,LOC_중앙계곡,2026-08-09T08:59:33.000Z,21.37214959,-157.74161928,UAV 1,2,1:3001:1500,ENT72012,1:1:222:1:2:1:0,0,false,false,false,false,0
ENBTR60001,move to,LOC_중앙계곡,2026-08-09T08:59:33.000Z,21.36986277,-157.74063629,UAV 1,2,1:3001:1507,ENBTR60001,1:1:222:2:8:1:0,0,false,false,false,false,0
ENMORT005,none,,2026-08-09T08:59:33.000Z,21.37457651,-157.73710572,UAV 1,2,1:3001:1512,ENMORT005,1:1:71:10:1:0:1,0,false,false,false,false,0
ENM1A2001,move to,LOC_중앙계곡,2026-08-09T08:59:33.000Z,21.37443047,-157.74289054,UAV 1,2,1:3001:1513,ENM1A2001,1:1:225:1:1:3:0,0,false,false,false,false,0
ENM1A2005,move to,LOC_중앙계곡,2026-08-09T08:59:33.000Z,21.37433013,-157.74259003,UAV 1,2,1:3001:1526,ENM1A2005,1:1:225:1:1:3:0,0,false,false,false,false,0
FRT69001,move to,LOC_중앙킬존남측,2026-08-09T08:59:33.000Z,21.38640969,-157.73626711,UAV 1,1,1:3001:1530,FRT69001,1:1:45:1:2:1:0,0,false,false,false,false,0
ENMORT004,none,,2026-08-09T08:59:33.000Z,21.37447596,-157.73706256,UAV 1,2,1:3001:1535,ENMORT004,1:1:71:10:1:0:1,0,false,false,false,false,0
ENGAZ001,move to,LOC_적북측접근로,2026-08-09T08:59:33.000Z,21.37296938,-157.73408991,UAV 1,2,1:3001:1559,ENGAZ001,1:1:222:7:8:0:0,0,false,false,false,false,0
ENBTR60006,move to,LOC_중앙계곡,2026-08-09T08:59:33.000Z,21.36990913,-157.74044685,UAV 1,2,1:3001:1568,ENBTR60006,1:1:222:2:8:1:0,0,false,false,false,false,0
ENBTR80004,move to,LOC_중앙계곡,2026-08-09T08:59:33.000Z,21.36997247,-157.74037957,UAV 1,2,1:3001:1584,ENBTR80004,1:1:222:2:13:0:0,0,false,false,false,false,0
ENM1A2002,move to,LOC_중앙계곡,2026-08-09T08:59:33.000Z,21.37440591,-157.74281526,UAV 1,2,1:3001:1598,ENM1A2002,1:1:225:1:1:3:0,0,false,false,false,false,0
ENBTR80001,move to,LOC_중앙계곡,2026-08-09T08:59:33.000Z,21.37004513,-157.74043357,UAV 1,2,1:3001:1602,ENBTR80001,1:1:222:2:13:0:0,0,false,false,false,false,0
ENCAESAR004,move to,LOC_북측예비방어선,2026-08-09T08:59:33.000Z,21.37044041,-157.73572127,UAV 1,2,1:3001:1603,ENCAESAR004,1:1:71:4:0:0:0,0,false,false,false,false,0
ENGAZ002,move to,LOC_적북측접근로,2026-08-09T08:59:33.000Z,21.37304661,-157.73410966,UAV 1,2,1:3001:1626,ENGAZ002,1:1:222:7:8:0:0,0,false,false,false,false,0
ENBTR80006,move to,LOC_중앙계곡,2026-08-09T08:59:33.000Z,21.37008585,-157.74024456,UAV 1,2,1:3001:1633,ENBTR80006,1:1:222:2:13:0:0,0,false,false,false,false,0
ENT72011,move to,LOC_중앙계곡,2026-08-09T08:59:33.000Z,21.37216211,-157.74170229,UAV 1,2,1:3001:1637,ENT72011,1:1:222:1:2:1:0,0,false,false,false,false,0
ENM35002,move to,LOC_적북측접근로,2026-08-09T08:59:33.000Z,21.37321483,-157.73409350,UAV 1,2,1:3001:1645,ENM35002,1:1:225:7:1:6:0,0,false,false,false,false,0
ENGAZ003,move to,LOC_적북측접근로,2026-08-09T08:59:33.000Z,21.37299083,-157.73399594,UAV 1,2,1:3001:1654,ENGAZ003,1:1:222:7:8:0:0,0,false,false,false,false,0
ENBTR80003,move to,LOC_중앙계곡,2026-08-09T08:59:33.000Z,21.37016158,-157.74029886,UAV 1,2,1:3001:1658,ENBTR80003,1:1:222:2:13:0:0,0,false,false,false,false,0
FRT80008,move to,LOC_중앙킬존남측,2026-08-09T08:59:33.000Z,21.38234180,-157.74983577,UAV 1,1,1:3001:1661,FRT80008,1:1:222:1:1:1:0,0,false,false,false,false,0
ENCAESAR003,FFE-on-Location,LOC_아군박격포진지,2026-08-09T08:59:33.000Z,21.36993473,-157.73482081,UAV 1,2,1:3001:1687,ENCAESAR003,1:1:71:4:0:0:0,0,false,false,false,false,0
ENMORT001,none,,2026-08-09T08:59:33.000Z,21.37443553,-157.73716992,UAV 1,2,1:3001:1694,ENMORT001,1:1:71:10:1:0:1,0,false,false,false,false,0
ENBTR60007,move to,LOC_중앙계곡,2026-08-09T08:59:33.000Z,21.36972032,-157.74052829,UAV 1,2,1:3001:1720,ENBTR60007,1:1:222:2:8:1:0,0,false,false,false,false,0
ENBTR60008,move to,LOC_중앙계곡,2026-08-09T08:59:33.000Z,21.36977057,-157.74046008,UAV 1,2,1:3001:1731,ENBTR60008,1:1:222:2:8:1:0,0,false,false,false,false,0
FRTRK2002,move to,LOC_남측제1방어선,2026-08-09T08:59:33.000Z,21.38783496,-157.74951199,UAV 1,1,1:3001:1732,FRTRK2002,1:1:225:7:12:8:0,0,false,false,false,false,0
ENBTR80007,move to,LOC_중앙계곡,2026-08-09T08:59:33.000Z,21.36989848,-157.74032539,UAV 1,2,1:3001:1733,ENBTR80007,1:1:222:2:13:0:0,0,false,false,false,false,0
ENMORT002,none,,2026-08-09T08:59:33.000Z,21.37453609,-157.73721308,UAV 1,2,1:3001:1739,ENMORT002,1:1:71:10:1:0:1,0,false,false,false,false,0
ENGAZ004,move to,LOC_적북측접근로,2026-08-09T08:59:33.000Z,21.37306814,-157.73401590,UAV 1,2,1:3001:1743,ENGAZ004,1:1:222:7:8:0:0,0,false,false,false,false,0
ENBTR80005,move to,LOC_중앙계곡,2026-08-09T08:59:33.000Z,21.37002536,-157.74031173,UAV 1,2,1:3001:1751,ENBTR80005,1:1:222:2:13:0:0,0,false,false,false,false,0
ENMIM001,move to,LOC_적북측접근로,2026-08-09T08:59:33.000Z,21.37003219,-157.73783813,UAV 1,2,1:3001:1760,ENMIM001,1:1:225:28:2:0:0,0,false,false,false,false,0
ENCAESAR001,move to,LOC_적북측접근로,2026-08-09T08:59:33.000Z,21.37020012,-157.73599331,UAV 1,2,1:3001:1765,ENCAESAR001,1:1:71:4:0:0:0,0,false,false,false,false,0
ENMORT003,none,,2026-08-09T08:59:33.000Z,21.37463664,-157.73725624,UAV 1,2,1:3001:1770,ENMORT003,1:1:71:10:1:0:1,0,false,false,false,false,0
ENBTR60004,move to,LOC_중앙계곡,2026-08-09T08:59:33.000Z,21.36978663,-157.74058218,UAV 1,2,1:3001:1777,ENBTR60004,1:1:222:2:8:1:0,0,false,false,false,false,0
ENM1A2004,move to,LOC_중앙계곡,2026-08-09T08:59:33.000Z,21.37435428,-157.74266552,UAV 1,2,1:3001:1791,ENM1A2004,1:1:225:1:1:3:0,0,false,false,false,false,0
ENBTR60005,move to,LOC_중앙계곡,2026-08-09T08:59:33.000Z,21.36984717,-157.74051439,UAV 1,2,1:3001:1807,ENBTR60005,1:1:222:2:8:1:0,0,false,false,false,false,0
ENT72010,move to,LOC_중앙계곡,2026-08-09T08:59:33.000Z,21.37224504,-157.74161023,UAV 1,2,1:3001:1666,ENT72010,1:1:222:1:2:1:0,0,false,false,false,false,0
ENM35004,move to,LOC_적북측접근로,2026-08-09T08:59:33.000Z,21.37323752,-157.73399601,UAV 1,2,1:3001:1555,ENM35004,1:1:225:7:1:6:0,0,false,false,false,false,0
ENM35001,move to,LOC_적북측접근로,2026-08-09T08:59:33.000Z,21.37313692,-157.73407398,UAV 1,2,1:3001:1659,ENM35001,1:1:225:7:1:6:0,0,false,false,false,false,0
ENM35003,move to,LOC_적북측접근로,2026-08-09T08:59:33.000Z,21.37315898,-157.73397850,UAV 1,2,1:3001:1799,ENM35003,1:1:225:7:1:6:0,0,false,false,false,false,0
ENT72007,move to,LOC_중앙계곡,2026-08-09T08:59:33.000Z,21.37234520,-157.74168457,UAV 1,2,1:3001:1492,ENT72007,1:1:222:1:2:1:0,0,false,false,false,false,0
ENT72008,move to,LOC_중앙계곡,2026-08-09T08:59:33.000Z,21.37233613,-157.74160157,UAV 1,2,1:3001:1520,ENT72008,1:1:222:1:2:1:0,0,false,false,false,false,0
ENT72006,move to,LOC_중앙계곡,2026-08-09T08:59:33.000Z,21.37242437,-157.74159317,UAV 1,2,1:3001:1683,ENT72006,1:1:222:1:2:1:0,0,false,false,false,false,0
ENBTR80002,move to,LOC_중앙계곡,2026-08-09T08:59:33.000Z,21.37010708,-157.74036641,UAV 1,2,1:3001:1789,ENBTR80002,1:1:222:2:13:0:0,0,false,false,false,false,0
ENT72005,move to,LOC_중앙계곡,2026-08-09T08:59:33.000Z,21.37243300,-157.74167608,UAV 1,2,1:3001:1553,ENT72005,1:1:222:1:2:1:0,0,false,false,false,false,0
ENBTR60003,move to,LOC_중앙계곡,2026-08-09T08:59:33.000Z,21.36998490,-157.74050101,UAV 1,2,1:3001:1590,ENBTR60003,1:1:222:2:8:1:0,0,false,false,false,false,0
ENT72009,move to,LOC_중앙계곡,2026-08-09T08:59:33.000Z,21.37225385,-157.74169341,UAV 1,2,1:3001:1632,ENT72009,1:1:222:1:2:1:0,0,false,false,false,false,0
ENBTR60002,move to,LOC_중앙계곡,2026-08-09T08:59:33.000Z,21.36992171,-157.74056847,UAV 1,2,1:3001:1693,ENBTR60002,1:1:222:2:8:1:0,0,false,false,false,false,0
ENT72003,move to,LOC_중앙계곡,2026-08-09T08:59:33.000Z,21.37252125,-157.74166755,UAV 1,2,1:3001:1495,ENT72003,1:1:222:1:2:1:0,0,false,false,false,false,0
ENT72002,move to,LOC_중앙계곡,2026-08-09T08:59:33.000Z,21.37259593,-157.74157682,UAV 1,2,1:3001:1533,ENT72002,1:1:222:1:2:1:0,0,false,false,false,false,0
ENT72001,move to,LOC_중앙계곡,2026-08-09T08:59:33.000Z,21.37260552,-157.74165942,UAV 1,2,1:3001:1586,ENT72001,1:1:222:1:2:1:0,0,false,false,false,false,0
ENT72004,move to,LOC_중앙계곡,2026-08-09T08:59:33.000Z,21.37251116,-157.74158490,UAV 1,2,1:3001:1643,ENT72004,1:1:222:1:2:1:0,0,false,false,false,false,0
FRTRK2001,move to,LOC_남측제1방어선,2026-08-09T08:59:33.000Z,21.38791508,-157.74948504,UAV 1,1,1:3001:1728,FRTRK2001,1:1:225:7:12:8:0,0,false,false,false,false,0
M933HE 1,fired_by,,2026-08-09T08:59:33.000Z,21.37523141,-157.73764967,UAV 1,2,1:3001:1817,M933HE 1,2:9:225:2:11:1:0,0,false,false,false,false,0
M933HE 2,fired_by,,2026-08-09T08:59:33.000Z,21.37558571,-157.73709917,UAV 1,2,1:3001:1818,M933HE 2,2:9:225:2:11:1:0,0,false,false,false,false,0
M933HE 3,fired_by,,2026-08-09T08:59:33.000Z,21.39000421,-157.73727151,UAV 1,1,1:3001:1819,M933HE 3,2:9:225:2:11:1:0,0,false,false,false,false,0
M933HE 4,fired_by,,2026-08-09T08:59:33.000Z,21.38945383,-157.73684805,UAV 1,1,1:3001:1820,M933HE 4,2:9:225:2:11:1:0,0,false,false,false,false,0
M933HE 5,fired_by,,2026-08-09T08:59:33.000Z,21.37508014,-157.73771459,UAV 1,2,1:3001:1821,M933HE 5,2:9:225:2:11:1:0,0,false,false,false,false,0
M933HE 6,fired_by,,2026-08-09T08:59:33.000Z,21.37543360,-157.73737203,UAV 1,2,1:3001:1822,M933HE 6,2:9:225:2:11:1:0,0,false,false,false,false,0
M933HE 7,fired_by,,2026-08-09T08:59:33.000Z,21.38981597,-157.73740816,UAV 1,1,1:3001:1823,M933HE 7,2:9:225:2:11:1:0,0,false,false,false,false,0
M933HE 8,fired_by,,2026-08-09T08:59:33.000Z,21.37605289,-157.73724860,UAV 1,2,1:3001:1824,M933HE 8,2:9:225:2:11:1:0,0,false,false,false,false,0
ENM1A2003,move to,LOC_중앙계곡,2026-08-09T08:59:35.000Z,21.37454697,-157.74267936,UAV 1,2,1:3001:1469,ENM1A2003,1:1:225:1:1:3:0,0,false,false,false,false,0
FRTRK2004,move to,LOC_남측제1방어선,2026-08-09T08:59:35.000Z,21.38782414,-157.74940663,UAV 1,1,1:3001:1481,FRTRK2004,1:1:225:7:12:8:0,0,false,false,false,false,0
ENCAESAR002,move to,LOC_북측예비방어선,2026-08-09T08:59:35.000Z,21.37011579,-157.73488768,UAV 1,2,1:3001:1499,ENCAESAR002,1:1:71:4:0:0:0,0,false,false,false,false,0
ENT72012,move to,LOC_중앙계곡,2026-08-09T08:59:35.000Z,21.37232937,-157.74160312,UAV 1,2,1:3001:1500,ENT72012,1:1:222:1:2:1:0,0,false,false,false,false,0
ENBTR60001,move to,LOC_중앙계곡,2026-08-09T08:59:35.000Z,21.37003213,-157.74064269,UAV 1,2,1:3001:1507,ENBTR60001,1:1:222:2:8:1:0,0,false,false,false,false,0
ENMORT005,none,,2026-08-09T08:59:35.000Z,21.37457651,-157.73710572,UAV 1,2,1:3001:1512,ENMORT005,1:1:71:10:1:0:1,0,false,false,false,false,0
ENM1A2001,move to,LOC_중앙계곡,2026-08-09T08:59:35.000Z,21.37459666,-157.74282383,UAV 1,2,1:3001:1513,ENM1A2001,1:1:225:1:1:3:0,0,false,false,false,false,0
ENM1A2005,move to,LOC_중앙계곡,2026-08-09T08:59:35.000Z,21.37450173,-157.74253323,UAV 1,2,1:3001:1526,ENM1A2005,1:1:225:1:1:3:0,0,false,false,false,false,0
FRT69001,move to,LOC_중앙킬존남측,2026-08-09T08:59:35.000Z,21.38632072,-157.73642927,UAV 1,1,1:3001:1530,FRT69001,1:1:45:1:2:1:0,0,false,false,false,false,0
ENMORT004,none,,2026-08-09T08:59:35.000Z,21.37447596,-157.73706256,UAV 1,2,1:3001:1535,ENMORT004,1:1:71:10:1:0:1,0,false,false,false,false,0
ENGAZ001,move to,LOC_적북측접근로,2026-08-09T08:59:35.000Z,21.37293525,-157.73424921,UAV 1,2,1:3001:1559,ENGAZ001,1:1:222:7:8:0:0,0,false,false,false,false,0
ENBTR60006,move to,LOC_중앙계곡,2026-08-09T08:59:35.000Z,21.37007215,-157.74045637,UAV 1,2,1:3001:1568,ENBTR60006,1:1:222:2:8:1:0,0,false,false,false,false,0
ENBTR80004,move to,LOC_중앙계곡,2026-08-09T08:59:35.000Z,21.37014706,-157.74039112,UAV 1,2,1:3001:1584,ENBTR80004,1:1:222:2:13:0:0,0,false,false,false,false,0
ENM1A2002,move to,LOC_중앙계곡,2026-08-09T08:59:35.000Z,21.37457395,-157.74275081,UAV 1,2,1:3001:1598,ENM1A2002,1:1:225:1:1:3:0,0,false,false,false,false,0
ENBTR80001,move to,LOC_중앙계곡,2026-08-09T08:59:35.000Z,21.37021873,-157.74044411,UAV 1,2,1:3001:1602,ENBTR80001,1:1:222:2:13:0:0,0,false,false,false,false,0
ENCAESAR004,move to,LOC_북측예비방어선,2026-08-09T08:59:35.000Z,21.37050916,-157.73589411,UAV 1,2,1:3001:1603,ENCAESAR004,1:1:71:4:0:0:0,0,false,false,false,false,0
ENGAZ002,move to,LOC_적북측접근로,2026-08-09T08:59:35.000Z,21.37300576,-157.73429130,UAV 1,2,1:3001:1626,ENGAZ002,1:1:222:7:8:0:0,0,false,false,false,false,0
ENBTR80006,move to,LOC_중앙계곡,2026-08-09T08:59:35.000Z,21.37025984,-157.74025880,UAV 1,2,1:3001:1633,ENBTR80006,1:1:222:2:13:0:0,0,false,false,false,false,0
ENT72011,move to,LOC_중앙계곡,2026-08-09T08:59:35.000Z,21.37234364,-157.74168379,UAV 1,2,1:3001:1637,ENT72011,1:1:222:1:2:1:0,0,false,false,false,false,0
ENGAZ003,move to,LOC_적북측접근로,2026-08-09T08:59:35.000Z,21.37295166,-157.73417864,UAV 1,2,1:3001:1654,ENGAZ003,1:1:222:7:8:0:0,0,false,false,false,false,0
ENBTR80003,move to,LOC_중앙계곡,2026-08-09T08:59:35.000Z,21.37033596,-157.74031220,UAV 1,2,1:3001:1658,ENBTR80003,1:1:222:2:13:0:0,0,false,false,false,false,0
FRT80008,move to,LOC_중앙킬존남측,2026-08-09T08:59:35.000Z,21.38226731,-157.74966582,UAV 1,1,1:3001:1661,FRT80008,1:1:222:1:1:1:0,0,false,false,false,false,0
ENCAESAR003,move to,LOC_적북측접근로,2026-08-09T08:59:35.000Z,21.36993473,-157.73482081,UAV 1,2,1:3001:1687,ENCAESAR003,1:1:71:4:0:0:0,0,false,false,false,false,0
ENMORT001,none,,2026-08-09T08:59:35.000Z,21.37443553,-157.73716992,UAV 1,2,1:3001:1694,ENMORT001,1:1:71:10:1:0:1,0,false,false,false,false,0
ENBTR60007,move to,LOC_중앙계곡,2026-08-09T08:59:35.000Z,21.36989420,-157.74053673,UAV 1,2,1:3001:1720,ENBTR60007,1:1:222:2:8:1:0,0,false,false,false,false,0
ENBTR60008,move to,LOC_중앙계곡,2026-08-09T08:59:35.000Z,21.36994361,-157.74046980,UAV 1,2,1:3001:1731,ENBTR60008,1:1:222:2:8:1:0,0,false,false,false,false,0
FRTRK2002,move to,LOC_남측제1방어선,2026-08-09T08:59:35.000Z,21.38781219,-157.74931530,UAV 1,1,1:3001:1732,FRTRK2002,1:1:225:7:12:8:0,0,false,false,false,false,0
ENBTR80007,move to,LOC_중앙계곡,2026-08-09T08:59:35.000Z,21.37006736,-157.74033745,UAV 1,2,1:3001:1733,ENBTR80007,1:1:222:2:13:0:0,0,false,false,false,false,0
ENMORT002,none,,2026-08-09T08:59:35.000Z,21.37453609,-157.73721308,UAV 1,2,1:3001:1739,ENMORT002,1:1:71:10:1:0:1,0,false,false,false,false,0
ENGAZ004,move to,LOC_적북측접근로,2026-08-09T08:59:35.000Z,21.37302720,-157.73419789,UAV 1,2,1:3001:1743,ENGAZ004,1:1:222:7:8:0:0,0,false,false,false,false,0
ENBTR80005,move to,LOC_중앙계곡,2026-08-09T08:59:35.000Z,21.37019807,-157.74032450,UAV 1,2,1:3001:1751,ENBTR80005,1:1:222:2:13:0:0,0,false,false,false,false,0
ENMIM001,move to,LOC_적북측접근로,2026-08-09T08:59:35.000Z,21.37008941,-157.73801014,UAV 1,2,1:3001:1760,ENMIM001,1:1:225:28:2:0:0,0,false,false,false,false,0
ENCAESAR001,move to,LOC_적북측접근로,2026-08-09T08:59:35.000Z,21.37023600,-157.73617574,UAV 1,2,1:3001:1765,ENCAESAR001,1:1:71:4:0:0:0,0,false,false,false,false,0
ENMORT003,none,,2026-08-09T08:59:35.000Z,21.37463664,-157.73725624,UAV 1,2,1:3001:1770,ENMORT003,1:1:71:10:1:0:1,0,false,false,false,false,0
ENBTR60004,move to,LOC_중앙계곡,2026-08-09T08:59:35.000Z,21.36995418,-157.74058942,UAV 1,2,1:3001:1777,ENBTR60004,1:1:222:2:8:1:0,0,false,false,false,false,0
ENM1A2004,move to,LOC_중앙계곡,2026-08-09T08:59:35.000Z,21.37452720,-157.74260530,UAV 1,2,1:3001:1791,ENM1A2004,1:1:225:1:1:3:0,0,false,false,false,false,0
ENBTR60005,move to,LOC_중앙계곡,2026-08-09T08:59:35.000Z,21.37001057,-157.74052269,UAV 1,2,1:3001:1807,ENBTR60005,1:1:222:2:8:1:0,0,false,false,false,false,0
ENT72010,move to,LOC_중앙계곡,2026-08-09T08:59:35.000Z,21.37242041,-157.74159447,UAV 1,2,1:3001:1666,ENT72010,1:1:222:1:2:1:0,0,false,false,false,false,0
ENM35004,move to,LOC_적북측접근로,2026-08-09T08:59:35.000Z,21.37319269,-157.73417803,UAV 1,2,1:3001:1555,ENM35004,1:1:225:7:1:6:0,0,false,false,false,false,0
ENT72007,move to,LOC_중앙계곡,2026-08-09T08:59:35.000Z,21.37251810,-157.74166692,UAV 1,2,1:3001:1492,ENT72007,1:1:222:1:2:1:0,0,false,false,false,false,0
ENT72008,move to,LOC_중앙계곡,2026-08-09T08:59:35.000Z,21.37251187,-157.74158579,UAV 1,2,1:3001:1520,ENT72008,1:1:222:1:2:1:0,0,false,false,false,false,0
ENT72006,move to,LOC_중앙계곡,2026-08-09T08:59:35.000Z,21.37260023,-157.74157739,UAV 1,2,1:3001:1683,ENT72006,1:1:222:1:2:1:0,0,false,false,false,false,0
ENBTR80002,move to,LOC_중앙계곡,2026-08-09T08:59:35.000Z,21.37028202,-157.74037840,UAV 1,2,1:3001:1789,ENBTR80002,1:1:222:2:13:0:0,0,false,false,false,false,0
ENT72005,move to,LOC_중앙계곡,2026-08-09T08:59:35.000Z,21.37260734,-157.74165827,UAV 1,2,1:3001:1553,ENT72005,1:1:222:1:2:1:0,0,false,false,false,false,0
ENBTR60003,move to,LOC_중앙계곡,2026-08-09T08:59:35.000Z,21.37015930,-157.74051025,UAV 1,2,1:3001:1590,ENBTR60003,1:1:222:2:8:1:0,0,false,false,false,false,0
ENT72009,move to,LOC_중앙계곡,2026-08-09T08:59:35.000Z,21.37243760,-157.74167467,UAV 1,2,1:3001:1632,ENT72009,1:1:222:1:2:1:0,0,false,false,false,false,0
ENBTR60002,move to,LOC_중앙계곡,2026-08-09T08:59:35.000Z,21.37009301,-157.74057624,UAV 1,2,1:3001:1693,ENBTR60002,1:1:222:2:8:1:0,0,false,false,false,false,0
ENT72003,move to,LOC_중앙계곡,2026-08-09T08:59:35.000Z,21.37269791,-157.74164949,UAV 1,2,1:3001:1495,ENT72003,1:1:222:1:2:1:0,0,false,false,false,false,0
ENT72002,move to,LOC_중앙계곡,2026-08-09T08:59:35.000Z,21.37277193,-157.74156105,UAV 1,2,1:3001:1533,ENT72002,1:1:222:1:2:1:0,0,false,false,false,false,0
ENT72001,move to,LOC_중앙계곡,2026-08-09T08:59:35.000Z,21.37278217,-157.74164136,UAV 1,2,1:3001:1586,ENT72001,1:1:222:1:2:1:0,0,false,false,false,false,0
ENT72004,move to,LOC_중앙계곡,2026-08-09T08:59:35.000Z,21.37268700,-157.74156914,UAV 1,2,1:3001:1643,ENT72004,1:1:222:1:2:1:0,0,false,false,false,false,0
FRTRK2001,move to,LOC_남측제1방어선,2026-08-09T08:59:35.000Z,21.38789145,-157.74929397,UAV 1,1,1:3001:1728,FRTRK2001,1:1:225:7:12:8:0,0,false,false,false,false,0
M933HE 3,fired_by,,2026-08-09T08:59:35.000Z,21.38891359,-157.73727183,UAV 1,1,1:3001:1819,M933HE 3,2:9:225:2:11:1:0,0,false,false,false,false,0
M933HE 4,fired_by,,2026-08-09T08:59:35.000Z,21.38790477,-157.73651470,UAV 1,1,1:3001:1820,M933HE 4,2:9:225:2:11:1:0,0,false,false,false,false,0
M933HE 7,fired_by,,2026-08-09T08:59:35.000Z,21.38854523,-157.73770079,UAV 1,1,1:3001:1823,M933HE 7,2:9:225:2:11:1:0,0,false,false,false,false,0
FRTRK1001,move to,LOC_남측제1방어선,2026-08-09T08:59:35.000Z,21.38814768,-157.74936106,UAV 1,1,1:3001:1548,FRTRK1001,1:1:225:7:12:0:0,0,false,false,false,false,0
ENM1A2003,move to,LOC_중앙계곡,2026-08-09T08:59:36.000Z,21.37471535,-157.74261776,UAV 1,2,1:3001:1469,ENM1A2003,1:1:225:1:1:3:0,0,false,false,false,false,0
FRTRK2004,move to,LOC_남측제1방어선,2026-08-09T08:59:36.000Z,21.38780072,-157.74920444,UAV 1,1,1:3001:1481,FRTRK2004,1:1:225:7:12:8:0,0,false,false,false,false,0
ENCAESAR002,move to,LOC_북측예비방어선,2026-08-09T08:59:36.000Z,21.37012533,-157.73491080,UAV 1,2,1:3001:1499,ENCAESAR002,1:1:71:4:0:0:0,0,false,false,false,false,0
ENT72012,move to,LOC_중앙계곡,2026-08-09T08:59:36.000Z,21.37251954,-157.74158602,UAV 1,2,1:3001:1500,ENT72012,1:1:222:1:2:1:0,0,false,false,false,false,0
ENBTR60001,move to,LOC_중앙계곡,2026-08-09T08:59:36.000Z,21.37022023,-157.74064979,UAV 1,2,1:3001:1507,ENBTR60001,1:1:222:2:8:1:0,0,false,false,false,false,0
ENMORT005,none,,2026-08-09T08:59:36.000Z,21.37457651,-157.73710572,UAV 1,2,1:3001:1512,ENMORT005,1:1:71:10:1:0:1,0,false,false,false,false,0
ENM1A2001,move to,LOC_중앙계곡,2026-08-09T08:59:36.000Z,21.37476280,-157.74275715,UAV 1,2,1:3001:1513,ENM1A2001,1:1:225:1:1:3:0,0,false,false,false,false,0
ENM1A2005,move to,LOC_중앙계곡,2026-08-09T08:59:36.000Z,21.37467538,-157.74247576,UAV 1,2,1:3001:1526,ENM1A2005,1:1:225:1:1:3:0,0,false,false,false,false,0
FRT69001,move to,LOC_중앙킬존남측,2026-08-09T08:59:36.000Z,21.38622622,-157.73660149,UAV 1,1,1:3001:1530,FRT69001,1:1:45:1:2:1:0,0,false,false,false,false,0
ENMORT004,none,,2026-08-09T08:59:36.000Z,21.37447596,-157.73706256,UAV 1,2,1:3001:1535,ENMORT004,1:1:71:10:1:0:1,0,false,false,false,false,0
ENGAZ001,move to,LOC_적북측접근로,2026-08-09T08:59:36.000Z,21.37291185,-157.73435844,UAV 1,2,1:3001:1559,ENGAZ001,1:1:222:7:8:0:0,0,false,false,false,false,0
ENBTR60006,move to,LOC_중앙계곡,2026-08-09T08:59:36.000Z,21.37026156,-157.74046743,UAV 1,2,1:3001:1568,ENBTR60006,1:1:222:2:8:1:0,0,false,false,false,false,0
ENBTR80004,move to,LOC_중앙계곡,2026-08-09T08:59:36.000Z,21.37033219,-157.74040336,UAV 1,2,1:3001:1584,ENBTR80004,1:1:222:2:13:0:0,0,false,false,false,false,0
ENM1A2002,move to,LOC_중앙계곡,2026-08-09T08:59:36.000Z,21.37474324,-157.74268589,UAV 1,2,1:3001:1598,ENM1A2002,1:1:225:1:1:3:0,0,false,false,false,false,0
ENBTR80001,move to,LOC_중앙계곡,2026-08-09T08:59:36.000Z,21.37040381,-157.74045536,UAV 1,2,1:3001:1602,ENBTR80001,1:1:222:2:13:0:0,0,false,false,false,false,0
ENCAESAR004,move to,LOC_북측예비방어선,2026-08-09T08:59:36.000Z,21.37058218,-157.73607768,UAV 1,2,1:3001:1603,ENCAESAR004,1:1:71:4:0:0:0,0,false,false,false,false,0
ENGAZ002,move to,LOC_적북측접근로,2026-08-09T08:59:36.000Z,21.37297542,-157.73442620,UAV 1,2,1:3001:1626,ENGAZ002,1:1:222:7:8:0:0,0,false,false,false,false,0
ENBTR80006,move to,LOC_중앙계곡,2026-08-09T08:59:36.000Z,21.37044370,-157.74027384,UAV 1,2,1:3001:1633,ENBTR80006,1:1:222:2:13:0:0,0,false,false,false,false,0
ENT72011,move to,LOC_중앙계곡,2026-08-09T08:59:36.000Z,21.37253413,-157.74166437,UAV 1,2,1:3001:1637,ENT72011,1:1:222:1:2:1:0,0,false,false,false,false,0
ENGAZ003,move to,LOC_적북측접근로,2026-08-09T08:59:36.000Z,21.37292258,-157.73431425,UAV 1,2,1:3001:1654,ENGAZ003,1:1:222:7:8:0:0,0,false,false,false,false,0
ENBTR80003,move to,LOC_중앙계곡,2026-08-09T08:59:36.000Z,21.37051763,-157.74032609,UAV 1,2,1:3001:1658,ENBTR80003,1:1:222:2:13:0:0,0,false,false,false,false,0
FRT80008,move to,LOC_중앙킬존남측,2026-08-09T08:59:36.000Z,21.38218786,-157.74948459,UAV 1,1,1:3001:1661,FRT80008,1:1:222:1:1:1:0,0,false,false,false,false,0
ENCAESAR003,move to,LOC_적북측접근로,2026-08-09T08:59:36.000Z,21.36994070,-157.73484703,UAV 1,2,1:3001:1687,ENCAESAR003,1:1:71:4:0:0:0,0,false,false,false,false,0
ENMORT001,none,,2026-08-09T08:59:36.000Z,21.37443553,-157.73716992,UAV 1,2,1:3001:1694,ENMORT001,1:1:71:10:1:0:1,0,false,false,false,false,0
ENBTR60007,move to,LOC_중앙계곡,2026-08-09T08:59:36.000Z,21.37006544,-157.74054504,UAV 1,2,1:3001:1720,ENBTR60007,1:1:222:2:8:1:0,0,false,false,false,false,0
ENBTR60008,move to,LOC_중앙계곡,2026-08-09T08:59:36.000Z,21.37011632,-157.74047949,UAV 1,2,1:3001:1731,ENBTR60008,1:1:222:2:8:1:0,0,false,false,false,false,0
FRTRK2002,move to,LOC_남측제1방어선,2026-08-09T08:59:36.000Z,21.38778971,-157.74912099,UAV 1,1,1:3001:1732,FRTRK2002,1:1:225:7:12:8:0,0,false,false,false,false,0
ENBTR80007,move to,LOC_중앙계곡,2026-08-09T08:59:36.000Z,21.37025359,-157.74035076,UAV 1,2,1:3001:1733,ENBTR80007,1:1:222:2:13:0:0,0,false,false,false,false,0
ENMORT002,none,,2026-08-09T08:59:36.000Z,21.37453609,-157.73721308,UAV 1,2,1:3001:1739,ENMORT002,1:1:71:10:1:0:1,0,false,false,false,false,0
ENGAZ004,move to,LOC_적북측접근로,2026-08-09T08:59:36.000Z,21.37298778,-157.73437314,UAV 1,2,1:3001:1743,ENGAZ004,1:1:222:7:8:0:0,0,false,false,false,false,0
ENBTR80005,move to,LOC_중앙계곡,2026-08-09T08:59:36.000Z,21.37038430,-157.74033827,UAV 1,2,1:3001:1751,ENBTR80005,1:1:222:2:13:0:0,0,false,false,false,false,0
ENMIM001,move to,LOC_적북측접근로,2026-08-09T08:59:36.000Z,21.37015095,-157.73819512,UAV 1,2,1:3001:1760,ENMIM001,1:1:225:28:2:0:0,0,false,false,false,false,0
ENCAESAR001,move to,LOC_적북측접근로,2026-08-09T08:59:36.000Z,21.37027386,-157.73636823,UAV 1,2,1:3001:1765,ENCAESAR001,1:1:71:4:0:0:0,0,false,false,false,false,0
ENMORT003,none,,2026-08-09T08:59:36.000Z,21.37463664,-157.73725624,UAV 1,2,1:3001:1770,ENMORT003,1:1:71:10:1:0:1,0,false,false,false,false,0
ENBTR60004,move to,LOC_중앙계곡,2026-08-09T08:59:36.000Z,21.37013133,-157.74059708,UAV 1,2,1:3001:1777,ENBTR60004,1:1:222:2:8:1:0,0,false,false,false,false,0
ENM1A2004,move to,LOC_중앙계곡,2026-08-09T08:59:36.000Z,21.37469835,-157.74254568,UAV 1,2,1:3001:1791,ENM1A2004,1:1:225:1:1:3:0,0,false,false,false,false,0
ENBTR60005,move to,LOC_중앙계곡,2026-08-09T08:59:36.000Z,21.37019307,-157.74053196,UAV 1,2,1:3001:1807,ENBTR60005,1:1:222:2:8:1:0,0,false,false,false,false,0
ENT72010,move to,LOC_중앙계곡,2026-08-09T08:59:36.000Z,21.37260768,-157.74157765,UAV 1,2,1:3001:1666,ENT72010,1:1:222:1:2:1:0,0,false,false,false,false,0
ENT72007,move to,LOC_중앙계곡,2026-08-09T08:59:36.000Z,21.37270793,-157.74164754,UAV 1,2,1:3001:1492,ENT72007,1:1:222:1:2:1:0,0,false,false,false,false,0
ENT72008,move to,LOC_중앙계곡,2026-08-09T08:59:36.000Z,21.37269895,-157.74156900,UAV 1,2,1:3001:1520,ENT72008,1:1:222:1:2:1:0,0,false,false,false,false,0
ENT72006,move to,LOC_중앙계곡,2026-08-09T08:59:36.000Z,21.37278686,-157.74156065,UAV 1,2,1:3001:1683,ENT72006,1:1:222:1:2:1:0,0,false,false,false,false,0
ENBTR80002,move to,LOC_중앙계곡,2026-08-09T08:59:36.000Z,21.37046369,-157.74039086,UAV 1,2,1:3001:1789,ENBTR80002,1:1:222:2:13:0:0,0,false,false,false,false,0
ENT72005,move to,LOC_중앙계곡,2026-08-09T08:59:36.000Z,21.37279588,-157.74163902,UAV 1,2,1:3001:1553,ENT72005,1:1:222:1:2:1:0,0,false,false,false,false,0
ENBTR60003,move to,LOC_중앙계곡,2026-08-09T08:59:36.000Z,21.37034754,-157.74052023,UAV 1,2,1:3001:1590,ENBTR60003,1:1:222:2:8:1:0,0,false,false,false,false,0
ENT72009,move to,LOC_중앙계곡,2026-08-09T08:59:36.000Z,21.37261788,-157.74165628,UAV 1,2,1:3001:1632,ENT72009,1:1:222:1:2:1:0,0,false,false,false,false,0
ENBTR60002,move to,LOC_중앙계곡,2026-08-09T08:59:36.000Z,21.37027886,-157.74058467,UAV 1,2,1:3001:1693,ENBTR60002,1:1:222:2:8:1:0,0,false,false,false,false,0
ENT72003,move to,LOC_중앙계곡,2026-08-09T08:59:36.000Z,21.37288432,-157.74163044,UAV 1,2,1:3001:1495,ENT72003,1:1:222:1:2:1:0,0,false,false,false,false,0
ENT72002,move to,LOC_중앙계곡,2026-08-09T08:59:36.000Z,21.37295679,-157.74154449,UAV 1,2,1:3001:1533,ENT72002,1:1:222:1:2:1:0,0,false,false,false,false,0
ENT72001,move to,LOC_중앙계곡,2026-08-09T08:59:36.000Z,21.37296672,-157.74162248,UAV 1,2,1:3001:1586,ENT72001,1:1:222:1:2:1:0,0,false,false,false,false,0
ENT72004,move to,LOC_중앙계곡,2026-08-09T08:59:36.000Z,21.37287275,-157.74155249,UAV 1,2,1:3001:1643,ENT72004,1:1:222:1:2:1:0,0,false,false,false,false,0
FRTRK2001,move to,LOC_남측제1방어선,2026-08-09T08:59:36.000Z,21.38786761,-157.74910133,UAV 1,1,1:3001:1728,FRTRK2001,1:1:225:7:12:8:0,0,false,false,false,false,0
M107 1,fired_by,,2026-08-09T08:59:36.000Z,21.37089979,-157.73495623,UAV 1,2,1:3001:1825,M107 1,2:9:225:2:14:2:0,0,false,false,false,false,0
M107 2,fired_by,,2026-08-09T08:59:36.000Z,21.37063705,-157.73496087,UAV 1,2,1:3001:1826,M107 2,2:9:225:2:14:2:0,0,false,false,false,false,0
M107 3,fired_by,,2026-08-09T08:59:36.000Z,21.39466837,-157.73741559,UAV 1,1,1:3001:1827,M107 3,2:9:225:2:14:2:0,0,false,false,false,false,0
M107 4,fired_by,,2026-08-09T08:59:36.000Z,21.39472729,-157.73755202,UAV 1,1,1:3001:1828,M107 4,2:9:225:2:14:2:0,0,false,false,false,false,0
M107 5,fired_by,,2026-08-09T08:59:36.000Z,21.39442820,-157.73723890,UAV 1,1,1:3001:1829,M107 5,2:9:225:2:14:2:0,0,false,false,false,false,0
ENM1A2003,move to,LOC_중앙계곡,2026-08-09T08:59:38.000Z,21.37471535,-157.74261776,UAV 1,2,1:3001:1469,ENM1A2003,1:1:225:1:1:3:0,0,false,false,false,false,0
FRTRK2004,move to,LOC_남측제1방어선,2026-08-09T08:59:38.000Z,21.38780072,-157.74920444,UAV 1,1,1:3001:1481,FRTRK2004,1:1:225:7:12:8:0,0,false,false,false,false,0
ENCAESAR002,move to,LOC_북측예비방어선,2026-08-09T08:59:38.000Z,21.37012533,-157.73491080,UAV 1,2,1:3001:1499,ENCAESAR002,1:1:71:4:0:0:0,0,false,false,false,false,0
ENT72012,move to,LOC_중앙계곡,2026-08-09T08:59:38.000Z,21.37251954,-157.74158602,UAV 1,2,1:3001:1500,ENT72012,1:1:222:1:2:1:0,0,false,false,false,false,0
ENBTR60001,move to,LOC_중앙계곡,2026-08-09T08:59:38.000Z,21.37022023,-157.74064979,UAV 1,2,1:3001:1507,ENBTR60001,1:1:222:2:8:1:0,0,false,false,false,false,0
ENMORT005,none,,2026-08-09T08:59:38.000Z,21.37457651,-157.73710572,UAV 1,2,1:3001:1512,ENMORT005,1:1:71:10:1:0:1,0,false,false,false,false,0
ENM1A2001,move to,LOC_중앙계곡,2026-08-09T08:59:38.000Z,21.37476280,-157.74275715,UAV 1,2,1:3001:1513,ENM1A2001,1:1:225:1:1:3:0,0,false,false,false,false,0
ENM1A2005,move to,LOC_중앙계곡,2026-08-09T08:59:38.000Z,21.37467538,-157.74247576,UAV 1,2,1:3001:1526,ENM1A2005,1:1:225:1:1:3:0,0,false,false,false,false,0
FRT69001,move to,LOC_중앙킬존남측,2026-08-09T08:59:38.000Z,21.38622622,-157.73660149,UAV 1,1,1:3001:1530,FRT69001,1:1:45:1:2:1:0,0,false,false,false,false,0
ENMORT004,none,,2026-08-09T08:59:38.000Z,21.37447596,-157.73706256,UAV 1,2,1:3001:1535,ENMORT004,1:1:71:10:1:0:1,0,false,false,false,false,0
ENGAZ001,move to,LOC_적북측접근로,2026-08-09T08:59:38.000Z,21.37291185,-157.73435844,UAV 1,2,1:3001:1559,ENGAZ001,1:1:222:7:8:0:0,0,false,false,false,false,0
ENBTR60006,move to,LOC_중앙계곡,2026-08-09T08:59:38.000Z,21.37026156,-157.74046743,UAV 1,2,1:3001:1568,ENBTR60006,1:1:222:2:8:1:0,0,false,false,false,false,0
ENBTR80004,move to,LOC_중앙계곡,2026-08-09T08:59:38.000Z,21.37033219,-157.74040336,UAV 1,2,1:3001:1584,ENBTR80004,1:1:222:2:13:0:0,0,false,false,false,false,0
ENM1A2002,move to,LOC_중앙계곡,2026-08-09T08:59:38.000Z,21.37474324,-157.74268589,UAV 1,2,1:3001:1598,ENM1A2002,1:1:225:1:1:3:0,0,false,false,false,false,0
ENBTR80001,move to,LOC_중앙계곡,2026-08-09T08:59:38.000Z,21.37040381,-157.74045536,UAV 1,2,1:3001:1602,ENBTR80001,1:1:222:2:13:0:0,0,false,false,false,false,0
ENCAESAR004,move to,LOC_북측예비방어선,2026-08-09T08:59:38.000Z,21.37058218,-157.73607768,UAV 1,2,1:3001:1603,ENCAESAR004,1:1:71:4:0:0:0,0,false,false,false,false,0
ENGAZ002,move to,LOC_적북측접근로,2026-08-09T08:59:38.000Z,21.37297542,-157.73442620,UAV 1,2,1:3001:1626,ENGAZ002,1:1:222:7:8:0:0,0,false,false,false,false,0
ENBTR80006,move to,LOC_중앙계곡,2026-08-09T08:59:38.000Z,21.37044370,-157.74027384,UAV 1,2,1:3001:1633,ENBTR80006,1:1:222:2:13:0:0,0,false,false,false,false,0
ENT72011,move to,LOC_중앙계곡,2026-08-09T08:59:38.000Z,21.37253413,-157.74166437,UAV 1,2,1:3001:1637,ENT72011,1:1:222:1:2:1:0,0,false,false,false,false,0
ENGAZ003,move to,LOC_적북측접근로,2026-08-09T08:59:38.000Z,21.37292258,-157.73431425,UAV 1,2,1:3001:1654,ENGAZ003,1:1:222:7:8:0:0,0,false,false,false,false,0
ENBTR80003,move to,LOC_중앙계곡,2026-08-09T08:59:38.000Z,21.37051763,-157.74032609,UAV 1,2,1:3001:1658,ENBTR80003,1:1:222:2:13:0:0,0,false,false,false,false,0
FRT80008,move to,LOC_중앙킬존남측,2026-08-09T08:59:38.000Z,21.38218786,-157.74948459,UAV 1,1,1:3001:1661,FRT80008,1:1:222:1:1:1:0,0,false,false,false,false,0
ENCAESAR003,move to,LOC_적북측접근로,2026-08-09T08:59:38.000Z,21.36994070,-157.73484703,UAV 1,2,1:3001:1687,ENCAESAR003,1:1:71:4:0:0:0,0,false,false,false,false,0
ENMORT001,none,,2026-08-09T08:59:38.000Z,21.37443553,-157.73716992,UAV 1,2,1:3001:1694,ENMORT001,1:1:71:10:1:0:1,0,false,false,false,false,0
ENBTR60007,move to,LOC_중앙계곡,2026-08-09T08:59:38.000Z,21.37006544,-157.74054504,UAV 1,2,1:3001:1720,ENBTR60007,1:1:222:2:8:1:0,0,false,false,false,false,0
ENBTR60008,move to,LOC_중앙계곡,2026-08-09T08:59:38.000Z,21.37011632,-157.74047949,UAV 1,2,1:3001:1731,ENBTR60008,1:1:222:2:8:1:0,0,false,false,false,false,0
FRTRK2002,move to,LOC_남측제1방어선,2026-08-09T08:59:38.000Z,21.38778971,-157.74912099,UAV 1,1,1:3001:1732,FRTRK2002,1:1:225:7:12:8:0,0,false,false,false,false,0
ENBTR80007,move to,LOC_중앙계곡,2026-08-09T08:59:38.000Z,21.37025359,-157.74035076,UAV 1,2,1:3001:1733,ENBTR80007,1:1:222:2:13:0:0,0,false,false,false,false,0
ENMORT002,none,,2026-08-09T08:59:38.000Z,21.37453609,-157.73721308,UAV 1,2,1:3001:1739,ENMORT002,1:1:71:10:1:0:1,0,false,false,false,false,0
ENGAZ004,move to,LOC_적북측접근로,2026-08-09T08:59:38.000Z,21.37298778,-157.73437314,UAV 1,2,1:3001:1743,ENGAZ004,1:1:222:7:8:0:0,0,false,false,false,false,0
ENBTR80005,move to,LOC_중앙계곡,2026-08-09T08:59:38.000Z,21.37038430,-157.74033827,UAV 1,2,1:3001:1751,ENBTR80005,1:1:222:2:13:0:0,0,false,false,false,false,0
ENMIM001,move to,LOC_적북측접근로,2026-08-09T08:59:38.000Z,21.37015095,-157.73819512,UAV 1,2,1:3001:1760,ENMIM001,1:1:225:28:2:0:0,0,false,false,false,false,0
ENCAESAR001,move to,LOC_적북측접근로,2026-08-09T08:59:38.000Z,21.37027386,-157.73636823,UAV 1,2,1:3001:1765,ENCAESAR001,1:1:71:4:0:0:0,0,false,false,false,false,0
ENMORT003,none,,2026-08-09T08:59:38.000Z,21.37463664,-157.73725624,UAV 1,2,1:3001:1770,ENMORT003,1:1:71:10:1:0:1,0,false,false,false,false,0
ENBTR60004,move to,LOC_중앙계곡,2026-08-09T08:59:38.000Z,21.37013133,-157.74059708,UAV 1,2,1:3001:1777,ENBTR60004,1:1:222:2:8:1:0,0,false,false,false,false,0
ENM1A2004,move to,LOC_중앙계곡,2026-08-09T08:59:38.000Z,21.37469835,-157.74254568,UAV 1,2,1:3001:1791,ENM1A2004,1:1:225:1:1:3:0,0,false,false,false,false,0
ENBTR60005,move to,LOC_중앙계곡,2026-08-09T08:59:38.000Z,21.37019307,-157.74053196,UAV 1,2,1:3001:1807,ENBTR60005,1:1:222:2:8:1:0,0,false,false,false,false,0
ENT72010,move to,LOC_중앙계곡,2026-08-09T08:59:38.000Z,21.37260768,-157.74157765,UAV 1,2,1:3001:1666,ENT72010,1:1:222:1:2:1:0,0,false,false,false,false,0
ENT72007,move to,LOC_중앙계곡,2026-08-09T08:59:38.000Z,21.37270793,-157.74164754,UAV 1,2,1:3001:1492,ENT72007,1:1:222:1:2:1:0,0,false,false,false,false,0
ENT72008,move to,LOC_중앙계곡,2026-08-09T08:59:38.000Z,21.37269895,-157.74156900,UAV 1,2,1:3001:1520,ENT72008,1:1:222:1:2:1:0,0,false,false,false,false,0
ENT72006,move to,LOC_중앙계곡,2026-08-09T08:59:38.000Z,21.37278686,-157.74156065,UAV 1,2,1:3001:1683,ENT72006,1:1:222:1:2:1:0,0,false,false,false,false,0
ENBTR80002,move to,LOC_중앙계곡,2026-08-09T08:59:38.000Z,21.37046369,-157.74039086,UAV 1,2,1:3001:1789,ENBTR80002,1:1:222:2:13:0:0,0,false,false,false,false,0
ENT72005,move to,LOC_중앙계곡,2026-08-09T08:59:38.000Z,21.37279588,-157.74163902,UAV 1,2,1:3001:1553,ENT72005,1:1:222:1:2:1:0,0,false,false,false,false,0
ENBTR60003,move to,LOC_중앙계곡,2026-08-09T08:59:38.000Z,21.37034754,-157.74052023,UAV 1,2,1:3001:1590,ENBTR60003,1:1:222:2:8:1:0,0,false,false,false,false,0
ENT72009,move to,LOC_중앙계곡,2026-08-09T08:59:38.000Z,21.37261788,-157.74165628,UAV 1,2,1:3001:1632,ENT72009,1:1:222:1:2:1:0,0,false,false,false,false,0
ENBTR60002,move to,LOC_중앙계곡,2026-08-09T08:59:38.000Z,21.37027886,-157.74058467,UAV 1,2,1:3001:1693,ENBTR60002,1:1:222:2:8:1:0,0,false,false,false,false,0
ENT72003,move to,LOC_중앙계곡,2026-08-09T08:59:38.000Z,21.37288432,-157.74163044,UAV 1,2,1:3001:1495,ENT72003,1:1:222:1:2:1:0,0,false,false,false,false,0
ENT72002,move to,LOC_중앙계곡,2026-08-09T08:59:38.000Z,21.37295679,-157.74154449,UAV 1,2,1:3001:1533,ENT72002,1:1:222:1:2:1:0,0,false,false,false,false,0
ENT72001,move to,LOC_중앙계곡,2026-08-09T08:59:38.000Z,21.37296672,-157.74162248,UAV 1,2,1:3001:1586,ENT72001,1:1:222:1:2:1:0,0,false,false,false,false,0
ENT72004,move to,LOC_중앙계곡,2026-08-09T08:59:38.000Z,21.37287275,-157.74155249,UAV 1,2,1:3001:1643,ENT72004,1:1:222:1:2:1:0,0,false,false,false,false,0
FRTRK2001,move to,LOC_남측제1방어선,2026-08-09T08:59:38.000Z,21.38786761,-157.74910133,UAV 1,1,1:3001:1728,FRTRK2001,1:1:225:7:12:8:0,0,false,false,false,false,0
M107 1,fired_by,,2026-08-09T08:59:38.000Z,21.37089979,-157.73495623,UAV 1,2,1:3001:1825,M107 1,2:9:225:2:14:2:0,0,false,false,false,false,0
M107 2,fired_by,,2026-08-09T08:59:38.000Z,21.37063705,-157.73496087,UAV 1,2,1:3001:1826,M107 2,2:9:225:2:14:2:0,0,false,false,false,false,0
M107 3,fired_by,,2026-08-09T08:59:38.000Z,21.39466837,-157.73741559,UAV 1,1,1:3001:1827,M107 3,2:9:225:2:14:2:0,0,false,false,false,false,0
M107 4,fired_by,,2026-08-09T08:59:38.000Z,21.39472729,-157.73755202,UAV 1,1,1:3001:1828,M107 4,2:9:225:2:14:2:0,0,false,false,false,false,0
M107 5,fired_by,,2026-08-09T08:59:38.000Z,21.39442820,-157.73723890,UAV 1,1,1:3001:1829,M107 5,2:9:225:2:14:2:0,0,false,false,false,false,0
ENM1A2003,move to,LOC_중앙계곡,2026-08-09T08:59:39.000Z,21.37489386,-157.74255246,UAV 1,2,1:3001:1469,ENM1A2003,1:1:225:1:1:3:0,0,false,false,false,false,0
FRTRK2004,move to,LOC_남측제1방어선,2026-08-09T08:59:39.000Z,21.38777870,-157.74901441,UAV 1,1,1:3001:1481,FRTRK2004,1:1:225:7:12:8:0,0,false,false,false,false,0
ENCAESAR002,move to,LOC_북측예비방어선,2026-08-09T08:59:39.000Z,21.37019263,-157.73508038,UAV 1,2,1:3001:1499,ENCAESAR002,1:1:71:4:0:0:0,0,false,false,false,false,0
ENT72012,move to,LOC_중앙계곡,2026-08-09T08:59:39.000Z,21.37270151,-157.74156965,UAV 1,2,1:3001:1500,ENT72012,1:1:222:1:2:1:0,0,false,false,false,false,0
ENBTR60001,move to,LOC_중앙계곡,2026-08-09T08:59:39.000Z,21.37040338,-157.74065671,UAV 1,2,1:3001:1507,ENBTR60001,1:1:222:2:8:1:0,0,false,false,false,false,0
ENMORT005,none,,2026-08-09T08:59:39.000Z,21.37457651,-157.73710572,UAV 1,2,1:3001:1512,ENMORT005,1:1:71:10:1:0:1,0,false,false,false,false,0
ENM1A2001,move to,LOC_중앙계곡,2026-08-09T08:59:39.000Z,21.37494260,-157.74268498,UAV 1,2,1:3001:1513,ENM1A2001,1:1:225:1:1:3:0,0,false,false,false,false,0
ENM1A2005,move to,LOC_중앙계곡,2026-08-09T08:59:39.000Z,21.37485022,-157.74241789,UAV 1,2,1:3001:1526,ENM1A2005,1:1:225:1:1:3:0,0,false,false,false,false,0
FRT69001,move to,LOC_중앙킬존남측,2026-08-09T08:59:39.000Z,21.38613359,-157.73677031,UAV 1,1,1:3001:1530,FRT69001,1:1:45:1:2:1:0,0,false,false,false,false,0
ENMORT004,none,,2026-08-09T08:59:39.000Z,21.37447596,-157.73706256,UAV 1,2,1:3001:1535,ENMORT004,1:1:71:10:1:0:1,0,false,false,false,false,0
ENBTR60006,move to,LOC_중앙계곡,2026-08-09T08:59:39.000Z,21.37044023,-157.74047787,UAV 1,2,1:3001:1568,ENBTR60006,1:1:222:2:8:1:0,0,false,false,false,false,0
ENBTR80004,move to,LOC_중앙계곡,2026-08-09T08:59:39.000Z,21.37050972,-157.74041510,UAV 1,2,1:3001:1584,ENBTR80004,1:1:222:2:13:0:0,0,false,false,false,false,0
ENM1A2002,move to,LOC_중앙계곡,2026-08-09T08:59:39.000Z,21.37491944,-157.74261831,UAV 1,2,1:3001:1598,ENM1A2002,1:1:225:1:1:3:0,0,false,false,false,false,0
ENBTR80001,move to,LOC_중앙계곡,2026-08-09T08:59:39.000Z,21.37058400,-157.74046630,UAV 1,2,1:3001:1602,ENBTR80001,1:1:222:2:13:0:0,0,false,false,false,false,0
ENCAESAR004,move to,LOC_북측예비방어선,2026-08-09T08:59:39.000Z,21.37065469,-157.73625995,UAV 1,2,1:3001:1603,ENCAESAR004,1:1:71:4:0:0:0,0,false,false,false,false,0
ENGAZ002,move to,LOC_적북측접근로,2026-08-09T08:59:39.000Z,21.37295228,-157.73452909,UAV 1,2,1:3001:1626,ENGAZ002,1:1:222:7:8:0:0,0,false,false,false,false,0
ENBTR80006,move to,LOC_중앙계곡,2026-08-09T08:59:39.000Z,21.37062390,-157.74028858,UAV 1,2,1:3001:1633,ENBTR80006,1:1:222:2:13:0:0,0,false,false,false,false,0
ENT72011,move to,LOC_중앙계곡,2026-08-09T08:59:39.000Z,21.37271632,-157.74164580,UAV 1,2,1:3001:1637,ENT72011,1:1:222:1:2:1:0,0,false,false,false,false,0
ENGAZ003,move to,LOC_적북측접근로,2026-08-09T08:59:39.000Z,21.37290007,-157.73441927,UAV 1,2,1:3001:1654,ENGAZ003,1:1:222:7:8:0:0,0,false,false,false,false,0
ENBTR80003,move to,LOC_중앙계곡,2026-08-09T08:59:39.000Z,21.37070971,-157.74034078,UAV 1,2,1:3001:1658,ENBTR80003,1:1:222:2:13:0:0,0,false,false,false,false,0
FRT80008,move to,LOC_중앙킬존남측,2026-08-09T08:59:39.000Z,21.38211022,-157.74930747,UAV 1,1,1:3001:1661,FRT80008,1:1:222:1:1:1:0,0,false,false,false,false,0
ENCAESAR003,move to,LOC_적북측접근로,2026-08-09T08:59:39.000Z,21.36997857,-157.73503488,UAV 1,2,1:3001:1687,ENCAESAR003,1:1:71:4:0:0:0,0,false,false,false,false,0
ENMORT001,none,,2026-08-09T08:59:39.000Z,21.37443553,-157.73716992,UAV 1,2,1:3001:1694,ENMORT001,1:1:71:10:1:0:1,0,false,false,false,false,0
ENBTR60007,move to,LOC_중앙계곡,2026-08-09T08:59:39.000Z,21.37025014,-157.74055400,UAV 1,2,1:3001:1720,ENBTR60007,1:1:222:2:8:1:0,0,false,false,false,false,0
ENBTR60008,move to,LOC_중앙계곡,2026-08-09T08:59:39.000Z,21.37030229,-157.74048993,UAV 1,2,1:3001:1731,ENBTR60008,1:1:222:2:8:1:0,0,false,false,false,false,0
FRTRK2002,move to,LOC_남측제1방어선,2026-08-09T08:59:39.000Z,21.38776723,-157.74892676,UAV 1,1,1:3001:1732,FRTRK2002,1:1:225:7:12:8:0,0,false,false,false,false,0
ENBTR80007,move to,LOC_중앙계곡,2026-08-09T08:59:39.000Z,21.37043271,-157.74036356,UAV 1,2,1:3001:1733,ENBTR80007,1:1:222:2:13:0:0,0,false,false,false,false,0
ENMORT002,none,,2026-08-09T08:59:39.000Z,21.37453609,-157.73721308,UAV 1,2,1:3001:1739,ENMORT002,1:1:71:10:1:0:1,0,false,false,false,false,0
ENGAZ004,move to,LOC_적북측접근로,2026-08-09T08:59:39.000Z,21.37296437,-157.73447719,UAV 1,2,1:3001:1743,ENGAZ004,1:1:222:7:8:0:0,0,false,false,false,false,0
ENBTR80005,move to,LOC_중앙계곡,2026-08-09T08:59:39.000Z,21.37055921,-157.74035120,UAV 1,2,1:3001:1751,ENBTR80005,1:1:222:2:13:0:0,0,false,false,false,false,0
ENMIM001,move to,LOC_적북측접근로,2026-08-09T08:59:39.000Z,21.37021711,-157.73839397,UAV 1,2,1:3001:1760,ENMIM001,1:1:225:28:2:0:0,0,false,false,false,false,0
ENCAESAR001,move to,LOC_적북측접근로,2026-08-09T08:59:39.000Z,21.37031093,-157.73655670,UAV 1,2,1:3001:1765,ENCAESAR001,1:1:71:4:0:0:0,0,false,false,false,false,0
ENMORT003,none,,2026-08-09T08:59:39.000Z,21.37463664,-157.73725624,UAV 1,2,1:3001:1770,ENMORT003,1:1:71:10:1:0:1,0,false,false,false,false,0
ENBTR60004,move to,LOC_중앙계곡,2026-08-09T08:59:39.000Z,21.37031656,-157.74060509,UAV 1,2,1:3001:1777,ENBTR60004,1:1:222:2:8:1:0,0,false,false,false,false,0
ENM1A2004,move to,LOC_중앙계곡,2026-08-09T08:59:39.000Z,21.37487326,-157.74248476,UAV 1,2,1:3001:1791,ENM1A2004,1:1:225:1:1:3:0,0,false,false,false,false,0
ENBTR60005,move to,LOC_중앙계곡,2026-08-09T08:59:39.000Z,21.37037621,-157.74054126,UAV 1,2,1:3001:1807,ENBTR60005,1:1:222:2:8:1:0,0,false,false,false,false,0
ENT72010,move to,LOC_중앙계곡,2026-08-09T08:59:39.000Z,21.37279048,-157.74156122,UAV 1,2,1:3001:1666,ENT72010,1:1:222:1:2:1:0,0,false,false,false,false,0
ENT72007,move to,LOC_중앙계곡,2026-08-09T08:59:39.000Z,21.37288925,-157.74162904,UAV 1,2,1:3001:1492,ENT72007,1:1:222:1:2:1:0,0,false,false,false,false,0
ENT72008,move to,LOC_중앙계곡,2026-08-09T08:59:39.000Z,21.37288095,-157.74155266,UAV 1,2,1:3001:1520,ENT72008,1:1:222:1:2:1:0,0,false,false,false,false,0
ENT72006,move to,LOC_중앙계곡,2026-08-09T08:59:39.000Z,21.37296808,-157.74154439,UAV 1,2,1:3001:1683,ENT72006,1:1:222:1:2:1:0,0,false,false,false,false,0
ENBTR80002,move to,LOC_중앙계곡,2026-08-09T08:59:39.000Z,21.37065196,-157.74040377,UAV 1,2,1:3001:1789,ENBTR80002,1:1:222:2:13:0:0,0,false,false,false,false,0
ENT72005,move to,LOC_중앙계곡,2026-08-09T08:59:39.000Z,21.37297684,-157.74162054,UAV 1,2,1:3001:1553,ENT72005,1:1:222:1:2:1:0,0,false,false,false,false,0
ENBTR60003,move to,LOC_중앙계곡,2026-08-09T08:59:39.000Z,21.37052765,-157.74052978,UAV 1,2,1:3001:1590,ENBTR60003,1:1:222:2:8:1:0,0,false,false,false,false,0
ENT72009,move to,LOC_중앙계곡,2026-08-09T08:59:39.000Z,21.37280737,-157.74163695,UAV 1,2,1:3001:1632,ENT72009,1:1:222:1:2:1:0,0,false,false,false,false,0
ENBTR60002,move to,LOC_중앙계곡,2026-08-09T08:59:39.000Z,21.37046464,-157.74059309,UAV 1,2,1:3001:1693,ENBTR60002,1:1:222:2:8:1:0,0,false,false,false,false,0
ENT72003,move to,LOC_중앙계곡,2026-08-09T08:59:39.000Z,21.37306478,-157.74161200,UAV 1,2,1:3001:1495,ENT72003,1:1:222:1:2:1:0,0,false,false,false,false,0
ENT72002,move to,LOC_중앙계곡,2026-08-09T08:59:39.000Z,21.37313810,-157.74152825,UAV 1,2,1:3001:1533,ENT72002,1:1:222:1:2:1:0,0,false,false,false,false,0
ENT72001,move to,LOC_중앙계곡,2026-08-09T08:59:39.000Z,21.37314772,-157.74160397,UAV 1,2,1:3001:1586,ENT72001,1:1:222:1:2:1:0,0,false,false,false,false,0
ENT72004,move to,LOC_중앙계곡,2026-08-09T08:59:39.000Z,21.37305398,-157.74153624,UAV 1,2,1:3001:1643,ENT72004,1:1:222:1:2:1:0,0,false,false,false,false,0
M107 3,fired_by,,2026-08-09T08:59:39.000Z,21.39292854,-157.73762116,UAV 1,1,1:3001:1827,M107 3,2:9:225:2:14:2:0,0,false,false,false,false,0
M107 4,fired_by,,2026-08-09T08:59:39.000Z,21.39317706,-157.73761353,UAV 1,1,1:3001:1828,M107 4,2:9:225:2:14:2:0,0,false,false,false,false,0
M107 5,fired_by,,2026-08-09T08:59:39.000Z,21.39238503,-157.73685539,UAV 1,1,1:3001:1829,M107 5,2:9:225:2:14:2:0,0,false,false,false,false,0
ENM35001,move to,LOC_적북측접근로,2026-08-09T08:59:39.000Z,21.37300415,-157.73463739,UAV 1,2,1:3001:1659,ENM35001,1:1:225:7:1:6:0,0,false,false,false,false,0
ENM1A2003,move to,LOC_중앙계곡,2026-08-09T08:59:41.000Z,21.37506730,-157.74248901,UAV 1,2,1:3001:1469,ENM1A2003,1:1:225:1:1:3:0,0,false,false,false,false,0
ENCAESAR002,move to,LOC_북측예비방어선,2026-08-09T08:59:41.000Z,21.37026648,-157.73526645,UAV 1,2,1:3001:1499,ENCAESAR002,1:1:71:4:0:0:0,0,false,false,false,false,0
ENT72012,move to,LOC_중앙계곡,2026-08-09T08:59:41.000Z,21.37287689,-157.74155388,UAV 1,2,1:3001:1500,ENT72012,1:1:222:1:2:1:0,0,false,false,false,false,0
ENBTR60001,move to,LOC_중앙계곡,2026-08-09T08:59:41.000Z,21.37058500,-157.74066357,UAV 1,2,1:3001:1507,ENBTR60001,1:1:222:2:8:1:0,0,false,false,false,false,0
ENMORT005,none,,2026-08-09T08:59:41.000Z,21.37457651,-157.73710572,UAV 1,2,1:3001:1512,ENMORT005,1:1:71:10:1:0:1,0,false,false,false,false,0
ENM1A2001,move to,LOC_중앙계곡,2026-08-09T08:59:41.000Z,21.37511266,-157.74261673,UAV 1,2,1:3001:1513,ENM1A2001,1:1:225:1:1:3:0,0,false,false,false,false,0
ENM1A2005,move to,LOC_중앙계곡,2026-08-09T08:59:41.000Z,21.37502533,-157.74235993,UAV 1,2,1:3001:1526,ENM1A2005,1:1:225:1:1:3:0,0,false,false,false,false,0
FRT69001,move to,LOC_중앙킬존남측,2026-08-09T08:59:41.000Z,21.38604433,-157.73693300,UAV 1,1,1:3001:1530,FRT69001,1:1:45:1:2:1:0,0,false,false,false,false,0
ENMORT004,none,,2026-08-09T08:59:41.000Z,21.37447596,-157.73706256,UAV 1,2,1:3001:1535,ENMORT004,1:1:71:10:1:0:1,0,false,false,false,false,0
ENBTR60006,move to,LOC_중앙계곡,2026-08-09T08:59:41.000Z,21.37061918,-157.74048832,UAV 1,2,1:3001:1568,ENBTR60006,1:1:222:2:8:1:0,0,false,false,false,false,0
ENBTR80004,move to,LOC_중앙계곡,2026-08-09T08:59:41.000Z,21.37069831,-157.74042757,UAV 1,2,1:3001:1584,ENBTR80004,1:1:222:2:13:0:0,0,false,false,false,false,0
ENBTR80001,move to,LOC_중앙계곡,2026-08-09T08:59:41.000Z,21.37077416,-157.74047785,UAV 1,2,1:3001:1602,ENBTR80001,1:1:222:2:13:0:0,0,false,false,false,false,0
ENCAESAR004,move to,LOC_북측예비방어선,2026-08-09T08:59:41.000Z,21.37072179,-157.73642864,UAV 1,2,1:3001:1603,ENCAESAR004,1:1:71:4:0:0:0,0,false,false,false,false,0
ENGAZ002,move to,LOC_적북측접근로,2026-08-09T08:59:41.000Z,21.37292611,-157.73464541,UAV 1,2,1:3001:1626,ENGAZ002,1:1:222:7:8:0:0,0,false,false,false,false,0
ENBTR80006,move to,LOC_중앙계곡,2026-08-09T08:59:41.000Z,21.37080966,-157.74030378,UAV 1,2,1:3001:1633,ENBTR80006,1:1:222:2:13:0:0,0,false,false,false,false,0
ENT72011,move to,LOC_중앙계곡,2026-08-09T08:59:41.000Z,21.37289264,-157.74162783,UAV 1,2,1:3001:1637,ENT72011,1:1:222:1:2:1:0,0,false,false,false,false,0
ENGAZ003,move to,LOC_적북측접근로,2026-08-09T08:59:41.000Z,21.37287868,-157.73451904,UAV 1,2,1:3001:1654,ENGAZ003,1:1:222:7:8:0:0,0,false,false,false,false,0
ENBTR80003,move to,LOC_중앙계곡,2026-08-09T08:59:41.000Z,21.37088142,-157.74035391,UAV 1,2,1:3001:1658,ENBTR80003,1:1:222:2:13:0:0,0,false,false,false,false,0
FRT80008,move to,LOC_중앙킬존남측,2026-08-09T08:59:41.000Z,21.38203505,-157.74913600,UAV 1,1,1:3001:1661,FRT80008,1:1:222:1:1:1:0,0,false,false,false,false,0
ENCAESAR003,move to,LOC_적북측접근로,2026-08-09T08:59:41.000Z,21.37001818,-157.73523135,UAV 1,2,1:3001:1687,ENCAESAR003,1:1:71:4:0:0:0,0,false,false,false,false,0
ENMORT001,none,,2026-08-09T08:59:41.000Z,21.37443553,-157.73716992,UAV 1,2,1:3001:1694,ENMORT001,1:1:71:10:1:0:1,0,false,false,false,false,0
ENBTR60007,move to,LOC_중앙계곡,2026-08-09T08:59:41.000Z,21.37042582,-157.74056252,UAV 1,2,1:3001:1720,ENBTR60007,1:1:222:2:8:1:0,0,false,false,false,false,0
ENBTR60008,move to,LOC_중앙계곡,2026-08-09T08:59:41.000Z,21.37047606,-157.74049969,UAV 1,2,1:3001:1731,ENBTR60008,1:1:222:2:8:1:0,0,false,false,false,false,0
FRTRK2002,move to,LOC_남측제1방어선,2026-08-09T08:59:41.000Z,21.38775611,-157.74883060,UAV 1,1,1:3001:1732,FRTRK2002,1:1:225:7:12:8:0,0,false,false,false,false,0
ENBTR80007,move to,LOC_중앙계곡,2026-08-09T08:59:41.000Z,21.37060801,-157.74037608,UAV 1,2,1:3001:1733,ENBTR80007,1:1:222:2:13:0:0,0,false,false,false,false,0
ENMORT002,none,,2026-08-09T08:59:41.000Z,21.37453609,-157.73721308,UAV 1,2,1:3001:1739,ENMORT002,1:1:71:10:1:0:1,0,false,false,false,false,0
ENGAZ004,move to,LOC_적북측접근로,2026-08-09T08:59:41.000Z,21.37294194,-157.73457686,UAV 1,2,1:3001:1743,ENGAZ004,1:1:222:7:8:0:0,0,false,false,false,false,0
ENBTR80005,move to,LOC_중앙계곡,2026-08-09T08:59:41.000Z,21.37075223,-157.74036547,UAV 1,2,1:3001:1751,ENBTR80005,1:1:222:2:13:0:0,0,false,false,false,false,0
ENMIM001,move to,LOC_적북측접근로,2026-08-09T08:59:41.000Z,21.37027628,-157.73857183,UAV 1,2,1:3001:1760,ENMIM001,1:1:225:28:2:0:0,0,false,false,false,false,0
ENCAESAR001,move to,LOC_적북측접근로,2026-08-09T08:59:41.000Z,21.37034813,-157.73674585,UAV 1,2,1:3001:1765,ENCAESAR001,1:1:71:4:0:0:0,0,false,false,false,false,0
ENMORT003,none,,2026-08-09T08:59:41.000Z,21.37463664,-157.73725624,UAV 1,2,1:3001:1770,ENMORT003,1:1:71:10:1:0:1,0,false,false,false,false,0
ENBTR60004,move to,LOC_중앙계곡,2026-08-09T08:59:41.000Z,21.37049620,-157.74061285,UAV 1,2,1:3001:1777,ENBTR60004,1:1:222:2:8:1:0,0,false,false,false,false,0
ENBTR60005,move to,LOC_중앙계곡,2026-08-09T08:59:41.000Z,21.37055405,-157.74055029,UAV 1,2,1:3001:1807,ENBTR60005,1:1:222:2:8:1:0,0,false,false,false,false,0
ENT72010,move to,LOC_중앙계곡,2026-08-09T08:59:41.000Z,21.37296519,-157.74154552,UAV 1,2,1:3001:1666,ENT72010,1:1:222:1:2:1:0,0,false,false,false,false,0
ENT72007,move to,LOC_중앙계곡,2026-08-09T08:59:41.000Z,21.37306400,-157.74161120,UAV 1,2,1:3001:1492,ENT72007,1:1:222:1:2:1:0,0,false,false,false,false,0
ENT72008,move to,LOC_중앙계곡,2026-08-09T08:59:41.000Z,21.37305580,-157.74153696,UAV 1,2,1:3001:1520,ENT72008,1:1:222:1:2:1:0,0,false,false,false,false,0
ENT72006,move to,LOC_중앙계곡,2026-08-09T08:59:41.000Z,21.37314265,-157.74152873,UAV 1,2,1:3001:1683,ENT72006,1:1:222:1:2:1:0,0,false,false,false,false,0
ENBTR80002,move to,LOC_중앙계곡,2026-08-09T08:59:41.000Z,21.37083463,-157.74041629,UAV 1,2,1:3001:1789,ENBTR80002,1:1:222:2:13:0:0,0,false,false,false,false,0
ENT72005,move to,LOC_중앙계곡,2026-08-09T08:59:41.000Z,21.37315022,-157.74160283,UAV 1,2,1:3001:1553,ENT72005,1:1:222:1:2:1:0,0,false,false,false,false,0
ENBTR60003,move to,LOC_중앙계곡,2026-08-09T08:59:41.000Z,21.37071141,-157.74053952,UAV 1,2,1:3001:1590,ENBTR60003,1:1:222:2:8:1:0,0,false,false,false,false,0
ENT72009,move to,LOC_중앙계곡,2026-08-09T08:59:41.000Z,21.37297711,-157.74161964,UAV 1,2,1:3001:1632,ENT72009,1:1:222:1:2:1:0,0,false,false,false,false,0
ENBTR60002,move to,LOC_중앙계곡,2026-08-09T08:59:41.000Z,21.37064526,-157.74060128,UAV 1,2,1:3001:1693,ENBTR60002,1:1:222:2:8:1:0,0,false,false,false,false,0
ENT72003,move to,LOC_중앙계곡,2026-08-09T08:59:41.000Z,21.37324024,-157.74159406,UAV 1,2,1:3001:1495,ENT72003,1:1:222:1:2:1:0,0,false,false,false,false,0
ENT72002,move to,LOC_중앙계곡,2026-08-09T08:59:41.000Z,21.37331491,-157.74151242,UAV 1,2,1:3001:1533,ENT72002,1:1:222:1:2:1:0,0,false,false,false,false,0
ENT72001,move to,LOC_중앙계곡,2026-08-09T08:59:41.000Z,21.37332337,-157.74158600,UAV 1,2,1:3001:1586,ENT72001,1:1:222:1:2:1:0,0,false,false,false,false,0
ENT72004,move to,LOC_중앙계곡,2026-08-09T08:59:41.000Z,21.37322956,-157.74152050,UAV 1,2,1:3001:1643,ENT72004,1:1:222:1:2:1:0,0,false,false,false,false,0
ENM35001,move to,LOC_적북측접근로,2026-08-09T08:59:41.000Z,21.37296082,-157.73482127,UAV 1,2,1:3001:1659,ENM35001,1:1:225:7:1:6:0,0,false,false,false,false,0
FRTRK1003,move to,LOC_남측제1방어선,2026-08-09T08:59:41.000Z,21.38791215,-157.74882971,UAV 1,1,1:3001:1519,FRTRK1003,1:1:225:7:12:0:0,0,false,false,false,false,0
ENGAZ001,move to,LOC_적북측접근로,2026-08-09T08:59:41.000Z,21.37286720,-157.73456684,UAV 1,2,1:3001:1559,ENGAZ001,1:1:222:7:8:0:0,0,false,false,false,false,0
FRTRK1002,move to,LOC_남측제1방어선,2026-08-09T08:59:41.000Z,21.38798229,-157.74877039,UAV 1,1,1:3001:1758,FRTRK1002,1:1:225:7:12:0:0,0,false,false,false,false,0
ENM35003,move to,LOC_적북측접근로,2026-08-09T08:59:41.000Z,21.37298320,-157.73472462,UAV 1,2,1:3001:1799,ENM35003,1:1:225:7:1:6:0,0,false,false,false,false,0
ENM1A2003,move to,LOC_중앙계곡,2026-08-09T08:59:42.000Z,21.37506730,-157.74248901,UAV 1,2,1:3001:1469,ENM1A2003,1:1:225:1:1:3:0,0,false,false,false,false,0
ENCAESAR002,move to,LOC_북측예비방어선,2026-08-09T08:59:42.000Z,21.37026648,-157.73526645,UAV 1,2,1:3001:1499,ENCAESAR002,1:1:71:4:0:0:0,0,false,false,false,false,0
ENT72012,move to,LOC_중앙계곡,2026-08-09T08:59:42.000Z,21.37287689,-157.74155388,UAV 1,2,1:3001:1500,ENT72012,1:1:222:1:2:1:0,0,false,false,false,false,0
ENBTR60001,move to,LOC_중앙계곡,2026-08-09T08:59:42.000Z,21.37058500,-157.74066357,UAV 1,2,1:3001:1507,ENBTR60001,1:1:222:2:8:1:0,0,false,false,false,false,0
ENMORT005,none,,2026-08-09T08:59:42.000Z,21.37457651,-157.73710572,UAV 1,2,1:3001:1512,ENMORT005,1:1:71:10:1:0:1,0,false,false,false,false,0
ENM1A2001,move to,LOC_중앙계곡,2026-08-09T08:59:42.000Z,21.37511266,-157.74261673,UAV 1,2,1:3001:1513,ENM1A2001,1:1:225:1:1:3:0,0,false,false,false,false,0
ENM1A2005,move to,LOC_중앙계곡,2026-08-09T08:59:42.000Z,21.37502533,-157.74235993,UAV 1,2,1:3001:1526,ENM1A2005,1:1:225:1:1:3:0,0,false,false,false,false,0
FRT69001,move to,LOC_중앙킬존남측,2026-08-09T08:59:42.000Z,21.38604433,-157.73693300,UAV 1,1,1:3001:1530,FRT69001,1:1:45:1:2:1:0,0,false,false,false,false,0
ENMORT004,none,,2026-08-09T08:59:42.000Z,21.37447596,-157.73706256,UAV 1,2,1:3001:1535,ENMORT004,1:1:71:10:1:0:1,0,false,false,false,false,0
ENBTR60006,move to,LOC_중앙계곡,2026-08-09T08:59:42.000Z,21.37061918,-157.74048832,UAV 1,2,1:3001:1568,ENBTR60006,1:1:222:2:8:1:0,0,false,false,false,false,0
ENBTR80004,move to,LOC_중앙계곡,2026-08-09T08:59:42.000Z,21.37069831,-157.74042757,UAV 1,2,1:3001:1584,ENBTR80004,1:1:222:2:13:0:0,0,false,false,false,false,0
ENBTR80001,move to,LOC_중앙계곡,2026-08-09T08:59:42.000Z,21.37077416,-157.74047785,UAV 1,2,1:3001:1602,ENBTR80001,1:1:222:2:13:0:0,0,false,false,false,false,0
ENCAESAR004,move to,LOC_북측예비방어선,2026-08-09T08:59:42.000Z,21.37072179,-157.73642864,UAV 1,2,1:3001:1603,ENCAESAR004,1:1:71:4:0:0:0,0,false,false,false,false,0
ENGAZ002,move to,LOC_적북측접근로,2026-08-09T08:59:42.000Z,21.37292611,-157.73464541,UAV 1,2,1:3001:1626,ENGAZ002,1:1:222:7:8:0:0,0,false,false,false,false,0
ENBTR80006,move to,LOC_중앙계곡,2026-08-09T08:59:42.000Z,21.37080966,-157.74030378,UAV 1,2,1:3001:1633,ENBTR80006,1:1:222:2:13:0:0,0,false,false,false,false,0
ENT72011,move to,LOC_중앙계곡,2026-08-09T08:59:42.000Z,21.37289264,-157.74162783,UAV 1,2,1:3001:1637,ENT72011,1:1:222:1:2:1:0,0,false,false,false,false,0
ENGAZ003,move to,LOC_적북측접근로,2026-08-09T08:59:42.000Z,21.37287868,-157.73451904,UAV 1,2,1:3001:1654,ENGAZ003,1:1:222:7:8:0:0,0,false,false,false,false,0
ENBTR80003,move to,LOC_중앙계곡,2026-08-09T08:59:42.000Z,21.37088142,-157.74035391,UAV 1,2,1:3001:1658,ENBTR80003,1:1:222:2:13:0:0,0,false,false,false,false,0
FRT80008,move to,LOC_중앙킬존남측,2026-08-09T08:59:42.000Z,21.38203505,-157.74913600,UAV 1,1,1:3001:1661,FRT80008,1:1:222:1:1:1:0,0,false,false,false,false,0
ENCAESAR003,move to,LOC_적북측접근로,2026-08-09T08:59:42.000Z,21.37001818,-157.73523135,UAV 1,2,1:3001:1687,ENCAESAR003,1:1:71:4:0:0:0,0,false,false,false,false,0
ENMORT001,none,,2026-08-09T08:59:42.000Z,21.37443553,-157.73716992,UAV 1,2,1:3001:1694,ENMORT001,1:1:71:10:1:0:1,0,false,false,false,false,0
ENBTR60007,move to,LOC_중앙계곡,2026-08-09T08:59:42.000Z,21.37042582,-157.74056252,UAV 1,2,1:3001:1720,ENBTR60007,1:1:222:2:8:1:0,0,false,false,false,false,0
ENBTR60008,move to,LOC_중앙계곡,2026-08-09T08:59:42.000Z,21.37047606,-157.74049969,UAV 1,2,1:3001:1731,ENBTR60008,1:1:222:2:8:1:0,0,false,false,false,false,0
FRTRK2002,move to,LOC_남측제1방어선,2026-08-09T08:59:42.000Z,21.38775611,-157.74883060,UAV 1,1,1:3001:1732,FRTRK2002,1:1:225:7:12:8:0,0,false,false,false,false,0
ENBTR80007,move to,LOC_중앙계곡,2026-08-09T08:59:42.000Z,21.37060801,-157.74037608,UAV 1,2,1:3001:1733,ENBTR80007,1:1:222:2:13:0:0,0,false,false,false,false,0
ENMORT002,none,,2026-08-09T08:59:42.000Z,21.37453609,-157.73721308,UAV 1,2,1:3001:1739,ENMORT002,1:1:71:10:1:0:1,0,false,false,false,false,0
ENGAZ004,move to,LOC_적북측접근로,2026-08-09T08:59:42.000Z,21.37294194,-157.73457686,UAV 1,2,1:3001:1743,ENGAZ004,1:1:222:7:8:0:0,0,false,false,false,false,0
ENBTR80005,move to,LOC_중앙계곡,2026-08-09T08:59:42.000Z,21.37075223,-157.74036547,UAV 1,2,1:3001:1751,ENBTR80005,1:1:222:2:13:0:0,0,false,false,false,false,0
ENMIM001,move to,LOC_적북측접근로,2026-08-09T08:59:42.000Z,21.37027628,-157.73857183,UAV 1,2,1:3001:1760,ENMIM001,1:1:225:28:2:0:0,0,false,false,false,false,0
ENCAESAR001,move to,LOC_적북측접근로,2026-08-09T08:59:42.000Z,21.37034813,-157.73674585,UAV 1,2,1:3001:1765,ENCAESAR001,1:1:71:4:0:0:0,0,false,false,false,false,0
ENMORT003,none,,2026-08-09T08:59:42.000Z,21.37463664,-157.73725624,UAV 1,2,1:3001:1770,ENMORT003,1:1:71:10:1:0:1,0,false,false,false,false,0
ENBTR60004,move to,LOC_중앙계곡,2026-08-09T08:59:42.000Z,21.37049620,-157.74061285,UAV 1,2,1:3001:1777,ENBTR60004,1:1:222:2:8:1:0,0,false,false,false,false,0
ENBTR60005,move to,LOC_중앙계곡,2026-08-09T08:59:42.000Z,21.37055405,-157.74055029,UAV 1,2,1:3001:1807,ENBTR60005,1:1:222:2:8:1:0,0,false,false,false,false,0
ENT72010,move to,LOC_중앙계곡,2026-08-09T08:59:42.000Z,21.37296519,-157.74154552,UAV 1,2,1:3001:1666,ENT72010,1:1:222:1:2:1:0,0,false,false,false,false,0
ENT72007,move to,LOC_중앙계곡,2026-08-09T08:59:42.000Z,21.37306400,-157.74161120,UAV 1,2,1:3001:1492,ENT72007,1:1:222:1:2:1:0,0,false,false,false,false,0
ENT72008,move to,LOC_중앙계곡,2026-08-09T08:59:42.000Z,21.37305580,-157.74153696,UAV 1,2,1:3001:1520,ENT72008,1:1:222:1:2:1:0,0,false,false,false,false,0
ENT72006,move to,LOC_중앙계곡,2026-08-09T08:59:42.000Z,21.37314265,-157.74152873,UAV 1,2,1:3001:1683,ENT72006,1:1:222:1:2:1:0,0,false,false,false,false,0
ENBTR80002,move to,LOC_중앙계곡,2026-08-09T08:59:42.000Z,21.37083463,-157.74041629,UAV 1,2,1:3001:1789,ENBTR80002,1:1:222:2:13:0:0,0,false,false,false,false,0
ENT72005,move to,LOC_중앙계곡,2026-08-09T08:59:42.000Z,21.37315022,-157.74160283,UAV 1,2,1:3001:1553,ENT72005,1:1:222:1:2:1:0,0,false,false,false,false,0
ENBTR60003,move to,LOC_중앙계곡,2026-08-09T08:59:42.000Z,21.37071141,-157.74053952,UAV 1,2,1:3001:1590,ENBTR60003,1:1:222:2:8:1:0,0,false,false,false,false,0
ENT72009,move to,LOC_중앙계곡,2026-08-09T08:59:42.000Z,21.37297711,-157.74161964,UAV 1,2,1:3001:1632,ENT72009,1:1:222:1:2:1:0,0,false,false,false,false,0
ENBTR60002,move to,LOC_중앙계곡,2026-08-09T08:59:42.000Z,21.37064526,-157.74060128,UAV 1,2,1:3001:1693,ENBTR60002,1:1:222:2:8:1:0,0,false,false,false,false,0
ENT72003,move to,LOC_중앙계곡,2026-08-09T08:59:42.000Z,21.37324024,-157.74159406,UAV 1,2,1:3001:1495,ENT72003,1:1:222:1:2:1:0,0,false,false,false,false,0
ENT72002,move to,LOC_중앙계곡,2026-08-09T08:59:42.000Z,21.37331491,-157.74151242,UAV 1,2,1:3001:1533,ENT72002,1:1:222:1:2:1:0,0,false,false,false,false,0
ENT72001,move to,LOC_중앙계곡,2026-08-09T08:59:42.000Z,21.37332337,-157.74158600,UAV 1,2,1:3001:1586,ENT72001,1:1:222:1:2:1:0,0,false,false,false,false,0
ENT72004,move to,LOC_중앙계곡,2026-08-09T08:59:42.000Z,21.37322956,-157.74152050,UAV 1,2,1:3001:1643,ENT72004,1:1:222:1:2:1:0,0,false,false,false,false,0
ENM35001,move to,LOC_적북측접근로,2026-08-09T08:59:42.000Z,21.37296082,-157.73482127,UAV 1,2,1:3001:1659,ENM35001,1:1:225:7:1:6:0,0,false,false,false,false,0
FRTRK1003,move to,LOC_남측제1방어선,2026-08-09T08:59:42.000Z,21.38791215,-157.74882971,UAV 1,1,1:3001:1519,FRTRK1003,1:1:225:7:12:0:0,0,false,false,false,false,0
ENGAZ001,move to,LOC_적북측접근로,2026-08-09T08:59:42.000Z,21.37286720,-157.73456684,UAV 1,2,1:3001:1559,ENGAZ001,1:1:222:7:8:0:0,0,false,false,false,false,0
FRTRK1002,move to,LOC_남측제1방어선,2026-08-09T08:59:42.000Z,21.38798229,-157.74877039,UAV 1,1,1:3001:1758,FRTRK1002,1:1:225:7:12:0:0,0,false,false,false,false,0
ENM35003,move to,LOC_적북측접근로,2026-08-09T08:59:42.000Z,21.37298320,-157.73472462,UAV 1,2,1:3001:1799,ENM35003,1:1:225:7:1:6:0,0,false,false,false,false,0
ENCAESAR002,move to,LOC_북측예비방어선,2026-08-09T08:59:43.000Z,21.37033981,-157.73545122,UAV 1,2,1:3001:1499,ENCAESAR002,1:1:71:4:0:0:0,0,false,false,false,false,0
ENT72012,move to,LOC_중앙계곡,2026-08-09T08:59:43.000Z,21.37307665,-157.74153592,UAV 1,2,1:3001:1500,ENT72012,1:1:222:1:2:1:0,0,false,false,false,false,0
ENBTR60001,move to,LOC_중앙계곡,2026-08-09T08:59:43.000Z,21.37078558,-157.74067115,UAV 1,2,1:3001:1507,ENBTR60001,1:1:222:2:8:1:0,0,false,false,false,false,0
ENMORT005,none,,2026-08-09T08:59:43.000Z,21.37457651,-157.73710572,UAV 1,2,1:3001:1512,ENMORT005,1:1:71:10:1:0:1,0,false,false,false,false,0
ENM1A2005,move to,LOC_중앙계곡,2026-08-09T08:59:43.000Z,21.37521650,-157.74229666,UAV 1,2,1:3001:1526,ENM1A2005,1:1:225:1:1:3:0,0,false,false,false,false,0
FRT69001,move to,LOC_중앙킬존남측,2026-08-09T08:59:43.000Z,21.38594262,-157.73711836,UAV 1,1,1:3001:1530,FRT69001,1:1:45:1:2:1:0,0,false,false,false,false,0
ENMORT004,none,,2026-08-09T08:59:43.000Z,21.37447596,-157.73706256,UAV 1,2,1:3001:1535,ENMORT004,1:1:71:10:1:0:1,0,false,false,false,false,0
ENBTR60006,move to,LOC_중앙계곡,2026-08-09T08:59:43.000Z,21.37083242,-157.74050078,UAV 1,2,1:3001:1568,ENBTR60006,1:1:222:2:8:1:0,0,false,false,false,false,0
ENBTR80004,move to,LOC_중앙계곡,2026-08-09T08:59:43.000Z,21.37089065,-157.74044029,UAV 1,2,1:3001:1584,ENBTR80004,1:1:222:2:13:0:0,0,false,false,false,false,0
ENBTR80001,move to,LOC_중앙계곡,2026-08-09T08:59:43.000Z,21.37096443,-157.74048941,UAV 1,2,1:3001:1602,ENBTR80001,1:1:222:2:13:0:0,0,false,false,false,false,0
ENCAESAR004,move to,LOC_북측예비방어선,2026-08-09T08:59:43.000Z,21.37080083,-157.73662735,UAV 1,2,1:3001:1603,ENCAESAR004,1:1:71:4:0:0:0,0,false,false,false,false,0
ENGAZ002,move to,LOC_적북측접근로,2026-08-09T08:59:43.000Z,21.37287743,-157.73486188,UAV 1,2,1:3001:1626,ENGAZ002,1:1:222:7:8:0:0,0,false,false,false,false,0
ENBTR80006,move to,LOC_중앙계곡,2026-08-09T08:59:43.000Z,21.37100227,-157.74031954,UAV 1,2,1:3001:1633,ENBTR80006,1:1:222:2:13:0:0,0,false,false,false,false,0
ENT72011,move to,LOC_중앙계곡,2026-08-09T08:59:43.000Z,21.37309199,-157.74160751,UAV 1,2,1:3001:1637,ENT72011,1:1:222:1:2:1:0,0,false,false,false,false,0
ENGAZ003,move to,LOC_적북측접근로,2026-08-09T08:59:43.000Z,21.37284296,-157.73468562,UAV 1,2,1:3001:1654,ENGAZ003,1:1:222:7:8:0:0,0,false,false,false,false,0
ENBTR80003,move to,LOC_중앙계곡,2026-08-09T08:59:43.000Z,21.37108405,-157.74036941,UAV 1,2,1:3001:1658,ENBTR80003,1:1:222:2:13:0:0,0,false,false,false,false,0
FRT80008,move to,LOC_중앙킬존남측,2026-08-09T08:59:43.000Z,21.38194869,-157.74893900,UAV 1,1,1:3001:1661,FRT80008,1:1:222:1:1:1:0,0,false,false,false,false,0
ENCAESAR003,move to,LOC_적북측접근로,2026-08-09T08:59:43.000Z,21.37005681,-157.73542298,UAV 1,2,1:3001:1687,ENCAESAR003,1:1:71:4:0:0:0,0,false,false,false,false,0
ENMORT001,none,,2026-08-09T08:59:43.000Z,21.37443553,-157.73716992,UAV 1,2,1:3001:1694,ENMORT001,1:1:71:10:1:0:1,0,false,false,false,false,0
ENBTR60007,move to,LOC_중앙계곡,2026-08-09T08:59:43.000Z,21.37063256,-157.74057255,UAV 1,2,1:3001:1720,ENBTR60007,1:1:222:2:8:1:0,0,false,false,false,false,0
ENBTR60008,move to,LOC_중앙계곡,2026-08-09T08:59:43.000Z,21.37068428,-157.74051138,UAV 1,2,1:3001:1731,ENBTR60008,1:1:222:2:8:1:0,0,false,false,false,false,0
ENBTR80007,move to,LOC_중앙계곡,2026-08-09T08:59:43.000Z,21.37081827,-157.74039110,UAV 1,2,1:3001:1733,ENBTR80007,1:1:222:2:13:0:0,0,false,false,false,false,0
ENMORT002,none,,2026-08-09T08:59:43.000Z,21.37453609,-157.73721308,UAV 1,2,1:3001:1739,ENMORT002,1:1:71:10:1:0:1,0,false,false,false,false,0
ENGAZ004,move to,LOC_적북측접근로,2026-08-09T08:59:43.000Z,21.37289696,-157.73477680,UAV 1,2,1:3001:1743,ENGAZ004,1:1:222:7:8:0:0,0,false,false,false,false,0
ENBTR80005,move to,LOC_중앙계곡,2026-08-09T08:59:43.000Z,21.37093947,-157.74037932,UAV 1,2,1:3001:1751,ENBTR80005,1:1:222:2:13:0:0,0,false,false,false,false,0
ENMIM001,move to,LOC_적북측접근로,2026-08-09T08:59:43.000Z,21.37033930,-157.73876126,UAV 1,2,1:3001:1760,ENMIM001,1:1:225:28:2:0:0,0,false,false,false,false,0
ENCAESAR001,move to,LOC_적북측접근로,2026-08-09T08:59:43.000Z,21.37038960,-157.73695669,UAV 1,2,1:3001:1765,ENCAESAR001,1:1:71:4:0:0:0,0,false,false,false,false,0
ENMORT003,none,,2026-08-09T08:59:43.000Z,21.37463664,-157.73725624,UAV 1,2,1:3001:1770,ENMORT003,1:1:71:10:1:0:1,0,false,false,false,false,0
ENBTR60004,move to,LOC_중앙계곡,2026-08-09T08:59:43.000Z,21.37069978,-157.74062165,UAV 1,2,1:3001:1777,ENBTR60004,1:1:222:2:8:1:0,0,false,false,false,false,0
ENBTR60005,move to,LOC_중앙계곡,2026-08-09T08:59:43.000Z,21.37076292,-157.74056090,UAV 1,2,1:3001:1807,ENBTR60005,1:1:222:2:8:1:0,0,false,false,false,false,0
ENT72010,move to,LOC_중앙계곡,2026-08-09T08:59:43.000Z,21.37316474,-157.74152759,UAV 1,2,1:3001:1666,ENT72010,1:1:222:1:2:1:0,0,false,false,false,false,0
ENT72007,move to,LOC_중앙계곡,2026-08-09T08:59:43.000Z,21.37326385,-157.74159080,UAV 1,2,1:3001:1492,ENT72007,1:1:222:1:2:1:0,0,false,false,false,false,0
ENT72008,move to,LOC_중앙계곡,2026-08-09T08:59:43.000Z,21.37325626,-157.74151896,UAV 1,2,1:3001:1520,ENT72008,1:1:222:1:2:1:0,0,false,false,false,false,0
ENT72006,move to,LOC_중앙계곡,2026-08-09T08:59:43.000Z,21.37334458,-157.74151062,UAV 1,2,1:3001:1683,ENT72006,1:1:222:1:2:1:0,0,false,false,false,false,0
ENBTR80002,move to,LOC_중앙계곡,2026-08-09T08:59:43.000Z,21.37102636,-157.74042944,UAV 1,2,1:3001:1789,ENBTR80002,1:1:222:2:13:0:0,0,false,false,false,false,0
ENT72005,move to,LOC_중앙계곡,2026-08-09T08:59:43.000Z,21.37335032,-157.74158239,UAV 1,2,1:3001:1553,ENT72005,1:1:222:1:2:1:0,0,false,false,false,false,0
ENBTR60003,move to,LOC_중앙계곡,2026-08-09T08:59:43.000Z,21.37090972,-157.74055003,UAV 1,2,1:3001:1590,ENBTR60003,1:1:222:2:8:1:0,0,false,false,false,false,0
ENT72009,move to,LOC_중앙계곡,2026-08-09T08:59:43.000Z,21.37317903,-157.74159905,UAV 1,2,1:3001:1632,ENT72009,1:1:222:1:2:1:0,0,false,false,false,false,0
ENBTR60002,move to,LOC_중앙계곡,2026-08-09T08:59:43.000Z,21.37084604,-157.74061039,UAV 1,2,1:3001:1693,ENBTR60002,1:1:222:2:8:1:0,0,false,false,false,false,0
ENT72003,move to,LOC_중앙계곡,2026-08-09T08:59:43.000Z,21.37343737,-157.74157392,UAV 1,2,1:3001:1495,ENT72003,1:1:222:1:2:1:0,0,false,false,false,false,0
ENT72002,move to,LOC_중앙계곡,2026-08-09T08:59:43.000Z,21.37351427,-157.74149456,UAV 1,2,1:3001:1533,ENT72002,1:1:222:1:2:1:0,0,false,false,false,false,0
ENT72001,move to,LOC_중앙계곡,2026-08-09T08:59:43.000Z,21.37351729,-157.74156617,UAV 1,2,1:3001:1586,ENT72001,1:1:222:1:2:1:0,0,false,false,false,false,0
ENT72004,move to,LOC_중앙계곡,2026-08-09T08:59:43.000Z,21.37343049,-157.74150249,UAV 1,2,1:3001:1643,ENT72004,1:1:222:1:2:1:0,0,false,false,false,false,0
ENM35001,move to,LOC_적북측접근로,2026-08-09T08:59:43.000Z,21.37291148,-157.73503065,UAV 1,2,1:3001:1659,ENM35001,1:1:225:7:1:6:0,0,false,false,false,false,0
ENGAZ001,move to,LOC_적북측접근로,2026-08-09T08:59:43.000Z,21.37282183,-157.73477862,UAV 1,2,1:3001:1559,ENGAZ001,1:1:222:7:8:0:0,0,false,false,false,false,0
FRTRK1002,move to,LOC_남측제1방어선,2026-08-09T08:59:43.000Z,21.38795237,-157.74855628,UAV 1,1,1:3001:1758,FRTRK1002,1:1:225:7:12:0:0,0,false,false,false,false,0
ENM35003,move to,LOC_적북측접근로,2026-08-09T08:59:43.000Z,21.37293354,-157.73493540,UAV 1,2,1:3001:1799,ENM35003,1:1:225:7:1:6:0,0,false,false,false,false,0
FRMORT002,none,,2026-08-09T08:59:43.000Z,21.39112390,-157.73727132,UAV 1,1,1:3001:1547,FRMORT002,1:1:71:10:1:0:1,0,false,false,false,false,0
FRMORT001,none,,2026-08-09T08:59:43.000Z,21.39104607,-157.73719078,UAV 1,1,1:3001:1588,FRMORT001,1:1:71:10:1:0:1,0,false,false,false,false,0
FRMORT004,none,,2026-08-09T08:59:43.000Z,21.39119933,-157.73718822,UAV 1,1,1:3001:1672,FRMORT004,1:1:71:10:1:0:1,0,false,false,false,false,0
FRTRK1005,move to,LOC_남측제1방어선,2026-08-09T08:59:43.000Z,21.38796670,-157.74866348,UAV 1,1,1:3001:1678,FRTRK1005,1:1:225:7:12:0:0,0,false,false,false,false,0
FRMORT003,none,,2026-08-09T08:59:43.000Z,21.39112150,-157.73710768,UAV 1,1,1:3001:1744,FRMORT003,1:1:71:10:1:0:1,0,false,false,false,false,0
ENCAESAR002,move to,LOC_북측예비방어선,2026-08-09T08:59:45.000Z,21.37041367,-157.73563732,UAV 1,2,1:3001:1499,ENCAESAR002,1:1:71:4:0:0:0,0,false,false,false,false,0
ENT72012,move to,LOC_중앙계곡,2026-08-09T08:59:45.000Z,21.37324644,-157.74152065,UAV 1,2,1:3001:1500,ENT72012,1:1:222:1:2:1:0,0,false,false,false,false,0
ENBTR60001,move to,LOC_중앙계곡,2026-08-09T08:59:45.000Z,21.37095661,-157.74067761,UAV 1,2,1:3001:1507,ENBTR60001,1:1:222:2:8:1:0,0,false,false,false,false,0
ENMORT005,none,,2026-08-09T08:59:45.000Z,21.37457651,-157.73710572,UAV 1,2,1:3001:1512,ENMORT005,1:1:71:10:1:0:1,0,false,false,false,false,0
ENM1A2005,move to,LOC_중앙계곡,2026-08-09T08:59:45.000Z,21.37538185,-157.74224193,UAV 1,2,1:3001:1526,ENM1A2005,1:1:225:1:1:3:0,0,false,false,false,false,0
FRT69001,move to,LOC_중앙킬존남측,2026-08-09T08:59:45.000Z,21.38585587,-157.73727647,UAV 1,1,1:3001:1530,FRT69001,1:1:45:1:2:1:0,0,false,false,false,false,0
ENMORT004,none,,2026-08-09T08:59:45.000Z,21.37447596,-157.73706256,UAV 1,2,1:3001:1535,ENMORT004,1:1:71:10:1:0:1,0,false,false,false,false,0
ENBTR60006,move to,LOC_중앙계곡,2026-08-09T08:59:45.000Z,21.37100013,-157.74051058,UAV 1,2,1:3001:1568,ENBTR60006,1:1:222:2:8:1:0,0,false,false,false,false,0
ENBTR80004,move to,LOC_중앙계곡,2026-08-09T08:59:45.000Z,21.37106483,-157.74045181,UAV 1,2,1:3001:1584,ENBTR80004,1:1:222:2:13:0:0,0,false,false,false,false,0
ENBTR80001,move to,LOC_중앙계곡,2026-08-09T08:59:45.000Z,21.37114271,-157.74050024,UAV 1,2,1:3001:1602,ENBTR80001,1:1:222:2:13:0:0,0,false,false,false,false,0
ENCAESAR004,move to,LOC_북측예비방어선,2026-08-09T08:59:45.000Z,21.37086718,-157.73679416,UAV 1,2,1:3001:1603,ENCAESAR004,1:1:71:4:0:0:0,0,false,false,false,false,0
ENGAZ002,move to,LOC_적북측접근로,2026-08-09T08:59:45.000Z,21.37283873,-157.73503393,UAV 1,2,1:3001:1626,ENGAZ002,1:1:222:7:8:0:0,0,false,false,false,false,0
ENBTR80006,move to,LOC_중앙계곡,2026-08-09T08:59:45.000Z,21.37117672,-157.74033381,UAV 1,2,1:3001:1633,ENBTR80006,1:1:222:2:13:0:0,0,false,false,false,false,0
ENT72011,move to,LOC_중앙계곡,2026-08-09T08:59:45.000Z,21.37326196,-157.74159019,UAV 1,2,1:3001:1637,ENT72011,1:1:222:1:2:1:0,0,false,false,false,false,0
ENGAZ003,move to,LOC_적북측접근로,2026-08-09T08:59:45.000Z,21.37279920,-157.73488972,UAV 1,2,1:3001:1654,ENGAZ003,1:1:222:7:8:0:0,0,false,false,false,false,0
ENBTR80003,move to,LOC_중앙계곡,2026-08-09T08:59:45.000Z,21.37125448,-157.74038245,UAV 1,2,1:3001:1658,ENBTR80003,1:1:222:2:13:0:0,0,false,false,false,false,0
FRT80008,move to,LOC_중앙킬존남측,2026-08-09T08:59:45.000Z,21.38187851,-157.74877891,UAV 1,1,1:3001:1661,FRT80008,1:1:222:1:1:1:0,0,false,false,false,false,0
ENCAESAR003,move to,LOC_적북측접근로,2026-08-09T08:59:45.000Z,21.37009727,-157.73562363,UAV 1,2,1:3001:1687,ENCAESAR003,1:1:71:4:0:0:0,0,false,false,false,false,0
ENMORT001,none,,2026-08-09T08:59:45.000Z,21.37443553,-157.73716992,UAV 1,2,1:3001:1694,ENMORT001,1:1:71:10:1:0:1,0,false,false,false,false,0
ENBTR60007,move to,LOC_중앙계곡,2026-08-09T08:59:45.000Z,21.37080677,-157.74058100,UAV 1,2,1:3001:1720,ENBTR60007,1:1:222:2:8:1:0,0,false,false,false,false,0
ENBTR60008,move to,LOC_중앙계곡,2026-08-09T08:59:45.000Z,21.37085641,-157.74052105,UAV 1,2,1:3001:1731,ENBTR60008,1:1:222:2:8:1:0,0,false,false,false,false,0
ENBTR80007,move to,LOC_중앙계곡,2026-08-09T08:59:45.000Z,21.37097488,-157.74040229,UAV 1,2,1:3001:1733,ENBTR80007,1:1:222:2:13:0:0,0,false,false,false,false,0
ENMORT002,none,,2026-08-09T08:59:45.000Z,21.37453609,-157.73721308,UAV 1,2,1:3001:1739,ENMORT002,1:1:71:10:1:0:1,0,false,false,false,false,0
ENGAZ004,move to,LOC_적북측접근로,2026-08-09T08:59:45.000Z,21.37285453,-157.73496540,UAV 1,2,1:3001:1743,ENGAZ004,1:1:222:7:8:0:0,0,false,false,false,false,0
ENBTR80005,move to,LOC_중앙계곡,2026-08-09T08:59:45.000Z,21.37111807,-157.74039252,UAV 1,2,1:3001:1751,ENBTR80005,1:1:222:2:13:0:0,0,false,false,false,false,0
ENMIM001,move to,LOC_적북측접근로,2026-08-09T08:59:45.000Z,21.37040788,-157.73896741,UAV 1,2,1:3001:1760,ENMIM001,1:1:225:28:2:0:0,0,false,false,false,false,0
ENCAESAR001,move to,LOC_적북측접근로,2026-08-09T08:59:45.000Z,21.37042389,-157.73713108,UAV 1,2,1:3001:1765,ENCAESAR001,1:1:71:4:0:0:0,0,false,false,false,false,0
ENMORT003,none,,2026-08-09T08:59:45.000Z,21.37463664,-157.73725624,UAV 1,2,1:3001:1770,ENMORT003,1:1:71:10:1:0:1,0,false,false,false,false,0
ENBTR60004,move to,LOC_중앙계곡,2026-08-09T08:59:45.000Z,21.37087080,-157.74062905,UAV 1,2,1:3001:1777,ENBTR60004,1:1:222:2:8:1:0,0,false,false,false,false,0
ENBTR60005,move to,LOC_중앙계곡,2026-08-09T08:59:45.000Z,21.37093151,-157.74056946,UAV 1,2,1:3001:1807,ENBTR60005,1:1:222:2:8:1:0,0,false,false,false,false,0
ENT72010,move to,LOC_중앙계곡,2026-08-09T08:59:45.000Z,21.37333734,-157.74151208,UAV 1,2,1:3001:1666,ENT72010,1:1:222:1:2:1:0,0,false,false,false,false,0
ENT72007,move to,LOC_중앙계곡,2026-08-09T08:59:45.000Z,21.37343245,-157.74157360,UAV 1,2,1:3001:1492,ENT72007,1:1:222:1:2:1:0,0,false,false,false,false,0
ENT72008,move to,LOC_중앙계곡,2026-08-09T08:59:45.000Z,21.37342821,-157.74150352,UAV 1,2,1:3001:1520,ENT72008,1:1:222:1:2:1:0,0,false,false,false,false,0
ENT72006,move to,LOC_중앙계곡,2026-08-09T08:59:45.000Z,21.37351325,-157.74149548,UAV 1,2,1:3001:1683,ENT72006,1:1:222:1:2:1:0,0,false,false,false,false,0
ENBTR80002,move to,LOC_중앙계곡,2026-08-09T08:59:45.000Z,21.37120516,-157.74044170,UAV 1,2,1:3001:1789,ENBTR80002,1:1:222:2:13:0:0,0,false,false,false,false,0
ENT72005,move to,LOC_중앙계곡,2026-08-09T08:59:45.000Z,21.37351566,-157.74156550,UAV 1,2,1:3001:1553,ENT72005,1:1:222:1:2:1:0,0,false,false,false,false,0
ENBTR60003,move to,LOC_중앙계곡,2026-08-09T08:59:45.000Z,21.37108182,-157.74055915,UAV 1,2,1:3001:1590,ENBTR60003,1:1:222:2:8:1:0,0,false,false,false,false,0
ENT72009,move to,LOC_중앙계곡,2026-08-09T08:59:45.000Z,21.37334385,-157.74158223,UAV 1,2,1:3001:1632,ENT72009,1:1:222:1:2:1:0,0,false,false,false,false,0
ENBTR60002,move to,LOC_중앙계곡,2026-08-09T08:59:45.000Z,21.37101708,-157.74061814,UAV 1,2,1:3001:1693,ENBTR60002,1:1:222:2:8:1:0,0,false,false,false,false,0
ENT72003,move to,LOC_중앙계곡,2026-08-09T08:59:45.000Z,21.37359950,-157.74155734,UAV 1,2,1:3001:1495,ENT72003,1:1:222:1:2:1:0,0,false,false,false,false,0
ENT72002,move to,LOC_중앙계곡,2026-08-09T08:59:45.000Z,21.37367425,-157.74148023,UAV 1,2,1:3001:1533,ENT72002,1:1:222:1:2:1:0,0,false,false,false,false,0
ENT72001,move to,LOC_중앙계곡,2026-08-09T08:59:45.000Z,21.37368331,-157.74154919,UAV 1,2,1:3001:1586,ENT72001,1:1:222:1:2:1:0,0,false,false,false,false,0
ENT72004,move to,LOC_중앙계곡,2026-08-09T08:59:45.000Z,21.37359616,-157.74148764,UAV 1,2,1:3001:1643,ENT72004,1:1:222:1:2:1:0,0,false,false,false,false,0
ENM35001,move to,LOC_적북측접근로,2026-08-09T08:59:45.000Z,21.37286973,-157.73520783,UAV 1,2,1:3001:1659,ENM35001,1:1:225:7:1:6:0,0,false,false,false,false,0
ENGAZ001,move to,LOC_적북측접근로,2026-08-09T08:59:45.000Z,21.37278328,-157.73495855,UAV 1,2,1:3001:1559,ENGAZ001,1:1:222:7:8:0:0,0,false,false,false,false,0
FRTRK1002,move to,LOC_남측제1방어선,2026-08-09T08:59:45.000Z,21.38792764,-157.74837940,UAV 1,1,1:3001:1758,FRTRK1002,1:1:225:7:12:0:0,0,false,false,false,false,0
ENM35003,move to,LOC_적북측접근로,2026-08-09T08:59:45.000Z,21.37289189,-157.73511219,UAV 1,2,1:3001:1799,ENM35003,1:1:225:7:1:6:0,0,false,false,false,false,0
FRMORT002,none,,2026-08-09T08:59:45.000Z,21.39112390,-157.73727132,UAV 1,1,1:3001:1547,FRMORT002,1:1:71:10:1:0:1,0,false,false,false,false,0
FRMORT001,none,,2026-08-09T08:59:45.000Z,21.39104607,-157.73719078,UAV 1,1,1:3001:1588,FRMORT001,1:1:71:10:1:0:1,0,false,false,false,false,0
FRMORT004,none,,2026-08-09T08:59:45.000Z,21.39119933,-157.73718822,UAV 1,1,1:3001:1672,FRMORT004,1:1:71:10:1:0:1,0,false,false,false,false,0
FRTRK1005,move to,LOC_남측제1방어선,2026-08-09T08:59:45.000Z,21.38794033,-157.74847474,UAV 1,1,1:3001:1678,FRTRK1005,1:1:225:7:12:0:0,0,false,false,false,false,0
FRMORT003,none,,2026-08-09T08:59:45.000Z,21.39112150,-157.73710768,UAV 1,1,1:3001:1744,FRMORT003,1:1:71:10:1:0:1,0,false,false,false,false,0
ENM1A2001,move to,LOC_중앙계곡,2026-08-09T08:59:45.000Z,21.37545851,-157.74247791,UAV 1,2,1:3001:1513,ENM1A2001,1:1:225:1:1:3:0,0,false,false,false,false,0
FRTRK1003,move to,LOC_남측제1방어선,2026-08-09T08:59:45.000Z,21.38788611,-157.74863211,UAV 1,1,1:3001:1519,FRTRK1003,1:1:225:7:12:0:0,0,false,false,false,false,0
ENCAESAR002,move to,LOC_북측예비방어선,2026-08-09T08:59:47.000Z,21.37048087,-157.73580664,UAV 1,2,1:3001:1499,ENCAESAR002,1:1:71:4:0:0:0,0,false,false,false,false,0
ENT72012,move to,LOC_중앙계곡,2026-08-09T08:59:47.000Z,21.37344069,-157.74150318,UAV 1,2,1:3001:1500,ENT72012,1:1:222:1:2:1:0,0,false,false,false,false,0
ENBTR60001,move to,LOC_중앙계곡,2026-08-09T08:59:47.000Z,21.37114889,-157.74068487,UAV 1,2,1:3001:1507,ENBTR60001,1:1:222:2:8:1:0,0,false,false,false,false,0
ENMORT005,none,,2026-08-09T08:59:47.000Z,21.37457651,-157.73710572,UAV 1,2,1:3001:1512,ENMORT005,1:1:71:10:1:0:1,0,false,false,false,false,0
ENM1A2005,move to,LOC_중앙계곡,2026-08-09T08:59:47.000Z,21.37555498,-157.74218463,UAV 1,2,1:3001:1526,ENM1A2005,1:1:225:1:1:3:0,0,false,false,false,false,0
FRT69001,move to,LOC_중앙킬존남측,2026-08-09T08:59:47.000Z,21.38575943,-157.73745224,UAV 1,1,1:3001:1530,FRT69001,1:1:45:1:2:1:0,0,false,false,false,false,0
ENMORT004,none,,2026-08-09T08:59:47.000Z,21.37447596,-157.73706256,UAV 1,2,1:3001:1535,ENMORT004,1:1:71:10:1:0:1,0,false,false,false,false,0
ENBTR60006,move to,LOC_중앙계곡,2026-08-09T08:59:47.000Z,21.37118027,-157.74052110,UAV 1,2,1:3001:1568,ENBTR60006,1:1:222:2:8:1:0,0,false,false,false,false,0
ENBTR80004,move to,LOC_중앙계곡,2026-08-09T08:59:47.000Z,21.37125802,-157.74046459,UAV 1,2,1:3001:1584,ENBTR80004,1:1:222:2:13:0:0,0,false,false,false,false,0
ENBTR80001,move to,LOC_중앙계곡,2026-08-09T08:59:47.000Z,21.37132771,-157.74051148,UAV 1,2,1:3001:1602,ENBTR80001,1:1:222:2:13:0:0,0,false,false,false,false,0
ENCAESAR004,move to,LOC_북측예비방어선,2026-08-09T08:59:47.000Z,21.37094284,-157.73698437,UAV 1,2,1:3001:1603,ENCAESAR004,1:1:71:4:0:0:0,0,false,false,false,false,0
ENGAZ002,move to,LOC_적북측접근로,2026-08-09T08:59:47.000Z,21.37279276,-157.73523830,UAV 1,2,1:3001:1626,ENGAZ002,1:1:222:7:8:0:0,0,false,false,false,false,0
ENBTR80006,move to,LOC_중앙계곡,2026-08-09T08:59:47.000Z,21.37136984,-157.74034961,UAV 1,2,1:3001:1633,ENBTR80006,1:1:222:2:13:0:0,0,false,false,false,false,0
ENT72011,move to,LOC_중앙계곡,2026-08-09T08:59:47.000Z,21.37345044,-157.74157098,UAV 1,2,1:3001:1637,ENT72011,1:1:222:1:2:1:0,0,false,false,false,false,0
ENGAZ003,move to,LOC_적북측접근로,2026-08-09T08:59:47.000Z,21.37276192,-157.73506358,UAV 1,2,1:3001:1654,ENGAZ003,1:1:222:7:8:0:0,0,false,false,false,false,0
ENBTR80003,move to,LOC_중앙계곡,2026-08-09T08:59:47.000Z,21.37145120,-157.74039749,UAV 1,2,1:3001:1658,ENBTR80003,1:1:222:2:13:0:0,0,false,false,false,false,0
FRT80008,move to,LOC_중앙킬존남측,2026-08-09T08:59:47.000Z,21.38179931,-157.74859823,UAV 1,1,1:3001:1661,FRT80008,1:1:222:1:1:1:0,0,false,false,false,false,0
ENCAESAR003,move to,LOC_적북측접근로,2026-08-09T08:59:47.000Z,21.37013269,-157.73579935,UAV 1,2,1:3001:1687,ENCAESAR003,1:1:71:4:0:0:0,0,false,false,false,false,0
ENMORT001,none,,2026-08-09T08:59:47.000Z,21.37443553,-157.73716992,UAV 1,2,1:3001:1694,ENMORT001,1:1:71:10:1:0:1,0,false,false,false,false,0
ENBTR60007,move to,LOC_중앙계곡,2026-08-09T08:59:47.000Z,21.37099555,-157.74059016,UAV 1,2,1:3001:1720,ENBTR60007,1:1:222:2:8:1:0,0,false,false,false,false,0
ENBTR60008,move to,LOC_중앙계곡,2026-08-09T08:59:47.000Z,21.37104656,-157.74053172,UAV 1,2,1:3001:1731,ENBTR60008,1:1:222:2:8:1:0,0,false,false,false,false,0
ENBTR80007,move to,LOC_중앙계곡,2026-08-09T08:59:47.000Z,21.37117714,-157.74041674,UAV 1,2,1:3001:1733,ENBTR80007,1:1:222:2:13:0:0,0,false,false,false,false,0
ENMORT002,none,,2026-08-09T08:59:47.000Z,21.37453609,-157.73721308,UAV 1,2,1:3001:1739,ENMORT002,1:1:71:10:1:0:1,0,false,false,false,false,0
ENGAZ004,move to,LOC_적북측접근로,2026-08-09T08:59:47.000Z,21.37281228,-157.73515322,UAV 1,2,1:3001:1743,ENGAZ004,1:1:222:7:8:0:0,0,false,false,false,false,0
ENBTR80005,move to,LOC_중앙계곡,2026-08-09T08:59:47.000Z,21.37130660,-157.74040646,UAV 1,2,1:3001:1751,ENBTR80005,1:1:222:2:13:0:0,0,false,false,false,false,0
ENMIM001,move to,LOC_적북측접근로,2026-08-09T08:59:47.000Z,21.37046318,-157.73913363,UAV 1,2,1:3001:1760,ENMIM001,1:1:225:28:2:0:0,0,false,false,false,false,0
ENCAESAR001,move to,LOC_적북측접근로,2026-08-09T08:59:47.000Z,21.37046114,-157.73732047,UAV 1,2,1:3001:1765,ENCAESAR001,1:1:71:4:0:0:0,0,false,false,false,false,0
ENMORT003,none,,2026-08-09T08:59:47.000Z,21.37463664,-157.73725624,UAV 1,2,1:3001:1770,ENMORT003,1:1:71:10:1:0:1,0,false,false,false,false,0
ENBTR60004,move to,LOC_중앙계곡,2026-08-09T08:59:47.000Z,21.37106208,-157.74063732,UAV 1,2,1:3001:1777,ENBTR60004,1:1:222:2:8:1:0,0,false,false,false,false,0
ENBTR60005,move to,LOC_중앙계곡,2026-08-09T08:59:47.000Z,21.37111884,-157.74057897,UAV 1,2,1:3001:1807,ENBTR60005,1:1:222:2:8:1:0,0,false,false,false,false,0
ENT72010,move to,LOC_중앙계곡,2026-08-09T08:59:47.000Z,21.37352576,-157.74149515,UAV 1,2,1:3001:1666,ENT72010,1:1:222:1:2:1:0,0,false,false,false,false,0
ENT72007,move to,LOC_중앙계곡,2026-08-09T08:59:47.000Z,21.37361141,-157.74155533,UAV 1,2,1:3001:1492,ENT72007,1:1:222:1:2:1:0,0,false,false,false,false,0
ENT72008,move to,LOC_중앙계곡,2026-08-09T08:59:47.000Z,21.37361175,-157.74148704,UAV 1,2,1:3001:1520,ENT72008,1:1:222:1:2:1:0,0,false,false,false,false,0
ENT72006,move to,LOC_중앙계곡,2026-08-09T08:59:47.000Z,21.37369011,-157.74147962,UAV 1,2,1:3001:1683,ENT72006,1:1:222:1:2:1:0,0,false,false,false,false,0
ENBTR80002,move to,LOC_중앙계곡,2026-08-09T08:59:47.000Z,21.37139206,-157.74045451,UAV 1,2,1:3001:1789,ENBTR80002,1:1:222:2:13:0:0,0,false,false,false,false,0
ENT72005,move to,LOC_중앙계곡,2026-08-09T08:59:47.000Z,21.37370016,-157.74154666,UAV 1,2,1:3001:1553,ENT72005,1:1:222:1:2:1:0,0,false,false,false,false,0
ENBTR60003,move to,LOC_중앙계곡,2026-08-09T08:59:47.000Z,21.37127329,-157.74056930,UAV 1,2,1:3001:1590,ENBTR60003,1:1:222:2:8:1:0,0,false,false,false,false,0
ENT72009,move to,LOC_중앙계곡,2026-08-09T08:59:47.000Z,21.37352910,-157.74156334,UAV 1,2,1:3001:1632,ENT72009,1:1:222:1:2:1:0,0,false,false,false,false,0
ENBTR60002,move to,LOC_중앙계곡,2026-08-09T08:59:47.000Z,21.37120947,-157.74062687,UAV 1,2,1:3001:1693,ENBTR60002,1:1:222:2:8:1:0,0,false,false,false,false,0
ENT72003,move to,LOC_중앙계곡,2026-08-09T08:59:47.000Z,21.37379671,-157.74153719,UAV 1,2,1:3001:1495,ENT72003,1:1:222:1:2:1:0,0,false,false,false,false,0
ENT72002,move to,LOC_중앙계곡,2026-08-09T08:59:47.000Z,21.37387145,-157.74146257,UAV 1,2,1:3001:1533,ENT72002,1:1:222:1:2:1:0,0,false,false,false,false,0
ENT72001,move to,LOC_중앙계곡,2026-08-09T08:59:47.000Z,21.37387874,-157.74152920,UAV 1,2,1:3001:1586,ENT72001,1:1:222:1:2:1:0,0,false,false,false,false,0
ENT72004,move to,LOC_중앙계곡,2026-08-09T08:59:47.000Z,21.37377989,-157.74147117,UAV 1,2,1:3001:1643,ENT72004,1:1:222:1:2:1:0,0,false,false,false,false,0
ENM35001,move to,LOC_적북측접근로,2026-08-09T08:59:47.000Z,21.37282307,-157.73540583,UAV 1,2,1:3001:1659,ENM35001,1:1:225:7:1:6:0,0,false,false,false,false,0
ENGAZ001,move to,LOC_적북측접근로,2026-08-09T08:59:47.000Z,21.37274131,-157.73515445,UAV 1,2,1:3001:1559,ENGAZ001,1:1:222:7:8:0:0,0,false,false,false,false,0
FRTRK1002,move to,LOC_남측제1방어선,2026-08-09T08:59:47.000Z,21.38789955,-157.74817837,UAV 1,1,1:3001:1758,FRTRK1002,1:1:225:7:12:0:0,0,false,false,false,false,0
ENM35003,move to,LOC_적북측접근로,2026-08-09T08:59:47.000Z,21.37284495,-157.73531143,UAV 1,2,1:3001:1799,ENM35003,1:1:225:7:1:6:0,0,false,false,false,false,0
FRMORT002,none,,2026-08-09T08:59:47.000Z,21.39112390,-157.73727132,UAV 1,1,1:3001:1547,FRMORT002,1:1:71:10:1:0:1,0,false,false,false,false,0
FRMORT001,none,,2026-08-09T08:59:47.000Z,21.39104607,-157.73719078,UAV 1,1,1:3001:1588,FRMORT001,1:1:71:10:1:0:1,0,false,false,false,false,0
FRMORT004,none,,2026-08-09T08:59:47.000Z,21.39119933,-157.73718822,UAV 1,1,1:3001:1672,FRMORT004,1:1:71:10:1:0:1,0,false,false,false,false,0
FRTRK1005,move to,LOC_남측제1방어선,2026-08-09T08:59:47.000Z,21.38791273,-157.74827721,UAV 1,1,1:3001:1678,FRTRK1005,1:1:225:7:12:0:0,0,false,false,false,false,0
FRMORT003,none,,2026-08-09T08:59:47.000Z,21.39112150,-157.73710768,UAV 1,1,1:3001:1744,FRMORT003,1:1:71:10:1:0:1,0,false,false,false,false,0
ENM1A2001,move to,LOC_중앙계곡,2026-08-09T08:59:47.000Z,21.37562371,-157.74241160,UAV 1,2,1:3001:1513,ENM1A2001,1:1:225:1:1:3:0,0,false,false,false,false,0
FRTRK1003,move to,LOC_남측제1방어선,2026-08-09T08:59:47.000Z,21.38786400,-157.74846434,UAV 1,1,1:3001:1519,FRTRK1003,1:1:225:7:12:0:0,0,false,false,false,false,0
ENM1A2003,move to,LOC_중앙계곡,2026-08-09T08:59:47.000Z,21.37558913,-157.74229812,UAV 1,2,1:3001:1469,ENM1A2003,1:1:225:1:1:3:0,0,false,false,false,false,0
FRTRK2004,move to,LOC_남측제1방어선,2026-08-09T08:59:47.000Z,21.38772119,-157.74851784,UAV 1,1,1:3001:1481,FRTRK2004,1:1:225:7:12:8:0,0,false,false,false,false,0
FRLAV002,move to,LOC_중앙킬존남측,2026-08-09T08:59:47.000Z,21.38937170,-157.74554007,UAV 1,1,1:3001:1596,FRLAV002,1:1:39:2:6:1:0,0,false,false,false,false,0
ENM1A2002,move to,LOC_중앙계곡,2026-08-09T08:59:47.000Z,21.37560666,-157.74235476,UAV 1,2,1:3001:1598,ENM1A2002,1:1:225:1:1:3:0,0,false,false,false,false,0
FRLAV001,move to,LOC_중앙킬존남측,2026-08-09T08:59:47.000Z,21.38933614,-157.74547180,UAV 1,1,1:3001:1723,FRLAV001,1:1:39:2:6:1:0,0,false,false,false,false,0
FRLAV003,move to,LOC_중앙킬존남측,2026-08-09T08:59:47.000Z,21.38940998,-157.74560827,UAV 1,1,1:3001:1729,FRLAV003,1:1:39:2:6:1:0,0,false,false,false,false,0
FRTRK2002,move to,LOC_남측제1방어선,2026-08-09T08:59:47.000Z,21.38772763,-157.74858456,UAV 1,1,1:3001:1732,FRTRK2002,1:1:225:7:12:8:0,0,false,false,false,false,0
FRLAV005,move to,LOC_중앙킬존남측,2026-08-09T08:59:47.000Z,21.38949349,-157.74574473,UAV 1,1,1:3001:1752,FRLAV005,1:1:39:2:6:1:0,0,false,false,false,false,0
FRLAV004,move to,LOC_중앙킬존남측,2026-08-09T08:59:47.000Z,21.38945161,-157.74567632,UAV 1,1,1:3001:1790,FRLAV004,1:1:39:2:6:1:0,0,false,false,false,false,0
ENM1A2004,move to,LOC_중앙계곡,2026-08-09T08:59:47.000Z,21.37557671,-157.74223974,UAV 1,2,1:3001:1791,ENM1A2004,1:1:225:1:1:3:0,0,false,false,false,false,0
ENCAESAR002,move to,LOC_북측예비방어선,2026-08-09T08:59:49.000Z,21.37056344,-157.73601468,UAV 1,2,1:3001:1499,ENCAESAR002,1:1:71:4:0:0:0,0,false,false,false,false,0
ENT72012,move to,LOC_중앙계곡,2026-08-09T08:59:49.000Z,21.37363311,-157.74148588,UAV 1,2,1:3001:1500,ENT72012,1:1:222:1:2:1:0,0,false,false,false,false,0
ENBTR60001,move to,LOC_중앙계곡,2026-08-09T08:59:49.000Z,21.37135420,-157.74069263,UAV 1,2,1:3001:1507,ENBTR60001,1:1:222:2:8:1:0,0,false,false,false,false,0
ENMORT005,none,,2026-08-09T08:59:49.000Z,21.37457651,-157.73710572,UAV 1,2,1:3001:1512,ENMORT005,1:1:71:10:1:0:1,0,false,false,false,false,0
ENM1A2005,move to,LOC_중앙계곡,2026-08-09T08:59:49.000Z,21.37573415,-157.74212533,UAV 1,2,1:3001:1526,ENM1A2005,1:1:225:1:1:3:0,0,false,false,false,false,0
FRT69001,move to,LOC_중앙킬존남측,2026-08-09T08:59:49.000Z,21.38565617,-157.73764044,UAV 1,1,1:3001:1530,FRT69001,1:1:45:1:2:1:0,0,false,false,false,false,0
ENMORT004,none,,2026-08-09T08:59:49.000Z,21.37447596,-157.73706256,UAV 1,2,1:3001:1535,ENMORT004,1:1:71:10:1:0:1,0,false,false,false,false,0
ENBTR60006,move to,LOC_중앙계곡,2026-08-09T08:59:49.000Z,21.37138902,-157.74053330,UAV 1,2,1:3001:1568,ENBTR60006,1:1:222:2:8:1:0,0,false,false,false,false,0
ENBTR80004,move to,LOC_중앙계곡,2026-08-09T08:59:49.000Z,21.37146132,-157.74047803,UAV 1,2,1:3001:1584,ENBTR80004,1:1:222:2:13:0:0,0,false,false,false,false,0
ENBTR80001,move to,LOC_중앙계곡,2026-08-09T08:59:49.000Z,21.37153750,-157.74052422,UAV 1,2,1:3001:1602,ENBTR80001,1:1:222:2:13:0:0,0,false,false,false,false,0
ENCAESAR004,move to,LOC_북측예비방어선,2026-08-09T08:59:49.000Z,21.37102193,-157.73718318,UAV 1,2,1:3001:1603,ENCAESAR004,1:1:71:4:0:0:0,0,false,false,false,false,0
ENGAZ002,move to,LOC_적북측접근로,2026-08-09T08:59:49.000Z,21.37274559,-157.73544803,UAV 1,2,1:3001:1626,ENGAZ002,1:1:222:7:8:0:0,0,false,false,false,false,0
ENBTR80006,move to,LOC_중앙계곡,2026-08-09T08:59:49.000Z,21.37157424,-157.74036634,UAV 1,2,1:3001:1633,ENBTR80006,1:1:222:2:13:0:0,0,false,false,false,false,0
ENT72011,move to,LOC_중앙계곡,2026-08-09T08:59:49.000Z,21.37364039,-157.74155162,UAV 1,2,1:3001:1637,ENT72011,1:1:222:1:2:1:0,0,false,false,false,false,0
ENGAZ003,move to,LOC_적북측접근로,2026-08-09T08:59:49.000Z,21.37271258,-157.73529371,UAV 1,2,1:3001:1654,ENGAZ003,1:1:222:7:8:0:0,0,false,false,false,false,0
ENBTR80003,move to,LOC_중앙계곡,2026-08-09T08:59:49.000Z,21.37165373,-157.74041298,UAV 1,2,1:3001:1658,ENBTR80003,1:1:222:2:13:0:0,0,false,false,false,false,0
FRT80008,move to,LOC_중앙킬존남측,2026-08-09T08:59:49.000Z,21.38171126,-157.74839736,UAV 1,1,1:3001:1661,FRT80008,1:1:222:1:1:1:0,0,false,false,false,false,0
ENCAESAR003,move to,LOC_적북측접근로,2026-08-09T08:59:49.000Z,21.37017765,-157.73602233,UAV 1,2,1:3001:1687,ENCAESAR003,1:1:71:4:0:0:0,0,false,false,false,false,0
ENMORT001,none,,2026-08-09T08:59:49.000Z,21.37443553,-157.73716992,UAV 1,2,1:3001:1694,ENMORT001,1:1:71:10:1:0:1,0,false,false,false,false,0
ENBTR60007,move to,LOC_중앙계곡,2026-08-09T08:59:49.000Z,21.37119962,-157.74060006,UAV 1,2,1:3001:1720,ENBTR60007,1:1:222:2:8:1:0,0,false,false,false,false,0
ENBTR60008,move to,LOC_중앙계곡,2026-08-09T08:59:49.000Z,21.37125035,-157.74054317,UAV 1,2,1:3001:1731,ENBTR60008,1:1:222:2:8:1:0,0,false,false,false,false,0
ENBTR80007,move to,LOC_중앙계곡,2026-08-09T08:59:49.000Z,21.37137962,-157.74043121,UAV 1,2,1:3001:1733,ENBTR80007,1:1:222:2:13:0:0,0,false,false,false,false,0
ENMORT002,none,,2026-08-09T08:59:49.000Z,21.37453609,-157.73721308,UAV 1,2,1:3001:1739,ENMORT002,1:1:71:10:1:0:1,0,false,false,false,false,0
ENGAZ004,move to,LOC_적북측접근로,2026-08-09T08:59:49.000Z,21.37276311,-157.73537179,UAV 1,2,1:3001:1743,ENGAZ004,1:1:222:7:8:0:0,0,false,false,false,false,0
ENBTR80005,move to,LOC_중앙계곡,2026-08-09T08:59:49.000Z,21.37151563,-157.74042191,UAV 1,2,1:3001:1751,ENBTR80005,1:1:222:2:13:0:0,0,false,false,false,false,0
ENMIM001,move to,LOC_적북측접근로,2026-08-09T08:59:49.000Z,21.37053506,-157.73934969,UAV 1,2,1:3001:1760,ENMIM001,1:1:225:28:2:0:0,0,false,false,false,false,0
ENCAESAR001,move to,LOC_적북측접근로,2026-08-09T08:59:49.000Z,21.37050544,-157.73754569,UAV 1,2,1:3001:1765,ENCAESAR001,1:1:71:4:0:0:0,0,false,false,false,false,0
ENMORT003,none,,2026-08-09T08:59:49.000Z,21.37463664,-157.73725624,UAV 1,2,1:3001:1770,ENMORT003,1:1:71:10:1:0:1,0,false,false,false,false,0
ENBTR60004,move to,LOC_중앙계곡,2026-08-09T08:59:49.000Z,21.37126657,-157.74064616,UAV 1,2,1:3001:1777,ENBTR60004,1:1:222:2:8:1:0,0,false,false,false,false,0
ENBTR60005,move to,LOC_중앙계곡,2026-08-09T08:59:49.000Z,21.37132381,-157.74058938,UAV 1,2,1:3001:1807,ENBTR60005,1:1:222:2:8:1:0,0,false,false,false,false,0
ENT72010,move to,LOC_중앙계곡,2026-08-09T08:59:49.000Z,21.37371363,-157.74147827,UAV 1,2,1:3001:1666,ENT72010,1:1:222:1:2:1:0,0,false,false,false,false,0
ENT72007,move to,LOC_중앙계곡,2026-08-09T08:59:49.000Z,21.37381776,-157.74153427,UAV 1,2,1:3001:1492,ENT72007,1:1:222:1:2:1:0,0,false,false,false,false,0
ENT72008,move to,LOC_중앙계곡,2026-08-09T08:59:49.000Z,21.37380571,-157.74146962,UAV 1,2,1:3001:1520,ENT72008,1:1:222:1:2:1:0,0,false,false,false,false,0
ENT72006,move to,LOC_중앙계곡,2026-08-09T08:59:49.000Z,21.37389796,-157.74146097,UAV 1,2,1:3001:1683,ENT72006,1:1:222:1:2:1:0,0,false,false,false,false,0
ENBTR80002,move to,LOC_중앙계곡,2026-08-09T08:59:49.000Z,21.37160030,-157.74046879,UAV 1,2,1:3001:1789,ENBTR80002,1:1:222:2:13:0:0,0,false,false,false,false,0
ENT72005,move to,LOC_중앙계곡,2026-08-09T08:59:49.000Z,21.37390691,-157.74152554,UAV 1,2,1:3001:1553,ENT72005,1:1:222:1:2:1:0,0,false,false,false,false,0
ENBTR60003,move to,LOC_중앙계곡,2026-08-09T08:59:49.000Z,21.37147841,-157.74058017,UAV 1,2,1:3001:1590,ENBTR60003,1:1:222:2:8:1:0,0,false,false,false,false,0
ENT72009,move to,LOC_중앙계곡,2026-08-09T08:59:49.000Z,21.37373129,-157.74154272,UAV 1,2,1:3001:1632,ENT72009,1:1:222:1:2:1:0,0,false,false,false,false,0
ENBTR60002,move to,LOC_중앙계곡,2026-08-09T08:59:49.000Z,21.37141448,-157.74063616,UAV 1,2,1:3001:1693,ENBTR60002,1:1:222:2:8:1:0,0,false,false,false,false,0
ENT72003,move to,LOC_중앙계곡,2026-08-09T08:59:49.000Z,21.37399667,-157.74151675,UAV 1,2,1:3001:1495,ENT72003,1:1:222:1:2:1:0,0,false,false,false,false,0
ENT72002,move to,LOC_중앙계곡,2026-08-09T08:59:49.000Z,21.37407075,-157.74144472,UAV 1,2,1:3001:1533,ENT72002,1:1:222:1:2:1:0,0,false,false,false,false,0
ENT72001,move to,LOC_중앙계곡,2026-08-09T08:59:49.000Z,21.37407974,-157.74150864,UAV 1,2,1:3001:1586,ENT72001,1:1:222:1:2:1:0,0,false,false,false,false,0
ENT72004,move to,LOC_중앙계곡,2026-08-09T08:59:49.000Z,21.37398601,-157.74145269,UAV 1,2,1:3001:1643,ENT72004,1:1:222:1:2:1:0,0,false,false,false,false,0
ENM35001,move to,LOC_적북측접근로,2026-08-09T08:59:49.000Z,21.37277368,-157.73561545,UAV 1,2,1:3001:1659,ENM35001,1:1:225:7:1:6:0,0,false,false,false,false,0
ENGAZ001,move to,LOC_적북측접근로,2026-08-09T08:59:49.000Z,21.37269511,-157.73537009,UAV 1,2,1:3001:1559,ENGAZ001,1:1:222:7:8:0:0,0,false,false,false,false,0
FRTRK1002,move to,LOC_남측제1방어선,2026-08-09T08:59:49.000Z,21.38786915,-157.74796087,UAV 1,1,1:3001:1758,FRTRK1002,1:1:225:7:12:0:0,0,false,false,false,false,0
ENM35003,move to,LOC_적북측접근로,2026-08-09T08:59:49.000Z,21.37279578,-157.73552017,UAV 1,2,1:3001:1799,ENM35003,1:1:225:7:1:6:0,0,false,false,false,false,0
FRMORT002,none,,2026-08-09T08:59:49.000Z,21.39112390,-157.73727132,UAV 1,1,1:3001:1547,FRMORT002,1:1:71:10:1:0:1,0,false,false,false,false,0
FRMORT001,none,,2026-08-09T08:59:49.000Z,21.39104607,-157.73719078,UAV 1,1,1:3001:1588,FRMORT001,1:1:71:10:1:0:1,0,false,false,false,false,0
FRMORT004,none,,2026-08-09T08:59:49.000Z,21.39119933,-157.73718822,UAV 1,1,1:3001:1672,FRMORT004,1:1:71:10:1:0:1,0,false,false,false,false,0
FRTRK1005,move to,LOC_남측제1방어선,2026-08-09T08:59:49.000Z,21.38788429,-157.74807363,UAV 1,1,1:3001:1678,FRTRK1005,1:1:225:7:12:0:0,0,false,false,false,false,0
FRMORT003,none,,2026-08-09T08:59:49.000Z,21.39112150,-157.73710768,UAV 1,1,1:3001:1744,FRMORT003,1:1:71:10:1:0:1,0,false,false,false,false,0
ENM1A2001,move to,LOC_중앙계곡,2026-08-09T08:59:49.000Z,21.37581496,-157.74233484,UAV 1,2,1:3001:1513,ENM1A2001,1:1:225:1:1:3:0,0,false,false,false,false,0
FRTRK1003,move to,LOC_남측제1방어선,2026-08-09T08:59:49.000Z,21.38783654,-157.74825595,UAV 1,1,1:3001:1519,FRTRK1003,1:1:225:7:12:0:0,0,false,false,false,false,0
ENM1A2003,move to,LOC_중앙계곡,2026-08-09T08:59:49.000Z,21.37576934,-157.74223219,UAV 1,2,1:3001:1469,ENM1A2003,1:1:225:1:1:3:0,0,false,false,false,false,0
FRTRK2004,move to,LOC_남측제1방어선,2026-08-09T08:59:49.000Z,21.38770474,-157.74837587,UAV 1,1,1:3001:1481,FRTRK2004,1:1:225:7:12:8:0,0,false,false,false,false,0
FRLAV002,move to,LOC_중앙킬존남측,2026-08-09T08:59:49.000Z,21.38918412,-157.74555929,UAV 1,1,1:3001:1596,FRLAV002,1:1:39:2:6:1:0,0,false,false,false,false,0
ENM1A2002,move to,LOC_중앙계곡,2026-08-09T08:59:49.000Z,21.37579581,-157.74228222,UAV 1,2,1:3001:1598,ENM1A2002,1:1:225:1:1:3:0,0,false,false,false,false,0
FRLAV001,move to,LOC_중앙킬존남측,2026-08-09T08:59:49.000Z,21.38913976,-157.74549358,UAV 1,1,1:3001:1723,FRLAV001,1:1:39:2:6:1:0,0,false,false,false,false,0
FRLAV003,move to,LOC_중앙킬존남측,2026-08-09T08:59:49.000Z,21.38921997,-157.74562614,UAV 1,1,1:3001:1729,FRLAV003,1:1:39:2:6:1:0,0,false,false,false,false,0
FRTRK2002,move to,LOC_남측제1방어선,2026-08-09T08:59:49.000Z,21.38771506,-157.74847589,UAV 1,1,1:3001:1732,FRTRK2002,1:1:225:7:12:8:0,0,false,false,false,false,0
FRLAV005,move to,LOC_중앙킬존남측,2026-08-09T08:59:49.000Z,21.38929295,-157.74576024,UAV 1,1,1:3001:1752,FRLAV005,1:1:39:2:6:1:0,0,false,false,false,false,0
FRLAV004,move to,LOC_중앙킬존남측,2026-08-09T08:59:49.000Z,21.38925287,-157.74569335,UAV 1,1,1:3001:1790,FRLAV004,1:1:39:2:6:1:0,0,false,false,false,false,0
ENM1A2004,move to,LOC_중앙계곡,2026-08-09T08:59:49.000Z,21.37575162,-157.74217882,UAV 1,2,1:3001:1791,ENM1A2004,1:1:225:1:1:3:0,0,false,false,false,false,0
FRTRK1001,move to,LOC_남측제1방어선,2026-08-09T08:59:49.000Z,21.38795715,-157.74807202,UAV 1,1,1:3001:1548,FRTRK1001,1:1:225:7:12:0:0,0,false,false,false,false,0
FRLAV006,move to,LOC_중앙킬존남측,2026-08-09T08:59:49.000Z,21.38933288,-157.74582740,UAV 1,1,1:3001:1601,FRLAV006,1:1:39:2:6:1:0,0,false,false,false,false,0
FRLAV008,move to,LOC_중앙킬존남측,2026-08-09T08:59:49.000Z,21.38941314,-157.74596215,UAV 1,1,1:3001:1651,FRLAV008,1:1:39:2:6:1:0,0,false,false,false,false,0
FRLAV007,move to,LOC_중앙킬존남측,2026-08-09T08:59:49.000Z,21.38937476,-157.74589460,UAV 1,1,1:3001:1762,FRLAV007,1:1:39:2:6:1:0,0,false,false,false,false,0
ENCAESAR002,move to,LOC_북측예비방어선,2026-08-09T08:59:51.000Z,21.37063934,-157.73620592,UAV 1,2,1:3001:1499,ENCAESAR002,1:1:71:4:0:0:0,0,false,false,false,false,0
ENT72012,move to,LOC_중앙계곡,2026-08-09T08:59:51.000Z,21.37381098,-157.74146989,UAV 1,2,1:3001:1500,ENT72012,1:1:222:1:2:1:0,0,false,false,false,false,0
ENBTR60001,move to,LOC_중앙계곡,2026-08-09T08:59:51.000Z,21.37154221,-157.74069973,UAV 1,2,1:3001:1507,ENBTR60001,1:1:222:2:8:1:0,0,false,false,false,false,0
ENMORT005,none,,2026-08-09T08:59:51.000Z,21.37457651,-157.73710572,UAV 1,2,1:3001:1512,ENMORT005,1:1:71:10:1:0:1,0,false,false,false,false,0
ENM1A2005,move to,LOC_중앙계곡,2026-08-09T08:59:51.000Z,21.37592186,-157.74206321,UAV 1,2,1:3001:1526,ENM1A2005,1:1:225:1:1:3:0,0,false,false,false,false,0
FRT69001,move to,LOC_중앙킬존남측,2026-08-09T08:59:51.000Z,21.38556204,-157.73781197,UAV 1,1,1:3001:1530,FRT69001,1:1:45:1:2:1:0,0,false,false,false,false,0
ENMORT004,none,,2026-08-09T08:59:51.000Z,21.37447596,-157.73706256,UAV 1,2,1:3001:1535,ENMORT004,1:1:71:10:1:0:1,0,false,false,false,false,0
ENBTR60006,move to,LOC_중앙계곡,2026-08-09T08:59:51.000Z,21.37157493,-157.74054416,UAV 1,2,1:3001:1568,ENBTR60006,1:1:222:2:8:1:0,0,false,false,false,false,0
ENBTR80004,move to,LOC_중앙계곡,2026-08-09T08:59:51.000Z,21.37164985,-157.74049050,UAV 1,2,1:3001:1584,ENBTR80004,1:1:222:2:13:0:0,0,false,false,false,false,0
ENBTR80001,move to,LOC_중앙계곡,2026-08-09T08:59:51.000Z,21.37172185,-157.74053542,UAV 1,2,1:3001:1602,ENBTR80001,1:1:222:2:13:0:0,0,false,false,false,false,0
ENCAESAR004,move to,LOC_북측예비방어선,2026-08-09T08:59:51.000Z,21.37109437,-157.73736531,UAV 1,2,1:3001:1603,ENCAESAR004,1:1:71:4:0:0:0,0,false,false,false,false,0
ENGAZ002,move to,LOC_적북측접근로,2026-08-09T08:59:51.000Z,21.37270296,-157.73563760,UAV 1,2,1:3001:1626,ENGAZ002,1:1:222:7:8:0:0,0,false,false,false,false,0
ENBTR80006,move to,LOC_중앙계곡,2026-08-09T08:59:51.000Z,21.37176000,-157.74038154,UAV 1,2,1:3001:1633,ENBTR80006,1:1:222:2:13:0:0,0,false,false,false,false,0
ENT72011,move to,LOC_중앙계곡,2026-08-09T08:59:51.000Z,21.37382843,-157.74153245,UAV 1,2,1:3001:1637,ENT72011,1:1:222:1:2:1:0,0,false,false,false,false,0
ENGAZ003,move to,LOC_적북측접근로,2026-08-09T08:59:51.000Z,21.37267253,-157.73548050,UAV 1,2,1:3001:1654,ENGAZ003,1:1:222:7:8:0:0,0,false,false,false,false,0
ENBTR80003,move to,LOC_중앙계곡,2026-08-09T08:59:51.000Z,21.37184138,-157.74042733,UAV 1,2,1:3001:1658,ENBTR80003,1:1:222:2:13:0:0,0,false,false,false,false,0
FRT80008,move to,LOC_중앙킬존남측,2026-08-09T08:59:51.000Z,21.38163130,-157.74821496,UAV 1,1,1:3001:1661,FRT80008,1:1:222:1:1:1:0,0,false,false,false,false,0
ENCAESAR003,move to,LOC_적북측접근로,2026-08-09T08:59:51.000Z,21.37021769,-157.73622097,UAV 1,2,1:3001:1687,ENCAESAR003,1:1:71:4:0:0:0,0,false,false,false,false,0
ENMORT001,none,,2026-08-09T08:59:51.000Z,21.37443553,-157.73716992,UAV 1,2,1:3001:1694,ENMORT001,1:1:71:10:1:0:1,0,false,false,false,false,0
ENBTR60007,move to,LOC_중앙계곡,2026-08-09T08:59:51.000Z,21.37138501,-157.74060905,UAV 1,2,1:3001:1720,ENBTR60007,1:1:222:2:8:1:0,0,false,false,false,false,0
ENBTR60008,move to,LOC_중앙계곡,2026-08-09T08:59:51.000Z,21.37143756,-157.74055368,UAV 1,2,1:3001:1731,ENBTR60008,1:1:222:2:8:1:0,0,false,false,false,false,0
ENBTR80007,move to,LOC_중앙계곡,2026-08-09T08:59:51.000Z,21.37156883,-157.74044473,UAV 1,2,1:3001:1733,ENBTR80007,1:1:222:2:13:0:0,0,false,false,false,false,0
ENMORT002,none,,2026-08-09T08:59:51.000Z,21.37453609,-157.73721308,UAV 1,2,1:3001:1739,ENMORT002,1:1:71:10:1:0:1,0,false,false,false,false,0
ENGAZ004,move to,LOC_적북측접근로,2026-08-09T08:59:51.000Z,21.37272067,-157.73556042,UAV 1,2,1:3001:1743,ENGAZ004,1:1:222:7:8:0:0,0,false,false,false,false,0
ENBTR80005,move to,LOC_중앙계곡,2026-08-09T08:59:51.000Z,21.37169924,-157.74043549,UAV 1,2,1:3001:1751,ENBTR80005,1:1:222:2:13:0:0,0,false,false,false,false,0
ENMIM001,move to,LOC_적북측접근로,2026-08-09T08:59:51.000Z,21.37060114,-157.73954830,UAV 1,2,1:3001:1760,ENMIM001,1:1:225:28:2:0:0,0,false,false,false,false,0
ENCAESAR001,move to,LOC_적북측접근로,2026-08-09T08:59:51.000Z,21.37054353,-157.73773939,UAV 1,2,1:3001:1765,ENCAESAR001,1:1:71:4:0:0:0,0,false,false,false,false,0
ENMORT003,none,,2026-08-09T08:59:51.000Z,21.37463664,-157.73725624,UAV 1,2,1:3001:1770,ENMORT003,1:1:71:10:1:0:1,0,false,false,false,false,0
ENBTR60005,move to,LOC_중앙계곡,2026-08-09T08:59:51.000Z,21.37151148,-157.74059891,UAV 1,2,1:3001:1807,ENBTR60005,1:1:222:2:8:1:0,0,false,false,false,false,0
ENT72010,move to,LOC_중앙계곡,2026-08-09T08:59:51.000Z,21.37390301,-157.74146125,UAV 1,2,1:3001:1666,ENT72010,1:1:222:1:2:1:0,0,false,false,false,false,0
ENT72007,move to,LOC_중앙계곡,2026-08-09T08:59:51.000Z,21.37400268,-157.74151539,UAV 1,2,1:3001:1492,ENT72007,1:1:222:1:2:1:0,0,false,false,false,false,0
ENT72008,move to,LOC_중앙계곡,2026-08-09T08:59:51.000Z,21.37399636,-157.74145251,UAV 1,2,1:3001:1520,ENT72008,1:1:222:1:2:1:0,0,false,false,false,false,0
ENT72006,move to,LOC_중앙계곡,2026-08-09T08:59:51.000Z,21.37408143,-157.74144451,UAV 1,2,1:3001:1683,ENT72006,1:1:222:1:2:1:0,0,false,false,false,false,0
ENBTR80002,move to,LOC_중앙계곡,2026-08-09T08:59:51.000Z,21.37178497,-157.74048145,UAV 1,2,1:3001:1789,ENBTR80002,1:1:222:2:13:0:0,0,false,false,false,false,0
ENT72005,move to,LOC_중앙계곡,2026-08-09T08:59:51.000Z,21.37409074,-157.74150677,UAV 1,2,1:3001:1553,ENT72005,1:1:222:1:2:1:0,0,false,false,false,false,0
ENBTR60003,move to,LOC_중앙계곡,2026-08-09T08:59:51.000Z,21.37167066,-157.74059036,UAV 1,2,1:3001:1590,ENBTR60003,1:1:222:2:8:1:0,0,false,false,false,false,0
ENT72009,move to,LOC_중앙계곡,2026-08-09T08:59:51.000Z,21.37391738,-157.74152374,UAV 1,2,1:3001:1632,ENT72009,1:1:222:1:2:1:0,0,false,false,false,false,0
ENBTR60002,move to,LOC_중앙계곡,2026-08-09T08:59:51.000Z,21.37160240,-157.74064468,UAV 1,2,1:3001:1693,ENBTR60002,1:1:222:2:8:1:0,0,false,false,false,false,0
ENT72003,move to,LOC_중앙계곡,2026-08-09T08:59:51.000Z,21.37418191,-157.74149782,UAV 1,2,1:3001:1495,ENT72003,1:1:222:1:2:1:0,0,false,false,false,false,0
ENT72002,move to,LOC_중앙계곡,2026-08-09T08:59:51.000Z,21.37425992,-157.74142777,UAV 1,2,1:3001:1533,ENT72002,1:1:222:1:2:1:0,0,false,false,false,false,0
ENT72001,move to,LOC_중앙계곡,2026-08-09T08:59:51.000Z,21.37426815,-157.74148937,UAV 1,2,1:3001:1586,ENT72001,1:1:222:1:2:1:0,0,false,false,false,false,0
ENT72004,move to,LOC_중앙계곡,2026-08-09T08:59:51.000Z,21.37416886,-157.74143630,UAV 1,2,1:3001:1643,ENT72004,1:1:222:1:2:1:0,0,false,false,false,false,0
ENM35001,move to,LOC_적북측접근로,2026-08-09T08:59:51.000Z,21.37272789,-157.73580975,UAV 1,2,1:3001:1659,ENM35001,1:1:225:7:1:6:0,0,false,false,false,false,0
ENGAZ001,move to,LOC_적북측접근로,2026-08-09T08:59:51.000Z,21.37265454,-157.73555947,UAV 1,2,1:3001:1559,ENGAZ001,1:1:222:7:8:0:0,0,false,false,false,false,0
FRTRK1002,move to,LOC_남측제1방어선,2026-08-09T08:59:51.000Z,21.38784223,-157.74776832,UAV 1,1,1:3001:1758,FRTRK1002,1:1:225:7:12:0:0,0,false,false,false,false,0
ENM35003,move to,LOC_적북측접근로,2026-08-09T08:59:51.000Z,21.37275026,-157.73571335,UAV 1,2,1:3001:1799,ENM35003,1:1:225:7:1:6:0,0,false,false,false,false,0
FRMORT002,none,,2026-08-09T08:59:51.000Z,21.39112390,-157.73727132,UAV 1,1,1:3001:1547,FRMORT002,1:1:71:10:1:0:1,0,false,false,false,false,0
FRMORT001,none,,2026-08-09T08:59:51.000Z,21.39104607,-157.73719078,UAV 1,1,1:3001:1588,FRMORT001,1:1:71:10:1:0:1,0,false,false,false,false,0
FRMORT004,none,,2026-08-09T08:59:51.000Z,21.39119933,-157.73718822,UAV 1,1,1:3001:1672,FRMORT004,1:1:71:10:1:0:1,0,false,false,false,false,0
FRTRK1005,move to,LOC_남측제1방어선,2026-08-09T08:59:51.000Z,21.38785730,-157.74788044,UAV 1,1,1:3001:1678,FRTRK1005,1:1:225:7:12:0:0,0,false,false,false,false,0
FRMORT003,none,,2026-08-09T08:59:51.000Z,21.39112150,-157.73710768,UAV 1,1,1:3001:1744,FRMORT003,1:1:71:10:1:0:1,0,false,false,false,false,0
FRTRK1003,move to,LOC_남측제1방어선,2026-08-09T08:59:51.000Z,21.38781727,-157.74810969,UAV 1,1,1:3001:1519,FRTRK1003,1:1:225:7:12:0:0,0,false,false,false,false,0
FRTRK2004,move to,LOC_남측제1방어선,2026-08-09T08:59:51.000Z,21.38768862,-157.74823671,UAV 1,1,1:3001:1481,FRTRK2004,1:1:225:7:12:8:0,0,false,false,false,false,0
FRLAV002,move to,LOC_중앙킬존남측,2026-08-09T08:59:51.000Z,21.38899491,-157.74557867,UAV 1,1,1:3001:1596,FRLAV002,1:1:39:2:6:1:0,0,false,false,false,false,0
FRLAV001,move to,LOC_중앙킬존남측,2026-08-09T08:59:51.000Z,21.38895005,-157.74551462,UAV 1,1,1:3001:1723,FRLAV001,1:1:39:2:6:1:0,0,false,false,false,false,0
FRLAV003,move to,LOC_중앙킬존남측,2026-08-09T08:59:51.000Z,21.38903082,-157.74564392,UAV 1,1,1:3001:1729,FRLAV003,1:1:39:2:6:1:0,0,false,false,false,false,0
FRTRK2002,move to,LOC_남측제1방어선,2026-08-09T08:59:51.000Z,21.38769920,-157.74833890,UAV 1,1,1:3001:1732,FRTRK2002,1:1:225:7:12:8:0,0,false,false,false,false,0
FRLAV005,move to,LOC_중앙킬존남측,2026-08-09T08:59:51.000Z,21.38910783,-157.74577456,UAV 1,1,1:3001:1752,FRLAV005,1:1:39:2:6:1:0,0,false,false,false,false,0
FRLAV004,move to,LOC_중앙킬존남측,2026-08-09T08:59:51.000Z,21.38906887,-157.74570911,UAV 1,1,1:3001:1790,FRLAV004,1:1:39:2:6:1:0,0,false,false,false,false,0
FRLAV006,move to,LOC_중앙킬존남측,2026-08-09T08:59:51.000Z,21.38914565,-157.74584034,UAV 1,1,1:3001:1601,FRLAV006,1:1:39:2:6:1:0,0,false,false,false,false,0
FRLAV008,move to,LOC_중앙킬존남측,2026-08-09T08:59:51.000Z,21.38922473,-157.74597208,UAV 1,1,1:3001:1651,FRLAV008,1:1:39:2:6:1:0,0,false,false,false,false,0
FRLAV007,move to,LOC_중앙킬존남측,2026-08-09T08:59:51.000Z,21.38918514,-157.74590614,UAV 1,1,1:3001:1762,FRLAV007,1:1:39:2:6:1:0,0,false,false,false,false,0
FRTRK1004,move to,LOC_남측제1방어선,2026-08-09T08:59:51.000Z,21.38794940,-157.74802771,UAV 1,1,1:3001:1803,FRTRK1004,1:1:225:7:12:0:0,0,false,false,false,false,0
ENCAESAR002,move to,LOC_북측예비방어선,2026-08-09T08:59:53.000Z,21.37069952,-157.73635757,UAV 1,2,1:3001:1499,ENCAESAR002,1:1:71:4:0:0:0,0,false,false,false,false,0
ENT72012,move to,LOC_중앙계곡,2026-08-09T08:59:53.000Z,21.37398121,-157.74145458,UAV 1,2,1:3001:1500,ENT72012,1:1:222:1:2:1:0,0,false,false,false,false,0
ENBTR60001,move to,LOC_중앙계곡,2026-08-09T08:59:53.000Z,21.37171148,-157.74070612,UAV 1,2,1:3001:1507,ENBTR60001,1:1:222:2:8:1:0,0,false,false,false,false,0
ENMORT005,none,,2026-08-09T08:59:53.000Z,21.37457651,-157.73710572,UAV 1,2,1:3001:1512,ENMORT005,1:1:71:10:1:0:1,0,false,false,false,false,0
ENM1A2005,move to,LOC_중앙계곡,2026-08-09T08:59:53.000Z,21.37609193,-157.74200692,UAV 1,2,1:3001:1526,ENM1A2005,1:1:225:1:1:3:0,0,false,false,false,false,0
FRT69001,move to,LOC_중앙킬존남측,2026-08-09T08:59:53.000Z,21.38547814,-157.73796489,UAV 1,1,1:3001:1530,FRT69001,1:1:45:1:2:1:0,0,false,false,false,false,0
ENMORT004,none,,2026-08-09T08:59:53.000Z,21.37447596,-157.73706256,UAV 1,2,1:3001:1535,ENMORT004,1:1:71:10:1:0:1,0,false,false,false,false,0
ENBTR60006,move to,LOC_중앙계곡,2026-08-09T08:59:53.000Z,21.37174220,-157.74055393,UAV 1,2,1:3001:1568,ENBTR60006,1:1:222:2:8:1:0,0,false,false,false,false,0
ENBTR80004,move to,LOC_중앙계곡,2026-08-09T08:59:53.000Z,21.37181521,-157.74050144,UAV 1,2,1:3001:1584,ENBTR80004,1:1:222:2:13:0:0,0,false,false,false,false,0
ENBTR80001,move to,LOC_중앙계곡,2026-08-09T08:59:53.000Z,21.37188935,-157.74054559,UAV 1,2,1:3001:1602,ENBTR80001,1:1:222:2:13:0:0,0,false,false,false,false,0
ENCAESAR004,move to,LOC_북측예비방어선,2026-08-09T08:59:53.000Z,21.37115921,-157.73752832,UAV 1,2,1:3001:1603,ENCAESAR004,1:1:71:4:0:0:0,0,false,false,false,false,0
ENGAZ002,move to,LOC_적북측접근로,2026-08-09T08:59:53.000Z,21.37266278,-157.73581621,UAV 1,2,1:3001:1626,ENGAZ002,1:1:222:7:8:0:0,0,false,false,false,false,0
ENBTR80006,move to,LOC_중앙계곡,2026-08-09T08:59:53.000Z,21.37192594,-157.74039511,UAV 1,2,1:3001:1633,ENBTR80006,1:1:222:2:13:0:0,0,false,false,false,false,0
ENT72011,move to,LOC_중앙계곡,2026-08-09T08:59:53.000Z,21.37399308,-157.74151567,UAV 1,2,1:3001:1637,ENT72011,1:1:222:1:2:1:0,0,false,false,false,false,0
ENGAZ003,move to,LOC_적북측접근로,2026-08-09T08:59:53.000Z,21.37263538,-157.73565377,UAV 1,2,1:3001:1654,ENGAZ003,1:1:222:7:8:0:0,0,false,false,false,false,0
ENBTR80003,move to,LOC_중앙계곡,2026-08-09T08:59:53.000Z,21.37200581,-157.74043991,UAV 1,2,1:3001:1658,ENBTR80003,1:1:222:2:13:0:0,0,false,false,false,false,0
FRT80008,move to,LOC_중앙킬존남측,2026-08-09T08:59:53.000Z,21.38156248,-157.74805797,UAV 1,1,1:3001:1661,FRT80008,1:1:222:1:1:1:0,0,false,false,false,false,0
ENCAESAR003,move to,LOC_적북측접근로,2026-08-09T08:59:53.000Z,21.37024958,-157.73637915,UAV 1,2,1:3001:1687,ENCAESAR003,1:1:71:4:0:0:0,0,false,false,false,false,0
ENMORT001,none,,2026-08-09T08:59:53.000Z,21.37443553,-157.73716992,UAV 1,2,1:3001:1694,ENMORT001,1:1:71:10:1:0:1,0,false,false,false,false,0
ENBTR60007,move to,LOC_중앙계곡,2026-08-09T08:59:53.000Z,21.37155716,-157.74061740,UAV 1,2,1:3001:1720,ENBTR60007,1:1:222:2:8:1:0,0,false,false,false,false,0
ENBTR60008,move to,LOC_중앙계곡,2026-08-09T08:59:53.000Z,21.37160534,-157.74056310,UAV 1,2,1:3001:1731,ENBTR60008,1:1:222:2:8:1:0,0,false,false,false,false,0
ENBTR80007,move to,LOC_중앙계곡,2026-08-09T08:59:53.000Z,21.37173419,-157.74045654,UAV 1,2,1:3001:1733,ENBTR80007,1:1:222:2:13:0:0,0,false,false,false,false,0
ENMORT002,none,,2026-08-09T08:59:53.000Z,21.37453609,-157.73721308,UAV 1,2,1:3001:1739,ENMORT002,1:1:71:10:1:0:1,0,false,false,false,false,0
ENGAZ004,move to,LOC_적북측접근로,2026-08-09T08:59:53.000Z,21.37268124,-157.73573571,UAV 1,2,1:3001:1743,ENGAZ004,1:1:222:7:8:0:0,0,false,false,false,false,0
ENBTR80005,move to,LOC_중앙계곡,2026-08-09T08:59:53.000Z,21.37186730,-157.74044791,UAV 1,2,1:3001:1751,ENBTR80005,1:1:222:2:13:0:0,0,false,false,false,false,0
ENMIM001,move to,LOC_적북측접근로,2026-08-09T08:59:53.000Z,21.37065032,-157.73969614,UAV 1,2,1:3001:1760,ENMIM001,1:1:225:28:2:0:0,0,false,false,false,false,0
ENCAESAR001,move to,LOC_적북측접근로,2026-08-09T08:59:53.000Z,21.37057727,-157.73791093,UAV 1,2,1:3001:1765,ENCAESAR001,1:1:71:4:0:0:0,0,false,false,false,false,0
ENMORT003,none,,2026-08-09T08:59:53.000Z,21.37463664,-157.73725624,UAV 1,2,1:3001:1770,ENMORT003,1:1:71:10:1:0:1,0,false,false,false,false,0
ENBTR60005,move to,LOC_중앙계곡,2026-08-09T08:59:53.000Z,21.37167921,-157.74060743,UAV 1,2,1:3001:1807,ENBTR60005,1:1:222:2:8:1:0,0,false,false,false,false,0
ENT72010,move to,LOC_중앙계곡,2026-08-09T08:59:53.000Z,21.37406648,-157.74144656,UAV 1,2,1:3001:1666,ENT72010,1:1:222:1:2:1:0,0,false,false,false,false,0
ENT72007,move to,LOC_중앙계곡,2026-08-09T08:59:53.000Z,21.37416751,-157.74149857,UAV 1,2,1:3001:1492,ENT72007,1:1:222:1:2:1:0,0,false,false,false,false,0
ENT72008,move to,LOC_중앙계곡,2026-08-09T08:59:53.000Z,21.37415932,-157.74143787,UAV 1,2,1:3001:1520,ENT72008,1:1:222:1:2:1:0,0,false,false,false,false,0
ENT72006,move to,LOC_중앙계곡,2026-08-09T08:59:53.000Z,21.37424929,-157.74142945,UAV 1,2,1:3001:1683,ENT72006,1:1:222:1:2:1:0,0,false,false,false,false,0
ENBTR80002,move to,LOC_중앙계곡,2026-08-09T08:59:53.000Z,21.37195191,-157.74049290,UAV 1,2,1:3001:1789,ENBTR80002,1:1:222:2:13:0:0,0,false,false,false,false,0
ENT72005,move to,LOC_중앙계곡,2026-08-09T08:59:53.000Z,21.37425899,-157.74148958,UAV 1,2,1:3001:1553,ENT72005,1:1:222:1:2:1:0,0,false,false,false,false,0
ENBTR60003,move to,LOC_중앙계곡,2026-08-09T08:59:53.000Z,21.37183999,-157.74059933,UAV 1,2,1:3001:1590,ENBTR60003,1:1:222:2:8:1:0,0,false,false,false,false,0
ENT72009,move to,LOC_중앙계곡,2026-08-09T08:59:53.000Z,21.37408367,-157.74150678,UAV 1,2,1:3001:1632,ENT72009,1:1:222:1:2:1:0,0,false,false,false,false,0
ENBTR60002,move to,LOC_중앙계곡,2026-08-09T08:59:53.000Z,21.37176867,-157.74065222,UAV 1,2,1:3001:1693,ENBTR60002,1:1:222:2:8:1:0,0,false,false,false,false,0
ENT72003,move to,LOC_중앙계곡,2026-08-09T08:59:53.000Z,21.37435859,-157.74147976,UAV 1,2,1:3001:1495,ENT72003,1:1:222:1:2:1:0,0,false,false,false,false,0
ENT72002,move to,LOC_중앙계곡,2026-08-09T08:59:53.000Z,21.37444214,-157.74141145,UAV 1,2,1:3001:1533,ENT72002,1:1:222:1:2:1:0,0,false,false,false,false,0
ENT72004,move to,LOC_중앙계곡,2026-08-09T08:59:53.000Z,21.37434455,-157.74142055,UAV 1,2,1:3001:1643,ENT72004,1:1:222:1:2:1:0,0,false,false,false,false,0
ENM35001,move to,LOC_적북측접근로,2026-08-09T08:59:53.000Z,21.37268700,-157.73598328,UAV 1,2,1:3001:1659,ENM35001,1:1:225:7:1:6:0,0,false,false,false,false,0
ENGAZ001,move to,LOC_적북측접근로,2026-08-09T08:59:53.000Z,21.37261665,-157.73573634,UAV 1,2,1:3001:1559,ENGAZ001,1:1:222:7:8:0:0,0,false,false,false,false,0
FRTRK1002,move to,LOC_남측제1방어선,2026-08-09T08:59:53.000Z,21.38781736,-157.74759035,UAV 1,1,1:3001:1758,FRTRK1002,1:1:225:7:12:0:0,0,false,false,false,false,0
FRTRK1005,move to,LOC_남측제1방어선,2026-08-09T08:59:53.000Z,21.38783355,-157.74771038,UAV 1,1,1:3001:1678,FRTRK1005,1:1:225:7:12:0:0,0,false,false,false,false,0
FRTRK1003,move to,LOC_남측제1방어선,2026-08-09T08:59:53.000Z,21.38780485,-157.74801538,UAV 1,1,1:3001:1519,FRTRK1003,1:1:225:7:12:0:0,0,false,false,false,false,0
FRLAV002,move to,LOC_중앙킬존남측,2026-08-09T08:59:53.000Z,21.38883117,-157.74559544,UAV 1,1,1:3001:1596,FRLAV002,1:1:39:2:6:1:0,0,false,false,false,false,0
FRLAV001,move to,LOC_중앙킬존남측,2026-08-09T08:59:53.000Z,21.38878613,-157.74553280,UAV 1,1,1:3001:1723,FRLAV001,1:1:39:2:6:1:0,0,false,false,false,false,0
FRLAV003,move to,LOC_중앙킬존남측,2026-08-09T08:59:53.000Z,21.38886646,-157.74565938,UAV 1,1,1:3001:1729,FRLAV003,1:1:39:2:6:1:0,0,false,false,false,false,0
FRLAV005,move to,LOC_중앙킬존남측,2026-08-09T08:59:53.000Z,21.38894244,-157.74578735,UAV 1,1,1:3001:1752,FRLAV005,1:1:39:2:6:1:0,0,false,false,false,false,0
FRLAV004,move to,LOC_중앙킬존남측,2026-08-09T08:59:53.000Z,21.38890223,-157.74572339,UAV 1,1,1:3001:1790,FRLAV004,1:1:39:2:6:1:0,0,false,false,false,false,0
FRLAV006,move to,LOC_중앙킬존남측,2026-08-09T08:59:53.000Z,21.38898187,-157.74585165,UAV 1,1,1:3001:1601,FRLAV006,1:1:39:2:6:1:0,0,false,false,false,false,0
FRLAV008,move to,LOC_중앙킬존남측,2026-08-09T08:59:53.000Z,21.38905864,-157.74598083,UAV 1,1,1:3001:1651,FRLAV008,1:1:39:2:6:1:0,0,false,false,false,false,0
FRLAV007,move to,LOC_중앙킬존남측,2026-08-09T08:59:53.000Z,21.38902256,-157.74591604,UAV 1,1,1:3001:1762,FRLAV007,1:1:39:2:6:1:0,0,false,false,false,false,0
FRTRK1004,move to,LOC_남측제1방어선,2026-08-09T08:59:53.000Z,21.38793114,-157.74790410,UAV 1,1,1:3001:1803,FRTRK1004,1:1:225:7:12:0:0,0,false,false,false,false,0
ENCAESAR002,move to,LOC_북측예비방어선,2026-08-09T08:59:54.000Z,21.37076653,-157.73652639,UAV 1,2,1:3001:1499,ENCAESAR002,1:1:71:4:0:0:0,0,false,false,false,false,0
ENT72012,move to,LOC_중앙계곡,2026-08-09T08:59:54.000Z,21.37415391,-157.74143905,UAV 1,2,1:3001:1500,ENT72012,1:1:222:1:2:1:0,0,false,false,false,false,0
ENBTR60001,move to,LOC_중앙계곡,2026-08-09T08:59:54.000Z,21.37189134,-157.74071292,UAV 1,2,1:3001:1507,ENBTR60001,1:1:222:2:8:1:0,0,false,false,false,false,0
ENMORT005,none,,2026-08-09T08:59:54.000Z,21.37457651,-157.73710572,UAV 1,2,1:3001:1512,ENMORT005,1:1:71:10:1:0:1,0,false,false,false,false,0
ENM1A2005,move to,LOC_중앙계곡,2026-08-09T08:59:54.000Z,21.37627359,-157.74194679,UAV 1,2,1:3001:1526,ENM1A2005,1:1:225:1:1:3:0,0,false,false,false,false,0
FRT69001,move to,LOC_중앙킬존남측,2026-08-09T08:59:54.000Z,21.38538801,-157.73812916,UAV 1,1,1:3001:1530,FRT69001,1:1:45:1:2:1:0,0,false,false,false,false,0
ENMORT004,none,,2026-08-09T08:59:54.000Z,21.37447596,-157.73706256,UAV 1,2,1:3001:1535,ENMORT004,1:1:71:10:1:0:1,0,false,false,false,false,0
ENBTR60006,move to,LOC_중앙계곡,2026-08-09T08:59:54.000Z,21.37191857,-157.74056423,UAV 1,2,1:3001:1568,ENBTR60006,1:1:222:2:8:1:0,0,false,false,false,false,0
ENBTR80004,move to,LOC_중앙계곡,2026-08-09T08:59:54.000Z,21.37199245,-157.74051316,UAV 1,2,1:3001:1584,ENBTR80004,1:1:222:2:13:0:0,0,false,false,false,false,0
ENBTR80001,move to,LOC_중앙계곡,2026-08-09T08:59:54.000Z,21.37206623,-157.74055633,UAV 1,2,1:3001:1602,ENBTR80001,1:1:222:2:13:0:0,0,false,false,false,false,0
ENCAESAR004,move to,LOC_북측예비방어선,2026-08-09T08:59:54.000Z,21.37122717,-157.73769918,UAV 1,2,1:3001:1603,ENCAESAR004,1:1:71:4:0:0:0,0,false,false,false,false,0
ENGAZ002,move to,LOC_적북측접근로,2026-08-09T08:59:54.000Z,21.37262140,-157.73600021,UAV 1,2,1:3001:1626,ENGAZ002,1:1:222:7:8:0:0,0,false,false,false,false,0
ENBTR80006,move to,LOC_중앙계곡,2026-08-09T08:59:54.000Z,21.37210294,-157.74040960,UAV 1,2,1:3001:1633,ENBTR80006,1:1:222:2:13:0:0,0,false,false,false,false,0
ENT72011,move to,LOC_중앙계곡,2026-08-09T08:59:54.000Z,21.37416769,-157.74149787,UAV 1,2,1:3001:1637,ENT72011,1:1:222:1:2:1:0,0,false,false,false,false,0
ENGAZ003,move to,LOC_적북측접근로,2026-08-09T08:59:54.000Z,21.37259377,-157.73584786,UAV 1,2,1:3001:1654,ENGAZ003,1:1:222:7:8:0:0,0,false,false,false,false,0
ENBTR80003,move to,LOC_중앙계곡,2026-08-09T08:59:54.000Z,21.37218605,-157.74045369,UAV 1,2,1:3001:1658,ENBTR80003,1:1:222:2:13:0:0,0,false,false,false,false,0
FRT80008,move to,LOC_중앙킬존남측,2026-08-09T08:59:54.000Z,21.38148948,-157.74789145,UAV 1,1,1:3001:1661,FRT80008,1:1:222:1:1:1:0,0,false,false,false,false,0
ENCAESAR003,move to,LOC_적북측접근로,2026-08-09T08:59:54.000Z,21.37028679,-157.73656369,UAV 1,2,1:3001:1687,ENCAESAR003,1:1:71:4:0:0:0,0,false,false,false,false,0
ENMORT001,none,,2026-08-09T08:59:54.000Z,21.37443553,-157.73716992,UAV 1,2,1:3001:1694,ENMORT001,1:1:71:10:1:0:1,0,false,false,false,false,0
ENBTR60007,move to,LOC_중앙계곡,2026-08-09T08:59:54.000Z,21.37173731,-157.74062614,UAV 1,2,1:3001:1720,ENBTR60007,1:1:222:2:8:1:0,0,false,false,false,false,0
ENBTR60008,move to,LOC_중앙계곡,2026-08-09T08:59:54.000Z,21.37178276,-157.74057306,UAV 1,2,1:3001:1731,ENBTR60008,1:1:222:2:8:1:0,0,false,false,false,false,0
ENBTR80007,move to,LOC_중앙계곡,2026-08-09T08:59:54.000Z,21.37191184,-157.74046924,UAV 1,2,1:3001:1733,ENBTR80007,1:1:222:2:13:0:0,0,false,false,false,false,0
ENMORT002,none,,2026-08-09T08:59:54.000Z,21.37453609,-157.73721308,UAV 1,2,1:3001:1739,ENMORT002,1:1:71:10:1:0:1,0,false,false,false,false,0
ENGAZ004,move to,LOC_적북측접근로,2026-08-09T08:59:54.000Z,21.37263867,-157.73592494,UAV 1,2,1:3001:1743,ENGAZ004,1:1:222:7:8:0:0,0,false,false,false,false,0
ENBTR80005,move to,LOC_중앙계곡,2026-08-09T08:59:54.000Z,21.37204188,-157.74046082,UAV 1,2,1:3001:1751,ENBTR80005,1:1:222:2:13:0:0,0,false,false,false,false,0
ENMIM001,move to,LOC_적북측접근로,2026-08-09T08:59:54.000Z,21.37071142,-157.73987978,UAV 1,2,1:3001:1760,ENMIM001,1:1:225:28:2:0:0,0,false,false,false,false,0
ENCAESAR001,move to,LOC_적북측접근로,2026-08-09T08:59:54.000Z,21.37061574,-157.73810652,UAV 1,2,1:3001:1765,ENCAESAR001,1:1:71:4:0:0:0,0,false,false,false,false,0
ENMORT003,none,,2026-08-09T08:59:54.000Z,21.37463664,-157.73725624,UAV 1,2,1:3001:1770,ENMORT003,1:1:71:10:1:0:1,0,false,false,false,false,0
ENBTR60005,move to,LOC_중앙계곡,2026-08-09T08:59:54.000Z,21.37185471,-157.74061634,UAV 1,2,1:3001:1807,ENBTR60005,1:1:222:2:8:1:0,0,false,false,false,false,0
ENT72010,move to,LOC_중앙계곡,2026-08-09T08:59:54.000Z,21.37424375,-157.74143063,UAV 1,2,1:3001:1666,ENT72010,1:1:222:1:2:1:0,0,false,false,false,false,0
ENT72008,move to,LOC_중앙계곡,2026-08-09T08:59:54.000Z,21.37434531,-157.74142118,UAV 1,2,1:3001:1520,ENT72008,1:1:222:1:2:1:0,0,false,false,false,false,0
ENT72006,move to,LOC_중앙계곡,2026-08-09T08:59:54.000Z,21.37444537,-157.74141186,UAV 1,2,1:3001:1683,ENT72006,1:1:222:1:2:1:0,0,false,false,false,false,0
ENBTR80002,move to,LOC_중앙계곡,2026-08-09T08:59:54.000Z,21.37212942,-157.74050507,UAV 1,2,1:3001:1789,ENBTR80002,1:1:222:2:13:0:0,0,false,false,false,false,0
ENBTR60003,move to,LOC_중앙계곡,2026-08-09T08:59:54.000Z,21.37201571,-157.74060865,UAV 1,2,1:3001:1590,ENBTR60003,1:1:222:2:8:1:0,0,false,false,false,false,0
ENT72009,move to,LOC_중앙계곡,2026-08-09T08:59:54.000Z,21.37426210,-157.74148858,UAV 1,2,1:3001:1632,ENT72009,1:1:222:1:2:1:0,0,false,false,false,false,0
ENBTR60002,move to,LOC_중앙계곡,2026-08-09T08:59:54.000Z,21.37194504,-157.74066022,UAV 1,2,1:3001:1693,ENBTR60002,1:1:222:2:8:1:0,0,false,false,false,false,0
ENT72002,move to,LOC_중앙계곡,2026-08-09T08:59:54.000Z,21.37461873,-157.74139564,UAV 1,2,1:3001:1533,ENT72002,1:1:222:1:2:1:0,0,false,false,false,false,0
ENT72004,move to,LOC_중앙계곡,2026-08-09T08:59:54.000Z,21.37453921,-157.74140310,UAV 1,2,1:3001:1643,ENT72004,1:1:222:1:2:1:0,0,false,false,false,false,0
ENM35001,move to,LOC_적북측접근로,2026-08-09T08:59:54.000Z,21.37264355,-157.73616766,UAV 1,2,1:3001:1659,ENM35001,1:1:225:7:1:6:0,0,false,false,false,false,0
ENGAZ001,move to,LOC_적북측접근로,2026-08-09T08:59:54.000Z,21.37257647,-157.73592390,UAV 1,2,1:3001:1559,ENGAZ001,1:1:222:7:8:0:0,0,false,false,false,false,0
FRTRK1002,move to,LOC_남측제1방어선,2026-08-09T08:59:54.000Z,21.38778713,-157.74737405,UAV 1,1,1:3001:1758,FRTRK1002,1:1:225:7:12:0:0,0,false,false,false,false,0
FRTRK1005,move to,LOC_남측제1방어선,2026-08-09T08:59:54.000Z,21.38780569,-157.74751100,UAV 1,1,1:3001:1678,FRTRK1005,1:1:225:7:12:0:0,0,false,false,false,false,0
FRTRK1003,move to,LOC_남측제1방어선,2026-08-09T08:59:54.000Z,21.38778939,-157.74789805,UAV 1,1,1:3001:1519,FRTRK1003,1:1:225:7:12:0:0,0,false,false,false,false,0
FRLAV001,move to,LOC_중앙킬존남측,2026-08-09T08:59:54.000Z,21.38861025,-157.74555231,UAV 1,1,1:3001:1723,FRLAV001,1:1:39:2:6:1:0,0,false,false,false,false,0
FRLAV003,move to,LOC_중앙킬존남측,2026-08-09T08:59:54.000Z,21.38869134,-157.74567585,UAV 1,1,1:3001:1729,FRLAV003,1:1:39:2:6:1:0,0,false,false,false,false,0
FRLAV005,move to,LOC_중앙킬존남측,2026-08-09T08:59:54.000Z,21.38876716,-157.74580091,UAV 1,1,1:3001:1752,FRLAV005,1:1:39:2:6:1:0,0,false,false,false,false,0
FRLAV004,move to,LOC_중앙킬존남측,2026-08-09T08:59:54.000Z,21.38872789,-157.74573833,UAV 1,1,1:3001:1790,FRLAV004,1:1:39:2:6:1:0,0,false,false,false,false,0
FRLAV006,move to,LOC_중앙킬존남측,2026-08-09T08:59:54.000Z,21.38880653,-157.74586376,UAV 1,1,1:3001:1601,FRLAV006,1:1:39:2:6:1:0,0,false,false,false,false,0
FRLAV008,move to,LOC_중앙킬존남측,2026-08-09T08:59:54.000Z,21.38888853,-157.74598980,UAV 1,1,1:3001:1651,FRLAV008,1:1:39:2:6:1:0,0,false,false,false,false,0
FRLAV007,move to,LOC_중앙킬존남측,2026-08-09T08:59:54.000Z,21.38884873,-157.74592662,UAV 1,1,1:3001:1762,FRLAV007,1:1:39:2:6:1:0,0,false,false,false,false,0
FRTRK1004,move to,LOC_남측제1방어선,2026-08-09T08:59:54.000Z,21.38791291,-157.74778061,UAV 1,1,1:3001:1803,FRTRK1004,1:1:225:7:12:0:0,0,false,false,false,false,0
FRTRK1001,move to,LOC_남측제1방어선,2026-08-09T08:59:54.000Z,21.38789870,-157.74767659,UAV 1,1,1:3001:1548,FRTRK1001,1:1:225:7:12:0:0,0,false,false,false,false,0
FRM113003,move to,LOC_중앙킬존남측,2026-08-09T08:59:54.000Z,21.38932184,-157.74716283,UAV 1,1,1:3001:1552,FRM113003,1:1:225:2:3:1:0,0,false,false,false,false,0
FRT69003,move to,LOC_중앙킬존남측,2026-08-09T08:59:54.000Z,21.38553647,-157.73810588,UAV 1,1,1:3001:1610,FRT69003,1:1:45:1:2:1:0,0,false,false,false,false,0
FRM113002,move to,LOC_중앙킬존남측,2026-08-09T08:59:54.000Z,21.38929098,-157.74709771,UAV 1,1,1:3001:1614,FRM113002,1:1:225:2:3:1:0,0,false,false,false,false,0
FRM113005,move to,LOC_중앙킬존남측,2026-08-09T08:59:54.000Z,21.38941496,-157.74729645,UAV 1,1,1:3001:1746,FRM113005,1:1:225:2:3:1:0,0,false,false,false,false,0
FRM113001,move to,LOC_중앙킬존남측,2026-08-09T08:59:54.000Z,21.38926095,-157.74703267,UAV 1,1,1:3001:1747,FRM113001,1:1:225:2:3:1:0,0,false,false,false,false,0
FRM113004,move to,LOC_중앙킬존남측,2026-08-09T08:59:54.000Z,21.38938136,-157.74723074,UAV 1,1,1:3001:1759,FRM113004,1:1:225:2:3:1:0,0,false,false,false,false,0
M933HE 1,fired_by,,2026-08-09T08:59:54.000Z,21.38274492,-157.74389000,UAV 1,2,1:3001:1817,M933HE 1,2:9:225:2:11:1:0,0,false,false,false,false,0
M933HE 5,fired_by,,2026-08-09T08:59:54.000Z,21.38247635,-157.74396310,UAV 1,2,1:3001:1821,M933HE 5,2:9:225:2:11:1:0,0,false,false,false,false,0
M933HE 6,fired_by,,2026-08-09T08:59:54.000Z,21.38572554,-157.73919531,UAV 1,2,1:3001:1822,M933HE 6,2:9:225:2:11:1:0,0,false,false,false,false,0
ENCAESAR002,move to,LOC_북측예비방어선,2026-08-09T08:59:56.000Z,21.37076653,-157.73652639,UAV 1,2,1:3001:1499,ENCAESAR002,1:1:71:4:0:0:0,0,false,false,false,false,0
ENT72012,move to,LOC_중앙계곡,2026-08-09T08:59:56.000Z,21.37415391,-157.74143905,UAV 1,2,1:3001:1500,ENT72012,1:1:222:1:2:1:0,0,false,false,false,false,0
ENBTR60001,move to,LOC_중앙계곡,2026-08-09T08:59:56.000Z,21.37189134,-157.74071292,UAV 1,2,1:3001:1507,ENBTR60001,1:1:222:2:8:1:0,0,false,false,false,false,0
ENMORT005,none,,2026-08-09T08:59:56.000Z,21.37457651,-157.73710572,UAV 1,2,1:3001:1512,ENMORT005,1:1:71:10:1:0:1,0,false,false,false,false,0
ENM1A2005,move to,LOC_중앙계곡,2026-08-09T08:59:56.000Z,21.37627359,-157.74194679,UAV 1,2,1:3001:1526,ENM1A2005,1:1:225:1:1:3:0,0,false,false,false,false,0
FRT69001,move to,LOC_중앙킬존남측,2026-08-09T08:59:56.000Z,21.38538801,-157.73812916,UAV 1,1,1:3001:1530,FRT69001,1:1:45:1:2:1:0,0,false,false,false,false,0
ENMORT004,none,,2026-08-09T08:59:56.000Z,21.37447596,-157.73706256,UAV 1,2,1:3001:1535,ENMORT004,1:1:71:10:1:0:1,0,false,false,false,false,0
ENBTR60006,move to,LOC_중앙계곡,2026-08-09T08:59:56.000Z,21.37191857,-157.74056423,UAV 1,2,1:3001:1568,ENBTR60006,1:1:222:2:8:1:0,0,false,false,false,false,0
ENBTR80004,move to,LOC_중앙계곡,2026-08-09T08:59:56.000Z,21.37199245,-157.74051316,UAV 1,2,1:3001:1584,ENBTR80004,1:1:222:2:13:0:0,0,false,false,false,false,0
ENBTR80001,move to,LOC_중앙계곡,2026-08-09T08:59:56.000Z,21.37206623,-157.74055633,UAV 1,2,1:3001:1602,ENBTR80001,1:1:222:2:13:0:0,0,false,false,false,false,0
ENCAESAR004,move to,LOC_북측예비방어선,2026-08-09T08:59:56.000Z,21.37122717,-157.73769918,UAV 1,2,1:3001:1603,ENCAESAR004,1:1:71:4:0:0:0,0,false,false,false,false,0
ENGAZ002,move to,LOC_적북측접근로,2026-08-09T08:59:56.000Z,21.37262140,-157.73600021,UAV 1,2,1:3001:1626,ENGAZ002,1:1:222:7:8:0:0,0,false,false,false,false,0
ENBTR80006,move to,LOC_중앙계곡,2026-08-09T08:59:56.000Z,21.37210294,-157.74040960,UAV 1,2,1:3001:1633,ENBTR80006,1:1:222:2:13:0:0,0,false,false,false,false,0
ENT72011,move to,LOC_중앙계곡,2026-08-09T08:59:56.000Z,21.37416769,-157.74149787,UAV 1,2,1:3001:1637,ENT72011,1:1:222:1:2:1:0,0,false,false,false,false,0
ENGAZ003,move to,LOC_적북측접근로,2026-08-09T08:59:56.000Z,21.37259377,-157.73584786,UAV 1,2,1:3001:1654,ENGAZ003,1:1:222:7:8:0:0,0,false,false,false,false,0
ENBTR80003,move to,LOC_중앙계곡,2026-08-09T08:59:56.000Z,21.37218605,-157.74045369,UAV 1,2,1:3001:1658,ENBTR80003,1:1:222:2:13:0:0,0,false,false,false,false,0
FRT80008,move to,LOC_중앙킬존남측,2026-08-09T08:59:56.000Z,21.38148948,-157.74789145,UAV 1,1,1:3001:1661,FRT80008,1:1:222:1:1:1:0,0,false,false,false,false,0
ENCAESAR003,move to,LOC_적북측접근로,2026-08-09T08:59:56.000Z,21.37028679,-157.73656369,UAV 1,2,1:3001:1687,ENCAESAR003,1:1:71:4:0:0:0,0,false,false,false,false,0
ENMORT001,none,,2026-08-09T08:59:56.000Z,21.37443553,-157.73716992,UAV 1,2,1:3001:1694,ENMORT001,1:1:71:10:1:0:1,0,false,false,false,false,0
ENBTR60007,move to,LOC_중앙계곡,2026-08-09T08:59:56.000Z,21.37173731,-157.74062614,UAV 1,2,1:3001:1720,ENBTR60007,1:1:222:2:8:1:0,0,false,false,false,false,0
ENBTR60008,move to,LOC_중앙계곡,2026-08-09T08:59:56.000Z,21.37178276,-157.74057306,UAV 1,2,1:3001:1731,ENBTR60008,1:1:222:2:8:1:0,0,false,false,false,false,0
ENBTR80007,move to,LOC_중앙계곡,2026-08-09T08:59:56.000Z,21.37191184,-157.74046924,UAV 1,2,1:3001:1733,ENBTR80007,1:1:222:2:13:0:0,0,false,false,false,false,0
ENMORT002,none,,2026-08-09T08:59:56.000Z,21.37453609,-157.73721308,UAV 1,2,1:3001:1739,ENMORT002,1:1:71:10:1:0:1,0,false,false,false,false,0
ENGAZ004,move to,LOC_적북측접근로,2026-08-09T08:59:56.000Z,21.37263867,-157.73592494,UAV 1,2,1:3001:1743,ENGAZ004,1:1:222:7:8:0:0,0,false,false,false,false,0
ENBTR80005,move to,LOC_중앙계곡,2026-08-09T08:59:56.000Z,21.37204188,-157.74046082,UAV 1,2,1:3001:1751,ENBTR80005,1:1:222:2:13:0:0,0,false,false,false,false,0
ENMIM001,move to,LOC_적북측접근로,2026-08-09T08:59:56.000Z,21.37071142,-157.73987978,UAV 1,2,1:3001:1760,ENMIM001,1:1:225:28:2:0:0,0,false,false,false,false,0
ENCAESAR001,move to,LOC_적북측접근로,2026-08-09T08:59:56.000Z,21.37061574,-157.73810652,UAV 1,2,1:3001:1765,ENCAESAR001,1:1:71:4:0:0:0,0,false,false,false,false,0
ENMORT003,none,,2026-08-09T08:59:56.000Z,21.37463664,-157.73725624,UAV 1,2,1:3001:1770,ENMORT003,1:1:71:10:1:0:1,0,false,false,false,false,0
ENBTR60005,move to,LOC_중앙계곡,2026-08-09T08:59:56.000Z,21.37185471,-157.74061634,UAV 1,2,1:3001:1807,ENBTR60005,1:1:222:2:8:1:0,0,false,false,false,false,0
ENT72010,move to,LOC_중앙계곡,2026-08-09T08:59:56.000Z,21.37424375,-157.74143063,UAV 1,2,1:3001:1666,ENT72010,1:1:222:1:2:1:0,0,false,false,false,false,0
ENT72008,move to,LOC_중앙계곡,2026-08-09T08:59:56.000Z,21.37434531,-157.74142118,UAV 1,2,1:3001:1520,ENT72008,1:1:222:1:2:1:0,0,false,false,false,false,0
ENT72006,move to,LOC_중앙계곡,2026-08-09T08:59:56.000Z,21.37444537,-157.74141186,UAV 1,2,1:3001:1683,ENT72006,1:1:222:1:2:1:0,0,false,false,false,false,0
ENBTR80002,move to,LOC_중앙계곡,2026-08-09T08:59:56.000Z,21.37212942,-157.74050507,UAV 1,2,1:3001:1789,ENBTR80002,1:1:222:2:13:0:0,0,false,false,false,false,0
ENBTR60003,move to,LOC_중앙계곡,2026-08-09T08:59:56.000Z,21.37201571,-157.74060865,UAV 1,2,1:3001:1590,ENBTR60003,1:1:222:2:8:1:0,0,false,false,false,false,0
ENT72009,move to,LOC_중앙계곡,2026-08-09T08:59:56.000Z,21.37426210,-157.74148858,UAV 1,2,1:3001:1632,ENT72009,1:1:222:1:2:1:0,0,false,false,false,false,0
ENBTR60002,move to,LOC_중앙계곡,2026-08-09T08:59:56.000Z,21.37194504,-157.74066022,UAV 1,2,1:3001:1693,ENBTR60002,1:1:222:2:8:1:0,0,false,false,false,false,0
ENT72002,move to,LOC_중앙계곡,2026-08-09T08:59:56.000Z,21.37461873,-157.74139564,UAV 1,2,1:3001:1533,ENT72002,1:1:222:1:2:1:0,0,false,false,false,false,0
ENT72004,move to,LOC_중앙계곡,2026-08-09T08:59:56.000Z,21.37453921,-157.74140310,UAV 1,2,1:3001:1643,ENT72004,1:1:222:1:2:1:0,0,false,false,false,false,0
ENM35001,move to,LOC_적북측접근로,2026-08-09T08:59:56.000Z,21.37264355,-157.73616766,UAV 1,2,1:3001:1659,ENM35001,1:1:225:7:1:6:0,0,false,false,false,false,0
ENGAZ001,move to,LOC_적북측접근로,2026-08-09T08:59:56.000Z,21.37257647,-157.73592390,UAV 1,2,1:3001:1559,ENGAZ001,1:1:222:7:8:0:0,0,false,false,false,false,0
FRTRK1002,move to,LOC_남측제1방어선,2026-08-09T08:59:56.000Z,21.38778713,-157.74737405,UAV 1,1,1:3001:1758,FRTRK1002,1:1:225:7:12:0:0,0,false,false,false,false,0
FRTRK1005,move to,LOC_남측제1방어선,2026-08-09T08:59:56.000Z,21.38780569,-157.74751100,UAV 1,1,1:3001:1678,FRTRK1005,1:1:225:7:12:0:0,0,false,false,false,false,0
FRTRK1003,move to,LOC_남측제1방어선,2026-08-09T08:59:56.000Z,21.38778939,-157.74789805,UAV 1,1,1:3001:1519,FRTRK1003,1:1:225:7:12:0:0,0,false,false,false,false,0
FRLAV001,move to,LOC_중앙킬존남측,2026-08-09T08:59:56.000Z,21.38861025,-157.74555231,UAV 1,1,1:3001:1723,FRLAV001,1:1:39:2:6:1:0,0,false,false,false,false,0
FRLAV003,move to,LOC_중앙킬존남측,2026-08-09T08:59:56.000Z,21.38869134,-157.74567585,UAV 1,1,1:3001:1729,FRLAV003,1:1:39:2:6:1:0,0,false,false,false,false,0
FRLAV005,move to,LOC_중앙킬존남측,2026-08-09T08:59:56.000Z,21.38876716,-157.74580091,UAV 1,1,1:3001:1752,FRLAV005,1:1:39:2:6:1:0,0,false,false,false,false,0
FRLAV004,move to,LOC_중앙킬존남측,2026-08-09T08:59:56.000Z,21.38872789,-157.74573833,UAV 1,1,1:3001:1790,FRLAV004,1:1:39:2:6:1:0,0,false,false,false,false,0
FRLAV006,move to,LOC_중앙킬존남측,2026-08-09T08:59:56.000Z,21.38880653,-157.74586376,UAV 1,1,1:3001:1601,FRLAV006,1:1:39:2:6:1:0,0,false,false,false,false,0
FRLAV008,move to,LOC_중앙킬존남측,2026-08-09T08:59:56.000Z,21.38888853,-157.74598980,UAV 1,1,1:3001:1651,FRLAV008,1:1:39:2:6:1:0,0,false,false,false,false,0
FRLAV007,move to,LOC_중앙킬존남측,2026-08-09T08:59:56.000Z,21.38884873,-157.74592662,UAV 1,1,1:3001:1762,FRLAV007,1:1:39:2:6:1:0,0,false,false,false,false,0
FRTRK1004,move to,LOC_남측제1방어선,2026-08-09T08:59:56.000Z,21.38791291,-157.74778061,UAV 1,1,1:3001:1803,FRTRK1004,1:1:225:7:12:0:0,0,false,false,false,false,0
FRTRK1001,move to,LOC_남측제1방어선,2026-08-09T08:59:56.000Z,21.38789870,-157.74767659,UAV 1,1,1:3001:1548,FRTRK1001,1:1:225:7:12:0:0,0,false,false,false,false,0
FRM113003,move to,LOC_중앙킬존남측,2026-08-09T08:59:56.000Z,21.38932184,-157.74716283,UAV 1,1,1:3001:1552,FRM113003,1:1:225:2:3:1:0,0,false,false,false,false,0
FRT69003,move to,LOC_중앙킬존남측,2026-08-09T08:59:56.000Z,21.38553647,-157.73810588,UAV 1,1,1:3001:1610,FRT69003,1:1:45:1:2:1:0,0,false,false,false,false,0
FRM113002,move to,LOC_중앙킬존남측,2026-08-09T08:59:56.000Z,21.38929098,-157.74709771,UAV 1,1,1:3001:1614,FRM113002,1:1:225:2:3:1:0,0,false,false,false,false,0
FRM113005,move to,LOC_중앙킬존남측,2026-08-09T08:59:56.000Z,21.38941496,-157.74729645,UAV 1,1,1:3001:1746,FRM113005,1:1:225:2:3:1:0,0,false,false,false,false,0
FRM113001,move to,LOC_중앙킬존남측,2026-08-09T08:59:56.000Z,21.38926095,-157.74703267,UAV 1,1,1:3001:1747,FRM113001,1:1:225:2:3:1:0,0,false,false,false,false,0
FRM113004,move to,LOC_중앙킬존남측,2026-08-09T08:59:56.000Z,21.38938136,-157.74723074,UAV 1,1,1:3001:1759,FRM113004,1:1:225:2:3:1:0,0,false,false,false,false,0
M933HE 1,fired_by,,2026-08-09T08:59:56.000Z,21.38274492,-157.74389000,UAV 1,2,1:3001:1817,M933HE 1,2:9:225:2:11:1:0,0,false,false,false,false,0
M933HE 5,fired_by,,2026-08-09T08:59:56.000Z,21.38247635,-157.74396310,UAV 1,2,1:3001:1821,M933HE 5,2:9:225:2:11:1:0,0,false,false,false,false,0
M933HE 6,fired_by,,2026-08-09T08:59:56.000Z,21.38572554,-157.73919531,UAV 1,2,1:3001:1822,M933HE 6,2:9:225:2:11:1:0,0,false,false,false,false,0
ENCAESAR002,move to,LOC_북측예비방어선,2026-08-09T08:59:58.000Z,21.37084380,-157.73672110,UAV 1,2,1:3001:1499,ENCAESAR002,1:1:71:4:0:0:0,0,false,false,false,false,0
ENT72012,move to,LOC_중앙계곡,2026-08-09T08:59:58.000Z,21.37434938,-157.74142147,UAV 1,2,1:3001:1500,ENT72012,1:1:222:1:2:1:0,0,false,false,false,false,0
ENMORT005,none,,2026-08-09T08:59:58.000Z,21.37457651,-157.73710572,UAV 1,2,1:3001:1512,ENMORT005,1:1:71:10:1:0:1,0,false,false,false,false,0
ENM1A2005,move to,LOC_중앙계곡,2026-08-09T08:59:58.000Z,21.37644639,-157.74188960,UAV 1,2,1:3001:1526,ENM1A2005,1:1:225:1:1:3:0,0,false,false,false,false,0
ENMORT004,none,,2026-08-09T08:59:58.000Z,21.37447596,-157.73706256,UAV 1,2,1:3001:1535,ENMORT004,1:1:71:10:1:0:1,0,false,false,false,false,0
ENBTR60006,move to,LOC_중앙계곡,2026-08-09T08:59:58.000Z,21.37210791,-157.74057529,UAV 1,2,1:3001:1568,ENBTR60006,1:1:222:2:8:1:0,0,false,false,false,false,0
ENBTR80004,move to,LOC_중앙계곡,2026-08-09T08:59:58.000Z,21.37218196,-157.74052569,UAV 1,2,1:3001:1584,ENBTR80004,1:1:222:2:13:0:0,0,false,false,false,false,0
ENBTR80001,move to,LOC_중앙계곡,2026-08-09T08:59:58.000Z,21.37225672,-157.74056790,UAV 1,2,1:3001:1602,ENBTR80001,1:1:222:2:13:0:0,0,false,false,false,false,0
ENCAESAR004,move to,LOC_북측예비방어선,2026-08-09T08:59:58.000Z,21.37129564,-157.73787131,UAV 1,2,1:3001:1603,ENCAESAR004,1:1:71:4:0:0:0,0,false,false,false,false,0
ENGAZ002,move to,LOC_적북측접근로,2026-08-09T08:59:58.000Z,21.37257730,-157.73619631,UAV 1,2,1:3001:1626,ENGAZ002,1:1:222:7:8:0:0,0,false,false,false,false,0
ENBTR80006,move to,LOC_중앙계곡,2026-08-09T08:59:58.000Z,21.37229322,-157.74042516,UAV 1,2,1:3001:1633,ENBTR80006,1:1:222:2:13:0:0,0,false,false,false,false,0
ENGAZ003,move to,LOC_적북측접근로,2026-08-09T08:59:58.000Z,21.37255235,-157.73604103,UAV 1,2,1:3001:1654,ENGAZ003,1:1:222:7:8:0:0,0,false,false,false,false,0
ENBTR80003,move to,LOC_중앙계곡,2026-08-09T08:59:58.000Z,21.37237464,-157.74046811,UAV 1,2,1:3001:1658,ENBTR80003,1:1:222:2:13:0:0,0,false,false,false,false,0
FRT80008,move to,LOC_중앙킬존남측,2026-08-09T08:59:58.000Z,21.38140821,-157.74770606,UAV 1,1,1:3001:1661,FRT80008,1:1:222:1:1:1:0,0,false,false,false,false,0
ENCAESAR003,move to,LOC_적북측접근로,2026-08-09T08:59:58.000Z,21.37032819,-157.73676907,UAV 1,2,1:3001:1687,ENCAESAR003,1:1:71:4:0:0:0,0,false,false,false,false,0
ENMORT001,none,,2026-08-09T08:59:58.000Z,21.37443553,-157.73716992,UAV 1,2,1:3001:1694,ENMORT001,1:1:71:10:1:0:1,0,false,false,false,false,0
ENBTR60007,move to,LOC_중앙계곡,2026-08-09T08:59:58.000Z,21.37192524,-157.74063526,UAV 1,2,1:3001:1720,ENBTR60007,1:1:222:2:8:1:0,0,false,false,false,false,0
ENBTR60008,move to,LOC_중앙계곡,2026-08-09T08:59:58.000Z,21.37197166,-157.74058366,UAV 1,2,1:3001:1731,ENBTR60008,1:1:222:2:8:1:0,0,false,false,false,false,0
ENBTR80007,move to,LOC_중앙계곡,2026-08-09T08:59:58.000Z,21.37210018,-157.74048269,UAV 1,2,1:3001:1733,ENBTR80007,1:1:222:2:13:0:0,0,false,false,false,false,0
ENMORT002,none,,2026-08-09T08:59:58.000Z,21.37453609,-157.73721308,UAV 1,2,1:3001:1739,ENMORT002,1:1:71:10:1:0:1,0,false,false,false,false,0
ENGAZ004,move to,LOC_적북측접근로,2026-08-09T08:59:58.000Z,21.37259495,-157.73611927,UAV 1,2,1:3001:1743,ENGAZ004,1:1:222:7:8:0:0,0,false,false,false,false,0
ENBTR80005,move to,LOC_중앙계곡,2026-08-09T08:59:58.000Z,21.37223298,-157.74047495,UAV 1,2,1:3001:1751,ENBTR80005,1:1:222:2:13:0:0,0,false,false,false,false,0
ENMIM001,move to,LOC_적북측접근로,2026-08-09T08:59:58.000Z,21.37077064,-157.74005780,UAV 1,2,1:3001:1760,ENMIM001,1:1:225:28:2:0:0,0,false,false,false,false,0
ENCAESAR001,move to,LOC_적북측접근로,2026-08-09T08:59:58.000Z,21.37065466,-157.73830443,UAV 1,2,1:3001:1765,ENCAESAR001,1:1:71:4:0:0:0,0,false,false,false,false,0
ENMORT003,none,,2026-08-09T08:59:58.000Z,21.37463664,-157.73725624,UAV 1,2,1:3001:1770,ENMORT003,1:1:71:10:1:0:1,0,false,false,false,false,0
ENBTR60005,move to,LOC_중앙계곡,2026-08-09T08:59:58.000Z,21.37204390,-157.74062595,UAV 1,2,1:3001:1807,ENBTR60005,1:1:222:2:8:1:0,0,false,false,false,false,0
ENT72010,move to,LOC_중앙계곡,2026-08-09T08:59:58.000Z,21.37445062,-157.74141205,UAV 1,2,1:3001:1666,ENT72010,1:1:222:1:2:1:0,0,false,false,false,false,0
ENT72008,move to,LOC_중앙계곡,2026-08-09T08:59:58.000Z,21.37454528,-157.74140322,UAV 1,2,1:3001:1520,ENT72008,1:1:222:1:2:1:0,0,false,false,false,false,0
ENT72006,move to,LOC_중앙계곡,2026-08-09T08:59:58.000Z,21.37463349,-157.74139498,UAV 1,2,1:3001:1683,ENT72006,1:1:222:1:2:1:0,0,false,false,false,false,0
ENBTR80002,move to,LOC_중앙계곡,2026-08-09T08:59:58.000Z,21.37231955,-157.74051811,UAV 1,2,1:3001:1789,ENBTR80002,1:1:222:2:13:0:0,0,false,false,false,false,0
ENBTR60003,move to,LOC_중앙계곡,2026-08-09T08:59:58.000Z,21.37220017,-157.74061842,UAV 1,2,1:3001:1590,ENBTR60003,1:1:222:2:8:1:0,0,false,false,false,false,0
ENT72002,move to,LOC_중앙계곡,2026-08-09T08:59:58.000Z,21.37479281,-157.74138004,UAV 1,2,1:3001:1533,ENT72002,1:1:222:1:2:1:0,0,false,false,false,false,0
ENT72004,move to,LOC_중앙계곡,2026-08-09T08:59:58.000Z,21.37471269,-157.74138755,UAV 1,2,1:3001:1643,ENT72004,1:1:222:1:2:1:0,0,false,false,false,false,0
ENM35001,move to,LOC_적북측접근로,2026-08-09T08:59:58.000Z,21.37259705,-157.73636499,UAV 1,2,1:3001:1659,ENM35001,1:1:225:7:1:6:0,0,false,false,false,false,0
ENGAZ001,move to,LOC_적북측접근로,2026-08-09T08:59:58.000Z,21.37253457,-157.73611945,UAV 1,2,1:3001:1559,ENGAZ001,1:1:222:7:8:0:0,0,false,false,false,false,0
FRTRK1002,move to,LOC_남측제1방어선,2026-08-09T08:59:58.000Z,21.38775750,-157.74716208,UAV 1,1,1:3001:1758,FRTRK1002,1:1:225:7:12:0:0,0,false,false,false,false,0
FRTRK1005,move to,LOC_남측제1방어선,2026-08-09T08:59:58.000Z,21.38777358,-157.74728111,UAV 1,1,1:3001:1678,FRTRK1005,1:1:225:7:12:0:0,0,false,false,false,false,0
FRTRK1003,move to,LOC_남측제1방어선,2026-08-09T08:59:58.000Z,21.38777083,-157.74775720,UAV 1,1,1:3001:1519,FRTRK1003,1:1:225:7:12:0:0,0,false,false,false,false,0
FRLAV001,move to,LOC_중앙킬존남측,2026-08-09T08:59:58.000Z,21.38842002,-157.74557341,UAV 1,1,1:3001:1723,FRLAV001,1:1:39:2:6:1:0,0,false,false,false,false,0
FRLAV003,move to,LOC_중앙킬존남측,2026-08-09T08:59:58.000Z,21.38850185,-157.74569366,UAV 1,1,1:3001:1729,FRLAV003,1:1:39:2:6:1:0,0,false,false,false,false,0
FRLAV005,move to,LOC_중앙킬존남측,2026-08-09T08:59:58.000Z,21.38857879,-157.74581548,UAV 1,1,1:3001:1752,FRLAV005,1:1:39:2:6:1:0,0,false,false,false,false,0
FRLAV004,move to,LOC_중앙킬존남측,2026-08-09T08:59:58.000Z,21.38853907,-157.74575450,UAV 1,1,1:3001:1790,FRLAV004,1:1:39:2:6:1:0,0,false,false,false,false,0
FRLAV006,move to,LOC_중앙킬존남측,2026-08-09T08:59:58.000Z,21.38861877,-157.74587673,UAV 1,1,1:3001:1601,FRLAV006,1:1:39:2:6:1:0,0,false,false,false,false,0
FRLAV008,move to,LOC_중앙킬존남측,2026-08-09T08:59:58.000Z,21.38869929,-157.74599977,UAV 1,1,1:3001:1651,FRLAV008,1:1:39:2:6:1:0,0,false,false,false,false,0
FRLAV007,move to,LOC_중앙킬존남측,2026-08-09T08:59:58.000Z,21.38866067,-157.74593806,UAV 1,1,1:3001:1762,FRLAV007,1:1:39:2:6:1:0,0,false,false,false,false,0
FRTRK1004,move to,LOC_남측제1방어선,2026-08-09T08:59:58.000Z,21.38789416,-157.74765367,UAV 1,1,1:3001:1803,FRTRK1004,1:1:225:7:12:0:0,0,false,false,false,false,0
FRTRK1001,move to,LOC_남측제1방어선,2026-08-09T08:59:58.000Z,21.38787617,-157.74752422,UAV 1,1,1:3001:1548,FRTRK1001,1:1:225:7:12:0:0,0,false,false,false,false,0
FRM113003,move to,LOC_중앙킬존남측,2026-08-09T08:59:58.000Z,21.38912940,-157.74714583,UAV 1,1,1:3001:1552,FRM113003,1:1:225:2:3:1:0,0,false,false,false,false,0
FRM113002,move to,LOC_중앙킬존남측,2026-08-09T08:59:58.000Z,21.38910018,-157.74708226,UAV 1,1,1:3001:1614,FRM113002,1:1:225:2:3:1:0,0,false,false,false,false,0
FRM113005,move to,LOC_중앙킬존남측,2026-08-09T08:59:58.000Z,21.38921964,-157.74727634,UAV 1,1,1:3001:1746,FRM113005,1:1:225:2:3:1:0,0,false,false,false,false,0
FRM113001,move to,LOC_중앙킬존남측,2026-08-09T08:59:58.000Z,21.38906977,-157.74701862,UAV 1,1,1:3001:1747,FRM113001,1:1:225:2:3:1:0,0,false,false,false,false,0
M933HE 1,fired_by,,2026-08-09T08:59:58.000Z,21.38344773,-157.74447375,UAV 1,,,,,,,,,,
M933HE 5,fired_by,,2026-08-09T08:59:58.000Z,21.38316819,-157.74454762,UAV 1,,,,,,,,,,
FRTRK2004,move to,LOC_남측제1방어선,2026-08-09T08:59:58.000Z,21.38767180,-157.74809146,UAV 1,1,1:3001:1481,FRTRK2004,1:1:225:7:12:8:0,0,false,false,false,false,0
FRM113007,move to,LOC_중앙킬존남측,2026-08-09T08:59:58.000Z,21.38930060,-157.74740682,UAV 1,1,1:3001:1612,FRM113007,1:1:225:2:3:1:0,0,false,false,false,false,0
FRM113006,move to,LOC_중앙킬존남측,2026-08-09T08:59:58.000Z,21.38926164,-157.74734165,UAV 1,1,1:3001:1662,FRM113006,1:1:225:2:3:1:0,0,false,false,false,false,0
FRTRK2002,move to,LOC_남측제1방어선,2026-08-09T08:59:58.000Z,21.38767692,-157.74814634,UAV 1,1,1:3001:1732,FRTRK2002,1:1:225:7:12:8:0,0,false,false,false,false,0
M933HE 3,fired_by,,2026-08-09T08:59:58.000Z,21.37598149,-157.73727560,UAV 1,1,1:3001:1819,M933HE 3,2:9:225:2:11:1:0,0,false,false,false,false,0
M933HE 7,fired_by,,2026-08-09T08:59:58.000Z,21.37347720,-157.74117020,UAV 1,1,1:3001:1823,M933HE 7,2:9:225:2:11:1:0,0,false,false,false,false,0
ENCAESAR002,move to,LOC_북측예비방어선,2026-08-09T09:00:00.000Z,21.37091890,-157.73691031,UAV 1,2,1:3001:1499,ENCAESAR002,1:1:71:4:0:0:0,0,false,false,false,false,0
ENT72012,move to,LOC_중앙계곡,2026-08-09T09:00:00.000Z,21.37455784,-157.74140272,UAV 1,2,1:3001:1500,ENT72012,1:1:222:1:2:1:0,0,false,false,false,false,0
ENMORT005,none,,2026-08-09T09:00:00.000Z,21.37457651,-157.73710572,UAV 1,2,1:3001:1512,ENMORT005,1:1:71:10:1:0:1,0,false,false,false,false,0
ENM1A2005,move to,LOC_중앙계곡,2026-08-09T09:00:00.000Z,21.37663627,-157.74182675,UAV 1,2,1:3001:1526,ENM1A2005,1:1:225:1:1:3:0,0,false,false,false,false,0
ENMORT004,none,,2026-08-09T09:00:00.000Z,21.37447596,-157.73706256,UAV 1,2,1:3001:1535,ENMORT004,1:1:71:10:1:0:1,0,false,false,false,false,0
ENBTR60006,move to,LOC_중앙계곡,2026-08-09T09:00:00.000Z,21.37230829,-157.74058700,UAV 1,2,1:3001:1568,ENBTR60006,1:1:222:2:8:1:0,0,false,false,false,false,0
ENBTR80004,move to,LOC_중앙계곡,2026-08-09T09:00:00.000Z,21.37238043,-157.74053882,UAV 1,2,1:3001:1584,ENBTR80004,1:1:222:2:13:0:0,0,false,false,false,false,0
ENBTR80001,move to,LOC_중앙계곡,2026-08-09T09:00:00.000Z,21.37245849,-157.74058016,UAV 1,2,1:3001:1602,ENBTR80001,1:1:222:2:13:0:0,0,false,false,false,false,0
ENCAESAR004,move to,LOC_북측예비방어선,2026-08-09T09:00:00.000Z,21.37138439,-157.73809441,UAV 1,2,1:3001:1603,ENCAESAR004,1:1:71:4:0:0:0,0,false,false,false,false,0
ENGAZ002,move to,LOC_적북측접근로,2026-08-09T09:00:00.000Z,21.37253058,-157.73640400,UAV 1,2,1:3001:1626,ENGAZ002,1:1:222:7:8:0:0,0,false,false,false,false,0
ENBTR80006,move to,LOC_중앙계곡,2026-08-09T09:00:00.000Z,21.37248953,-157.74044123,UAV 1,2,1:3001:1633,ENBTR80006,1:1:222:2:13:0:0,0,false,false,false,false,0
ENGAZ003,move to,LOC_적북측접근로,2026-08-09T09:00:00.000Z,21.37250761,-157.73624970,UAV 1,2,1:3001:1654,ENGAZ003,1:1:222:7:8:0:0,0,false,false,false,false,0
ENBTR80003,move to,LOC_중앙계곡,2026-08-09T09:00:00.000Z,21.37257374,-157.74048334,UAV 1,2,1:3001:1658,ENBTR80003,1:1:222:2:13:0:0,0,false,false,false,false,0
FRT80008,move to,LOC_중앙킬존남측,2026-08-09T09:00:00.000Z,21.38132442,-157.74751492,UAV 1,1,1:3001:1661,FRT80008,1:1:222:1:1:1:0,0,false,false,false,false,0
ENCAESAR003,move to,LOC_적북측접근로,2026-08-09T09:00:00.000Z,21.37036997,-157.73697632,UAV 1,2,1:3001:1687,ENCAESAR003,1:1:71:4:0:0:0,0,false,false,false,false,0
ENMORT001,none,,2026-08-09T09:00:00.000Z,21.37443553,-157.73716992,UAV 1,2,1:3001:1694,ENMORT001,1:1:71:10:1:0:1,0,false,false,false,false,0
ENBTR60007,move to,LOC_중앙계곡,2026-08-09T09:00:00.000Z,21.37211902,-157.74064466,UAV 1,2,1:3001:1720,ENBTR60007,1:1:222:2:8:1:0,0,false,false,false,false,0
ENBTR60008,move to,LOC_중앙계곡,2026-08-09T09:00:00.000Z,21.37216940,-157.74059477,UAV 1,2,1:3001:1731,ENBTR60008,1:1:222:2:8:1:0,0,false,false,false,false,0
ENBTR80007,move to,LOC_중앙계곡,2026-08-09T09:00:00.000Z,21.37229860,-157.74049687,UAV 1,2,1:3001:1733,ENBTR80007,1:1:222:2:13:0:0,0,false,false,false,false,0
ENMORT002,none,,2026-08-09T09:00:00.000Z,21.37453609,-157.73721308,UAV 1,2,1:3001:1739,ENMORT002,1:1:71:10:1:0:1,0,false,false,false,false,0
ENGAZ004,move to,LOC_적북측접근로,2026-08-09T09:00:00.000Z,21.37254826,-157.73632682,UAV 1,2,1:3001:1743,ENGAZ004,1:1:222:7:8:0:0,0,false,false,false,false,0
ENBTR80005,move to,LOC_중앙계곡,2026-08-09T09:00:00.000Z,21.37242923,-157.74048946,UAV 1,2,1:3001:1751,ENBTR80005,1:1:222:2:13:0:0,0,false,false,false,false,0
ENMIM001,move to,LOC_적북측접근로,2026-08-09T09:00:00.000Z,21.37083276,-157.74024454,UAV 1,2,1:3001:1760,ENMIM001,1:1:225:28:2:0:0,0,false,false,false,false,0
ENCAESAR001,move to,LOC_적북측접근로,2026-08-09T09:00:00.000Z,21.37069399,-157.73850443,UAV 1,2,1:3001:1765,ENCAESAR001,1:1:71:4:0:0:0,0,false,false,false,false,0
ENMORT003,none,,2026-08-09T09:00:00.000Z,21.37463664,-157.73725624,UAV 1,2,1:3001:1770,ENMORT003,1:1:71:10:1:0:1,0,false,false,false,false,0
ENBTR60005,move to,LOC_중앙계곡,2026-08-09T09:00:00.000Z,21.37224221,-157.74063602,UAV 1,2,1:3001:1807,ENBTR60005,1:1:222:2:8:1:0,0,false,false,false,false,0
ENT72010,move to,LOC_중앙계곡,2026-08-09T09:00:00.000Z,21.37463808,-157.74139520,UAV 1,2,1:3001:1666,ENT72010,1:1:222:1:2:1:0,0,false,false,false,false,0
ENT72008,move to,LOC_중앙계곡,2026-08-09T09:00:00.000Z,21.37472024,-157.74138751,UAV 1,2,1:3001:1520,ENT72008,1:1:222:1:2:1:0,0,false,false,false,false,0
ENT72006,move to,LOC_중앙계곡,2026-08-09T09:00:00.000Z,21.37481469,-157.74137872,UAV 1,2,1:3001:1683,ENT72006,1:1:222:1:2:1:0,0,false,false,false,false,0
ENBTR80002,move to,LOC_중앙계곡,2026-08-09T09:00:00.000Z,21.37251828,-157.74053173,UAV 1,2,1:3001:1789,ENBTR80002,1:1:222:2:13:0:0,0,false,false,false,false,0
ENBTR60003,move to,LOC_중앙계곡,2026-08-09T09:00:00.000Z,21.37239757,-157.74062889,UAV 1,2,1:3001:1590,ENBTR60003,1:1:222:2:8:1:0,0,false,false,false,false,0
ENT72002,move to,LOC_중앙계곡,2026-08-09T09:00:00.000Z,21.37499220,-157.74136218,UAV 1,2,1:3001:1533,ENT72002,1:1:222:1:2:1:0,0,false,false,false,false,0
ENT72004,move to,LOC_중앙계곡,2026-08-09T09:00:00.000Z,21.37490696,-157.74137013,UAV 1,2,1:3001:1643,ENT72004,1:1:222:1:2:1:0,0,false,false,false,false,0
ENM35001,move to,LOC_적북측접근로,2026-08-09T09:00:00.000Z,21.37254886,-157.73656950,UAV 1,2,1:3001:1659,ENM35001,1:1:225:7:1:6:0,0,false,false,false,false,0
ENGAZ001,move to,LOC_적북측접근로,2026-08-09T09:00:00.000Z,21.37248993,-157.73632783,UAV 1,2,1:3001:1559,ENGAZ001,1:1:222:7:8:0:0,0,false,false,false,false,0
FRTRK1002,move to,LOC_남측제1방어선,2026-08-09T09:00:00.000Z,21.38773110,-157.74697318,UAV 1,1,1:3001:1758,FRTRK1002,1:1:225:7:12:0:0,0,false,false,false,false,0
FRTRK1005,move to,LOC_남측제1방어선,2026-08-09T09:00:00.000Z,21.38774662,-157.74708817,UAV 1,1,1:3001:1678,FRTRK1005,1:1:225:7:12:0:0,0,false,false,false,false,0
FRTRK1003,move to,LOC_남측제1방어선,2026-08-09T09:00:00.000Z,21.38774635,-157.74757144,UAV 1,1,1:3001:1519,FRTRK1003,1:1:225:7:12:0:0,0,false,false,false,false,0
FRLAV001,move to,LOC_중앙킬존남측,2026-08-09T09:00:00.000Z,21.38820848,-157.74559687,UAV 1,1,1:3001:1723,FRLAV001,1:1:39:2:6:1:0,0,false,false,false,false,0
FRLAV003,move to,LOC_중앙킬존남측,2026-08-09T09:00:00.000Z,21.38829183,-157.74571341,UAV 1,1,1:3001:1729,FRLAV003,1:1:39:2:6:1:0,0,false,false,false,false,0
FRLAV004,move to,LOC_중앙킬존남측,2026-08-09T09:00:00.000Z,21.38832874,-157.74577252,UAV 1,1,1:3001:1790,FRLAV004,1:1:39:2:6:1:0,0,false,false,false,false,0
FRLAV006,move to,LOC_중앙킬존남측,2026-08-09T09:00:00.000Z,21.38840785,-157.74589130,UAV 1,1,1:3001:1601,FRLAV006,1:1:39:2:6:1:0,0,false,false,false,false,0
FRLAV008,move to,LOC_중앙킬존남측,2026-08-09T09:00:00.000Z,21.38848703,-157.74601096,UAV 1,1,1:3001:1651,FRLAV008,1:1:39:2:6:1:0,0,false,false,false,false,0
FRLAV007,move to,LOC_중앙킬존남측,2026-08-09T09:00:00.000Z,21.38844940,-157.74595092,UAV 1,1,1:3001:1762,FRLAV007,1:1:39:2:6:1:0,0,false,false,false,false,0
FRTRK1004,move to,LOC_남측제1방어선,2026-08-09T09:00:00.000Z,21.38787026,-157.74749182,UAV 1,1,1:3001:1803,FRTRK1004,1:1:225:7:12:0:0,0,false,false,false,false,0
FRTRK1001,move to,LOC_남측제1방어선,2026-08-09T09:00:00.000Z,21.38784280,-157.74729844,UAV 1,1,1:3001:1548,FRTRK1001,1:1:225:7:12:0:0,0,false,false,false,false,0
FRM113003,move to,LOC_중앙킬존남측,2026-08-09T09:00:00.000Z,21.38894002,-157.74712910,UAV 1,1,1:3001:1552,FRM113003,1:1:225:2:3:1:0,0,false,false,false,false,0
FRM113002,move to,LOC_중앙킬존남측,2026-08-09T09:00:00.000Z,21.38890436,-157.74706641,UAV 1,1,1:3001:1614,FRM113002,1:1:225:2:3:1:0,0,false,false,false,false,0
FRM113005,move to,LOC_중앙킬존남측,2026-08-09T09:00:00.000Z,21.38901967,-157.74725575,UAV 1,1,1:3001:1746,FRM113005,1:1:225:2:3:1:0,0,false,false,false,false,0
FRM113001,move to,LOC_중앙킬존남측,2026-08-09T09:00:00.000Z,21.38887706,-157.74700446,UAV 1,1,1:3001:1747,FRM113001,1:1:225:2:3:1:0,0,false,false,false,false,0
FRTRK2004,move to,LOC_남측제1방어선,2026-08-09T09:00:00.000Z,21.38766177,-157.74800489,UAV 1,1,1:3001:1481,FRTRK2004,1:1:225:7:12:8:0,0,false,false,false,false,0
FRM113007,move to,LOC_중앙킬존남측,2026-08-09T09:00:00.000Z,21.38908268,-157.74738124,UAV 1,1,1:3001:1612,FRM113007,1:1:225:2:3:1:0,0,false,false,false,false,0
FRM113006,move to,LOC_중앙킬존남측,2026-08-09T09:00:00.000Z,21.38905978,-157.74731941,UAV 1,1,1:3001:1662,FRM113006,1:1:225:2:3:1:0,0,false,false,false,false,0
FRTRK2002,move to,LOC_남측제1방어선,2026-08-09T09:00:00.000Z,21.38767117,-157.74809664,UAV 1,1,1:3001:1732,FRTRK2002,1:1:225:7:12:8:0,0,false,false,false,false,0
ENCAESAR002,move to,LOC_북측예비방어선,2026-08-09T09:00:01.000Z,21.37098616,-157.73707980,UAV 1,2,1:3001:1499,ENCAESAR002,1:1:71:4:0:0:0,0,false,false,false,false,0
ENT72012,move to,LOC_중앙계곡,2026-08-09T09:00:01.000Z,21.37472019,-157.74138812,UAV 1,2,1:3001:1500,ENT72012,1:1:222:1:2:1:0,0,false,false,false,false,0
ENMORT005,none,,2026-08-09T09:00:01.000Z,21.37457651,-157.73710572,UAV 1,2,1:3001:1512,ENMORT005,1:1:71:10:1:0:1,0,false,false,false,false,0
ENM1A2005,move to,LOC_중앙계곡,2026-08-09T09:00:01.000Z,21.37679339,-157.74177475,UAV 1,2,1:3001:1526,ENM1A2005,1:1:225:1:1:3:0,0,false,false,false,false,0
ENMORT004,none,,2026-08-09T09:00:01.000Z,21.37447596,-157.73706256,UAV 1,2,1:3001:1535,ENMORT004,1:1:71:10:1:0:1,0,false,false,false,false,0
ENBTR60006,move to,LOC_중앙계곡,2026-08-09T09:00:01.000Z,21.37249553,-157.74059793,UAV 1,2,1:3001:1568,ENBTR60006,1:1:222:2:8:1:0,0,false,false,false,false,0
ENBTR80004,move to,LOC_중앙계곡,2026-08-09T09:00:01.000Z,21.37256159,-157.74055080,UAV 1,2,1:3001:1584,ENBTR80004,1:1:222:2:13:0:0,0,false,false,false,false,0
ENBTR80001,move to,LOC_중앙계곡,2026-08-09T09:00:01.000Z,21.37263506,-157.74059089,UAV 1,2,1:3001:1602,ENBTR80001,1:1:222:2:13:0:0,0,false,false,false,false,0
ENCAESAR004,move to,LOC_북측예비방어선,2026-08-09T09:00:01.000Z,21.37145485,-157.73827156,UAV 1,2,1:3001:1603,ENCAESAR004,1:1:71:4:0:0:0,0,false,false,false,false,0
ENGAZ002,move to,LOC_적북측접근로,2026-08-09T09:00:01.000Z,21.37248890,-157.73658931,UAV 1,2,1:3001:1626,ENGAZ002,1:1:222:7:8:0:0,0,false,false,false,false,0
ENBTR80006,move to,LOC_중앙계곡,2026-08-09T09:00:01.000Z,21.37267191,-157.74045615,UAV 1,2,1:3001:1633,ENBTR80006,1:1:222:2:13:0:0,0,false,false,false,false,0
ENGAZ003,move to,LOC_적북측접근로,2026-08-09T09:00:01.000Z,21.37246749,-157.73643681,UAV 1,2,1:3001:1654,ENGAZ003,1:1:222:7:8:0:0,0,false,false,false,false,0
ENBTR80003,move to,LOC_중앙계곡,2026-08-09T09:00:01.000Z,21.37275517,-157.74049722,UAV 1,2,1:3001:1658,ENBTR80003,1:1:222:2:13:0:0,0,false,false,false,false,0
FRT80008,move to,LOC_중앙킬존남측,2026-08-09T09:00:01.000Z,21.38124716,-157.74733867,UAV 1,1,1:3001:1661,FRT80008,1:1:222:1:1:1:0,0,false,false,false,false,0
ENCAESAR003,move to,LOC_적북측접근로,2026-08-09T09:00:01.000Z,21.37040540,-157.73715205,UAV 1,2,1:3001:1687,ENCAESAR003,1:1:71:4:0:0:0,0,false,false,false,false,0
ENMORT001,none,,2026-08-09T09:00:01.000Z,21.37443553,-157.73716992,UAV 1,2,1:3001:1694,ENMORT001,1:1:71:10:1:0:1,0,false,false,false,false,0
ENBTR60007,move to,LOC_중앙계곡,2026-08-09T09:00:01.000Z,21.37230022,-157.74065345,UAV 1,2,1:3001:1720,ENBTR60007,1:1:222:2:8:1:0,0,false,false,false,false,0
ENBTR60008,move to,LOC_중앙계곡,2026-08-09T09:00:01.000Z,21.37235118,-157.74060497,UAV 1,2,1:3001:1731,ENBTR60008,1:1:222:2:8:1:0,0,false,false,false,false,0
ENBTR80007,move to,LOC_중앙계곡,2026-08-09T09:00:01.000Z,21.37247672,-157.74050960,UAV 1,2,1:3001:1733,ENBTR80007,1:1:222:2:13:0:0,0,false,false,false,false,0
ENMORT002,none,,2026-08-09T09:00:01.000Z,21.37453609,-157.73721308,UAV 1,2,1:3001:1739,ENMORT002,1:1:71:10:1:0:1,0,false,false,false,false,0
ENGAZ004,move to,LOC_적북측접근로,2026-08-09T09:00:01.000Z,21.37250640,-157.73651287,UAV 1,2,1:3001:1743,ENGAZ004,1:1:222:7:8:0:0,0,false,false,false,false,0
ENBTR80005,move to,LOC_중앙계곡,2026-08-09T09:00:01.000Z,21.37260993,-157.74050282,UAV 1,2,1:3001:1751,ENBTR80005,1:1:222:2:13:0:0,0,false,false,false,false,0
ENMIM001,move to,LOC_적북측접근로,2026-08-09T09:00:01.000Z,21.37088975,-157.74041582,UAV 1,2,1:3001:1760,ENMIM001,1:1:225:28:2:0:0,0,false,false,false,false,0
ENCAESAR001,move to,LOC_적북측접근로,2026-08-09T09:00:01.000Z,21.37073199,-157.73869763,UAV 1,2,1:3001:1765,ENCAESAR001,1:1:71:4:0:0:0,0,false,false,false,false,0
ENMORT003,none,,2026-08-09T09:00:01.000Z,21.37463664,-157.73725624,UAV 1,2,1:3001:1770,ENMORT003,1:1:71:10:1:0:1,0,false,false,false,false,0
ENBTR60005,move to,LOC_중앙계곡,2026-08-09T09:00:01.000Z,21.37242695,-157.74064540,UAV 1,2,1:3001:1807,ENBTR60005,1:1:222:2:8:1:0,0,false,false,false,false,0
ENT72010,move to,LOC_중앙계곡,2026-08-09T09:00:01.000Z,21.37480600,-157.74138011,UAV 1,2,1:3001:1666,ENT72010,1:1:222:1:2:1:0,0,false,false,false,false,0
ENT72008,move to,LOC_중앙계곡,2026-08-09T09:00:01.000Z,21.37490087,-157.74137129,UAV 1,2,1:3001:1520,ENT72008,1:1:222:1:2:1:0,0,false,false,false,false,0
ENT72006,move to,LOC_중앙계곡,2026-08-09T09:00:01.000Z,21.37499477,-157.74136257,UAV 1,2,1:3001:1683,ENT72006,1:1:222:1:2:1:0,0,false,false,false,false,0
ENBTR80002,move to,LOC_중앙계곡,2026-08-09T09:00:01.000Z,21.37269909,-157.74054413,UAV 1,2,1:3001:1789,ENBTR80002,1:1:222:2:13:0:0,0,false,false,false,false,0
ENBTR60003,move to,LOC_중앙계곡,2026-08-09T09:00:01.000Z,21.37258248,-157.74063869,UAV 1,2,1:3001:1590,ENBTR60003,1:1:222:2:8:1:0,0,false,false,false,false,0
ENT72002,move to,LOC_중앙계곡,2026-08-09T09:00:01.000Z,21.37516837,-157.74134640,UAV 1,2,1:3001:1533,ENT72002,1:1:222:1:2:1:0,0,false,false,false,false,0
ENT72004,move to,LOC_중앙계곡,2026-08-09T09:00:01.000Z,21.37508715,-157.74135398,UAV 1,2,1:3001:1643,ENT72004,1:1:222:1:2:1:0,0,false,false,false,false,0
ENM35001,move to,LOC_적북측접근로,2026-08-09T09:00:01.000Z,21.37250452,-157.73675763,UAV 1,2,1:3001:1659,ENM35001,1:1:225:7:1:6:0,0,false,false,false,false,0
ENGAZ001,move to,LOC_적북측접근로,2026-08-09T09:00:01.000Z,21.37245001,-157.73651416,UAV 1,2,1:3001:1559,ENGAZ001,1:1:222:7:8:0:0,0,false,false,false,false,0
FRTRK1002,move to,LOC_남측제1방어선,2026-08-09T09:00:01.000Z,21.38770450,-157.74678287,UAV 1,1,1:3001:1758,FRTRK1002,1:1:225:7:12:0:0,0,false,false,false,false,0
FRTRK1005,move to,LOC_남측제1방어선,2026-08-09T09:00:01.000Z,21.38772089,-157.74690400,UAV 1,1,1:3001:1678,FRTRK1005,1:1:225:7:12:0:0,0,false,false,false,false,0
FRTRK1003,move to,LOC_남측제1방어선,2026-08-09T09:00:01.000Z,21.38771750,-157.74735245,UAV 1,1,1:3001:1519,FRTRK1003,1:1:225:7:12:0:0,0,false,false,false,false,0
FRLAV001,move to,LOC_중앙킬존남측,2026-08-09T09:00:01.000Z,21.38801964,-157.74561782,UAV 1,1,1:3001:1723,FRLAV001,1:1:39:2:6:1:0,0,false,false,false,false,0
FRLAV003,move to,LOC_중앙킬존남측,2026-08-09T09:00:01.000Z,21.38810015,-157.74573144,UAV 1,1,1:3001:1729,FRLAV003,1:1:39:2:6:1:0,0,false,false,false,false,0
FRLAV004,move to,LOC_중앙킬존남측,2026-08-09T09:00:01.000Z,21.38813865,-157.74578881,UAV 1,1,1:3001:1790,FRLAV004,1:1:39:2:6:1:0,0,false,false,false,false,0
FRLAV006,move to,LOC_중앙킬존남측,2026-08-09T09:00:01.000Z,21.38821935,-157.74590432,UAV 1,1,1:3001:1601,FRLAV006,1:1:39:2:6:1:0,0,false,false,false,false,0
FRLAV008,move to,LOC_중앙킬존남측,2026-08-09T09:00:01.000Z,21.38829865,-157.74602089,UAV 1,1,1:3001:1651,FRLAV008,1:1:39:2:6:1:0,0,false,false,false,false,0
FRLAV007,move to,LOC_중앙킬존남측,2026-08-09T09:00:01.000Z,21.38826044,-157.74596242,UAV 1,1,1:3001:1762,FRLAV007,1:1:39:2:6:1:0,0,false,false,false,false,0
FRTRK1004,move to,LOC_남측제1방어선,2026-08-09T09:00:01.000Z,21.38783968,-157.74728475,UAV 1,1,1:3001:1803,FRTRK1004,1:1:225:7:12:0:0,0,false,false,false,false,0
FRTRK1001,move to,LOC_남측제1방어선,2026-08-09T09:00:01.000Z,21.38781032,-157.74707872,UAV 1,1,1:3001:1548,FRTRK1001,1:1:225:7:12:0:0,0,false,false,false,false,0
FRM113003,move to,LOC_중앙킬존남측,2026-08-09T09:00:01.000Z,21.38875613,-157.74711286,UAV 1,1,1:3001:1552,FRM113003,1:1:225:2:3:1:0,0,false,false,false,false,0
FRM113002,move to,LOC_중앙킬존남측,2026-08-09T09:00:01.000Z,21.38873081,-157.74705237,UAV 1,1,1:3001:1614,FRM113002,1:1:225:2:3:1:0,0,false,false,false,false,0
FRM113005,move to,LOC_중앙킬존남측,2026-08-09T09:00:01.000Z,21.38884427,-157.74723770,UAV 1,1,1:3001:1746,FRM113005,1:1:225:2:3:1:0,0,false,false,false,false,0
FRM113001,move to,LOC_중앙킬존남측,2026-08-09T09:00:01.000Z,21.38870373,-157.74699172,UAV 1,1,1:3001:1747,FRM113001,1:1:225:2:3:1:0,0,false,false,false,false,0
FRTRK2004,move to,LOC_남측제1방어선,2026-08-09T09:00:01.000Z,21.38764837,-157.74788919,UAV 1,1,1:3001:1481,FRTRK2004,1:1:225:7:12:8:0,0,false,false,false,false,0
FRM113007,move to,LOC_중앙킬존남측,2026-08-09T09:00:01.000Z,21.38891790,-157.74736190,UAV 1,1,1:3001:1612,FRM113007,1:1:225:2:3:1:0,0,false,false,false,false,0
FRTRK2002,move to,LOC_남측제1방어선,2026-08-09T09:00:01.000Z,21.38766227,-157.74801972,UAV 1,1,1:3001:1732,FRTRK2002,1:1:225:7:12:8:0,0,false,false,false,false,0
ENM35004,move to,LOC_적북측접근로,2026-08-09T09:00:01.000Z,21.37257906,-157.73666979,UAV 1,2,1:3001:1555,ENM35004,1:1:225:7:1:6:0,0,false,false,false,false,0
ENM35002,move to,LOC_적북측접근로,2026-08-09T09:00:01.000Z,21.37255550,-157.73676896,UAV 1,2,1:3001:1645,ENM35002,1:1:225:7:1:6:0,0,false,false,false,false,0
FRLAV005,move to,LOC_중앙킬존남측,2026-08-09T09:00:01.000Z,21.38817943,-157.74584637,UAV 1,1,1:3001:1752,FRLAV005,1:1:39:2:6:1:0,0,false,false,false,false,0
FRTRK2003,move to,LOC_남측제1방어선,2026-08-09T09:00:01.000Z,21.38775242,-157.74816530,UAV 1,1,1:3001:1768,FRTRK2003,1:1:225:7:12:8:0,0,false,false,false,false,0
ENCAESAR002,move to,LOC_북측예비방어선,2026-08-09T09:00:03.000Z,21.37105494,-157.73725309,UAV 1,2,1:3001:1499,ENCAESAR002,1:1:71:4:0:0:0,0,false,false,false,false,0
ENT72012,move to,LOC_중앙계곡,2026-08-09T09:00:03.000Z,21.37489367,-157.74137252,UAV 1,2,1:3001:1500,ENT72012,1:1:222:1:2:1:0,0,false,false,false,false,0
ENMORT005,none,,2026-08-09T09:00:03.000Z,21.37457651,-157.73710572,UAV 1,2,1:3001:1512,ENMORT005,1:1:71:10:1:0:1,0,false,false,false,false,0
ENM1A2005,move to,LOC_중앙계곡,2026-08-09T09:00:03.000Z,21.37696265,-157.74171873,UAV 1,2,1:3001:1526,ENM1A2005,1:1:225:1:1:3:0,0,false,false,false,false,0
ENMORT004,none,,2026-08-09T09:00:03.000Z,21.37447596,-157.73706256,UAV 1,2,1:3001:1535,ENMORT004,1:1:71:10:1:0:1,0,false,false,false,false,0
ENBTR60006,move to,LOC_중앙계곡,2026-08-09T09:00:03.000Z,21.37266554,-157.74060787,UAV 1,2,1:3001:1568,ENBTR60006,1:1:222:2:8:1:0,0,false,false,false,false,0
ENBTR80004,move to,LOC_중앙계곡,2026-08-09T09:00:03.000Z,21.37273315,-157.74056214,UAV 1,2,1:3001:1584,ENBTR80004,1:1:222:2:13:0:0,0,false,false,false,false,0
ENBTR80001,move to,LOC_중앙계곡,2026-08-09T09:00:03.000Z,21.37280839,-157.74060141,UAV 1,2,1:3001:1602,ENBTR80001,1:1:222:2:13:0:0,0,false,false,false,false,0
ENCAESAR004,move to,LOC_북측예비방어선,2026-08-09T09:00:03.000Z,21.37151932,-157.73843364,UAV 1,2,1:3001:1603,ENCAESAR004,1:1:71:4:0:0:0,0,false,false,false,false,0
ENGAZ002,move to,LOC_적북측접근로,2026-08-09T09:00:03.000Z,21.37244800,-157.73677119,UAV 1,2,1:3001:1626,ENGAZ002,1:1:222:7:8:0:0,0,false,false,false,false,0
ENBTR80006,move to,LOC_중앙계곡,2026-08-09T09:00:03.000Z,21.37284237,-157.74047009,UAV 1,2,1:3001:1633,ENBTR80006,1:1:222:2:13:0:0,0,false,false,false,false,0
ENGAZ003,move to,LOC_적북측접근로,2026-08-09T09:00:03.000Z,21.37242868,-157.73661784,UAV 1,2,1:3001:1654,ENGAZ003,1:1:222:7:8:0:0,0,false,false,false,false,0
ENBTR80003,move to,LOC_중앙계곡,2026-08-09T09:00:03.000Z,21.37292416,-157.74051014,UAV 1,2,1:3001:1658,ENBTR80003,1:1:222:2:13:0:0,0,false,false,false,false,0
FRT80008,move to,LOC_중앙킬존남측,2026-08-09T09:00:03.000Z,21.38117440,-157.74717269,UAV 1,1,1:3001:1661,FRT80008,1:1:222:1:1:1:0,0,false,false,false,false,0
ENCAESAR003,move to,LOC_적북측접근로,2026-08-09T09:00:03.000Z,21.37044104,-157.73732880,UAV 1,2,1:3001:1687,ENCAESAR003,1:1:71:4:0:0:0,0,false,false,false,false,0
ENMORT001,none,,2026-08-09T09:00:03.000Z,21.37443553,-157.73716992,UAV 1,2,1:3001:1694,ENMORT001,1:1:71:10:1:0:1,0,false,false,false,false,0
ENBTR60007,move to,LOC_중앙계곡,2026-08-09T09:00:03.000Z,21.37248070,-157.74066220,UAV 1,2,1:3001:1720,ENBTR60007,1:1:222:2:8:1:0,0,false,false,false,false,0
ENBTR60008,move to,LOC_중앙계곡,2026-08-09T09:00:03.000Z,21.37253025,-157.74061503,UAV 1,2,1:3001:1731,ENBTR60008,1:1:222:2:8:1:0,0,false,false,false,false,0
ENBTR80007,move to,LOC_중앙계곡,2026-08-09T09:00:03.000Z,21.37265269,-157.74052217,UAV 1,2,1:3001:1733,ENBTR80007,1:1:222:2:13:0:0,0,false,false,false,false,0
ENMORT002,none,,2026-08-09T09:00:03.000Z,21.37453609,-157.73721308,UAV 1,2,1:3001:1739,ENMORT002,1:1:71:10:1:0:1,0,false,false,false,false,0
ENGAZ004,move to,LOC_적북측접근로,2026-08-09T09:00:03.000Z,21.37246566,-157.73669394,UAV 1,2,1:3001:1743,ENGAZ004,1:1:222:7:8:0:0,0,false,false,false,false,0
ENBTR80005,move to,LOC_중앙계곡,2026-08-09T09:00:03.000Z,21.37278286,-157.74051560,UAV 1,2,1:3001:1751,ENBTR80005,1:1:222:2:13:0:0,0,false,false,false,false,0
ENMIM001,move to,LOC_적북측접근로,2026-08-09T09:00:03.000Z,21.37094442,-157.74058016,UAV 1,2,1:3001:1760,ENMIM001,1:1:225:28:2:0:0,0,false,false,false,false,0
ENCAESAR001,move to,LOC_적북측접근로,2026-08-09T09:00:03.000Z,21.37076822,-157.73888182,UAV 1,2,1:3001:1765,ENCAESAR001,1:1:71:4:0:0:0,0,false,false,false,false,0
ENMORT003,none,,2026-08-09T09:00:03.000Z,21.37463664,-157.73725624,UAV 1,2,1:3001:1770,ENMORT003,1:1:71:10:1:0:1,0,false,false,false,false,0
ENBTR60005,move to,LOC_중앙계곡,2026-08-09T09:00:03.000Z,21.37260211,-157.74065430,UAV 1,2,1:3001:1807,ENBTR60005,1:1:222:2:8:1:0,0,false,false,false,false,0
ENT72010,move to,LOC_중앙계곡,2026-08-09T09:00:03.000Z,21.37498088,-157.74136440,UAV 1,2,1:3001:1666,ENT72010,1:1:222:1:2:1:0,0,false,false,false,false,0
ENT72008,move to,LOC_중앙계곡,2026-08-09T09:00:03.000Z,21.37507461,-157.74135569,UAV 1,2,1:3001:1520,ENT72008,1:1:222:1:2:1:0,0,false,false,false,false,0
ENT72006,move to,LOC_중앙계곡,2026-08-09T09:00:03.000Z,21.37516659,-157.74134715,UAV 1,2,1:3001:1683,ENT72006,1:1:222:1:2:1:0,0,false,false,false,false,0
ENBTR80002,move to,LOC_중앙계곡,2026-08-09T09:00:03.000Z,21.37286888,-157.74055577,UAV 1,2,1:3001:1789,ENBTR80002,1:1:222:2:13:0:0,0,false,false,false,false,0
ENBTR60003,move to,LOC_중앙계곡,2026-08-09T09:00:03.000Z,21.37275665,-157.74064792,UAV 1,2,1:3001:1590,ENBTR60003,1:1:222:2:8:1:0,0,false,false,false,false,0
ENT72002,move to,LOC_중앙계곡,2026-08-09T09:00:03.000Z,21.37534007,-157.74133102,UAV 1,2,1:3001:1533,ENT72002,1:1:222:1:2:1:0,0,false,false,false,false,0
ENT72004,move to,LOC_중앙계곡,2026-08-09T09:00:03.000Z,21.37525700,-157.74133876,UAV 1,2,1:3001:1643,ENT72004,1:1:222:1:2:1:0,0,false,false,false,false,0
ENM35001,move to,LOC_적북측접근로,2026-08-09T09:00:03.000Z,21.37246039,-157.73694492,UAV 1,2,1:3001:1659,ENM35001,1:1:225:7:1:6:0,0,false,false,false,false,0
ENGAZ001,move to,LOC_적북측접근로,2026-08-09T09:00:03.000Z,21.37241102,-157.73669618,UAV 1,2,1:3001:1559,ENGAZ001,1:1:222:7:8:0:0,0,false,false,false,false,0
FRTRK1002,move to,LOC_남측제1방어선,2026-08-09T09:00:03.000Z,21.38767942,-157.74660342,UAV 1,1,1:3001:1758,FRTRK1002,1:1:225:7:12:0:0,0,false,false,false,false,0
FRTRK1005,move to,LOC_남측제1방어선,2026-08-09T09:00:03.000Z,21.38769518,-157.74671991,UAV 1,1,1:3001:1678,FRTRK1005,1:1:225:7:12:0:0,0,false,false,false,false,0
FRTRK1003,move to,LOC_남측제1방어선,2026-08-09T09:00:03.000Z,21.38769347,-157.74717010,UAV 1,1,1:3001:1519,FRTRK1003,1:1:225:7:12:0:0,0,false,false,false,false,0
FRLAV001,move to,LOC_중앙킬존남측,2026-08-09T09:00:03.000Z,21.38785016,-157.74563662,UAV 1,1,1:3001:1723,FRLAV001,1:1:39:2:6:1:0,0,false,false,false,false,0
FRLAV006,move to,LOC_중앙킬존남측,2026-08-09T09:00:03.000Z,21.38804297,-157.74591651,UAV 1,1,1:3001:1601,FRLAV006,1:1:39:2:6:1:0,0,false,false,false,false,0
FRLAV008,move to,LOC_중앙킬존남측,2026-08-09T09:00:03.000Z,21.38812491,-157.74603005,UAV 1,1,1:3001:1651,FRLAV008,1:1:39:2:6:1:0,0,false,false,false,false,0
FRLAV007,move to,LOC_중앙킬존남측,2026-08-09T09:00:03.000Z,21.38808492,-157.74597310,UAV 1,1,1:3001:1762,FRLAV007,1:1:39:2:6:1:0,0,false,false,false,false,0
FRTRK1004,move to,LOC_남측제1방어선,2026-08-09T09:00:03.000Z,21.38781115,-157.74709159,UAV 1,1,1:3001:1803,FRTRK1004,1:1:225:7:12:0:0,0,false,false,false,false,0
FRTRK1001,move to,LOC_남측제1방어선,2026-08-09T09:00:03.000Z,21.38778620,-157.74691551,UAV 1,1,1:3001:1548,FRTRK1001,1:1:225:7:12:0:0,0,false,false,false,false,0
FRM113002,move to,LOC_중앙킬존남측,2026-08-09T09:00:03.000Z,21.38855335,-157.74703800,UAV 1,1,1:3001:1614,FRM113002,1:1:225:2:3:1:0,0,false,false,false,false,0
FRM113005,move to,LOC_중앙킬존남측,2026-08-09T09:00:03.000Z,21.38867160,-157.74721992,UAV 1,1,1:3001:1746,FRM113005,1:1:225:2:3:1:0,0,false,false,false,false,0
FRM113001,move to,LOC_중앙킬존남측,2026-08-09T09:00:03.000Z,21.38852832,-157.74697882,UAV 1,1,1:3001:1747,FRM113001,1:1:225:2:3:1:0,0,false,false,false,false,0
FRTRK2004,move to,LOC_남측제1방어선,2026-08-09T09:00:03.000Z,21.38763109,-157.74774004,UAV 1,1,1:3001:1481,FRTRK2004,1:1:225:7:12:8:0,0,false,false,false,false,0
FRM113007,move to,LOC_중앙킬존남측,2026-08-09T09:00:03.000Z,21.38873977,-157.74734098,UAV 1,1,1:3001:1612,FRM113007,1:1:225:2:3:1:0,0,false,false,false,false,0
FRTRK2002,move to,LOC_남측제1방어선,2026-08-09T09:00:03.000Z,21.38764965,-157.74791066,UAV 1,1,1:3001:1732,FRTRK2002,1:1:225:7:12:8:0,0,false,false,false,false,0
ENM35004,move to,LOC_적북측접근로,2026-08-09T09:00:03.000Z,21.37253402,-157.73685267,UAV 1,2,1:3001:1555,ENM35004,1:1:225:7:1:6:0,0,false,false,false,false,0
ENM35002,move to,LOC_적북측접근로,2026-08-09T09:00:03.000Z,21.37250956,-157.73695536,UAV 1,2,1:3001:1645,ENM35002,1:1:225:7:1:6:0,0,false,false,false,false,0
FRTRK2003,move to,LOC_남측제1방어선,2026-08-09T09:00:03.000Z,21.38774888,-157.74813666,UAV 1,1,1:3001:1768,FRTRK2003,1:1:225:7:12:8:0,0,false,false,false,false,0
M107 3,fired_by,,2026-08-09T09:00:03.000Z,21.37215380,-157.74007542,UAV 1,1,1:3001:1827,M107 3,2:9:225:2:14:2:0,0,false,false,false,false,0
M107 4,fired_by,,2026-08-09T09:00:03.000Z,21.37466649,-157.73834779,UAV 1,1,1:3001:1828,M107 4,2:9:225:2:14:2:0,0,false,false,false,false,0
ENCAESAR002,move to,LOC_북측예비방어선,2026-08-09T09:00:04.000Z,21.37105494,-157.73725309,UAV 1,2,1:3001:1499,ENCAESAR002,1:1:71:4:0:0:0,0,false,false,false,false,0
ENT72012,move to,LOC_중앙계곡,2026-08-09T09:00:04.000Z,21.37489367,-157.74137252,UAV 1,2,1:3001:1500,ENT72012,1:1:222:1:2:1:0,0,false,false,false,false,0
ENMORT005,none,,2026-08-09T09:00:04.000Z,21.37457651,-157.73710572,UAV 1,2,1:3001:1512,ENMORT005,1:1:71:10:1:0:1,0,false,false,false,false,0
ENM1A2005,move to,LOC_중앙계곡,2026-08-09T09:00:04.000Z,21.37696265,-157.74171873,UAV 1,2,1:3001:1526,ENM1A2005,1:1:225:1:1:3:0,0,false,false,false,false,0
ENMORT004,none,,2026-08-09T09:00:04.000Z,21.37447596,-157.73706256,UAV 1,2,1:3001:1535,ENMORT004,1:1:71:10:1:0:1,0,false,false,false,false,0
ENBTR60006,move to,LOC_중앙계곡,2026-08-09T09:00:04.000Z,21.37266554,-157.74060787,UAV 1,2,1:3001:1568,ENBTR60006,1:1:222:2:8:1:0,0,false,false,false,false,0
ENBTR80004,move to,LOC_중앙계곡,2026-08-09T09:00:04.000Z,21.37273315,-157.74056214,UAV 1,2,1:3001:1584,ENBTR80004,1:1:222:2:13:0:0,0,false,false,false,false,0
ENBTR80001,move to,LOC_중앙계곡,2026-08-09T09:00:04.000Z,21.37280839,-157.74060141,UAV 1,2,1:3001:1602,ENBTR80001,1:1:222:2:13:0:0,0,false,false,false,false,0
ENCAESAR004,move to,LOC_북측예비방어선,2026-08-09T09:00:04.000Z,21.37151932,-157.73843364,UAV 1,2,1:3001:1603,ENCAESAR004,1:1:71:4:0:0:0,0,false,false,false,false,0
ENGAZ002,move to,LOC_적북측접근로,2026-08-09T09:00:04.000Z,21.37244800,-157.73677119,UAV 1,2,1:3001:1626,ENGAZ002,1:1:222:7:8:0:0,0,false,false,false,false,0
ENBTR80006,move to,LOC_중앙계곡,2026-08-09T09:00:04.000Z,21.37284237,-157.74047009,UAV 1,2,1:3001:1633,ENBTR80006,1:1:222:2:13:0:0,0,false,false,false,false,0
ENGAZ003,move to,LOC_적북측접근로,2026-08-09T09:00:04.000Z,21.37242868,-157.73661784,UAV 1,2,1:3001:1654,ENGAZ003,1:1:222:7:8:0:0,0,false,false,false,false,0
ENBTR80003,move to,LOC_중앙계곡,2026-08-09T09:00:04.000Z,21.37292416,-157.74051014,UAV 1,2,1:3001:1658,ENBTR80003,1:1:222:2:13:0:0,0,false,false,false,false,0
FRT80008,move to,LOC_중앙킬존남측,2026-08-09T09:00:04.000Z,21.38117440,-157.74717269,UAV 1,1,1:3001:1661,FRT80008,1:1:222:1:1:1:0,0,false,false,false,false,0
ENCAESAR003,move to,LOC_적북측접근로,2026-08-09T09:00:04.000Z,21.37044104,-157.73732880,UAV 1,2,1:3001:1687,ENCAESAR003,1:1:71:4:0:0:0,0,false,false,false,false,0
ENMORT001,none,,2026-08-09T09:00:04.000Z,21.37443553,-157.73716992,UAV 1,2,1:3001:1694,ENMORT001,1:1:71:10:1:0:1,0,false,false,false,false,0
ENBTR60007,move to,LOC_중앙계곡,2026-08-09T09:00:04.000Z,21.37248070,-157.74066220,UAV 1,2,1:3001:1720,ENBTR60007,1:1:222:2:8:1:0,0,false,false,false,false,0
ENBTR60008,move to,LOC_중앙계곡,2026-08-09T09:00:04.000Z,21.37253025,-157.74061503,UAV 1,2,1:3001:1731,ENBTR60008,1:1:222:2:8:1:0,0,false,false,false,false,0
ENBTR80007,move to,LOC_중앙계곡,2026-08-09T09:00:04.000Z,21.37265269,-157.74052217,UAV 1,2,1:3001:1733,ENBTR80007,1:1:222:2:13:0:0,0,false,false,false,false,0
ENMORT002,none,,2026-08-09T09:00:04.000Z,21.37453609,-157.73721308,UAV 1,2,1:3001:1739,ENMORT002,1:1:71:10:1:0:1,0,false,false,false,false,0
ENGAZ004,move to,LOC_적북측접근로,2026-08-09T09:00:04.000Z,21.37246566,-157.73669394,UAV 1,2,1:3001:1743,ENGAZ004,1:1:222:7:8:0:0,0,false,false,false,false,0
ENBTR80005,move to,LOC_중앙계곡,2026-08-09T09:00:04.000Z,21.37278286,-157.74051560,UAV 1,2,1:3001:1751,ENBTR80005,1:1:222:2:13:0:0,0,false,false,false,false,0
ENMIM001,move to,LOC_적북측접근로,2026-08-09T09:00:04.000Z,21.37094442,-157.74058016,UAV 1,2,1:3001:1760,ENMIM001,1:1:225:28:2:0:0,0,false,false,false,false,0
ENCAESAR001,move to,LOC_적북측접근로,2026-08-09T09:00:04.000Z,21.37076822,-157.73888182,UAV 1,2,1:3001:1765,ENCAESAR001,1:1:71:4:0:0:0,0,false,false,false,false,0
ENMORT003,none,,2026-08-09T09:00:04.000Z,21.37463664,-157.73725624,UAV 1,2,1:3001:1770,ENMORT003,1:1:71:10:1:0:1,0,false,false,false,false,0
ENBTR60005,move to,LOC_중앙계곡,2026-08-09T09:00:04.000Z,21.37260211,-157.74065430,UAV 1,2,1:3001:1807,ENBTR60005,1:1:222:2:8:1:0,0,false,false,false,false,0
ENT72010,move to,LOC_중앙계곡,2026-08-09T09:00:04.000Z,21.37498088,-157.74136440,UAV 1,2,1:3001:1666,ENT72010,1:1:222:1:2:1:0,0,false,false,false,false,0
ENT72008,move to,LOC_중앙계곡,2026-08-09T09:00:04.000Z,21.37507461,-157.74135569,UAV 1,2,1:3001:1520,ENT72008,1:1:222:1:2:1:0,0,false,false,false,false,0
ENT72006,move to,LOC_중앙계곡,2026-08-09T09:00:04.000Z,21.37516659,-157.74134715,UAV 1,2,1:3001:1683,ENT72006,1:1:222:1:2:1:0,0,false,false,false,false,0
ENBTR80002,move to,LOC_중앙계곡,2026-08-09T09:00:04.000Z,21.37286888,-157.74055577,UAV 1,2,1:3001:1789,ENBTR80002,1:1:222:2:13:0:0,0,false,false,false,false,0
ENBTR60003,move to,LOC_중앙계곡,2026-08-09T09:00:04.000Z,21.37275665,-157.74064792,UAV 1,2,1:3001:1590,ENBTR60003,1:1:222:2:8:1:0,0,false,false,false,false,0
ENT72002,move to,LOC_중앙계곡,2026-08-09T09:00:04.000Z,21.37534007,-157.74133102,UAV 1,2,1:3001:1533,ENT72002,1:1:222:1:2:1:0,0,false,false,false,false,0
ENT72004,move to,LOC_중앙계곡,2026-08-09T09:00:04.000Z,21.37525700,-157.74133876,UAV 1,2,1:3001:1643,ENT72004,1:1:222:1:2:1:0,0,false,false,false,false,0
ENM35001,move to,LOC_적북측접근로,2026-08-09T09:00:04.000Z,21.37246039,-157.73694492,UAV 1,2,1:3001:1659,ENM35001,1:1:225:7:1:6:0,0,false,false,false,false,0
ENGAZ001,move to,LOC_적북측접근로,2026-08-09T09:00:04.000Z,21.37241102,-157.73669618,UAV 1,2,1:3001:1559,ENGAZ001,1:1:222:7:8:0:0,0,false,false,false,false,0
FRTRK1002,move to,LOC_남측제1방어선,2026-08-09T09:00:04.000Z,21.38767942,-157.74660342,UAV 1,1,1:3001:1758,FRTRK1002,1:1:225:7:12:0:0,0,false,false,false,false,0
FRTRK1005,move to,LOC_남측제1방어선,2026-08-09T09:00:04.000Z,21.38769518,-157.74671991,UAV 1,1,1:3001:1678,FRTRK1005,1:1:225:7:12:0:0,0,false,false,false,false,0
FRTRK1003,move to,LOC_남측제1방어선,2026-08-09T09:00:04.000Z,21.38769347,-157.74717010,UAV 1,1,1:3001:1519,FRTRK1003,1:1:225:7:12:0:0,0,false,false,false,false,0
FRLAV001,move to,LOC_중앙킬존남측,2026-08-09T09:00:04.000Z,21.38785016,-157.74563662,UAV 1,1,1:3001:1723,FRLAV001,1:1:39:2:6:1:0,0,false,false,false,false,0
FRLAV006,move to,LOC_중앙킬존남측,2026-08-09T09:00:04.000Z,21.38804297,-157.74591651,UAV 1,1,1:3001:1601,FRLAV006,1:1:39:2:6:1:0,0,false,false,false,false,0
FRLAV008,move to,LOC_중앙킬존남측,2026-08-09T09:00:04.000Z,21.38812491,-157.74603005,UAV 1,1,1:3001:1651,FRLAV008,1:1:39:2:6:1:0,0,false,false,false,false,0
FRLAV007,move to,LOC_중앙킬존남측,2026-08-09T09:00:04.000Z,21.38808492,-157.74597310,UAV 1,1,1:3001:1762,FRLAV007,1:1:39:2:6:1:0,0,false,false,false,false,0
FRTRK1004,move to,LOC_남측제1방어선,2026-08-09T09:00:04.000Z,21.38781115,-157.74709159,UAV 1,1,1:3001:1803,FRTRK1004,1:1:225:7:12:0:0,0,false,false,false,false,0
FRTRK1001,move to,LOC_남측제1방어선,2026-08-09T09:00:04.000Z,21.38778620,-157.74691551,UAV 1,1,1:3001:1548,FRTRK1001,1:1:225:7:12:0:0,0,false,false,false,false,0
FRM113002,move to,LOC_중앙킬존남측,2026-08-09T09:00:04.000Z,21.38855335,-157.74703800,UAV 1,1,1:3001:1614,FRM113002,1:1:225:2:3:1:0,0,false,false,false,false,0
FRM113005,move to,LOC_중앙킬존남측,2026-08-09T09:00:04.000Z,21.38867160,-157.74721992,UAV 1,1,1:3001:1746,FRM113005,1:1:225:2:3:1:0,0,false,false,false,false,0
FRM113001,move to,LOC_중앙킬존남측,2026-08-09T09:00:04.000Z,21.38852832,-157.74697882,UAV 1,1,1:3001:1747,FRM113001,1:1:225:2:3:1:0,0,false,false,false,false,0
FRTRK2004,move to,LOC_남측제1방어선,2026-08-09T09:00:04.000Z,21.38763109,-157.74774004,UAV 1,1,1:3001:1481,FRTRK2004,1:1:225:7:12:8:0,0,false,false,false,false,0
FRM113007,move to,LOC_중앙킬존남측,2026-08-09T09:00:04.000Z,21.38873977,-157.74734098,UAV 1,1,1:3001:1612,FRM113007,1:1:225:2:3:1:0,0,false,false,false,false,0
FRTRK2002,move to,LOC_남측제1방어선,2026-08-09T09:00:04.000Z,21.38764965,-157.74791066,UAV 1,1,1:3001:1732,FRTRK2002,1:1:225:7:12:8:0,0,false,false,false,false,0
ENM35004,move to,LOC_적북측접근로,2026-08-09T09:00:04.000Z,21.37253402,-157.73685267,UAV 1,2,1:3001:1555,ENM35004,1:1:225:7:1:6:0,0,false,false,false,false,0
ENM35002,move to,LOC_적북측접근로,2026-08-09T09:00:04.000Z,21.37250956,-157.73695536,UAV 1,2,1:3001:1645,ENM35002,1:1:225:7:1:6:0,0,false,false,false,false,0
FRTRK2003,move to,LOC_남측제1방어선,2026-08-09T09:00:04.000Z,21.38774888,-157.74813666,UAV 1,1,1:3001:1768,FRTRK2003,1:1:225:7:12:8:0,0,false,false,false,false,0
M107 3,fired_by,,2026-08-09T09:00:04.000Z,21.37215380,-157.74007542,UAV 1,,,,,,,,,,
M107 4,fired_by,,2026-08-09T09:00:04.000Z,21.37466649,-157.73834779,UAV 1,1,1:3001:1828,M107 4,2:9:225:2:14:2:0,0,false,false,false,false,0
ENCAESAR002,move to,LOC_북측예비방어선,2026-08-09T09:00:05.000Z,21.37112649,-157.73743338,UAV 1,2,1:3001:1499,ENCAESAR002,1:1:71:4:0:0:0,0,false,false,false,false,0
ENT72012,move to,LOC_중앙계곡,2026-08-09T09:00:05.000Z,21.37508048,-157.74135573,UAV 1,2,1:3001:1500,ENT72012,1:1:222:1:2:1:0,0,false,false,false,false,0
ENMORT005,none,,2026-08-09T09:00:05.000Z,21.37457651,-157.73710572,UAV 1,2,1:3001:1512,ENMORT005,1:1:71:10:1:0:1,0,false,false,false,false,0
ENM1A2005,move to,LOC_중앙계곡,2026-08-09T09:00:05.000Z,21.37713942,-157.74166022,UAV 1,2,1:3001:1526,ENM1A2005,1:1:225:1:1:3:0,0,false,false,false,false,0
ENMORT004,none,,2026-08-09T09:00:05.000Z,21.37447596,-157.73706256,UAV 1,2,1:3001:1535,ENMORT004,1:1:71:10:1:0:1,0,false,false,false,false,0
ENBTR60006,move to,LOC_중앙계곡,2026-08-09T09:00:05.000Z,21.37284860,-157.74061856,UAV 1,2,1:3001:1568,ENBTR60006,1:1:222:2:8:1:0,0,false,false,false,false,0
ENBTR80004,move to,LOC_중앙계곡,2026-08-09T09:00:05.000Z,21.37291865,-157.74057441,UAV 1,2,1:3001:1584,ENBTR80004,1:1:222:2:13:0:0,0,false,false,false,false,0
ENBTR80001,move to,LOC_중앙계곡,2026-08-09T09:00:05.000Z,21.37299231,-157.74061259,UAV 1,2,1:3001:1602,ENBTR80001,1:1:222:2:13:0:0,0,false,false,false,false,0
ENCAESAR004,move to,LOC_북측예비방어선,2026-08-09T09:00:05.000Z,21.37159739,-157.73862991,UAV 1,2,1:3001:1603,ENCAESAR004,1:1:71:4:0:0:0,0,false,false,false,false,0
ENGAZ002,move to,LOC_적북측접근로,2026-08-09T09:00:05.000Z,21.37240412,-157.73696625,UAV 1,2,1:3001:1626,ENGAZ002,1:1:222:7:8:0:0,0,false,false,false,false,0
ENBTR80006,move to,LOC_중앙계곡,2026-08-09T09:00:05.000Z,21.37302767,-157.74048526,UAV 1,2,1:3001:1633,ENBTR80006,1:1:222:2:13:0:0,0,false,false,false,false,0
ENGAZ003,move to,LOC_적북측접근로,2026-08-09T09:00:05.000Z,21.37238647,-157.73681470,UAV 1,2,1:3001:1654,ENGAZ003,1:1:222:7:8:0:0,0,false,false,false,false,0
ENBTR80003,move to,LOC_중앙계곡,2026-08-09T09:00:05.000Z,21.37311077,-157.74052441,UAV 1,2,1:3001:1658,ENBTR80003,1:1:222:2:13:0:0,0,false,false,false,false,0
FRT80008,move to,LOC_중앙킬존남측,2026-08-09T09:00:05.000Z,21.38109574,-157.74699326,UAV 1,1,1:3001:1661,FRT80008,1:1:222:1:1:1:0,0,false,false,false,false,0
ENCAESAR003,move to,LOC_적북측접근로,2026-08-09T09:00:05.000Z,21.37048199,-157.73753193,UAV 1,2,1:3001:1687,ENCAESAR003,1:1:71:4:0:0:0,0,false,false,false,false,0
ENMORT001,none,,2026-08-09T09:00:05.000Z,21.37443553,-157.73716992,UAV 1,2,1:3001:1694,ENMORT001,1:1:71:10:1:0:1,0,false,false,false,false,0
ENBTR60007,move to,LOC_중앙계곡,2026-08-09T09:00:05.000Z,21.37265810,-157.74067081,UAV 1,2,1:3001:1720,ENBTR60007,1:1:222:2:8:1:0,0,false,false,false,false,0
ENBTR60008,move to,LOC_중앙계곡,2026-08-09T09:00:05.000Z,21.37270943,-157.74062509,UAV 1,2,1:3001:1731,ENBTR60008,1:1:222:2:8:1:0,0,false,false,false,false,0
ENBTR80007,move to,LOC_중앙계곡,2026-08-09T09:00:05.000Z,21.37283535,-157.74053522,UAV 1,2,1:3001:1733,ENBTR80007,1:1:222:2:13:0:0,0,false,false,false,false,0
ENMORT002,none,,2026-08-09T09:00:05.000Z,21.37453609,-157.73721308,UAV 1,2,1:3001:1739,ENMORT002,1:1:71:10:1:0:1,0,false,false,false,false,0
ENGAZ004,move to,LOC_적북측접근로,2026-08-09T09:00:05.000Z,21.37242161,-157.73688978,UAV 1,2,1:3001:1743,ENGAZ004,1:1:222:7:8:0:0,0,false,false,false,false,0
ENBTR80005,move to,LOC_중앙계곡,2026-08-09T09:00:05.000Z,21.37296668,-157.74052919,UAV 1,2,1:3001:1751,ENBTR80005,1:1:222:2:13:0:0,0,false,false,false,false,0
ENMIM001,move to,LOC_적북측접근로,2026-08-09T09:00:05.000Z,21.37101074,-157.74077952,UAV 1,2,1:3001:1760,ENMIM001,1:1:225:28:2:0:0,0,false,false,false,false,0
ENCAESAR001,move to,LOC_적북측접근로,2026-08-09T09:00:05.000Z,21.37080617,-157.73907480,UAV 1,2,1:3001:1765,ENCAESAR001,1:1:71:4:0:0:0,0,false,false,false,false,0
ENMORT003,none,,2026-08-09T09:00:05.000Z,21.37463664,-157.73725624,UAV 1,2,1:3001:1770,ENMORT003,1:1:71:10:1:0:1,0,false,false,false,false,0
ENBTR60005,move to,LOC_중앙계곡,2026-08-09T09:00:05.000Z,21.37278673,-157.74066367,UAV 1,2,1:3001:1807,ENBTR60005,1:1:222:2:8:1:0,0,false,false,false,false,0
ENT72010,move to,LOC_중앙계곡,2026-08-09T09:00:05.000Z,21.37516531,-157.74134783,UAV 1,2,1:3001:1666,ENT72010,1:1:222:1:2:1:0,0,false,false,false,false,0
ENT72008,move to,LOC_중앙계곡,2026-08-09T09:00:05.000Z,21.37525678,-157.74133934,UAV 1,2,1:3001:1520,ENT72008,1:1:222:1:2:1:0,0,false,false,false,false,0
ENT72006,move to,LOC_중앙계곡,2026-08-09T09:00:05.000Z,21.37535217,-157.74133050,UAV 1,2,1:3001:1683,ENT72006,1:1:222:1:2:1:0,0,false,false,false,false,0
ENBTR80002,move to,LOC_중앙계곡,2026-08-09T09:00:05.000Z,21.37305419,-157.74056848,UAV 1,2,1:3001:1789,ENBTR80002,1:1:222:2:13:0:0,0,false,false,false,false,0
ENBTR60003,move to,LOC_중앙계곡,2026-08-09T09:00:05.000Z,21.37293846,-157.74065755,UAV 1,2,1:3001:1590,ENBTR60003,1:1:222:2:8:1:0,0,false,false,false,false,0
ENT72002,move to,LOC_중앙계곡,2026-08-09T09:00:05.000Z,21.37552618,-157.74131435,UAV 1,2,1:3001:1533,ENT72002,1:1:222:1:2:1:0,0,false,false,false,false,0
ENT72004,move to,LOC_중앙계곡,2026-08-09T09:00:05.000Z,21.37544388,-157.74132200,UAV 1,2,1:3001:1643,ENT72004,1:1:222:1:2:1:0,0,false,false,false,false,0
ENM35001,move to,LOC_적북측접근로,2026-08-09T09:00:05.000Z,21.37241552,-157.73713534,UAV 1,2,1:3001:1659,ENM35001,1:1:225:7:1:6:0,0,false,false,false,false,0
ENGAZ001,move to,LOC_적북측접근로,2026-08-09T09:00:05.000Z,21.37236906,-157.73689203,UAV 1,2,1:3001:1559,ENGAZ001,1:1:222:7:8:0:0,0,false,false,false,false,0
FRTRK1002,move to,LOC_남측제1방어선,2026-08-09T09:00:05.000Z,21.38765257,-157.74641130,UAV 1,1,1:3001:1758,FRTRK1002,1:1:225:7:12:0:0,0,false,false,false,false,0
FRTRK1005,move to,LOC_남측제1방어선,2026-08-09T09:00:05.000Z,21.38766879,-157.74653107,UAV 1,1,1:3001:1678,FRTRK1005,1:1:225:7:12:0:0,0,false,false,false,false,0
FRTRK1003,move to,LOC_남측제1방어선,2026-08-09T09:00:05.000Z,21.38766807,-157.74697731,UAV 1,1,1:3001:1519,FRTRK1003,1:1:225:7:12:0:0,0,false,false,false,false,0
FRLAV001,move to,LOC_중앙킬존남측,2026-08-09T09:00:05.000Z,21.38766528,-157.74565712,UAV 1,1,1:3001:1723,FRLAV001,1:1:39:2:6:1:0,0,false,false,false,false,0
FRLAV008,move to,LOC_중앙킬존남측,2026-08-09T09:00:05.000Z,21.38793862,-157.74603987,UAV 1,1,1:3001:1651,FRLAV008,1:1:39:2:6:1:0,0,false,false,false,false,0
FRTRK1004,move to,LOC_남측제1방어선,2026-08-09T09:00:05.000Z,21.38778439,-157.74691036,UAV 1,1,1:3001:1803,FRTRK1004,1:1:225:7:12:0:0,0,false,false,false,false,0
FRTRK1001,move to,LOC_남측제1방어선,2026-08-09T09:00:05.000Z,21.38775609,-157.74671181,UAV 1,1,1:3001:1548,FRTRK1001,1:1:225:7:12:0:0,0,false,false,false,false,0
FRM113002,move to,LOC_중앙킬존남측,2026-08-09T09:00:05.000Z,21.38835818,-157.74702221,UAV 1,1,1:3001:1614,FRM113002,1:1:225:2:3:1:0,0,false,false,false,false,0
FRM113001,move to,LOC_중앙킬존남측,2026-08-09T09:00:05.000Z,21.38833560,-157.74696466,UAV 1,1,1:3001:1747,FRM113001,1:1:225:2:3:1:0,0,false,false,false,false,0
FRTRK2004,move to,LOC_남측제1방어선,2026-08-09T09:00:05.000Z,21.38760633,-157.74752634,UAV 1,1,1:3001:1481,FRTRK2004,1:1:225:7:12:8:0,0,false,false,false,false,0
FRTRK2002,move to,LOC_남측제1방어선,2026-08-09T09:00:05.000Z,21.38763144,-157.74775329,UAV 1,1,1:3001:1732,FRTRK2002,1:1:225:7:12:8:0,0,false,false,false,false,0
ENM35004,move to,LOC_적북측접근로,2026-08-09T09:00:05.000Z,21.37248480,-157.73705256,UAV 1,2,1:3001:1555,ENM35004,1:1:225:7:1:6:0,0,false,false,false,false,0
ENM35002,move to,LOC_적북측접근로,2026-08-09T09:00:05.000Z,21.37246228,-157.73714722,UAV 1,2,1:3001:1645,ENM35002,1:1:225:7:1:6:0,0,false,false,false,false,0
FRTRK2003,move to,LOC_남측제1방어선,2026-08-09T09:00:05.000Z,21.38774272,-157.74808688,UAV 1,1,1:3001:1768,FRTRK2003,1:1:225:7:12:8:0,0,false,false,false,false,0
M107 4,fired_by,,2026-08-09T09:00:05.000Z,21.37306272,-157.73841140,UAV 1,,,,,,,,,,
FRTRK2001,move to,LOC_남측제1방어선,2026-08-09T09:00:05.000Z,21.38772128,-157.74791843,UAV 1,1,1:3001:1728,FRTRK2001,1:1:225:7:12:8:0,0,false,false,false,false,0
ENCAESAR002,move to,LOC_북측예비방어선,2026-08-09T09:00:07.000Z,21.37119826,-157.73761421,UAV 1,2,1:3001:1499,ENCAESAR002,1:1:71:4:0:0:0,0,false,false,false,false,0
ENT72012,move to,LOC_중앙계곡,2026-08-09T09:00:07.000Z,21.37525987,-157.74133959,UAV 1,2,1:3001:1500,ENT72012,1:1:222:1:2:1:0,0,false,false,false,false,0
ENMORT005,none,,2026-08-09T09:00:07.000Z,21.37457651,-157.73710572,UAV 1,2,1:3001:1512,ENMORT005,1:1:71:10:1:0:1,0,false,false,false,false,0
ENM1A2005,move to,LOC_중앙계곡,2026-08-09T09:00:07.000Z,21.37731571,-157.74160187,UAV 1,2,1:3001:1526,ENM1A2005,1:1:225:1:1:3:0,0,false,false,false,false,0
ENMORT004,none,,2026-08-09T09:00:07.000Z,21.37447596,-157.73706256,UAV 1,2,1:3001:1535,ENMORT004,1:1:71:10:1:0:1,0,false,false,false,false,0
ENBTR60006,move to,LOC_중앙계곡,2026-08-09T09:00:07.000Z,21.37302892,-157.74062909,UAV 1,2,1:3001:1568,ENBTR60006,1:1:222:2:8:1:0,0,false,false,false,false,0
ENBTR80004,move to,LOC_중앙계곡,2026-08-09T09:00:07.000Z,21.37309895,-157.74058633,UAV 1,2,1:3001:1584,ENBTR80004,1:1:222:2:13:0:0,0,false,false,false,false,0
ENBTR80001,move to,LOC_중앙계곡,2026-08-09T09:00:07.000Z,21.37317107,-157.74062344,UAV 1,2,1:3001:1602,ENBTR80001,1:1:222:2:13:0:0,0,false,false,false,false,0
ENCAESAR004,move to,LOC_북측예비방어선,2026-08-09T09:00:07.000Z,21.37166681,-157.73880443,UAV 1,2,1:3001:1603,ENCAESAR004,1:1:71:4:0:0:0,0,false,false,false,false,0
ENBTR80006,move to,LOC_중앙계곡,2026-08-09T09:00:07.000Z,21.37321014,-157.74050019,UAV 1,2,1:3001:1633,ENBTR80006,1:1:222:2:13:0:0,0,false,false,false,false,0
ENGAZ003,move to,LOC_적북측접근로,2026-08-09T09:00:07.000Z,21.37234549,-157.73700581,UAV 1,2,1:3001:1654,ENGAZ003,1:1:222:7:8:0:0,0,false,false,false,false,0
ENBTR80003,move to,LOC_중앙계곡,2026-08-09T09:00:07.000Z,21.37329281,-157.74053833,UAV 1,2,1:3001:1658,ENBTR80003,1:1:222:2:13:0:0,0,false,false,false,false,0
FRT80008,move to,LOC_중앙킬존남측,2026-08-09T09:00:07.000Z,21.38101804,-157.74681600,UAV 1,1,1:3001:1661,FRT80008,1:1:222:1:1:1:0,0,false,false,false,false,0
ENCAESAR003,move to,LOC_적북측접근로,2026-08-09T09:00:07.000Z,21.37052067,-157.73772379,UAV 1,2,1:3001:1687,ENCAESAR003,1:1:71:4:0:0:0,0,false,false,false,false,0
ENMORT001,none,,2026-08-09T09:00:07.000Z,21.37443553,-157.73716992,UAV 1,2,1:3001:1694,ENMORT001,1:1:71:10:1:0:1,0,false,false,false,false,0
ENBTR60007,move to,LOC_중앙계곡,2026-08-09T09:00:07.000Z,21.37283864,-157.74067957,UAV 1,2,1:3001:1720,ENBTR60007,1:1:222:2:8:1:0,0,false,false,false,false,0
ENBTR60008,move to,LOC_중앙계곡,2026-08-09T09:00:07.000Z,21.37288939,-157.74063519,UAV 1,2,1:3001:1731,ENBTR60008,1:1:222:2:8:1:0,0,false,false,false,false,0
ENBTR80007,move to,LOC_중앙계곡,2026-08-09T09:00:07.000Z,21.37301714,-157.74054821,UAV 1,2,1:3001:1733,ENBTR80007,1:1:222:2:13:0:0,0,false,false,false,false,0
ENMORT002,none,,2026-08-09T09:00:07.000Z,21.37453609,-157.73721308,UAV 1,2,1:3001:1739,ENMORT002,1:1:71:10:1:0:1,0,false,false,false,false,0
ENGAZ004,move to,LOC_적북측접근로,2026-08-09T09:00:07.000Z,21.37237868,-157.73708057,UAV 1,2,1:3001:1743,ENGAZ004,1:1:222:7:8:0:0,0,false,false,false,false,0
ENBTR80005,move to,LOC_중앙계곡,2026-08-09T09:00:07.000Z,21.37314982,-157.74054273,UAV 1,2,1:3001:1751,ENBTR80005,1:1:222:2:13:0:0,0,false,false,false,false,0
ENMIM001,move to,LOC_적북측접근로,2026-08-09T09:00:07.000Z,21.37107164,-157.74096257,UAV 1,2,1:3001:1760,ENMIM001,1:1:225:28:2:0:0,0,false,false,false,false,0
ENCAESAR001,move to,LOC_적북측접근로,2026-08-09T09:00:07.000Z,21.37084521,-157.73927331,UAV 1,2,1:3001:1765,ENCAESAR001,1:1:71:4:0:0:0,0,false,false,false,false,0
ENMORT003,none,,2026-08-09T09:00:07.000Z,21.37463664,-157.73725624,UAV 1,2,1:3001:1770,ENMORT003,1:1:71:10:1:0:1,0,false,false,false,false,0
ENBTR60005,move to,LOC_중앙계곡,2026-08-09T09:00:07.000Z,21.37296906,-157.74067293,UAV 1,2,1:3001:1807,ENBTR60005,1:1:222:2:8:1:0,0,false,false,false,false,0
ENT72010,move to,LOC_중앙계곡,2026-08-09T09:00:07.000Z,21.37534774,-157.74133143,UAV 1,2,1:3001:1666,ENT72010,1:1:222:1:2:1:0,0,false,false,false,false,0
ENT72008,move to,LOC_중앙계곡,2026-08-09T09:00:07.000Z,21.37544017,-157.74132287,UAV 1,2,1:3001:1520,ENT72008,1:1:222:1:2:1:0,0,false,false,false,false,0
ENT72006,move to,LOC_중앙계곡,2026-08-09T09:00:07.000Z,21.37553481,-157.74131412,UAV 1,2,1:3001:1683,ENT72006,1:1:222:1:2:1:0,0,false,false,false,false,0
ENBTR80002,move to,LOC_중앙계곡,2026-08-09T09:00:07.000Z,21.37323446,-157.74058084,UAV 1,2,1:3001:1789,ENBTR80002,1:1:222:2:13:0:0,0,false,false,false,false,0
ENBTR60003,move to,LOC_중앙계곡,2026-08-09T09:00:07.000Z,21.37311752,-157.74066704,UAV 1,2,1:3001:1590,ENBTR60003,1:1:222:2:8:1:0,0,false,false,false,false,0
ENT72002,move to,LOC_중앙계곡,2026-08-09T09:00:07.000Z,21.37570886,-157.74129799,UAV 1,2,1:3001:1533,ENT72002,1:1:222:1:2:1:0,0,false,false,false,false,0
ENT72004,move to,LOC_중앙계곡,2026-08-09T09:00:07.000Z,21.37562574,-157.74130570,UAV 1,2,1:3001:1643,ENT72004,1:1:222:1:2:1:0,0,false,false,false,false,0
ENM35001,move to,LOC_적북측접근로,2026-08-09T09:00:07.000Z,21.37237123,-157.73732329,UAV 1,2,1:3001:1659,ENM35001,1:1:225:7:1:6:0,0,false,false,false,false,0
ENGAZ001,move to,LOC_적북측접근로,2026-08-09T09:00:07.000Z,21.37232808,-157.73708332,UAV 1,2,1:3001:1559,ENGAZ001,1:1:222:7:8:0:0,0,false,false,false,false,0
FRTRK1002,move to,LOC_남측제1방어선,2026-08-09T09:00:07.000Z,21.38763964,-157.74631879,UAV 1,1,1:3001:1758,FRTRK1002,1:1:225:7:12:0:0,0,false,false,false,false,0
FRTRK1003,move to,LOC_남측제1방어선,2026-08-09T09:00:07.000Z,21.38764186,-157.74677845,UAV 1,1,1:3001:1519,FRTRK1003,1:1:225:7:12:0:0,0,false,false,false,false,0
FRTRK1004,move to,LOC_남측제1방어선,2026-08-09T09:00:07.000Z,21.38775466,-157.74670904,UAV 1,1,1:3001:1803,FRTRK1004,1:1:225:7:12:0:0,0,false,false,false,false,0
FRTRK1001,move to,LOC_남측제1방어선,2026-08-09T09:00:07.000Z,21.38772776,-157.74652018,UAV 1,1,1:3001:1548,FRTRK1001,1:1:225:7:12:0:0,0,false,false,false,false,0
FRM113001,move to,LOC_중앙킬존남측,2026-08-09T09:00:07.000Z,21.38814023,-157.74695030,UAV 1,1,1:3001:1747,FRM113001,1:1:225:2:3:1:0,0,false,false,false,false,0
FRTRK2004,move to,LOC_남측제1방어선,2026-08-09T09:00:07.000Z,21.38758265,-157.74732191,UAV 1,1,1:3001:1481,FRTRK2004,1:1:225:7:12:8:0,0,false,false,false,false,0
FRTRK2002,move to,LOC_남측제1방어선,2026-08-09T09:00:07.000Z,21.38760783,-157.74754932,UAV 1,1,1:3001:1732,FRTRK2002,1:1:225:7:12:8:0,0,false,false,false,false,0
ENM35004,move to,LOC_적북측접근로,2026-08-09T09:00:07.000Z,21.37243903,-157.73723841,UAV 1,2,1:3001:1555,ENM35004,1:1:225:7:1:6:0,0,false,false,false,false,0
ENM35002,move to,LOC_적북측접근로,2026-08-09T09:00:07.000Z,21.37241645,-157.73733317,UAV 1,2,1:3001:1645,ENM35002,1:1:225:7:1:6:0,0,false,false,false,false,0
FRTRK2003,move to,LOC_남측제1방어선,2026-08-09T09:00:07.000Z,21.38773348,-157.74801231,UAV 1,1,1:3001:1768,FRTRK2003,1:1:225:7:12:8:0,0,false,false,false,false,0
FRTRK2001,move to,LOC_남측제1방어선,2026-08-09T09:00:07.000Z,21.38770498,-157.74778669,UAV 1,1,1:3001:1728,FRTRK2001,1:1:225:7:12:8:0,0,false,false,false,false,0
ENM35003,move to,LOC_적북측접근로,2026-08-09T09:00:07.000Z,21.37239313,-157.73722925,UAV 1,2,1:3001:1799,ENM35003,1:1:225:7:1:6:0,0,false,false,false,false,0
ENCAESAR002,move to,LOC_북측예비방어선,2026-08-09T09:00:08.000Z,21.37119826,-157.73761421,UAV 1,2,1:3001:1499,ENCAESAR002,1:1:71:4:0:0:0,0,false,false,false,false,0
ENT72012,move to,LOC_중앙계곡,2026-08-09T09:00:08.000Z,21.37525987,-157.74133959,UAV 1,2,1:3001:1500,ENT72012,1:1:222:1:2:1:0,0,false,false,false,false,0
ENMORT005,none,,2026-08-09T09:00:08.000Z,21.37457651,-157.73710572,UAV 1,2,1:3001:1512,ENMORT005,1:1:71:10:1:0:1,0,false,false,false,false,0
ENM1A2005,move to,LOC_중앙계곡,2026-08-09T09:00:08.000Z,21.37731571,-157.74160187,UAV 1,2,1:3001:1526,ENM1A2005,1:1:225:1:1:3:0,0,false,false,false,false,0
ENMORT004,none,,2026-08-09T09:00:08.000Z,21.37447596,-157.73706256,UAV 1,2,1:3001:1535,ENMORT004,1:1:71:10:1:0:1,0,false,false,false,false,0
ENBTR60006,move to,LOC_중앙계곡,2026-08-09T09:00:08.000Z,21.37302892,-157.74062909,UAV 1,2,1:3001:1568,ENBTR60006,1:1:222:2:8:1:0,0,false,false,false,false,0
ENBTR80004,move to,LOC_중앙계곡,2026-08-09T09:00:08.000Z,21.37309895,-157.74058633,UAV 1,2,1:3001:1584,ENBTR80004,1:1:222:2:13:0:0,0,false,false,false,false,0
ENBTR80001,move to,LOC_중앙계곡,2026-08-09T09:00:08.000Z,21.37317107,-157.74062344,UAV 1,2,1:3001:1602,ENBTR80001,1:1:222:2:13:0:0,0,false,false,false,false,0
ENCAESAR004,move to,LOC_북측예비방어선,2026-08-09T09:00:08.000Z,21.37166681,-157.73880443,UAV 1,2,1:3001:1603,ENCAESAR004,1:1:71:4:0:0:0,0,false,false,false,false,0
ENBTR80006,move to,LOC_중앙계곡,2026-08-09T09:00:08.000Z,21.37321014,-157.74050019,UAV 1,2,1:3001:1633,ENBTR80006,1:1:222:2:13:0:0,0,false,false,false,false,0
ENGAZ003,move to,LOC_적북측접근로,2026-08-09T09:00:08.000Z,21.37234549,-157.73700581,UAV 1,2,1:3001:1654,ENGAZ003,1:1:222:7:8:0:0,0,false,false,false,false,0
ENBTR80003,move to,LOC_중앙계곡,2026-08-09T09:00:08.000Z,21.37329281,-157.74053833,UAV 1,2,1:3001:1658,ENBTR80003,1:1:222:2:13:0:0,0,false,false,false,false,0
FRT80008,move to,LOC_중앙킬존남측,2026-08-09T09:00:08.000Z,21.38101804,-157.74681600,UAV 1,1,1:3001:1661,FRT80008,1:1:222:1:1:1:0,0,false,false,false,false,0
ENCAESAR003,move to,LOC_적북측접근로,2026-08-09T09:00:08.000Z,21.37052067,-157.73772379,UAV 1,2,1:3001:1687,ENCAESAR003,1:1:71:4:0:0:0,0,false,false,false,false,0
ENMORT001,none,,2026-08-09T09:00:08.000Z,21.37443553,-157.73716992,UAV 1,2,1:3001:1694,ENMORT001,1:1:71:10:1:0:1,0,false,false,false,false,0
ENBTR60007,move to,LOC_중앙계곡,2026-08-09T09:00:08.000Z,21.37283864,-157.74067957,UAV 1,2,1:3001:1720,ENBTR60007,1:1:222:2:8:1:0,0,false,false,false,false,0
ENBTR60008,move to,LOC_중앙계곡,2026-08-09T09:00:08.000Z,21.37288939,-157.74063519,UAV 1,2,1:3001:1731,ENBTR60008,1:1:222:2:8:1:0,0,false,false,false,false,0
ENBTR80007,move to,LOC_중앙계곡,2026-08-09T09:00:08.000Z,21.37301714,-157.74054821,UAV 1,2,1:3001:1733,ENBTR80007,1:1:222:2:13:0:0,0,false,false,false,false,0
ENMORT002,none,,2026-08-09T09:00:08.000Z,21.37453609,-157.73721308,UAV 1,2,1:3001:1739,ENMORT002,1:1:71:10:1:0:1,0,false,false,false,false,0
ENGAZ004,move to,LOC_적북측접근로,2026-08-09T09:00:08.000Z,21.37237868,-157.73708057,UAV 1,2,1:3001:1743,ENGAZ004,1:1:222:7:8:0:0,0,false,false,false,false,0
ENBTR80005,move to,LOC_중앙계곡,2026-08-09T09:00:08.000Z,21.37314982,-157.74054273,UAV 1,2,1:3001:1751,ENBTR80005,1:1:222:2:13:0:0,0,false,false,false,false,0
ENMIM001,move to,LOC_적북측접근로,2026-08-09T09:00:08.000Z,21.37107164,-157.74096257,UAV 1,2,1:3001:1760,ENMIM001,1:1:225:28:2:0:0,0,false,false,false,false,0
ENCAESAR001,move to,LOC_적북측접근로,2026-08-09T09:00:08.000Z,21.37084521,-157.73927331,UAV 1,2,1:3001:1765,ENCAESAR001,1:1:71:4:0:0:0,0,false,false,false,false,0
ENMORT003,none,,2026-08-09T09:00:08.000Z,21.37463664,-157.73725624,UAV 1,2,1:3001:1770,ENMORT003,1:1:71:10:1:0:1,0,false,false,false,false,0
ENBTR60005,move to,LOC_중앙계곡,2026-08-09T09:00:08.000Z,21.37296906,-157.74067293,UAV 1,2,1:3001:1807,ENBTR60005,1:1:222:2:8:1:0,0,false,false,false,false,0
ENT72010,move to,LOC_중앙계곡,2026-08-09T09:00:08.000Z,21.37534774,-157.74133143,UAV 1,2,1:3001:1666,ENT72010,1:1:222:1:2:1:0,0,false,false,false,false,0
ENT72008,move to,LOC_중앙계곡,2026-08-09T09:00:08.000Z,21.37544017,-157.74132287,UAV 1,2,1:3001:1520,ENT72008,1:1:222:1:2:1:0,0,false,false,false,false,0
ENT72006,move to,LOC_중앙계곡,2026-08-09T09:00:08.000Z,21.37553481,-157.74131412,UAV 1,2,1:3001:1683,ENT72006,1:1:222:1:2:1:0,0,false,false,false,false,0
ENBTR80002,move to,LOC_중앙계곡,2026-08-09T09:00:08.000Z,21.37323446,-157.74058084,UAV 1,2,1:3001:1789,ENBTR80002,1:1:222:2:13:0:0,0,false,false,false,false,0
ENBTR60003,move to,LOC_중앙계곡,2026-08-09T09:00:08.000Z,21.37311752,-157.74066704,UAV 1,2,1:3001:1590,ENBTR60003,1:1:222:2:8:1:0,0,false,false,false,false,0
ENT72002,move to,LOC_중앙계곡,2026-08-09T09:00:08.000Z,21.37570886,-157.74129799,UAV 1,2,1:3001:1533,ENT72002,1:1:222:1:2:1:0,0,false,false,false,false,0
ENT72004,move to,LOC_중앙계곡,2026-08-09T09:00:08.000Z,21.37562574,-157.74130570,UAV 1,2,1:3001:1643,ENT72004,1:1:222:1:2:1:0,0,false,false,false,false,0
ENM35001,move to,LOC_적북측접근로,2026-08-09T09:00:08.000Z,21.37237123,-157.73732329,UAV 1,2,1:3001:1659,ENM35001,1:1:225:7:1:6:0,0,false,false,false,false,0
ENGAZ001,move to,LOC_적북측접근로,2026-08-09T09:00:08.000Z,21.37232808,-157.73708332,UAV 1,2,1:3001:1559,ENGAZ001,1:1:222:7:8:0:0,0,false,false,false,false,0
FRTRK1002,move to,LOC_남측제1방어선,2026-08-09T09:00:08.000Z,21.38763964,-157.74631879,UAV 1,1,1:3001:1758,FRTRK1002,1:1:225:7:12:0:0,0,false,false,false,false,0
FRTRK1003,move to,LOC_남측제1방어선,2026-08-09T09:00:08.000Z,21.38764186,-157.74677845,UAV 1,1,1:3001:1519,FRTRK1003,1:1:225:7:12:0:0,0,false,false,false,false,0
FRTRK1004,move to,LOC_남측제1방어선,2026-08-09T09:00:08.000Z,21.38775466,-157.74670904,UAV 1,1,1:3001:1803,FRTRK1004,1:1:225:7:12:0:0,0,false,false,false,false,0
FRTRK1001,move to,LOC_남측제1방어선,2026-08-09T09:00:08.000Z,21.38772776,-157.74652018,UAV 1,1,1:3001:1548,FRTRK1001,1:1:225:7:12:0:0,0,false,false,false,false,0
FRM113001,move to,LOC_중앙킬존남측,2026-08-09T09:00:08.000Z,21.38814023,-157.74695030,UAV 1,1,1:3001:1747,FRM113001,1:1:225:2:3:1:0,0,false,false,false,false,0
FRTRK2004,move to,LOC_남측제1방어선,2026-08-09T09:00:08.000Z,21.38758265,-157.74732191,UAV 1,1,1:3001:1481,FRTRK2004,1:1:225:7:12:8:0,0,false,false,false,false,0
FRTRK2002,move to,LOC_남측제1방어선,2026-08-09T09:00:08.000Z,21.38760783,-157.74754932,UAV 1,1,1:3001:1732,FRTRK2002,1:1:225:7:12:8:0,0,false,false,false,false,0
ENM35004,move to,LOC_적북측접근로,2026-08-09T09:00:08.000Z,21.37243903,-157.73723841,UAV 1,2,1:3001:1555,ENM35004,1:1:225:7:1:6:0,0,false,false,false,false,0
ENM35002,move to,LOC_적북측접근로,2026-08-09T09:00:08.000Z,21.37241645,-157.73733317,UAV 1,2,1:3001:1645,ENM35002,1:1:225:7:1:6:0,0,false,false,false,false,0
FRTRK2003,move to,LOC_남측제1방어선,2026-08-09T09:00:08.000Z,21.38773348,-157.74801231,UAV 1,1,1:3001:1768,FRTRK2003,1:1:225:7:12:8:0,0,false,false,false,false,0
FRTRK2001,move to,LOC_남측제1방어선,2026-08-09T09:00:08.000Z,21.38770498,-157.74778669,UAV 1,1,1:3001:1728,FRTRK2001,1:1:225:7:12:8:0,0,false,false,false,false,0
ENM35003,move to,LOC_적북측접근로,2026-08-09T09:00:08.000Z,21.37239313,-157.73722925,UAV 1,2,1:3001:1799,ENM35003,1:1:225:7:1:6:0,0,false,false,false,false,0
ENCAESAR002,move to,LOC_북측예비방어선,2026-08-09T09:00:09.000Z,21.37127253,-157.73780133,UAV 1,2,1:3001:1499,ENCAESAR002,1:1:71:4:0:0:0,0,false,false,false,false,0
ENT72012,move to,LOC_중앙계곡,2026-08-09T09:00:09.000Z,21.37545533,-157.74132202,UAV 1,2,1:3001:1500,ENT72012,1:1:222:1:2:1:0,0,false,false,false,false,0
ENMORT005,none,,2026-08-09T09:00:09.000Z,21.37457651,-157.73710572,UAV 1,2,1:3001:1512,ENMORT005,1:1:71:10:1:0:1,0,false,false,false,false,0
ENM1A2005,move to,LOC_중앙계곡,2026-08-09T09:00:09.000Z,21.37750282,-157.74153994,UAV 1,2,1:3001:1526,ENM1A2005,1:1:225:1:1:3:0,0,false,false,false,false,0
ENMORT004,none,,2026-08-09T09:00:09.000Z,21.37447596,-157.73706256,UAV 1,2,1:3001:1535,ENMORT004,1:1:71:10:1:0:1,0,false,false,false,false,0
ENBTR60006,move to,LOC_중앙계곡,2026-08-09T09:00:09.000Z,21.37322467,-157.74064053,UAV 1,2,1:3001:1568,ENBTR60006,1:1:222:2:8:1:0,0,false,false,false,false,0
ENBTR80004,move to,LOC_중앙계곡,2026-08-09T09:00:09.000Z,21.37329602,-157.74059937,UAV 1,2,1:3001:1584,ENBTR80004,1:1:222:2:13:0:0,0,false,false,false,false,0
ENCAESAR004,move to,LOC_북측예비방어선,2026-08-09T09:00:09.000Z,21.37174439,-157.73899946,UAV 1,2,1:3001:1603,ENCAESAR004,1:1:71:4:0:0:0,0,false,false,false,false,0
ENBTR80006,move to,LOC_중앙계곡,2026-08-09T09:00:09.000Z,21.37340525,-157.74051615,UAV 1,2,1:3001:1633,ENBTR80006,1:1:222:2:13:0:0,0,false,false,false,false,0
ENGAZ003,move to,LOC_적북측접근로,2026-08-09T09:00:09.000Z,21.37230186,-157.73720933,UAV 1,2,1:3001:1654,ENGAZ003,1:1:222:7:8:0:0,0,false,false,false,false,0
ENBTR80003,move to,LOC_중앙계곡,2026-08-09T09:00:09.000Z,21.37348866,-157.74055331,UAV 1,2,1:3001:1658,ENBTR80003,1:1:222:2:13:0:0,0,false,false,false,false,0
FRT80008,move to,LOC_중앙킬존남측,2026-08-09T09:00:09.000Z,21.38093472,-157.74662594,UAV 1,1,1:3001:1661,FRT80008,1:1:222:1:1:1:0,0,false,false,false,false,0
ENCAESAR003,move to,LOC_적북측접근로,2026-08-09T09:00:09.000Z,21.37056214,-157.73792951,UAV 1,2,1:3001:1687,ENCAESAR003,1:1:71:4:0:0:0,0,false,false,false,false,0
ENMORT001,none,,2026-08-09T09:00:09.000Z,21.37443553,-157.73716992,UAV 1,2,1:3001:1694,ENMORT001,1:1:71:10:1:0:1,0,false,false,false,false,0
ENBTR60007,move to,LOC_중앙계곡,2026-08-09T09:00:09.000Z,21.37303437,-157.74068906,UAV 1,2,1:3001:1720,ENBTR60007,1:1:222:2:8:1:0,0,false,false,false,false,0
ENBTR60008,move to,LOC_중앙계곡,2026-08-09T09:00:09.000Z,21.37308536,-157.74064620,UAV 1,2,1:3001:1731,ENBTR60008,1:1:222:2:8:1:0,0,false,false,false,false,0
ENBTR80007,move to,LOC_중앙계곡,2026-08-09T09:00:09.000Z,21.37321295,-157.74056220,UAV 1,2,1:3001:1733,ENBTR80007,1:1:222:2:13:0:0,0,false,false,false,false,0
ENMORT002,none,,2026-08-09T09:00:09.000Z,21.37453609,-157.73721308,UAV 1,2,1:3001:1739,ENMORT002,1:1:71:10:1:0:1,0,false,false,false,false,0
ENGAZ004,move to,LOC_적북측접근로,2026-08-09T09:00:09.000Z,21.37233290,-157.73728408,UAV 1,2,1:3001:1743,ENGAZ004,1:1:222:7:8:0:0,0,false,false,false,false,0
ENBTR80005,move to,LOC_중앙계곡,2026-08-09T09:00:09.000Z,21.37334518,-157.74055718,UAV 1,2,1:3001:1751,ENBTR80005,1:1:222:2:13:0:0,0,false,false,false,false,0
ENMIM001,move to,LOC_적북측접근로,2026-08-09T09:00:09.000Z,21.37113881,-157.74116447,UAV 1,2,1:3001:1760,ENMIM001,1:1:225:28:2:0:0,0,false,false,false,false,0
ENCAESAR001,move to,LOC_적북측접근로,2026-08-09T09:00:09.000Z,21.37088519,-157.73947656,UAV 1,2,1:3001:1765,ENCAESAR001,1:1:71:4:0:0:0,0,false,false,false,false,0
ENMORT003,none,,2026-08-09T09:00:09.000Z,21.37463664,-157.73725624,UAV 1,2,1:3001:1770,ENMORT003,1:1:71:10:1:0:1,0,false,false,false,false,0
ENBTR60005,move to,LOC_중앙계곡,2026-08-09T09:00:09.000Z,21.37316196,-157.74068273,UAV 1,2,1:3001:1807,ENBTR60005,1:1:222:2:8:1:0,0,false,false,false,false,0
ENT72010,move to,LOC_중앙계곡,2026-08-09T09:00:09.000Z,21.37554316,-157.74131387,UAV 1,2,1:3001:1666,ENT72010,1:1:222:1:2:1:0,0,false,false,false,false,0
ENT72008,move to,LOC_중앙계곡,2026-08-09T09:00:09.000Z,21.37563529,-157.74130535,UAV 1,2,1:3001:1520,ENT72008,1:1:222:1:2:1:0,0,false,false,false,false,0
ENT72006,move to,LOC_중앙계곡,2026-08-09T09:00:09.000Z,21.37573048,-157.74129656,UAV 1,2,1:3001:1683,ENT72006,1:1:222:1:2:1:0,0,false,false,false,false,0
ENBTR60003,move to,LOC_중앙계곡,2026-08-09T09:00:09.000Z,21.37331384,-157.74067745,UAV 1,2,1:3001:1590,ENBTR60003,1:1:222:2:8:1:0,0,false,false,false,false,0
ENT72002,move to,LOC_중앙계곡,2026-08-09T09:00:09.000Z,21.37590486,-157.74128044,UAV 1,2,1:3001:1533,ENT72002,1:1:222:1:2:1:0,0,false,false,false,false,0
ENT72004,move to,LOC_중앙계곡,2026-08-09T09:00:09.000Z,21.37582202,-157.74128811,UAV 1,2,1:3001:1643,ENT72004,1:1:222:1:2:1:0,0,false,false,false,false,0
ENM35001,move to,LOC_적북측접근로,2026-08-09T09:00:09.000Z,21.37232358,-157.73752551,UAV 1,2,1:3001:1659,ENM35001,1:1:225:7:1:6:0,0,false,false,false,false,0
ENM35004,move to,LOC_적북측접근로,2026-08-09T09:00:09.000Z,21.37238903,-157.73744143,UAV 1,2,1:3001:1555,ENM35004,1:1:225:7:1:6:0,0,false,false,false,false,0
ENM35002,move to,LOC_적북측접근로,2026-08-09T09:00:09.000Z,21.37236652,-157.73753578,UAV 1,2,1:3001:1645,ENM35002,1:1:225:7:1:6:0,0,false,false,false,false,0
FRTRK2003,move to,LOC_남측제1방어선,2026-08-09T09:00:09.000Z,21.38771956,-157.74789983,UAV 1,1,1:3001:1768,FRTRK2003,1:1:225:7:12:8:0,0,false,false,false,false,0
ENM35003,move to,LOC_적북측접근로,2026-08-09T09:00:09.000Z,21.37234539,-157.73743191,UAV 1,2,1:3001:1799,ENM35003,1:1:225:7:1:6:0,0,false,false,false,false,0
ENCAESAR002,move to,LOC_북측예비방어선,2026-08-09T09:00:10.000Z,21.37127253,-157.73780133,UAV 1,2,1:3001:1499,ENCAESAR002,1:1:71:4:0:0:0,0,false,false,false,false,0
ENT72012,move to,LOC_중앙계곡,2026-08-09T09:00:10.000Z,21.37545533,-157.74132202,UAV 1,2,1:3001:1500,ENT72012,1:1:222:1:2:1:0,0,false,false,false,false,0
ENMORT005,none,,2026-08-09T09:00:10.000Z,21.37457651,-157.73710572,UAV 1,2,1:3001:1512,ENMORT005,1:1:71:10:1:0:1,0,false,false,false,false,0
ENM1A2005,move to,LOC_중앙계곡,2026-08-09T09:00:10.000Z,21.37750282,-157.74153994,UAV 1,2,1:3001:1526,ENM1A2005,1:1:225:1:1:3:0,0,false,false,false,false,0
ENMORT004,none,,2026-08-09T09:00:10.000Z,21.37447596,-157.73706256,UAV 1,2,1:3001:1535,ENMORT004,1:1:71:10:1:0:1,0,false,false,false,false,0
ENBTR60006,move to,LOC_중앙계곡,2026-08-09T09:00:10.000Z,21.37322467,-157.74064053,UAV 1,2,1:3001:1568,ENBTR60006,1:1:222:2:8:1:0,0,false,false,false,false,0
ENBTR80004,move to,LOC_중앙계곡,2026-08-09T09:00:10.000Z,21.37329602,-157.74059937,UAV 1,2,1:3001:1584,ENBTR80004,1:1:222:2:13:0:0,0,false,false,false,false,0
ENCAESAR004,move to,LOC_북측예비방어선,2026-08-09T09:00:10.000Z,21.37174439,-157.73899946,UAV 1,2,1:3001:1603,ENCAESAR004,1:1:71:4:0:0:0,0,false,false,false,false,0
ENBTR80006,move to,LOC_중앙계곡,2026-08-09T09:00:10.000Z,21.37340525,-157.74051615,UAV 1,2,1:3001:1633,ENBTR80006,1:1:222:2:13:0:0,0,false,false,false,false,0
ENGAZ003,move to,LOC_적북측접근로,2026-08-09T09:00:10.000Z,21.37230186,-157.73720933,UAV 1,2,1:3001:1654,ENGAZ003,1:1:222:7:8:0:0,0,false,false,false,false,0
ENBTR80003,move to,LOC_중앙계곡,2026-08-09T09:00:10.000Z,21.37348866,-157.74055331,UAV 1,2,1:3001:1658,ENBTR80003,1:1:222:2:13:0:0,0,false,false,false,false,0
FRT80008,move to,LOC_중앙킬존남측,2026-08-09T09:00:10.000Z,21.38093472,-157.74662594,UAV 1,1,1:3001:1661,FRT80008,1:1:222:1:1:1:0,0,false,false,false,false,0
ENCAESAR003,move to,LOC_적북측접근로,2026-08-09T09:00:10.000Z,21.37056214,-157.73792951,UAV 1,2,1:3001:1687,ENCAESAR003,1:1:71:4:0:0:0,0,false,false,false,false,0
ENMORT001,none,,2026-08-09T09:00:10.000Z,21.37443553,-157.73716992,UAV 1,2,1:3001:1694,ENMORT001,1:1:71:10:1:0:1,0,false,false,false,false,0
ENBTR60007,move to,LOC_중앙계곡,2026-08-09T09:00:10.000Z,21.37303437,-157.74068906,UAV 1,2,1:3001:1720,ENBTR60007,1:1:222:2:8:1:0,0,false,false,false,false,0
ENBTR60008,move to,LOC_중앙계곡,2026-08-09T09:00:10.000Z,21.37308536,-157.74064620,UAV 1,2,1:3001:1731,ENBTR60008,1:1:222:2:8:1:0,0,false,false,false,false,0
ENBTR80007,move to,LOC_중앙계곡,2026-08-09T09:00:10.000Z,21.37321295,-157.74056220,UAV 1,2,1:3001:1733,ENBTR80007,1:1:222:2:13:0:0,0,false,false,false,false,0
ENMORT002,none,,2026-08-09T09:00:10.000Z,21.37453609,-157.73721308,UAV 1,2,1:3001:1739,ENMORT002,1:1:71:10:1:0:1,0,false,false,false,false,0
ENGAZ004,move to,LOC_적북측접근로,2026-08-09T09:00:10.000Z,21.37233290,-157.73728408,UAV 1,2,1:3001:1743,ENGAZ004,1:1:222:7:8:0:0,0,false,false,false,false,0
ENBTR80005,move to,LOC_중앙계곡,2026-08-09T09:00:10.000Z,21.37334518,-157.74055718,UAV 1,2,1:3001:1751,ENBTR80005,1:1:222:2:13:0:0,0,false,false,false,false,0
ENMIM001,move to,LOC_적북측접근로,2026-08-09T09:00:10.000Z,21.37113881,-157.74116447,UAV 1,2,1:3001:1760,ENMIM001,1:1:225:28:2:0:0,0,false,false,false,false,0
ENCAESAR001,move to,LOC_적북측접근로,2026-08-09T09:00:10.000Z,21.37088519,-157.73947656,UAV 1,2,1:3001:1765,ENCAESAR001,1:1:71:4:0:0:0,0,false,false,false,false,0
ENMORT003,none,,2026-08-09T09:00:10.000Z,21.37463664,-157.73725624,UAV 1,2,1:3001:1770,ENMORT003,1:1:71:10:1:0:1,0,false,false,false,false,0
ENBTR60005,move to,LOC_중앙계곡,2026-08-09T09:00:10.000Z,21.37316196,-157.74068273,UAV 1,2,1:3001:1807,ENBTR60005,1:1:222:2:8:1:0,0,false,false,false,false,0
ENT72010,move to,LOC_중앙계곡,2026-08-09T09:00:10.000Z,21.37554316,-157.74131387,UAV 1,2,1:3001:1666,ENT72010,1:1:222:1:2:1:0,0,false,false,false,false,0
ENT72008,move to,LOC_중앙계곡,2026-08-09T09:00:10.000Z,21.37563529,-157.74130535,UAV 1,2,1:3001:1520,ENT72008,1:1:222:1:2:1:0,0,false,false,false,false,0
ENT72006,move to,LOC_중앙계곡,2026-08-09T09:00:10.000Z,21.37573048,-157.74129656,UAV 1,2,1:3001:1683,ENT72006,1:1:222:1:2:1:0,0,false,false,false,false,0
ENBTR60003,move to,LOC_중앙계곡,2026-08-09T09:00:10.000Z,21.37331384,-157.74067745,UAV 1,2,1:3001:1590,ENBTR60003,1:1:222:2:8:1:0,0,false,false,false,false,0
ENT72002,move to,LOC_중앙계곡,2026-08-09T09:00:10.000Z,21.37590486,-157.74128044,UAV 1,2,1:3001:1533,ENT72002,1:1:222:1:2:1:0,0,false,false,false,false,0
ENT72004,move to,LOC_중앙계곡,2026-08-09T09:00:10.000Z,21.37582202,-157.74128811,UAV 1,2,1:3001:1643,ENT72004,1:1:222:1:2:1:0,0,false,false,false,false,0
ENM35001,move to,LOC_적북측접근로,2026-08-09T09:00:10.000Z,21.37232358,-157.73752551,UAV 1,2,1:3001:1659,ENM35001,1:1:225:7:1:6:0,0,false,false,false,false,0
ENM35004,move to,LOC_적북측접근로,2026-08-09T09:00:10.000Z,21.37238903,-157.73744143,UAV 1,2,1:3001:1555,ENM35004,1:1:225:7:1:6:0,0,false,false,false,false,0
ENM35002,move to,LOC_적북측접근로,2026-08-09T09:00:10.000Z,21.37236652,-157.73753578,UAV 1,2,1:3001:1645,ENM35002,1:1:225:7:1:6:0,0,false,false,false,false,0
FRTRK2003,move to,LOC_남측제1방어선,2026-08-09T09:00:10.000Z,21.38771956,-157.74789983,UAV 1,1,1:3001:1768,FRTRK2003,1:1:225:7:12:8:0,0,false,false,false,false,0
ENM35003,move to,LOC_적북측접근로,2026-08-09T09:00:10.000Z,21.37234539,-157.73743191,UAV 1,2,1:3001:1799,ENM35003,1:1:225:7:1:6:0,0,false,false,false,false,0
ENCAESAR002,move to,LOC_북측예비방어선,2026-08-09T09:00:12.000Z,21.37135876,-157.73801860,UAV 1,2,1:3001:1499,ENCAESAR002,1:1:71:4:0:0:0,0,false,false,false,false,0
ENT72012,move to,LOC_중앙계곡,2026-08-09T09:00:12.000Z,21.37566308,-157.74130334,UAV 1,2,1:3001:1500,ENT72012,1:1:222:1:2:1:0,0,false,false,false,false,0
ENMORT005,none,,2026-08-09T09:00:12.000Z,21.37457651,-157.73710572,UAV 1,2,1:3001:1512,ENMORT005,1:1:71:10:1:0:1,0,false,false,false,false,0
ENM1A2005,move to,LOC_중앙계곡,2026-08-09T09:00:12.000Z,21.37770228,-157.74147393,UAV 1,2,1:3001:1526,ENM1A2005,1:1:225:1:1:3:0,0,false,false,false,false,0
ENMORT004,none,,2026-08-09T09:00:12.000Z,21.37447596,-157.73706256,UAV 1,2,1:3001:1535,ENMORT004,1:1:71:10:1:0:1,0,false,false,false,false,0
ENBTR60006,move to,LOC_중앙계곡,2026-08-09T09:00:12.000Z,21.37343505,-157.74065282,UAV 1,2,1:3001:1568,ENBTR60006,1:1:222:2:8:1:0,0,false,false,false,false,0
ENBTR80004,move to,LOC_중앙계곡,2026-08-09T09:00:12.000Z,21.37350515,-157.74061320,UAV 1,2,1:3001:1584,ENBTR80004,1:1:222:2:13:0:0,0,false,false,false,false,0
ENCAESAR004,move to,LOC_북측예비방어선,2026-08-09T09:00:12.000Z,21.37182330,-157.73919784,UAV 1,2,1:3001:1603,ENCAESAR004,1:1:71:4:0:0:0,0,false,false,false,false,0
ENBTR80006,move to,LOC_중앙계곡,2026-08-09T09:00:12.000Z,21.37361337,-157.74053318,UAV 1,2,1:3001:1633,ENBTR80006,1:1:222:2:13:0:0,0,false,false,false,false,0
ENGAZ003,move to,LOC_적북측접근로,2026-08-09T09:00:12.000Z,21.37225558,-157.73742518,UAV 1,2,1:3001:1654,ENGAZ003,1:1:222:7:8:0:0,0,false,false,false,false,0
ENBTR80003,move to,LOC_중앙계곡,2026-08-09T09:00:12.000Z,21.37369713,-157.74056926,UAV 1,2,1:3001:1658,ENBTR80003,1:1:222:2:13:0:0,0,false,false,false,false,0
ENCAESAR003,move to,LOC_적북측접근로,2026-08-09T09:00:12.000Z,21.37060620,-157.73814803,UAV 1,2,1:3001:1687,ENCAESAR003,1:1:71:4:0:0:0,0,false,false,false,false,0
ENMORT001,none,,2026-08-09T09:00:12.000Z,21.37443553,-157.73716992,UAV 1,2,1:3001:1694,ENMORT001,1:1:71:10:1:0:1,0,false,false,false,false,0
ENBTR60007,move to,LOC_중앙계곡,2026-08-09T09:00:12.000Z,21.37324233,-157.74069915,UAV 1,2,1:3001:1720,ENBTR60007,1:1:222:2:8:1:0,0,false,false,false,false,0
ENBTR60008,move to,LOC_중앙계곡,2026-08-09T09:00:12.000Z,21.37329362,-157.74065789,UAV 1,2,1:3001:1731,ENBTR60008,1:1:222:2:8:1:0,0,false,false,false,false,0
ENBTR80007,move to,LOC_중앙계곡,2026-08-09T09:00:12.000Z,21.37342079,-157.74057705,UAV 1,2,1:3001:1733,ENBTR80007,1:1:222:2:13:0:0,0,false,false,false,false,0
ENMORT002,none,,2026-08-09T09:00:12.000Z,21.37453609,-157.73721308,UAV 1,2,1:3001:1739,ENMORT002,1:1:71:10:1:0:1,0,false,false,false,false,0
ENGAZ004,move to,LOC_적북측접근로,2026-08-09T09:00:12.000Z,21.37228451,-157.73749917,UAV 1,2,1:3001:1743,ENGAZ004,1:1:222:7:8:0:0,0,false,false,false,false,0
ENBTR80005,move to,LOC_중앙계곡,2026-08-09T09:00:12.000Z,21.37355265,-157.74057251,UAV 1,2,1:3001:1751,ENBTR80005,1:1:222:2:13:0:0,0,false,false,false,false,0
ENMIM001,move to,LOC_적북측접근로,2026-08-09T09:00:12.000Z,21.37120472,-157.74136258,UAV 1,2,1:3001:1760,ENMIM001,1:1:225:28:2:0:0,0,false,false,false,false,0
ENCAESAR001,move to,LOC_적북측접근로,2026-08-09T09:00:12.000Z,21.37092863,-157.73969743,UAV 1,2,1:3001:1765,ENCAESAR001,1:1:71:4:0:0:0,0,false,false,false,false,0
ENMORT003,none,,2026-08-09T09:00:12.000Z,21.37463664,-157.73725624,UAV 1,2,1:3001:1770,ENMORT003,1:1:71:10:1:0:1,0,false,false,false,false,0
ENBTR60005,move to,LOC_중앙계곡,2026-08-09T09:00:12.000Z,21.37337170,-157.74069338,UAV 1,2,1:3001:1807,ENBTR60005,1:1:222:2:8:1:0,0,false,false,false,false,0
ENT72010,move to,LOC_중앙계곡,2026-08-09T09:00:12.000Z,21.37575123,-157.74129518,UAV 1,2,1:3001:1666,ENT72010,1:1:222:1:2:1:0,0,false,false,false,false,0
ENT72008,move to,LOC_중앙계곡,2026-08-09T09:00:12.000Z,21.37584400,-157.74128661,UAV 1,2,1:3001:1520,ENT72008,1:1:222:1:2:1:0,0,false,false,false,false,0
ENT72006,move to,LOC_중앙계곡,2026-08-09T09:00:12.000Z,21.37593988,-157.74127777,UAV 1,2,1:3001:1683,ENT72006,1:1:222:1:2:1:0,0,false,false,false,false,0
ENT72002,move to,LOC_중앙계곡,2026-08-09T09:00:12.000Z,21.37611396,-157.74126171,UAV 1,2,1:3001:1533,ENT72002,1:1:222:1:2:1:0,0,false,false,false,false,0
ENT72004,move to,LOC_중앙계곡,2026-08-09T09:00:12.000Z,21.37603070,-157.74126940,UAV 1,2,1:3001:1643,ENT72004,1:1:222:1:2:1:0,0,false,false,false,false,0
ENM35001,move to,LOC_적북측접근로,2026-08-09T09:00:12.000Z,21.37227429,-157.73773466,UAV 1,2,1:3001:1659,ENM35001,1:1:225:7:1:6:0,0,false,false,false,false,0
ENM35004,move to,LOC_적북측접근로,2026-08-09T09:00:12.000Z,21.37233794,-157.73764891,UAV 1,2,1:3001:1555,ENM35004,1:1:225:7:1:6:0,0,false,false,false,false,0
ENM35002,move to,LOC_적북측접근로,2026-08-09T09:00:12.000Z,21.37231579,-157.73774165,UAV 1,2,1:3001:1645,ENM35002,1:1:225:7:1:6:0,0,false,false,false,false,0
ENM35003,move to,LOC_적북측접근로,2026-08-09T09:00:12.000Z,21.37229602,-157.73764146,UAV 1,2,1:3001:1799,ENM35003,1:1:225:7:1:6:0,0,false,false,false,false,0
ENCAESAR002,move to,LOC_북측예비방어선,2026-08-09T09:00:13.000Z,21.37135876,-157.73801860,UAV 1,2,1:3001:1499,ENCAESAR002,1:1:71:4:0:0:0,0,false,false,false,false,0
ENT72012,move to,LOC_중앙계곡,2026-08-09T09:00:13.000Z,21.37566308,-157.74130334,UAV 1,2,1:3001:1500,ENT72012,1:1:222:1:2:1:0,0,false,false,false,false,0
ENMORT005,none,,2026-08-09T09:00:13.000Z,21.37457651,-157.73710572,UAV 1,2,1:3001:1512,ENMORT005,1:1:71:10:1:0:1,0,false,false,false,false,0
ENM1A2005,move to,LOC_중앙계곡,2026-08-09T09:00:13.000Z,21.37770228,-157.74147393,UAV 1,2,1:3001:1526,ENM1A2005,1:1:225:1:1:3:0,0,false,false,false,false,0
ENMORT004,none,,2026-08-09T09:00:13.000Z,21.37447596,-157.73706256,UAV 1,2,1:3001:1535,ENMORT004,1:1:71:10:1:0:1,0,false,false,false,false,0
ENBTR60006,move to,LOC_중앙계곡,2026-08-09T09:00:13.000Z,21.37343505,-157.74065282,UAV 1,2,1:3001:1568,ENBTR60006,1:1:222:2:8:1:0,0,false,false,false,false,0
ENBTR80004,move to,LOC_중앙계곡,2026-08-09T09:00:13.000Z,21.37350515,-157.74061320,UAV 1,2,1:3001:1584,ENBTR80004,1:1:222:2:13:0:0,0,false,false,false,false,0
ENCAESAR004,move to,LOC_북측예비방어선,2026-08-09T09:00:13.000Z,21.37182330,-157.73919784,UAV 1,2,1:3001:1603,ENCAESAR004,1:1:71:4:0:0:0,0,false,false,false,false,0
ENBTR80006,move to,LOC_중앙계곡,2026-08-09T09:00:13.000Z,21.37361337,-157.74053318,UAV 1,2,1:3001:1633,ENBTR80006,1:1:222:2:13:0:0,0,false,false,false,false,0
ENGAZ003,move to,LOC_적북측접근로,2026-08-09T09:00:13.000Z,21.37225558,-157.73742518,UAV 1,2,1:3001:1654,ENGAZ003,1:1:222:7:8:0:0,0,false,false,false,false,0
ENBTR80003,move to,LOC_중앙계곡,2026-08-09T09:00:13.000Z,21.37369713,-157.74056926,UAV 1,2,1:3001:1658,ENBTR80003,1:1:222:2:13:0:0,0,false,false,false,false,0
ENCAESAR003,move to,LOC_적북측접근로,2026-08-09T09:00:13.000Z,21.37060620,-157.73814803,UAV 1,2,1:3001:1687,ENCAESAR003,1:1:71:4:0:0:0,0,false,false,false,false,0
ENMORT001,none,,2026-08-09T09:00:13.000Z,21.37443553,-157.73716992,UAV 1,2,1:3001:1694,ENMORT001,1:1:71:10:1:0:1,0,false,false,false,false,0
ENBTR60007,move to,LOC_중앙계곡,2026-08-09T09:00:13.000Z,21.37324233,-157.74069915,UAV 1,2,1:3001:1720,ENBTR60007,1:1:222:2:8:1:0,0,false,false,false,false,0
ENBTR60008,move to,LOC_중앙계곡,2026-08-09T09:00:13.000Z,21.37329362,-157.74065789,UAV 1,2,1:3001:1731,ENBTR60008,1:1:222:2:8:1:0,0,false,false,false,false,0
ENBTR80007,move to,LOC_중앙계곡,2026-08-09T09:00:13.000Z,21.37342079,-157.74057705,UAV 1,2,1:3001:1733,ENBTR80007,1:1:222:2:13:0:0,0,false,false,false,false,0
ENMORT002,none,,2026-08-09T09:00:13.000Z,21.37453609,-157.73721308,UAV 1,2,1:3001:1739,ENMORT002,1:1:71:10:1:0:1,0,false,false,false,false,0
ENGAZ004,move to,LOC_적북측접근로,2026-08-09T09:00:13.000Z,21.37228451,-157.73749917,UAV 1,2,1:3001:1743,ENGAZ004,1:1:222:7:8:0:0,0,false,false,false,false,0
ENBTR80005,move to,LOC_중앙계곡,2026-08-09T09:00:13.000Z,21.37355265,-157.74057251,UAV 1,2,1:3001:1751,ENBTR80005,1:1:222:2:13:0:0,0,false,false,false,false,0
ENMIM001,move to,LOC_적북측접근로,2026-08-09T09:00:13.000Z,21.37120472,-157.74136258,UAV 1,2,1:3001:1760,ENMIM001,1:1:225:28:2:0:0,0,false,false,false,false,0
ENCAESAR001,move to,LOC_적북측접근로,2026-08-09T09:00:13.000Z,21.37092863,-157.73969743,UAV 1,2,1:3001:1765,ENCAESAR001,1:1:71:4:0:0:0,0,false,false,false,false,0
ENMORT003,none,,2026-08-09T09:00:13.000Z,21.37463664,-157.73725624,UAV 1,2,1:3001:1770,ENMORT003,1:1:71:10:1:0:1,0,false,false,false,false,0
ENBTR60005,move to,LOC_중앙계곡,2026-08-09T09:00:13.000Z,21.37337170,-157.74069338,UAV 1,2,1:3001:1807,ENBTR60005,1:1:222:2:8:1:0,0,false,false,false,false,0
ENT72010,move to,LOC_중앙계곡,2026-08-09T09:00:13.000Z,21.37575123,-157.74129518,UAV 1,2,1:3001:1666,ENT72010,1:1:222:1:2:1:0,0,false,false,false,false,0
ENT72008,move to,LOC_중앙계곡,2026-08-09T09:00:13.000Z,21.37584400,-157.74128661,UAV 1,2,1:3001:1520,ENT72008,1:1:222:1:2:1:0,0,false,false,false,false,0
ENT72006,move to,LOC_중앙계곡,2026-08-09T09:00:13.000Z,21.37593988,-157.74127777,UAV 1,2,1:3001:1683,ENT72006,1:1:222:1:2:1:0,0,false,false,false,false,0
ENT72002,move to,LOC_중앙계곡,2026-08-09T09:00:13.000Z,21.37611396,-157.74126171,UAV 1,2,1:3001:1533,ENT72002,1:1:222:1:2:1:0,0,false,false,false,false,0
ENT72004,move to,LOC_중앙계곡,2026-08-09T09:00:13.000Z,21.37603070,-157.74126940,UAV 1,2,1:3001:1643,ENT72004,1:1:222:1:2:1:0,0,false,false,false,false,0
ENM35001,move to,LOC_적북측접근로,2026-08-09T09:00:13.000Z,21.37227429,-157.73773466,UAV 1,2,1:3001:1659,ENM35001,1:1:225:7:1:6:0,0,false,false,false,false,0
ENM35004,move to,LOC_적북측접근로,2026-08-09T09:00:13.000Z,21.37233794,-157.73764891,UAV 1,2,1:3001:1555,ENM35004,1:1:225:7:1:6:0,0,false,false,false,false,0
ENM35002,move to,LOC_적북측접근로,2026-08-09T09:00:13.000Z,21.37231579,-157.73774165,UAV 1,2,1:3001:1645,ENM35002,1:1:225:7:1:6:0,0,false,false,false,false,0
ENM35003,move to,LOC_적북측접근로,2026-08-09T09:00:13.000Z,21.37229602,-157.73764146,UAV 1,2,1:3001:1799,ENM35003,1:1:225:7:1:6:0,0,false,false,false,false,0
ENCAESAR002,move to,LOC_북측예비방어선,2026-08-09T09:00:14.000Z,21.37143001,-157.73819814,UAV 1,2,1:3001:1499,ENCAESAR002,1:1:71:4:0:0:0,0,false,false,false,false,0
ENT72012,move to,LOC_중앙계곡,2026-08-09T09:00:14.000Z,21.37584347,-157.74128712,UAV 1,2,1:3001:1500,ENT72012,1:1:222:1:2:1:0,0,false,false,false,false,0
ENMORT005,none,,2026-08-09T09:00:14.000Z,21.37457651,-157.73710572,UAV 1,2,1:3001:1512,ENMORT005,1:1:71:10:1:0:1,0,false,false,false,false,0
ENM1A2005,move to,LOC_중앙계곡,2026-08-09T09:00:14.000Z,21.37787392,-157.74141712,UAV 1,2,1:3001:1526,ENM1A2005,1:1:225:1:1:3:0,0,false,false,false,false,0
ENMORT004,none,,2026-08-09T09:00:14.000Z,21.37447596,-157.73706256,UAV 1,2,1:3001:1535,ENMORT004,1:1:71:10:1:0:1,0,false,false,false,false,0
ENBTR80004,move to,LOC_중앙계곡,2026-08-09T09:00:14.000Z,21.37368526,-157.74062511,UAV 1,2,1:3001:1584,ENBTR80004,1:1:222:2:13:0:0,0,false,false,false,false,0
ENCAESAR004,move to,LOC_북측예비방어선,2026-08-09T09:00:14.000Z,21.37189456,-157.73937698,UAV 1,2,1:3001:1603,ENCAESAR004,1:1:71:4:0:0:0,0,false,false,false,false,0
ENBTR80006,move to,LOC_중앙계곡,2026-08-09T09:00:14.000Z,21.37379330,-157.74054790,UAV 1,2,1:3001:1633,ENBTR80006,1:1:222:2:13:0:0,0,false,false,false,false,0
ENGAZ003,move to,LOC_적북측접근로,2026-08-09T09:00:14.000Z,21.37221587,-157.73761037,UAV 1,2,1:3001:1654,ENGAZ003,1:1:222:7:8:0:0,0,false,false,false,false,0
ENBTR80003,move to,LOC_중앙계곡,2026-08-09T09:00:14.000Z,21.37387775,-157.74058307,UAV 1,2,1:3001:1658,ENBTR80003,1:1:222:2:13:0:0,0,false,false,false,false,0
ENCAESAR003,move to,LOC_적북측접근로,2026-08-09T09:00:14.000Z,21.37064406,-157.73833582,UAV 1,2,1:3001:1687,ENCAESAR003,1:1:71:4:0:0:0,0,false,false,false,false,0
ENMORT001,none,,2026-08-09T09:00:14.000Z,21.37443553,-157.73716992,UAV 1,2,1:3001:1694,ENMORT001,1:1:71:10:1:0:1,0,false,false,false,false,0
ENBTR60007,move to,LOC_중앙계곡,2026-08-09T09:00:14.000Z,21.37342202,-157.74070787,UAV 1,2,1:3001:1720,ENBTR60007,1:1:222:2:8:1:0,0,false,false,false,false,0
ENBTR60008,move to,LOC_중앙계곡,2026-08-09T09:00:14.000Z,21.37347407,-157.74066802,UAV 1,2,1:3001:1731,ENBTR60008,1:1:222:2:8:1:0,0,false,false,false,false,0
ENBTR80007,move to,LOC_중앙계곡,2026-08-09T09:00:14.000Z,21.37360104,-157.74058993,UAV 1,2,1:3001:1733,ENBTR80007,1:1:222:2:13:0:0,0,false,false,false,false,0
ENMORT002,none,,2026-08-09T09:00:14.000Z,21.37453609,-157.73721308,UAV 1,2,1:3001:1739,ENMORT002,1:1:71:10:1:0:1,0,false,false,false,false,0
ENGAZ004,move to,LOC_적북측접근로,2026-08-09T09:00:14.000Z,21.37224277,-157.73768472,UAV 1,2,1:3001:1743,ENGAZ004,1:1:222:7:8:0:0,0,false,false,false,false,0
ENBTR80005,move to,LOC_중앙계곡,2026-08-09T09:00:14.000Z,21.37373307,-157.74058585,UAV 1,2,1:3001:1751,ENBTR80005,1:1:222:2:13:0:0,0,false,false,false,false,0
ENMIM001,move to,LOC_적북측접근로,2026-08-09T09:00:14.000Z,21.37126664,-157.74154872,UAV 1,2,1:3001:1760,ENMIM001,1:1:225:28:2:0:0,0,false,false,false,false,0
ENCAESAR001,move to,LOC_적북측접근로,2026-08-09T09:00:14.000Z,21.37096370,-157.73987575,UAV 1,2,1:3001:1765,ENCAESAR001,1:1:71:4:0:0:0,0,false,false,false,false,0
ENMORT003,none,,2026-08-09T09:00:14.000Z,21.37463664,-157.73725624,UAV 1,2,1:3001:1770,ENMORT003,1:1:71:10:1:0:1,0,false,false,false,false,0
ENBTR60005,move to,LOC_중앙계곡,2026-08-09T09:00:14.000Z,21.37355101,-157.74070249,UAV 1,2,1:3001:1807,ENBTR60005,1:1:222:2:8:1:0,0,false,false,false,false,0
ENT72010,move to,LOC_중앙계곡,2026-08-09T09:00:14.000Z,21.37593200,-157.74127893,UAV 1,2,1:3001:1666,ENT72010,1:1:222:1:2:1:0,0,false,false,false,false,0
ENT72008,move to,LOC_중앙계곡,2026-08-09T09:00:14.000Z,21.37602431,-157.74127042,UAV 1,2,1:3001:1520,ENT72008,1:1:222:1:2:1:0,0,false,false,false,false,0
ENT72006,move to,LOC_중앙계곡,2026-08-09T09:00:14.000Z,21.37611999,-157.74126161,UAV 1,2,1:3001:1683,ENT72006,1:1:222:1:2:1:0,0,false,false,false,false,0
ENT72002,move to,LOC_중앙계곡,2026-08-09T09:00:14.000Z,21.37629329,-157.74124564,UAV 1,2,1:3001:1533,ENT72002,1:1:222:1:2:1:0,0,false,false,false,false,0
ENT72004,move to,LOC_중앙계곡,2026-08-09T09:00:14.000Z,21.37621051,-157.74125328,UAV 1,2,1:3001:1643,ENT72004,1:1:222:1:2:1:0,0,false,false,false,false,0
ENM35001,move to,LOC_적북측접근로,2026-08-09T09:00:14.000Z,21.37223019,-157.73792179,UAV 1,2,1:3001:1659,ENM35001,1:1:225:7:1:6:0,0,false,false,false,false,0
ENM35004,move to,LOC_적북측접근로,2026-08-09T09:00:14.000Z,21.37229238,-157.73783389,UAV 1,2,1:3001:1555,ENM35004,1:1:225:7:1:6:0,0,false,false,false,false,0
ENM35002,move to,LOC_적북측접근로,2026-08-09T09:00:14.000Z,21.37226924,-157.73793052,UAV 1,2,1:3001:1645,ENM35002,1:1:225:7:1:6:0,0,false,false,false,false,0
ENM35003,move to,LOC_적북측접근로,2026-08-09T09:00:14.000Z,21.37225249,-157.73782624,UAV 1,2,1:3001:1799,ENM35003,1:1:225:7:1:6:0,0,false,false,false,false,0
ENCAESAR002,move to,LOC_북측예비방어선,2026-08-09T09:00:16.000Z,21.37149938,-157.73837291,UAV 1,2,1:3001:1499,ENCAESAR002,1:1:71:4:0:0:0,0,false,false,false,false,0
ENT72012,move to,LOC_중앙계곡,2026-08-09T09:00:16.000Z,21.37602946,-157.74127039,UAV 1,2,1:3001:1500,ENT72012,1:1:222:1:2:1:0,0,false,false,false,false,0
ENMORT005,none,,2026-08-09T09:00:16.000Z,21.37457651,-157.73710572,UAV 1,2,1:3001:1512,ENMORT005,1:1:71:10:1:0:1,0,false,false,false,false,0
ENM1A2005,move to,LOC_중앙계곡,2026-08-09T09:00:16.000Z,21.37805176,-157.74135826,UAV 1,2,1:3001:1526,ENM1A2005,1:1:225:1:1:3:0,0,false,false,false,false,0
ENMORT004,none,,2026-08-09T09:00:16.000Z,21.37447596,-157.73706256,UAV 1,2,1:3001:1535,ENMORT004,1:1:71:10:1:0:1,0,false,false,false,false,0
ENBTR80004,move to,LOC_중앙계곡,2026-08-09T09:00:16.000Z,21.37387161,-157.74063743,UAV 1,2,1:3001:1584,ENBTR80004,1:1:222:2:13:0:0,0,false,false,false,false,0
ENCAESAR004,move to,LOC_북측예비방어선,2026-08-09T09:00:16.000Z,21.37196469,-157.73955329,UAV 1,2,1:3001:1603,ENCAESAR004,1:1:71:4:0:0:0,0,false,false,false,false,0
ENBTR80006,move to,LOC_중앙계곡,2026-08-09T09:00:16.000Z,21.37398002,-157.74056318,UAV 1,2,1:3001:1633,ENBTR80006,1:1:222:2:13:0:0,0,false,false,false,false,0
ENGAZ003,move to,LOC_적북측접근로,2026-08-09T09:00:16.000Z,21.37217432,-157.73780418,UAV 1,2,1:3001:1654,ENGAZ003,1:1:222:7:8:0:0,0,false,false,false,false,0
ENBTR80003,move to,LOC_중앙계곡,2026-08-09T09:00:16.000Z,21.37406619,-157.74059748,UAV 1,2,1:3001:1658,ENBTR80003,1:1:222:2:13:0:0,0,false,false,false,false,0
ENCAESAR003,move to,LOC_적북측접근로,2026-08-09T09:00:16.000Z,21.37068331,-157.73853054,UAV 1,2,1:3001:1687,ENCAESAR003,1:1:71:4:0:0:0,0,false,false,false,false,0
ENMORT001,none,,2026-08-09T09:00:16.000Z,21.37443553,-157.73716992,UAV 1,2,1:3001:1694,ENMORT001,1:1:71:10:1:0:1,0,false,false,false,false,0
ENBTR60007,move to,LOC_중앙계곡,2026-08-09T09:00:16.000Z,21.37360800,-157.74071689,UAV 1,2,1:3001:1720,ENBTR60007,1:1:222:2:8:1:0,0,false,false,false,false,0
ENBTR60008,move to,LOC_중앙계곡,2026-08-09T09:00:16.000Z,21.37366042,-157.74067849,UAV 1,2,1:3001:1731,ENBTR60008,1:1:222:2:8:1:0,0,false,false,false,false,0
ENBTR80007,move to,LOC_중앙계곡,2026-08-09T09:00:16.000Z,21.37378669,-157.74060319,UAV 1,2,1:3001:1733,ENBTR80007,1:1:222:2:13:0:0,0,false,false,false,false,0
ENMORT002,none,,2026-08-09T09:00:16.000Z,21.37453609,-157.73721308,UAV 1,2,1:3001:1739,ENMORT002,1:1:71:10:1:0:1,0,false,false,false,false,0
ENGAZ004,move to,LOC_적북측접근로,2026-08-09T09:00:16.000Z,21.37219955,-157.73787684,UAV 1,2,1:3001:1743,ENGAZ004,1:1:222:7:8:0:0,0,false,false,false,false,0
ENBTR80005,move to,LOC_중앙계곡,2026-08-09T09:00:16.000Z,21.37391976,-157.74059966,UAV 1,2,1:3001:1751,ENBTR80005,1:1:222:2:13:0:0,0,false,false,false,false,0
ENMIM001,move to,LOC_적북측접근로,2026-08-09T09:00:16.000Z,21.37128240,-157.74159609,UAV 1,2,1:3001:1760,ENMIM001,1:1:225:28:2:0:0,0,false,false,false,false,0
ENCAESAR001,move to,LOC_적북측접근로,2026-08-09T09:00:16.000Z,21.37100260,-157.74007356,UAV 1,2,1:3001:1765,ENCAESAR001,1:1:71:4:0:0:0,0,false,false,false,false,0
ENMORT003,none,,2026-08-09T09:00:16.000Z,21.37463664,-157.73725624,UAV 1,2,1:3001:1770,ENMORT003,1:1:71:10:1:0:1,0,false,false,false,false,0
ENBTR60005,move to,LOC_중앙계곡,2026-08-09T09:00:16.000Z,21.37373712,-157.74071194,UAV 1,2,1:3001:1807,ENBTR60005,1:1:222:2:8:1:0,0,false,false,false,false,0
ENT72010,move to,LOC_중앙계곡,2026-08-09T09:00:16.000Z,21.37611834,-157.74126219,UAV 1,2,1:3001:1666,ENT72010,1:1:222:1:2:1:0,0,false,false,false,false,0
ENT72008,move to,LOC_중앙계곡,2026-08-09T09:00:16.000Z,21.37620988,-157.74125376,UAV 1,2,1:3001:1520,ENT72008,1:1:222:1:2:1:0,0,false,false,false,false,0
ENT72006,move to,LOC_중앙계곡,2026-08-09T09:00:16.000Z,21.37630545,-157.74124498,UAV 1,2,1:3001:1683,ENT72006,1:1:222:1:2:1:0,0,false,false,false,false,0
ENT72002,move to,LOC_중앙계곡,2026-08-09T09:00:16.000Z,21.37647805,-157.74122909,UAV 1,2,1:3001:1533,ENT72002,1:1:222:1:2:1:0,0,false,false,false,false,0
ENT72004,move to,LOC_중앙계곡,2026-08-09T09:00:16.000Z,21.37639529,-157.74123671,UAV 1,2,1:3001:1643,ENT72004,1:1:222:1:2:1:0,0,false,false,false,false,0
ENM35001,move to,LOC_적북측접근로,2026-08-09T09:00:16.000Z,21.37218578,-157.73811028,UAV 1,2,1:3001:1659,ENM35001,1:1:225:7:1:6:0,0,false,false,false,false,0
ENM35004,move to,LOC_적북측접근로,2026-08-09T09:00:16.000Z,21.37224539,-157.73802471,UAV 1,2,1:3001:1555,ENM35004,1:1:225:7:1:6:0,0,false,false,false,false,0
ENM35002,move to,LOC_적북측접근로,2026-08-09T09:00:16.000Z,21.37222347,-157.73811626,UAV 1,2,1:3001:1645,ENM35002,1:1:225:7:1:6:0,0,false,false,false,false,0
ENM35003,move to,LOC_적북측접근로,2026-08-09T09:00:16.000Z,21.37220737,-157.73801777,UAV 1,2,1:3001:1799,ENM35003,1:1:225:7:1:6:0,0,false,false,false,false,0
FRT80007,move to,LOC_중앙킬존남측,2026-08-09T09:00:16.000Z,21.38085896,-157.74645294,UAV 1,1,1:3001:1709,FRT80007,1:1:222:1:1:1:0,0,false,false,false,false,0
ENCAESAR002,move to,LOC_북측예비방어선,2026-08-09T09:00:17.000Z,21.37149938,-157.73837291,UAV 1,2,1:3001:1499,ENCAESAR002,1:1:71:4:0:0:0,0,false,false,false,false,0
ENT72012,move to,LOC_중앙계곡,2026-08-09T09:00:17.000Z,21.37602946,-157.74127039,UAV 1,2,1:3001:1500,ENT72012,1:1:222:1:2:1:0,0,false,false,false,false,0
ENMORT005,none,,2026-08-09T09:00:17.000Z,21.37457651,-157.73710572,UAV 1,2,1:3001:1512,ENMORT005,1:1:71:10:1:0:1,0,false,false,false,false,0
ENM1A2005,move to,LOC_중앙계곡,2026-08-09T09:00:17.000Z,21.37805176,-157.74135826,UAV 1,2,1:3001:1526,ENM1A2005,1:1:225:1:1:3:0,0,false,false,false,false,0
ENMORT004,none,,2026-08-09T09:00:17.000Z,21.37447596,-157.73706256,UAV 1,2,1:3001:1535,ENMORT004,1:1:71:10:1:0:1,0,false,false,false,false,0
ENBTR80004,move to,LOC_중앙계곡,2026-08-09T09:00:17.000Z,21.37387161,-157.74063743,UAV 1,2,1:3001:1584,ENBTR80004,1:1:222:2:13:0:0,0,false,false,false,false,0
ENCAESAR004,move to,LOC_북측예비방어선,2026-08-09T09:00:17.000Z,21.37196469,-157.73955329,UAV 1,2,1:3001:1603,ENCAESAR004,1:1:71:4:0:0:0,0,false,false,false,false,0
ENBTR80006,move to,LOC_중앙계곡,2026-08-09T09:00:17.000Z,21.37398002,-157.74056318,UAV 1,2,1:3001:1633,ENBTR80006,1:1:222:2:13:0:0,0,false,false,false,false,0
ENGAZ003,move to,LOC_적북측접근로,2026-08-09T09:00:17.000Z,21.37217432,-157.73780418,UAV 1,2,1:3001:1654,ENGAZ003,1:1:222:7:8:0:0,0,false,false,false,false,0
ENBTR80003,move to,LOC_중앙계곡,2026-08-09T09:00:17.000Z,21.37406619,-157.74059748,UAV 1,2,1:3001:1658,ENBTR80003,1:1:222:2:13:0:0,0,false,false,false,false,0
ENCAESAR003,move to,LOC_적북측접근로,2026-08-09T09:00:17.000Z,21.37068331,-157.73853054,UAV 1,2,1:3001:1687,ENCAESAR003,1:1:71:4:0:0:0,0,false,false,false,false,0
ENMORT001,none,,2026-08-09T09:00:17.000Z,21.37443553,-157.73716992,UAV 1,2,1:3001:1694,ENMORT001,1:1:71:10:1:0:1,0,false,false,false,false,0
ENBTR60007,move to,LOC_중앙계곡,2026-08-09T09:00:17.000Z,21.37360800,-157.74071689,UAV 1,2,1:3001:1720,ENBTR60007,1:1:222:2:8:1:0,0,false,false,false,false,0
ENBTR60008,move to,LOC_중앙계곡,2026-08-09T09:00:17.000Z,21.37366042,-157.74067849,UAV 1,2,1:3001:1731,ENBTR60008,1:1:222:2:8:1:0,0,false,false,false,false,0
ENBTR80007,move to,LOC_중앙계곡,2026-08-09T09:00:17.000Z,21.37378669,-157.74060319,UAV 1,2,1:3001:1733,ENBTR80007,1:1:222:2:13:0:0,0,false,false,false,false,0
ENMORT002,none,,2026-08-09T09:00:17.000Z,21.37453609,-157.73721308,UAV 1,2,1:3001:1739,ENMORT002,1:1:71:10:1:0:1,0,false,false,false,false,0
ENGAZ004,move to,LOC_적북측접근로,2026-08-09T09:00:17.000Z,21.37219955,-157.73787684,UAV 1,2,1:3001:1743,ENGAZ004,1:1:222:7:8:0:0,0,false,false,false,false,0
ENBTR80005,move to,LOC_중앙계곡,2026-08-09T09:00:17.000Z,21.37391976,-157.74059966,UAV 1,2,1:3001:1751,ENBTR80005,1:1:222:2:13:0:0,0,false,false,false,false,0
ENMIM001,move to,LOC_적북측접근로,2026-08-09T09:00:17.000Z,21.37128240,-157.74159609,UAV 1,2,1:3001:1760,ENMIM001,1:1:225:28:2:0:0,0,false,false,false,false,0
ENCAESAR001,move to,LOC_적북측접근로,2026-08-09T09:00:17.000Z,21.37100260,-157.74007356,UAV 1,2,1:3001:1765,ENCAESAR001,1:1:71:4:0:0:0,0,false,false,false,false,0
ENMORT003,none,,2026-08-09T09:00:17.000Z,21.37463664,-157.73725624,UAV 1,2,1:3001:1770,ENMORT003,1:1:71:10:1:0:1,0,false,false,false,false,0
ENBTR60005,move to,LOC_중앙계곡,2026-08-09T09:00:17.000Z,21.37373712,-157.74071194,UAV 1,2,1:3001:1807,ENBTR60005,1:1:222:2:8:1:0,0,false,false,false,false,0
ENT72010,move to,LOC_중앙계곡,2026-08-09T09:00:17.000Z,21.37611834,-157.74126219,UAV 1,2,1:3001:1666,ENT72010,1:1:222:1:2:1:0,0,false,false,false,false,0
ENT72008,move to,LOC_중앙계곡,2026-08-09T09:00:17.000Z,21.37620988,-157.74125376,UAV 1,2,1:3001:1520,ENT72008,1:1:222:1:2:1:0,0,false,false,false,false,0
ENT72006,move to,LOC_중앙계곡,2026-08-09T09:00:17.000Z,21.37630545,-157.74124498,UAV 1,2,1:3001:1683,ENT72006,1:1:222:1:2:1:0,0,false,false,false,false,0
ENT72002,move to,LOC_중앙계곡,2026-08-09T09:00:17.000Z,21.37647805,-157.74122909,UAV 1,2,1:3001:1533,ENT72002,1:1:222:1:2:1:0,0,false,false,false,false,0
ENT72004,move to,LOC_중앙계곡,2026-08-09T09:00:17.000Z,21.37639529,-157.74123671,UAV 1,2,1:3001:1643,ENT72004,1:1:222:1:2:1:0,0,false,false,false,false,0
ENM35001,move to,LOC_적북측접근로,2026-08-09T09:00:17.000Z,21.37218578,-157.73811028,UAV 1,2,1:3001:1659,ENM35001,1:1:225:7:1:6:0,0,false,false,false,false,0
ENM35004,move to,LOC_적북측접근로,2026-08-09T09:00:17.000Z,21.37224539,-157.73802471,UAV 1,2,1:3001:1555,ENM35004,1:1:225:7:1:6:0,0,false,false,false,false,0
ENM35002,move to,LOC_적북측접근로,2026-08-09T09:00:17.000Z,21.37222347,-157.73811626,UAV 1,2,1:3001:1645,ENM35002,1:1:225:7:1:6:0,0,false,false,false,false,0
ENM35003,move to,LOC_적북측접근로,2026-08-09T09:00:17.000Z,21.37220737,-157.73801777,UAV 1,2,1:3001:1799,ENM35003,1:1:225:7:1:6:0,0,false,false,false,false,0
FRT80007,move to,LOC_중앙킬존남측,2026-08-09T09:00:17.000Z,21.38085896,-157.74645294,UAV 1,1,1:3001:1709,FRT80007,1:1:222:1:1:1:0,0,false,false,false,false,0
ENCAESAR002,move to,LOC_북측예비방어선,2026-08-09T09:00:18.000Z,21.37157997,-157.73857598,UAV 1,2,1:3001:1499,ENCAESAR002,1:1:71:4:0:0:0,0,false,false,false,false,0
ENT72012,move to,LOC_중앙계곡,2026-08-09T09:00:18.000Z,21.37622721,-157.74125261,UAV 1,2,1:3001:1500,ENT72012,1:1:222:1:2:1:0,0,false,false,false,false,0
ENMORT005,none,,2026-08-09T09:00:18.000Z,21.37457651,-157.73710572,UAV 1,2,1:3001:1512,ENMORT005,1:1:71:10:1:0:1,0,false,false,false,false,0
ENMORT004,none,,2026-08-09T09:00:18.000Z,21.37447596,-157.73706256,UAV 1,2,1:3001:1535,ENMORT004,1:1:71:10:1:0:1,0,false,false,false,false,0
ENBTR80004,move to,LOC_중앙계곡,2026-08-09T09:00:18.000Z,21.37407216,-157.74065069,UAV 1,2,1:3001:1584,ENBTR80004,1:1:222:2:13:0:0,0,false,false,false,false,0
ENCAESAR004,move to,LOC_북측예비방어선,2026-08-09T09:00:18.000Z,21.37204288,-157.73974986,UAV 1,2,1:3001:1603,ENCAESAR004,1:1:71:4:0:0:0,0,false,false,false,false,0
ENBTR80006,move to,LOC_중앙계곡,2026-08-09T09:00:18.000Z,21.37418141,-157.74057965,UAV 1,2,1:3001:1633,ENBTR80006,1:1:222:2:13:0:0,0,false,false,false,false,0
ENGAZ003,move to,LOC_적북측접근로,2026-08-09T09:00:18.000Z,21.37213081,-157.73800711,UAV 1,2,1:3001:1654,ENGAZ003,1:1:222:7:8:0:0,0,false,false,false,false,0
ENBTR80003,move to,LOC_중앙계곡,2026-08-09T09:00:18.000Z,21.37426537,-157.74061272,UAV 1,2,1:3001:1658,ENBTR80003,1:1:222:2:13:0:0,0,false,false,false,false,0
ENCAESAR003,move to,LOC_적북측접근로,2026-08-09T09:00:18.000Z,21.37072720,-157.73874822,UAV 1,2,1:3001:1687,ENCAESAR003,1:1:71:4:0:0:0,0,false,false,false,false,0
ENMORT001,none,,2026-08-09T09:00:18.000Z,21.37443553,-157.73716992,UAV 1,2,1:3001:1694,ENMORT001,1:1:71:10:1:0:1,0,false,false,false,false,0
ENBTR60007,move to,LOC_중앙계곡,2026-08-09T09:00:18.000Z,21.37380641,-157.74072652,UAV 1,2,1:3001:1720,ENBTR60007,1:1:222:2:8:1:0,0,false,false,false,false,0
ENBTR60008,move to,LOC_중앙계곡,2026-08-09T09:00:18.000Z,21.37385879,-157.74068962,UAV 1,2,1:3001:1731,ENBTR60008,1:1:222:2:8:1:0,0,false,false,false,false,0
ENBTR80007,move to,LOC_중앙계곡,2026-08-09T09:00:18.000Z,21.37398546,-157.74061739,UAV 1,2,1:3001:1733,ENBTR80007,1:1:222:2:13:0:0,0,false,false,false,false,0
ENMORT002,none,,2026-08-09T09:00:18.000Z,21.37453609,-157.73721308,UAV 1,2,1:3001:1739,ENMORT002,1:1:71:10:1:0:1,0,false,false,false,false,0
ENGAZ004,move to,LOC_적북측접근로,2026-08-09T09:00:18.000Z,21.37215377,-157.73808030,UAV 1,2,1:3001:1743,ENGAZ004,1:1:222:7:8:0:0,0,false,false,false,false,0
ENBTR80005,move to,LOC_중앙계곡,2026-08-09T09:00:18.000Z,21.37412068,-157.74061451,UAV 1,2,1:3001:1751,ENBTR80005,1:1:222:2:13:0:0,0,false,false,false,false,0
ENMIM001,move to,LOC_적북측접근로,2026-08-09T09:00:18.000Z,21.37129032,-157.74161988,UAV 1,2,1:3001:1760,ENMIM001,1:1:225:28:2:0:0,0,false,false,false,false,0
ENCAESAR001,move to,LOC_적북측접근로,2026-08-09T09:00:18.000Z,21.37104065,-157.74026703,UAV 1,2,1:3001:1765,ENCAESAR001,1:1:71:4:0:0:0,0,false,false,false,false,0
ENMORT003,none,,2026-08-09T09:00:18.000Z,21.37463664,-157.73725624,UAV 1,2,1:3001:1770,ENMORT003,1:1:71:10:1:0:1,0,false,false,false,false,0
ENBTR60005,move to,LOC_중앙계곡,2026-08-09T09:00:18.000Z,21.37393642,-157.74072206,UAV 1,2,1:3001:1807,ENBTR60005,1:1:222:2:8:1:0,0,false,false,false,false,0
ENT72010,move to,LOC_중앙계곡,2026-08-09T09:00:18.000Z,21.37631565,-157.74124446,UAV 1,2,1:3001:1666,ENT72010,1:1:222:1:2:1:0,0,false,false,false,false,0
ENT72008,move to,LOC_중앙계곡,2026-08-09T09:00:18.000Z,21.37640696,-157.74123606,UAV 1,2,1:3001:1520,ENT72008,1:1:222:1:2:1:0,0,false,false,false,false,0
ENT72006,move to,LOC_중앙계곡,2026-08-09T09:00:18.000Z,21.37650199,-157.74122734,UAV 1,2,1:3001:1683,ENT72006,1:1:222:1:2:1:0,0,false,false,false,false,0
ENT72002,move to,LOC_중앙계곡,2026-08-09T09:00:18.000Z,21.37667519,-157.74121144,UAV 1,2,1:3001:1533,ENT72002,1:1:222:1:2:1:0,0,false,false,false,false,0
ENT72004,move to,LOC_중앙계곡,2026-08-09T09:00:18.000Z,21.37659230,-157.74121905,UAV 1,2,1:3001:1643,ENT72004,1:1:222:1:2:1:0,0,false,false,false,false,0
ENM35001,move to,LOC_적북측접근로,2026-08-09T09:00:18.000Z,21.37213659,-157.73831901,UAV 1,2,1:3001:1659,ENM35001,1:1:225:7:1:6:0,0,false,false,false,false,0
ENM35004,move to,LOC_적북측접근로,2026-08-09T09:00:18.000Z,21.37219520,-157.73822852,UAV 1,2,1:3001:1555,ENM35004,1:1:225:7:1:6:0,0,false,false,false,false,0
ENM35002,move to,LOC_적북측접근로,2026-08-09T09:00:18.000Z,21.37217197,-157.73832525,UAV 1,2,1:3001:1645,ENM35002,1:1:225:7:1:6:0,0,false,false,false,false,0
ENM35003,move to,LOC_적북측접근로,2026-08-09T09:00:18.000Z,21.37215910,-157.73822264,UAV 1,2,1:3001:1799,ENM35003,1:1:225:7:1:6:0,0,false,false,false,false,0
ENCAESAR002,move to,LOC_북측예비방어선,2026-08-09T09:00:20.000Z,21.37163688,-157.73871937,UAV 1,2,1:3001:1499,ENCAESAR002,1:1:71:4:0:0:0,0,false,false,false,false,0
ENT72012,move to,LOC_중앙계곡,2026-08-09T09:00:20.000Z,21.37637598,-157.74123923,UAV 1,2,1:3001:1500,ENT72012,1:1:222:1:2:1:0,0,false,false,false,false,0
ENMORT005,none,,2026-08-09T09:00:20.000Z,21.37457651,-157.73710572,UAV 1,2,1:3001:1512,ENMORT005,1:1:71:10:1:0:1,0,false,false,false,false,0
ENMORT004,none,,2026-08-09T09:00:20.000Z,21.37447596,-157.73706256,UAV 1,2,1:3001:1535,ENMORT004,1:1:71:10:1:0:1,0,false,false,false,false,0
ENBTR80004,move to,LOC_중앙계곡,2026-08-09T09:00:20.000Z,21.37422480,-157.74066079,UAV 1,2,1:3001:1584,ENBTR80004,1:1:222:2:13:0:0,0,false,false,false,false,0
ENCAESAR004,move to,LOC_북측예비방어선,2026-08-09T09:00:20.000Z,21.37210108,-157.73989619,UAV 1,2,1:3001:1603,ENCAESAR004,1:1:71:4:0:0:0,0,false,false,false,false,0
ENBTR80006,move to,LOC_중앙계곡,2026-08-09T09:00:20.000Z,21.37432913,-157.74059174,UAV 1,2,1:3001:1633,ENBTR80006,1:1:222:2:13:0:0,0,false,false,false,false,0
ENGAZ003,move to,LOC_적북측접근로,2026-08-09T09:00:20.000Z,21.37209681,-157.73816568,UAV 1,2,1:3001:1654,ENGAZ003,1:1:222:7:8:0:0,0,false,false,false,false,0
ENBTR80003,move to,LOC_중앙계곡,2026-08-09T09:00:20.000Z,21.37441123,-157.74062387,UAV 1,2,1:3001:1658,ENBTR80003,1:1:222:2:13:0:0,0,false,false,false,false,0
ENCAESAR003,move to,LOC_적북측접근로,2026-08-09T09:00:20.000Z,21.37075702,-157.73889613,UAV 1,2,1:3001:1687,ENCAESAR003,1:1:71:4:0:0:0,0,false,false,false,false,0
ENMORT001,none,,2026-08-09T09:00:20.000Z,21.37443553,-157.73716992,UAV 1,2,1:3001:1694,ENMORT001,1:1:71:10:1:0:1,0,false,false,false,false,0
ENBTR60007,move to,LOC_중앙계곡,2026-08-09T09:00:20.000Z,21.37395761,-157.74073385,UAV 1,2,1:3001:1720,ENBTR60007,1:1:222:2:8:1:0,0,false,false,false,false,0
ENBTR60008,move to,LOC_중앙계곡,2026-08-09T09:00:20.000Z,21.37400986,-157.74069811,UAV 1,2,1:3001:1731,ENBTR60008,1:1:222:2:8:1:0,0,false,false,false,false,0
ENBTR80007,move to,LOC_중앙계곡,2026-08-09T09:00:20.000Z,21.37413808,-157.74062830,UAV 1,2,1:3001:1733,ENBTR80007,1:1:222:2:13:0:0,0,false,false,false,false,0
ENMORT002,none,,2026-08-09T09:00:20.000Z,21.37453609,-157.73721308,UAV 1,2,1:3001:1739,ENMORT002,1:1:71:10:1:0:1,0,false,false,false,false,0
ENGAZ004,move to,LOC_적북측접근로,2026-08-09T09:00:20.000Z,21.37212086,-157.73822661,UAV 1,2,1:3001:1743,ENGAZ004,1:1:222:7:8:0:0,0,false,false,false,false,0
ENBTR80005,move to,LOC_중앙계곡,2026-08-09T09:00:20.000Z,21.37427094,-157.74062562,UAV 1,2,1:3001:1751,ENBTR80005,1:1:222:2:13:0:0,0,false,false,false,false,0
ENMIM001,move to,LOC_적북측접근로,2026-08-09T09:00:20.000Z,21.37130420,-157.74166160,UAV 1,2,1:3001:1760,ENMIM001,1:1:225:28:2:0:0,0,false,false,false,false,0
ENCAESAR001,move to,LOC_적북측접근로,2026-08-09T09:00:20.000Z,21.37107031,-157.74041785,UAV 1,2,1:3001:1765,ENCAESAR001,1:1:71:4:0:0:0,0,false,false,false,false,0
ENMORT003,none,,2026-08-09T09:00:20.000Z,21.37463664,-157.73725624,UAV 1,2,1:3001:1770,ENMORT003,1:1:71:10:1:0:1,0,false,false,false,false,0
ENBTR60005,move to,LOC_중앙계곡,2026-08-09T09:00:20.000Z,21.37408738,-157.74072973,UAV 1,2,1:3001:1807,ENBTR60005,1:1:222:2:8:1:0,0,false,false,false,false,0
ENT72010,move to,LOC_중앙계곡,2026-08-09T09:00:20.000Z,21.37646447,-157.74123109,UAV 1,2,1:3001:1666,ENT72010,1:1:222:1:2:1:0,0,false,false,false,false,0
ENT72008,move to,LOC_중앙계곡,2026-08-09T09:00:20.000Z,21.37655541,-157.74122273,UAV 1,2,1:3001:1520,ENT72008,1:1:222:1:2:1:0,0,false,false,false,false,0
ENT72006,move to,LOC_중앙계곡,2026-08-09T09:00:20.000Z,21.37665144,-157.74121393,UAV 1,2,1:3001:1683,ENT72006,1:1:222:1:2:1:0,0,false,false,false,false,0
ENT72002,move to,LOC_중앙계곡,2026-08-09T09:00:20.000Z,21.37682438,-157.74119807,UAV 1,2,1:3001:1533,ENT72002,1:1:222:1:2:1:0,0,false,false,false,false,0
ENT72004,move to,LOC_중앙계곡,2026-08-09T09:00:20.000Z,21.37674192,-157.74120564,UAV 1,2,1:3001:1643,ENT72004,1:1:222:1:2:1:0,0,false,false,false,false,0
ENM35001,move to,LOC_적북측접근로,2026-08-09T09:00:20.000Z,21.37210022,-157.73847334,UAV 1,2,1:3001:1659,ENM35001,1:1:225:7:1:6:0,0,false,false,false,false,0
ENM35004,move to,LOC_적북측접근로,2026-08-09T09:00:20.000Z,21.37215623,-157.73838677,UAV 1,2,1:3001:1555,ENM35004,1:1:225:7:1:6:0,0,false,false,false,false,0
ENM35002,move to,LOC_적북측접근로,2026-08-09T09:00:20.000Z,21.37213420,-157.73847851,UAV 1,2,1:3001:1645,ENM35002,1:1:225:7:1:6:0,0,false,false,false,false,0
ENM35003,move to,LOC_적북측접근로,2026-08-09T09:00:20.000Z,21.37212185,-157.73838076,UAV 1,2,1:3001:1799,ENM35003,1:1:225:7:1:6:0,0,false,false,false,false,0
FRT80008,move to,LOC_목표A남측,2026-08-09T09:00:20.000Z,21.38100386,-157.74627961,UAV 1,1,1:3001:1661,FRT80008,1:1:222:1:1:1:0,0,false,false,false,false,0
FRT80006,move to,LOC_목표A남측,2026-08-09T09:00:20.000Z,21.38092546,-157.74625004,UAV 1,1,1:3001:1679,FRT80006,1:1:222:1:1:1:0,0,false,false,false,false,0
FRT80004,move to,LOC_목표A남측,2026-08-09T09:00:20.000Z,21.38088061,-157.74634333,UAV 1,1,1:3001:1737,FRT80004,1:1:222:1:1:1:0,0,false,false,false,false,0
ENCAESAR002,move to,LOC_북측예비방어선,2026-08-09T09:00:21.000Z,21.37163688,-157.73871937,UAV 1,2,1:3001:1499,ENCAESAR002,1:1:71:4:0:0:0,0,false,false,false,false,0
ENT72012,move to,LOC_중앙계곡,2026-08-09T09:00:21.000Z,21.37637598,-157.74123923,UAV 1,2,1:3001:1500,ENT72012,1:1:222:1:2:1:0,0,false,false,false,false,0
ENMORT005,none,,2026-08-09T09:00:21.000Z,21.37457651,-157.73710572,UAV 1,2,1:3001:1512,ENMORT005,1:1:71:10:1:0:1,0,false,false,false,false,0
ENMORT004,none,,2026-08-09T09:00:21.000Z,21.37447596,-157.73706256,UAV 1,2,1:3001:1535,ENMORT004,1:1:71:10:1:0:1,0,false,false,false,false,0
ENBTR80004,move to,LOC_중앙계곡,2026-08-09T09:00:21.000Z,21.37422480,-157.74066079,UAV 1,2,1:3001:1584,ENBTR80004,1:1:222:2:13:0:0,0,false,false,false,false,0
ENCAESAR004,move to,LOC_북측예비방어선,2026-08-09T09:00:21.000Z,21.37210108,-157.73989619,UAV 1,2,1:3001:1603,ENCAESAR004,1:1:71:4:0:0:0,0,false,false,false,false,0
ENBTR80006,move to,LOC_중앙계곡,2026-08-09T09:00:21.000Z,21.37432913,-157.74059174,UAV 1,2,1:3001:1633,ENBTR80006,1:1:222:2:13:0:0,0,false,false,false,false,0
ENGAZ003,move to,LOC_적북측접근로,2026-08-09T09:00:21.000Z,21.37209681,-157.73816568,UAV 1,2,1:3001:1654,ENGAZ003,1:1:222:7:8:0:0,0,false,false,false,false,0
ENBTR80003,move to,LOC_중앙계곡,2026-08-09T09:00:21.000Z,21.37441123,-157.74062387,UAV 1,2,1:3001:1658,ENBTR80003,1:1:222:2:13:0:0,0,false,false,false,false,0
ENCAESAR003,move to,LOC_적북측접근로,2026-08-09T09:00:21.000Z,21.37075702,-157.73889613,UAV 1,2,1:3001:1687,ENCAESAR003,1:1:71:4:0:0:0,0,false,false,false,false,0
ENMORT001,none,,2026-08-09T09:00:21.000Z,21.37443553,-157.73716992,UAV 1,2,1:3001:1694,ENMORT001,1:1:71:10:1:0:1,0,false,false,false,false,0
ENBTR60007,move to,LOC_중앙계곡,2026-08-09T09:00:21.000Z,21.37395761,-157.74073385,UAV 1,2,1:3001:1720,ENBTR60007,1:1:222:2:8:1:0,0,false,false,false,false,0
ENBTR60008,move to,LOC_중앙계곡,2026-08-09T09:00:21.000Z,21.37400986,-157.74069811,UAV 1,2,1:3001:1731,ENBTR60008,1:1:222:2:8:1:0,0,false,false,false,false,0
ENBTR80007,move to,LOC_중앙계곡,2026-08-09T09:00:21.000Z,21.37413808,-157.74062830,UAV 1,2,1:3001:1733,ENBTR80007,1:1:222:2:13:0:0,0,false,false,false,false,0
ENMORT002,none,,2026-08-09T09:00:21.000Z,21.37453609,-157.73721308,UAV 1,2,1:3001:1739,ENMORT002,1:1:71:10:1:0:1,0,false,false,false,false,0
ENGAZ004,move to,LOC_적북측접근로,2026-08-09T09:00:21.000Z,21.37212086,-157.73822661,UAV 1,2,1:3001:1743,ENGAZ004,1:1:222:7:8:0:0,0,false,false,false,false,0
ENBTR80005,move to,LOC_중앙계곡,2026-08-09T09:00:21.000Z,21.37427094,-157.74062562,UAV 1,2,1:3001:1751,ENBTR80005,1:1:222:2:13:0:0,0,false,false,false,false,0
ENMIM001,move to,LOC_적북측접근로,2026-08-09T09:00:21.000Z,21.37130420,-157.74166160,UAV 1,2,1:3001:1760,ENMIM001,1:1:225:28:2:0:0,0,false,false,false,false,0
ENCAESAR001,move to,LOC_적북측접근로,2026-08-09T09:00:21.000Z,21.37107031,-157.74041785,UAV 1,2,1:3001:1765,ENCAESAR001,1:1:71:4:0:0:0,0,false,false,false,false,0
ENMORT003,none,,2026-08-09T09:00:21.000Z,21.37463664,-157.73725624,UAV 1,2,1:3001:1770,ENMORT003,1:1:71:10:1:0:1,0,false,false,false,false,0
ENBTR60005,move to,LOC_중앙계곡,2026-08-09T09:00:21.000Z,21.37408738,-157.74072973,UAV 1,2,1:3001:1807,ENBTR60005,1:1:222:2:8:1:0,0,false,false,false,false,0
ENT72010,move to,LOC_중앙계곡,2026-08-09T09:00:21.000Z,21.37646447,-157.74123109,UAV 1,2,1:3001:1666,ENT72010,1:1:222:1:2:1:0,0,false,false,false,false,0
ENT72008,move to,LOC_중앙계곡,2026-08-09T09:00:21.000Z,21.37655541,-157.74122273,UAV 1,2,1:3001:1520,ENT72008,1:1:222:1:2:1:0,0,false,false,false,false,0
ENT72006,move to,LOC_중앙계곡,2026-08-09T09:00:21.000Z,21.37665144,-157.74121393,UAV 1,2,1:3001:1683,ENT72006,1:1:222:1:2:1:0,0,false,false,false,false,0
ENT72002,move to,LOC_중앙계곡,2026-08-09T09:00:21.000Z,21.37682438,-157.74119807,UAV 1,2,1:3001:1533,ENT72002,1:1:222:1:2:1:0,0,false,false,false,false,0
ENT72004,move to,LOC_중앙계곡,2026-08-09T09:00:21.000Z,21.37674192,-157.74120564,UAV 1,2,1:3001:1643,ENT72004,1:1:222:1:2:1:0,0,false,false,false,false,0
ENM35001,move to,LOC_적북측접근로,2026-08-09T09:00:21.000Z,21.37210022,-157.73847334,UAV 1,2,1:3001:1659,ENM35001,1:1:225:7:1:6:0,0,false,false,false,false,0
ENM35004,move to,LOC_적북측접근로,2026-08-09T09:00:21.000Z,21.37215623,-157.73838677,UAV 1,2,1:3001:1555,ENM35004,1:1:225:7:1:6:0,0,false,false,false,false,0
ENM35002,move to,LOC_적북측접근로,2026-08-09T09:00:21.000Z,21.37213420,-157.73847851,UAV 1,2,1:3001:1645,ENM35002,1:1:225:7:1:6:0,0,false,false,false,false,0
ENM35003,move to,LOC_적북측접근로,2026-08-09T09:00:21.000Z,21.37212185,-157.73838076,UAV 1,2,1:3001:1799,ENM35003,1:1:225:7:1:6:0,0,false,false,false,false,0
FRT80008,move to,LOC_목표A남측,2026-08-09T09:00:21.000Z,21.38100386,-157.74627961,UAV 1,1,1:3001:1661,FRT80008,1:1:222:1:1:1:0,0,false,false,false,false,0
FRT80006,move to,LOC_목표A남측,2026-08-09T09:00:21.000Z,21.38092546,-157.74625004,UAV 1,1,1:3001:1679,FRT80006,1:1:222:1:1:1:0,0,false,false,false,false,0
FRT80004,move to,LOC_목표A남측,2026-08-09T09:00:21.000Z,21.38088061,-157.74634333,UAV 1,1,1:3001:1737,FRT80004,1:1:222:1:1:1:0,0,false,false,false,false,0
ENCAESAR002,move to,LOC_북측예비방어선,2026-08-09T09:00:22.000Z,21.37171540,-157.73891720,UAV 1,2,1:3001:1499,ENCAESAR002,1:1:71:4:0:0:0,0,false,false,false,false,0
ENT72012,move to,LOC_중앙계곡,2026-08-09T09:00:22.000Z,21.37657459,-157.74122137,UAV 1,2,1:3001:1500,ENT72012,1:1:222:1:2:1:0,0,false,false,false,false,0
ENMORT005,none,,2026-08-09T09:00:22.000Z,21.37457651,-157.73710572,UAV 1,2,1:3001:1512,ENMORT005,1:1:71:10:1:0:1,0,false,false,false,false,0
ENMORT004,none,,2026-08-09T09:00:22.000Z,21.37447596,-157.73706256,UAV 1,2,1:3001:1535,ENMORT004,1:1:71:10:1:0:1,0,false,false,false,false,0
ENBTR80004,move to,LOC_중앙계곡,2026-08-09T09:00:22.000Z,21.37442032,-157.74067372,UAV 1,2,1:3001:1584,ENBTR80004,1:1:222:2:13:0:0,0,false,false,false,false,0
ENCAESAR004,move to,LOC_북측예비방어선,2026-08-09T09:00:22.000Z,21.37217961,-157.74009361,UAV 1,2,1:3001:1603,ENCAESAR004,1:1:71:4:0:0:0,0,false,false,false,false,0
ENBTR80006,move to,LOC_중앙계곡,2026-08-09T09:00:22.000Z,21.37452835,-157.74060804,UAV 1,2,1:3001:1633,ENBTR80006,1:1:222:2:13:0:0,0,false,false,false,false,0
ENGAZ003,move to,LOC_적북측접근로,2026-08-09T09:00:22.000Z,21.37205842,-157.73834470,UAV 1,2,1:3001:1654,ENGAZ003,1:1:222:7:8:0:0,0,false,false,false,false,0
ENBTR80003,move to,LOC_중앙계곡,2026-08-09T09:00:22.000Z,21.37461155,-157.74063919,UAV 1,2,1:3001:1658,ENBTR80003,1:1:222:2:13:0:0,0,false,false,false,false,0
ENCAESAR003,move to,LOC_적북측접근로,2026-08-09T09:00:22.000Z,21.37079995,-157.73910912,UAV 1,2,1:3001:1687,ENCAESAR003,1:1:71:4:0:0:0,0,false,false,false,false,0
ENMORT001,none,,2026-08-09T09:00:22.000Z,21.37443553,-157.73716992,UAV 1,2,1:3001:1694,ENMORT001,1:1:71:10:1:0:1,0,false,false,false,false,0
ENBTR60007,move to,LOC_중앙계곡,2026-08-09T09:00:22.000Z,21.37416152,-157.74074374,UAV 1,2,1:3001:1720,ENBTR60007,1:1:222:2:8:1:0,0,false,false,false,false,0
ENBTR60008,move to,LOC_중앙계곡,2026-08-09T09:00:22.000Z,21.37421480,-157.74070961,UAV 1,2,1:3001:1731,ENBTR60008,1:1:222:2:8:1:0,0,false,false,false,false,0
ENBTR80007,move to,LOC_중앙계곡,2026-08-09T09:00:22.000Z,21.37433831,-157.74064261,UAV 1,2,1:3001:1733,ENBTR80007,1:1:222:2:13:0:0,0,false,false,false,false,0
ENMORT002,none,,2026-08-09T09:00:22.000Z,21.37453609,-157.73721308,UAV 1,2,1:3001:1739,ENMORT002,1:1:71:10:1:0:1,0,false,false,false,false,0
ENGAZ004,move to,LOC_적북측접근로,2026-08-09T09:00:22.000Z,21.37207428,-157.73843362,UAV 1,2,1:3001:1743,ENGAZ004,1:1:222:7:8:0:0,0,false,false,false,false,0
ENBTR80005,move to,LOC_중앙계곡,2026-08-09T09:00:22.000Z,21.37446735,-157.74064014,UAV 1,2,1:3001:1751,ENBTR80005,1:1:222:2:13:0:0,0,false,false,false,false,0
ENMIM001,move to,LOC_적북측접근로,2026-08-09T09:00:22.000Z,21.37131471,-157.74169328,UAV 1,2,1:3001:1760,ENMIM001,1:1:225:28:2:0:0,0,false,false,false,false,0
ENCAESAR001,move to,LOC_적북측접근로,2026-08-09T09:00:22.000Z,21.37111150,-157.74062725,UAV 1,2,1:3001:1765,ENCAESAR001,1:1:71:4:0:0:0,0,false,false,false,false,0
ENMORT003,none,,2026-08-09T09:00:22.000Z,21.37463664,-157.73725624,UAV 1,2,1:3001:1770,ENMORT003,1:1:71:10:1:0:1,0,false,false,false,false,0
ENBTR60005,move to,LOC_중앙계곡,2026-08-09T09:00:22.000Z,21.37429231,-157.74074013,UAV 1,2,1:3001:1807,ENBTR60005,1:1:222:2:8:1:0,0,false,false,false,false,0
ENT72010,move to,LOC_중앙계곡,2026-08-09T09:00:22.000Z,21.37666308,-157.74121324,UAV 1,2,1:3001:1666,ENT72010,1:1:222:1:2:1:0,0,false,false,false,false,0
ENT72008,move to,LOC_중앙계곡,2026-08-09T09:00:22.000Z,21.37675464,-157.74120485,UAV 1,2,1:3001:1520,ENT72008,1:1:222:1:2:1:0,0,false,false,false,false,0
ENT72006,move to,LOC_중앙계곡,2026-08-09T09:00:22.000Z,21.37685040,-157.74119608,UAV 1,2,1:3001:1683,ENT72006,1:1:222:1:2:1:0,0,false,false,false,false,0
ENT72002,move to,LOC_중앙계곡,2026-08-09T09:00:22.000Z,21.37702332,-157.74118025,UAV 1,2,1:3001:1533,ENT72002,1:1:222:1:2:1:0,0,false,false,false,false,0
ENT72004,move to,LOC_중앙계곡,2026-08-09T09:00:22.000Z,21.37694064,-157.74118783,UAV 1,2,1:3001:1643,ENT72004,1:1:222:1:2:1:0,0,false,false,false,false,0
ENM35001,move to,LOC_적북측접근로,2026-08-09T09:00:22.000Z,21.37205148,-157.73868017,UAV 1,2,1:3001:1659,ENM35001,1:1:225:7:1:6:0,0,false,false,false,false,0
ENM35004,move to,LOC_적북측접근로,2026-08-09T09:00:22.000Z,21.37210556,-157.73859254,UAV 1,2,1:3001:1555,ENM35004,1:1:225:7:1:6:0,0,false,false,false,false,0
ENM35002,move to,LOC_적북측접근로,2026-08-09T09:00:22.000Z,21.37208328,-157.73868511,UAV 1,2,1:3001:1645,ENM35002,1:1:225:7:1:6:0,0,false,false,false,false,0
ENM35003,move to,LOC_적북측접근로,2026-08-09T09:00:22.000Z,21.37207323,-157.73858713,UAV 1,2,1:3001:1799,ENM35003,1:1:225:7:1:6:0,0,false,false,false,false,0
ENCAESAR002,move to,LOC_북측예비방어선,2026-08-09T09:00:24.000Z,21.37179004,-157.73910527,UAV 1,2,1:3001:1499,ENCAESAR002,1:1:71:4:0:0:0,0,false,false,false,false,0
ENT72012,move to,LOC_중앙계곡,2026-08-09T09:00:24.000Z,21.37676850,-157.74120393,UAV 1,2,1:3001:1500,ENT72012,1:1:222:1:2:1:0,0,false,false,false,false,0
ENMORT005,none,,2026-08-09T09:00:24.000Z,21.37457651,-157.73710572,UAV 1,2,1:3001:1512,ENMORT005,1:1:71:10:1:0:1,0,false,false,false,false,0
ENMORT004,none,,2026-08-09T09:00:24.000Z,21.37447596,-157.73706256,UAV 1,2,1:3001:1535,ENMORT004,1:1:71:10:1:0:1,0,false,false,false,false,0
ENBTR80004,move to,LOC_중앙계곡,2026-08-09T09:00:24.000Z,21.37461552,-157.74068663,UAV 1,2,1:3001:1584,ENBTR80004,1:1:222:2:13:0:0,0,false,false,false,false,0
ENCAESAR004,move to,LOC_북측예비방어선,2026-08-09T09:00:24.000Z,21.37225566,-157.74028479,UAV 1,2,1:3001:1603,ENCAESAR004,1:1:71:4:0:0:0,0,false,false,false,false,0
ENBTR80006,move to,LOC_중앙계곡,2026-08-09T09:00:24.000Z,21.37471840,-157.74062359,UAV 1,2,1:3001:1633,ENBTR80006,1:1:222:2:13:0:0,0,false,false,false,false,0
ENGAZ003,move to,LOC_적북측접근로,2026-08-09T09:00:24.000Z,21.37201236,-157.73855957,UAV 1,2,1:3001:1654,ENGAZ003,1:1:222:7:8:0:0,0,false,false,false,false,0
ENBTR80003,move to,LOC_중앙계곡,2026-08-09T09:00:24.000Z,21.37480389,-157.74065390,UAV 1,2,1:3001:1658,ENBTR80003,1:1:222:2:13:0:0,0,false,false,false,false,0
ENCAESAR003,move to,LOC_적북측접근로,2026-08-09T09:00:24.000Z,21.37084022,-157.73930884,UAV 1,2,1:3001:1687,ENCAESAR003,1:1:71:4:0:0:0,0,false,false,false,false,0
ENMORT001,none,,2026-08-09T09:00:24.000Z,21.37443553,-157.73716992,UAV 1,2,1:3001:1694,ENMORT001,1:1:71:10:1:0:1,0,false,false,false,false,0
ENBTR60007,move to,LOC_중앙계곡,2026-08-09T09:00:24.000Z,21.37435495,-157.74075313,UAV 1,2,1:3001:1720,ENBTR60007,1:1:222:2:8:1:0,0,false,false,false,false,0
ENBTR60008,move to,LOC_중앙계곡,2026-08-09T09:00:24.000Z,21.37440401,-157.74072024,UAV 1,2,1:3001:1731,ENBTR60008,1:1:222:2:8:1:0,0,false,false,false,false,0
ENBTR80007,move to,LOC_중앙계곡,2026-08-09T09:00:24.000Z,21.37453222,-157.74065646,UAV 1,2,1:3001:1733,ENBTR80007,1:1:222:2:13:0:0,0,false,false,false,false,0
ENMORT002,none,,2026-08-09T09:00:24.000Z,21.37453609,-157.73721308,UAV 1,2,1:3001:1739,ENMORT002,1:1:71:10:1:0:1,0,false,false,false,false,0
ENGAZ004,move to,LOC_적북측접근로,2026-08-09T09:00:24.000Z,21.37203070,-157.73862736,UAV 1,2,1:3001:1743,ENGAZ004,1:1:222:7:8:0:0,0,false,false,false,false,0
ENBTR80005,move to,LOC_중앙계곡,2026-08-09T09:00:24.000Z,21.37466045,-157.74065442,UAV 1,2,1:3001:1751,ENBTR80005,1:1:222:2:13:0:0,0,false,false,false,false,0
ENMIM001,none,,2026-08-09T09:00:24.000Z,21.37133133,-157.74174341,UAV 1,2,1:3001:1760,ENMIM001,1:1:225:28:2:0:0,0,false,false,false,false,0
ENCAESAR001,move to,LOC_적북측접근로,2026-08-09T09:00:24.000Z,21.37115104,-157.74082830,UAV 1,2,1:3001:1765,ENCAESAR001,1:1:71:4:0:0:0,0,false,false,false,false,0
ENMORT003,none,,2026-08-09T09:00:24.000Z,21.37463664,-157.73725624,UAV 1,2,1:3001:1770,ENMORT003,1:1:71:10:1:0:1,0,false,false,false,false,0
ENBTR60005,move to,LOC_중앙계곡,2026-08-09T09:00:24.000Z,21.37447685,-157.74074951,UAV 1,2,1:3001:1807,ENBTR60005,1:1:222:2:8:1:0,0,false,false,false,false,0
ENT72010,move to,LOC_중앙계곡,2026-08-09T09:00:24.000Z,21.37685634,-157.74119588,UAV 1,2,1:3001:1666,ENT72010,1:1:222:1:2:1:0,0,false,false,false,false,0
ENT72008,move to,LOC_중앙계곡,2026-08-09T09:00:24.000Z,21.37694797,-157.74118749,UAV 1,2,1:3001:1520,ENT72008,1:1:222:1:2:1:0,0,false,false,false,false,0
ENT72006,move to,LOC_중앙계곡,2026-08-09T09:00:24.000Z,21.37704443,-157.74117868,UAV 1,2,1:3001:1683,ENT72006,1:1:222:1:2:1:0,0,false,false,false,false,0
ENT72002,move to,LOC_중앙계곡,2026-08-09T09:00:24.000Z,21.37721738,-157.74116287,UAV 1,2,1:3001:1533,ENT72002,1:1:222:1:2:1:0,0,false,false,false,false,0
ENT72004,move to,LOC_중앙계곡,2026-08-09T09:00:24.000Z,21.37713469,-157.74117043,UAV 1,2,1:3001:1643,ENT72004,1:1:222:1:2:1:0,0,false,false,false,false,0
ENM35001,move to,LOC_적북측접근로,2026-08-09T09:00:24.000Z,21.37200380,-157.73888250,UAV 1,2,1:3001:1659,ENM35001,1:1:225:7:1:6:0,0,false,false,false,false,0
ENM35004,move to,LOC_적북측접근로,2026-08-09T09:00:24.000Z,21.37205629,-157.73879257,UAV 1,2,1:3001:1555,ENM35004,1:1:225:7:1:6:0,0,false,false,false,false,0
ENM35002,move to,LOC_적북측접근로,2026-08-09T09:00:24.000Z,21.37203365,-157.73888650,UAV 1,2,1:3001:1645,ENM35002,1:1:225:7:1:6:0,0,false,false,false,false,0
ENM35003,move to,LOC_적북측접근로,2026-08-09T09:00:24.000Z,21.37202592,-157.73878796,UAV 1,2,1:3001:1799,ENM35003,1:1:225:7:1:6:0,0,false,false,false,false,0
ENGAZ002,move to,LOC_적북측접근로,2026-08-09T09:00:24.000Z,21.37200908,-157.73872266,UAV 1,2,1:3001:1626,ENGAZ002,1:1:222:7:8:0:0,0,false,false,false,false,0
ENCAESAR002,move to,LOC_북측예비방어선,2026-08-09T09:00:25.000Z,21.37179004,-157.73910527,UAV 1,2,1:3001:1499,ENCAESAR002,1:1:71:4:0:0:0,0,false,false,false,false,0
ENT72012,move to,LOC_중앙계곡,2026-08-09T09:00:25.000Z,21.37676850,-157.74120393,UAV 1,2,1:3001:1500,ENT72012,1:1:222:1:2:1:0,0,false,false,false,false,0
ENMORT005,none,,2026-08-09T09:00:25.000Z,21.37457651,-157.73710572,UAV 1,2,1:3001:1512,ENMORT005,1:1:71:10:1:0:1,0,false,false,false,false,0
ENMORT004,none,,2026-08-09T09:00:25.000Z,21.37447596,-157.73706256,UAV 1,2,1:3001:1535,ENMORT004,1:1:71:10:1:0:1,0,false,false,false,false,0
ENBTR80004,move to,LOC_중앙계곡,2026-08-09T09:00:25.000Z,21.37461552,-157.74068663,UAV 1,2,1:3001:1584,ENBTR80004,1:1:222:2:13:0:0,0,false,false,false,false,0
ENCAESAR004,move to,LOC_북측예비방어선,2026-08-09T09:00:25.000Z,21.37225566,-157.74028479,UAV 1,2,1:3001:1603,ENCAESAR004,1:1:71:4:0:0:0,0,false,false,false,false,0
ENBTR80006,move to,LOC_중앙계곡,2026-08-09T09:00:25.000Z,21.37471840,-157.74062359,UAV 1,2,1:3001:1633,ENBTR80006,1:1:222:2:13:0:0,0,false,false,false,false,0
ENGAZ003,move to,LOC_적북측접근로,2026-08-09T09:00:25.000Z,21.37201236,-157.73855957,UAV 1,2,1:3001:1654,ENGAZ003,1:1:222:7:8:0:0,0,false,false,false,false,0
ENBTR80003,move to,LOC_중앙계곡,2026-08-09T09:00:25.000Z,21.37480389,-157.74065390,UAV 1,2,1:3001:1658,ENBTR80003,1:1:222:2:13:0:0,0,false,false,false,false,0
ENCAESAR003,move to,LOC_적북측접근로,2026-08-09T09:00:25.000Z,21.37084022,-157.73930884,UAV 1,2,1:3001:1687,ENCAESAR003,1:1:71:4:0:0:0,0,false,false,false,false,0
ENMORT001,none,,2026-08-09T09:00:25.000Z,21.37443553,-157.73716992,UAV 1,2,1:3001:1694,ENMORT001,1:1:71:10:1:0:1,0,false,false,false,false,0
ENBTR60007,move to,LOC_중앙계곡,2026-08-09T09:00:25.000Z,21.37435495,-157.74075313,UAV 1,2,1:3001:1720,ENBTR60007,1:1:222:2:8:1:0,0,false,false,false,false,0
ENBTR60008,move to,LOC_중앙계곡,2026-08-09T09:00:25.000Z,21.37440401,-157.74072024,UAV 1,2,1:3001:1731,ENBTR60008,1:1:222:2:8:1:0,0,false,false,false,false,0
ENBTR80007,move to,LOC_중앙계곡,2026-08-09T09:00:25.000Z,21.37453222,-157.74065646,UAV 1,2,1:3001:1733,ENBTR80007,1:1:222:2:13:0:0,0,false,false,false,false,0
ENMORT002,none,,2026-08-09T09:00:25.000Z,21.37453609,-157.73721308,UAV 1,2,1:3001:1739,ENMORT002,1:1:71:10:1:0:1,0,false,false,false,false,0
ENGAZ004,move to,LOC_적북측접근로,2026-08-09T09:00:25.000Z,21.37203070,-157.73862736,UAV 1,2,1:3001:1743,ENGAZ004,1:1:222:7:8:0:0,0,false,false,false,false,0
ENBTR80005,move to,LOC_중앙계곡,2026-08-09T09:00:25.000Z,21.37466045,-157.74065442,UAV 1,2,1:3001:1751,ENBTR80005,1:1:222:2:13:0:0,0,false,false,false,false,0
ENMIM001,none,,2026-08-09T09:00:25.000Z,21.37133133,-157.74174341,UAV 1,2,1:3001:1760,ENMIM001,1:1:225:28:2:0:0,0,false,false,false,false,0
ENCAESAR001,move to,LOC_적북측접근로,2026-08-09T09:00:25.000Z,21.37115104,-157.74082830,UAV 1,2,1:3001:1765,ENCAESAR001,1:1:71:4:0:0:0,0,false,false,false,false,0
ENMORT003,none,,2026-08-09T09:00:25.000Z,21.37463664,-157.73725624,UAV 1,2,1:3001:1770,ENMORT003,1:1:71:10:1:0:1,0,false,false,false,false,0
ENBTR60005,move to,LOC_중앙계곡,2026-08-09T09:00:25.000Z,21.37447685,-157.74074951,UAV 1,2,1:3001:1807,ENBTR60005,1:1:222:2:8:1:0,0,false,false,false,false,0
ENT72010,move to,LOC_중앙계곡,2026-08-09T09:00:25.000Z,21.37685634,-157.74119588,UAV 1,2,1:3001:1666,ENT72010,1:1:222:1:2:1:0,0,false,false,false,false,0
ENT72008,move to,LOC_중앙계곡,2026-08-09T09:00:25.000Z,21.37694797,-157.74118749,UAV 1,2,1:3001:1520,ENT72008,1:1:222:1:2:1:0,0,false,false,false,false,0
ENT72006,move to,LOC_중앙계곡,2026-08-09T09:00:25.000Z,21.37704443,-157.74117868,UAV 1,2,1:3001:1683,ENT72006,1:1:222:1:2:1:0,0,false,false,false,false,0
ENT72002,move to,LOC_중앙계곡,2026-08-09T09:00:25.000Z,21.37721738,-157.74116287,UAV 1,2,1:3001:1533,ENT72002,1:1:222:1:2:1:0,0,false,false,false,false,0
ENT72004,move to,LOC_중앙계곡,2026-08-09T09:00:25.000Z,21.37713469,-157.74117043,UAV 1,2,1:3001:1643,ENT72004,1:1:222:1:2:1:0,0,false,false,false,false,0
ENM35001,move to,LOC_적북측접근로,2026-08-09T09:00:25.000Z,21.37200380,-157.73888250,UAV 1,2,1:3001:1659,ENM35001,1:1:225:7:1:6:0,0,false,false,false,false,0
ENM35004,move to,LOC_적북측접근로,2026-08-09T09:00:25.000Z,21.37205629,-157.73879257,UAV 1,2,1:3001:1555,ENM35004,1:1:225:7:1:6:0,0,false,false,false,false,0
ENM35002,move to,LOC_적북측접근로,2026-08-09T09:00:25.000Z,21.37203365,-157.73888650,UAV 1,2,1:3001:1645,ENM35002,1:1:225:7:1:6:0,0,false,false,false,false,0
ENM35003,move to,LOC_적북측접근로,2026-08-09T09:00:25.000Z,21.37202592,-157.73878796,UAV 1,2,1:3001:1799,ENM35003,1:1:225:7:1:6:0,0,false,false,false,false,0
ENGAZ002,move to,LOC_적북측접근로,2026-08-09T09:00:25.000Z,21.37200908,-157.73872266,UAV 1,2,1:3001:1626,ENGAZ002,1:1:222:7:8:0:0,0,false,false,false,false,0
ENCAESAR002,move to,LOC_북측예비방어선,2026-08-09T09:00:26.000Z,21.37186309,-157.73928934,UAV 1,2,1:3001:1499,ENCAESAR002,1:1:71:4:0:0:0,0,false,false,false,false,0
ENT72012,move to,LOC_중앙계곡,2026-08-09T09:00:26.000Z,21.37695616,-157.74118706,UAV 1,2,1:3001:1500,ENT72012,1:1:222:1:2:1:0,0,false,false,false,false,0
ENMORT005,none,,2026-08-09T09:00:26.000Z,21.37457651,-157.73710572,UAV 1,2,1:3001:1512,ENMORT005,1:1:71:10:1:0:1,0,false,false,false,false,0
ENMORT004,none,,2026-08-09T09:00:26.000Z,21.37447596,-157.73706256,UAV 1,2,1:3001:1535,ENMORT004,1:1:71:10:1:0:1,0,false,false,false,false,0
ENBTR80004,move to,LOC_중앙계곡,2026-08-09T09:00:26.000Z,21.37480173,-157.74069894,UAV 1,2,1:3001:1584,ENBTR80004,1:1:222:2:13:0:0,0,false,false,false,false,0
ENCAESAR004,move to,LOC_북측예비방어선,2026-08-09T09:00:26.000Z,21.37233052,-157.74047299,UAV 1,2,1:3001:1603,ENCAESAR004,1:1:71:4:0:0:0,0,false,false,false,false,0
ENBTR80006,move to,LOC_중앙계곡,2026-08-09T09:00:26.000Z,21.37490897,-157.74063918,UAV 1,2,1:3001:1633,ENBTR80006,1:1:222:2:13:0:0,0,false,false,false,false,0
ENGAZ003,move to,LOC_적북측접근로,2026-08-09T09:00:26.000Z,21.37197226,-157.73874659,UAV 1,2,1:3001:1654,ENGAZ003,1:1:222:7:8:0:0,0,false,false,false,false,0
ENBTR80003,move to,LOC_중앙계곡,2026-08-09T09:00:26.000Z,21.37499273,-157.74066834,UAV 1,2,1:3001:1658,ENBTR80003,1:1:222:2:13:0:0,0,false,false,false,false,0
ENCAESAR003,move to,LOC_적북측접근로,2026-08-09T09:00:26.000Z,21.37088055,-157.73950891,UAV 1,2,1:3001:1687,ENCAESAR003,1:1:71:4:0:0:0,0,false,false,false,false,0
ENMORT001,none,,2026-08-09T09:00:26.000Z,21.37443553,-157.73716992,UAV 1,2,1:3001:1694,ENMORT001,1:1:71:10:1:0:1,0,false,false,false,false,0
ENBTR60007,move to,LOC_중앙계곡,2026-08-09T09:00:26.000Z,21.37453673,-157.74076195,UAV 1,2,1:3001:1720,ENBTR60007,1:1:222:2:8:1:0,0,false,false,false,false,0
ENBTR60008,move to,LOC_중앙계곡,2026-08-09T09:00:26.000Z,21.37458711,-157.74073052,UAV 1,2,1:3001:1731,ENBTR60008,1:1:222:2:8:1:0,0,false,false,false,false,0
ENBTR80007,move to,LOC_중앙계곡,2026-08-09T09:00:26.000Z,21.37471926,-157.74066982,UAV 1,2,1:3001:1733,ENBTR80007,1:1:222:2:13:0:0,0,false,false,false,false,0
ENMORT002,none,,2026-08-09T09:00:26.000Z,21.37453609,-157.73721308,UAV 1,2,1:3001:1739,ENMORT002,1:1:71:10:1:0:1,0,false,false,false,false,0
ENGAZ004,move to,LOC_적북측접근로,2026-08-09T09:00:26.000Z,21.37198533,-157.73882904,UAV 1,2,1:3001:1743,ENGAZ004,1:1:222:7:8:0:0,0,false,false,false,false,0
ENBTR80005,move to,LOC_중앙계곡,2026-08-09T09:00:26.000Z,21.37484933,-157.74066838,UAV 1,2,1:3001:1751,ENBTR80005,1:1:222:2:13:0:0,0,false,false,false,false,0
ENMIM001,none,,2026-08-09T09:00:26.000Z,21.37133197,-157.74174532,UAV 1,2,1:3001:1760,ENMIM001,1:1:225:28:2:0:0,0,false,false,false,false,0
ENCAESAR001,move to,LOC_적북측접근로,2026-08-09T09:00:26.000Z,21.37119171,-157.74103512,UAV 1,2,1:3001:1765,ENCAESAR001,1:1:71:4:0:0:0,0,false,false,false,false,0
ENMORT003,none,,2026-08-09T09:00:26.000Z,21.37463664,-157.73725624,UAV 1,2,1:3001:1770,ENMORT003,1:1:71:10:1:0:1,0,false,false,false,false,0
ENBTR60005,move to,LOC_중앙계곡,2026-08-09T09:00:26.000Z,21.37466614,-157.74075912,UAV 1,2,1:3001:1807,ENBTR60005,1:1:222:2:8:1:0,0,false,false,false,false,0
ENT72010,move to,LOC_중앙계곡,2026-08-09T09:00:26.000Z,21.37704468,-157.74117895,UAV 1,2,1:3001:1666,ENT72010,1:1:222:1:2:1:0,0,false,false,false,false,0
ENT72008,move to,LOC_중앙계곡,2026-08-09T09:00:26.000Z,21.37713661,-157.74117055,UAV 1,2,1:3001:1520,ENT72008,1:1:222:1:2:1:0,0,false,false,false,false,0
ENT72006,move to,LOC_중앙계곡,2026-08-09T09:00:26.000Z,21.37723295,-157.74116176,UAV 1,2,1:3001:1683,ENT72006,1:1:222:1:2:1:0,0,false,false,false,false,0
ENT72002,move to,LOC_중앙계곡,2026-08-09T09:00:26.000Z,21.37740609,-157.74114597,UAV 1,2,1:3001:1533,ENT72002,1:1:222:1:2:1:0,0,false,false,false,false,0
ENT72004,move to,LOC_중앙계곡,2026-08-09T09:00:26.000Z,21.37732357,-157.74115350,UAV 1,2,1:3001:1643,ENT72004,1:1:222:1:2:1:0,0,false,false,false,false,0
ENM35001,move to,LOC_적북측접근로,2026-08-09T09:00:26.000Z,21.37195777,-157.73907784,UAV 1,2,1:3001:1659,ENM35001,1:1:225:7:1:6:0,0,false,false,false,false,0
ENM35004,move to,LOC_적북측접근로,2026-08-09T09:00:26.000Z,21.37200799,-157.73898870,UAV 1,2,1:3001:1555,ENM35004,1:1:225:7:1:6:0,0,false,false,false,false,0
ENM35002,move to,LOC_적북측접근로,2026-08-09T09:00:26.000Z,21.37198558,-157.73908159,UAV 1,2,1:3001:1645,ENM35002,1:1:225:7:1:6:0,0,false,false,false,false,0
ENM35003,move to,LOC_적북측접근로,2026-08-09T09:00:26.000Z,21.37197962,-157.73898449,UAV 1,2,1:3001:1799,ENM35003,1:1:225:7:1:6:0,0,false,false,false,false,0
ENBTR60002,move to,LOC_중앙계곡,2026-08-09T09:00:26.000Z,21.37476274,-157.74078800,UAV 1,2,1:3001:1693,ENBTR60002,1:1:222:2:8:1:0,0,false,false,false,false,0
ENCAESAR002,move to,LOC_북측예비방어선,2026-08-09T09:00:28.000Z,21.37192369,-157.73944203,UAV 1,2,1:3001:1499,ENCAESAR002,1:1:71:4:0:0:0,0,false,false,false,false,0
ENT72012,move to,LOC_중앙계곡,2026-08-09T09:00:28.000Z,21.37711290,-157.74117296,UAV 1,2,1:3001:1500,ENT72012,1:1:222:1:2:1:0,0,false,false,false,false,0
ENMORT005,none,,2026-08-09T09:00:28.000Z,21.37457651,-157.73710572,UAV 1,2,1:3001:1512,ENMORT005,1:1:71:10:1:0:1,0,false,false,false,false,0
ENMORT004,none,,2026-08-09T09:00:28.000Z,21.37447596,-157.73706256,UAV 1,2,1:3001:1535,ENMORT004,1:1:71:10:1:0:1,0,false,false,false,false,0
ENBTR80004,move to,LOC_중앙계곡,2026-08-09T09:00:28.000Z,21.37495895,-157.74070934,UAV 1,2,1:3001:1584,ENBTR80004,1:1:222:2:13:0:0,0,false,false,false,false,0
ENCAESAR004,move to,LOC_북측예비방어선,2026-08-09T09:00:28.000Z,21.37239275,-157.74062944,UAV 1,2,1:3001:1603,ENCAESAR004,1:1:71:4:0:0:0,0,false,false,false,false,0
ENBTR80006,move to,LOC_중앙계곡,2026-08-09T09:00:28.000Z,21.37506433,-157.74065189,UAV 1,2,1:3001:1633,ENBTR80006,1:1:222:2:13:0:0,0,false,false,false,false,0
ENGAZ003,move to,LOC_적북측접근로,2026-08-09T09:00:28.000Z,21.37193589,-157.73891621,UAV 1,2,1:3001:1654,ENGAZ003,1:1:222:7:8:0:0,0,false,false,false,false,0
ENBTR80003,move to,LOC_중앙계곡,2026-08-09T09:00:28.000Z,21.37515007,-157.74068038,UAV 1,2,1:3001:1658,ENBTR80003,1:1:222:2:13:0:0,0,false,false,false,false,0
ENCAESAR003,move to,LOC_적북측접근로,2026-08-09T09:00:28.000Z,21.37091310,-157.73967034,UAV 1,2,1:3001:1687,ENCAESAR003,1:1:71:4:0:0:0,0,false,false,false,false,0
ENMORT001,none,,2026-08-09T09:00:28.000Z,21.37443553,-157.73716992,UAV 1,2,1:3001:1694,ENMORT001,1:1:71:10:1:0:1,0,false,false,false,false,0
ENBTR60007,move to,LOC_중앙계곡,2026-08-09T09:00:28.000Z,21.37469607,-157.74076968,UAV 1,2,1:3001:1720,ENBTR60007,1:1:222:2:8:1:0,0,false,false,false,false,0
ENBTR60008,move to,LOC_중앙계곡,2026-08-09T09:00:28.000Z,21.37474559,-157.74073942,UAV 1,2,1:3001:1731,ENBTR60008,1:1:222:2:8:1:0,0,false,false,false,false,0
ENBTR80007,move to,LOC_중앙계곡,2026-08-09T09:00:28.000Z,21.37487654,-157.74068106,UAV 1,2,1:3001:1733,ENBTR80007,1:1:222:2:13:0:0,0,false,false,false,false,0
ENMORT002,none,,2026-08-09T09:00:28.000Z,21.37453609,-157.73721308,UAV 1,2,1:3001:1739,ENMORT002,1:1:71:10:1:0:1,0,false,false,false,false,0
ENGAZ004,move to,LOC_적북측접근로,2026-08-09T09:00:28.000Z,21.37194946,-157.73898845,UAV 1,2,1:3001:1743,ENGAZ004,1:1:222:7:8:0:0,0,false,false,false,false,0
ENBTR80005,move to,LOC_중앙계곡,2026-08-09T09:00:28.000Z,21.37500572,-157.74067994,UAV 1,2,1:3001:1751,ENBTR80005,1:1:222:2:13:0:0,0,false,false,false,false,0
ENMIM001,none,,2026-08-09T09:00:28.000Z,21.37133197,-157.74174532,UAV 1,2,1:3001:1760,ENMIM001,1:1:225:28:2:0:0,0,false,false,false,false,0
ENCAESAR001,move to,LOC_적북측접근로,2026-08-09T09:00:28.000Z,21.37122309,-157.74119464,UAV 1,2,1:3001:1765,ENCAESAR001,1:1:71:4:0:0:0,0,false,false,false,false,0
ENMORT003,none,,2026-08-09T09:00:28.000Z,21.37463664,-157.73725624,UAV 1,2,1:3001:1770,ENMORT003,1:1:71:10:1:0:1,0,false,false,false,false,0
ENBTR60005,move to,LOC_중앙계곡,2026-08-09T09:00:28.000Z,21.37482261,-157.74076706,UAV 1,2,1:3001:1807,ENBTR60005,1:1:222:2:8:1:0,0,false,false,false,false,0
ENT72010,move to,LOC_중앙계곡,2026-08-09T09:00:28.000Z,21.37720132,-157.74116488,UAV 1,2,1:3001:1666,ENT72010,1:1:222:1:2:1:0,0,false,false,false,false,0
ENT72008,move to,LOC_중앙계곡,2026-08-09T09:00:28.000Z,21.37729345,-157.74115647,UAV 1,2,1:3001:1520,ENT72008,1:1:222:1:2:1:0,0,false,false,false,false,0
ENT72006,move to,LOC_중앙계곡,2026-08-09T09:00:28.000Z,21.37738964,-157.74114770,UAV 1,2,1:3001:1683,ENT72006,1:1:222:1:2:1:0,0,false,false,false,false,0
ENT72002,move to,LOC_중앙계곡,2026-08-09T09:00:28.000Z,21.37756174,-157.74113203,UAV 1,2,1:3001:1533,ENT72002,1:1:222:1:2:1:0,0,false,false,false,false,0
ENT72004,move to,LOC_중앙계곡,2026-08-09T09:00:28.000Z,21.37747992,-157.74113948,UAV 1,2,1:3001:1643,ENT72004,1:1:222:1:2:1:0,0,false,false,false,false,0
ENM35001,move to,LOC_적북측접근로,2026-08-09T09:00:28.000Z,21.37191943,-157.73924053,UAV 1,2,1:3001:1659,ENM35001,1:1:225:7:1:6:0,0,false,false,false,false,0
ENM35004,move to,LOC_적북측접근로,2026-08-09T09:00:28.000Z,21.37196825,-157.73915008,UAV 1,2,1:3001:1555,ENM35004,1:1:225:7:1:6:0,0,false,false,false,false,0
ENM35002,move to,LOC_적북측접근로,2026-08-09T09:00:28.000Z,21.37194564,-157.73924365,UAV 1,2,1:3001:1645,ENM35002,1:1:225:7:1:6:0,0,false,false,false,false,0
ENM35003,move to,LOC_적북측접근로,2026-08-09T09:00:28.000Z,21.37194145,-157.73914650,UAV 1,2,1:3001:1799,ENM35003,1:1:225:7:1:6:0,0,false,false,false,false,0
ENBTR60006,move to,LOC_중앙계곡,2026-08-09T09:00:28.000Z,21.37488862,-157.74073773,UAV 1,2,1:3001:1568,ENBTR60006,1:1:222:2:8:1:0,0,false,false,false,false,0
ENGAZ002,move to,LOC_적북측접근로,2026-08-09T09:00:28.000Z,21.37192821,-157.73908223,UAV 1,2,1:3001:1626,ENGAZ002,1:1:222:7:8:0:0,0,false,false,false,false,0
ENCAESAR002,move to,LOC_북측예비방어선,2026-08-09T09:00:29.000Z,21.37192369,-157.73944203,UAV 1,2,1:3001:1499,ENCAESAR002,1:1:71:4:0:0:0,0,false,false,false,false,0
ENT72012,move to,LOC_중앙계곡,2026-08-09T09:00:29.000Z,21.37711290,-157.74117296,UAV 1,2,1:3001:1500,ENT72012,1:1:222:1:2:1:0,0,false,false,false,false,0
ENMORT005,none,,2026-08-09T09:00:29.000Z,21.37457651,-157.73710572,UAV 1,2,1:3001:1512,ENMORT005,1:1:71:10:1:0:1,0,false,false,false,false,0
ENMORT004,none,,2026-08-09T09:00:29.000Z,21.37447596,-157.73706256,UAV 1,2,1:3001:1535,ENMORT004,1:1:71:10:1:0:1,0,false,false,false,false,0
ENBTR80004,move to,LOC_중앙계곡,2026-08-09T09:00:29.000Z,21.37495895,-157.74070934,UAV 1,2,1:3001:1584,ENBTR80004,1:1:222:2:13:0:0,0,false,false,false,false,0
ENCAESAR004,move to,LOC_북측예비방어선,2026-08-09T09:00:29.000Z,21.37239275,-157.74062944,UAV 1,2,1:3001:1603,ENCAESAR004,1:1:71:4:0:0:0,0,false,false,false,false,0
ENBTR80006,move to,LOC_중앙계곡,2026-08-09T09:00:29.000Z,21.37506433,-157.74065189,UAV 1,2,1:3001:1633,ENBTR80006,1:1:222:2:13:0:0,0,false,false,false,false,0
ENGAZ003,move to,LOC_적북측접근로,2026-08-09T09:00:29.000Z,21.37193589,-157.73891621,UAV 1,2,1:3001:1654,ENGAZ003,1:1:222:7:8:0:0,0,false,false,false,false,0
ENBTR80003,move to,LOC_중앙계곡,2026-08-09T09:00:29.000Z,21.37515007,-157.74068038,UAV 1,2,1:3001:1658,ENBTR80003,1:1:222:2:13:0:0,0,false,false,false,false,0
ENCAESAR003,move to,LOC_적북측접근로,2026-08-09T09:00:29.000Z,21.37091310,-157.73967034,UAV 1,2,1:3001:1687,ENCAESAR003,1:1:71:4:0:0:0,0,false,false,false,false,0
ENMORT001,none,,2026-08-09T09:00:29.000Z,21.37443553,-157.73716992,UAV 1,2,1:3001:1694,ENMORT001,1:1:71:10:1:0:1,0,false,false,false,false,0
ENBTR60007,move to,LOC_중앙계곡,2026-08-09T09:00:29.000Z,21.37469607,-157.74076968,UAV 1,2,1:3001:1720,ENBTR60007,1:1:222:2:8:1:0,0,false,false,false,false,0
ENBTR60008,move to,LOC_중앙계곡,2026-08-09T09:00:29.000Z,21.37474559,-157.74073942,UAV 1,2,1:3001:1731,ENBTR60008,1:1:222:2:8:1:0,0,false,false,false,false,0
ENBTR80007,move to,LOC_중앙계곡,2026-08-09T09:00:29.000Z,21.37487654,-157.74068106,UAV 1,2,1:3001:1733,ENBTR80007,1:1:222:2:13:0:0,0,false,false,false,false,0
ENMORT002,none,,2026-08-09T09:00:29.000Z,21.37453609,-157.73721308,UAV 1,2,1:3001:1739,ENMORT002,1:1:71:10:1:0:1,0,false,false,false,false,0
ENGAZ004,move to,LOC_적북측접근로,2026-08-09T09:00:29.000Z,21.37194946,-157.73898845,UAV 1,2,1:3001:1743,ENGAZ004,1:1:222:7:8:0:0,0,false,false,false,false,0
ENBTR80005,move to,LOC_중앙계곡,2026-08-09T09:00:29.000Z,21.37500572,-157.74067994,UAV 1,2,1:3001:1751,ENBTR80005,1:1:222:2:13:0:0,0,false,false,false,false,0
ENMIM001,none,,2026-08-09T09:00:29.000Z,21.37133197,-157.74174532,UAV 1,2,1:3001:1760,ENMIM001,1:1:225:28:2:0:0,0,false,false,false,false,0
ENCAESAR001,move to,LOC_적북측접근로,2026-08-09T09:00:29.000Z,21.37122309,-157.74119464,UAV 1,2,1:3001:1765,ENCAESAR001,1:1:71:4:0:0:0,0,false,false,false,false,0
ENMORT003,none,,2026-08-09T09:00:29.000Z,21.37463664,-157.73725624,UAV 1,2,1:3001:1770,ENMORT003,1:1:71:10:1:0:1,0,false,false,false,false,0
ENBTR60005,move to,LOC_중앙계곡,2026-08-09T09:00:29.000Z,21.37482261,-157.74076706,UAV 1,2,1:3001:1807,ENBTR60005,1:1:222:2:8:1:0,0,false,false,false,false,0
ENT72010,move to,LOC_중앙계곡,2026-08-09T09:00:29.000Z,21.37720132,-157.74116488,UAV 1,2,1:3001:1666,ENT72010,1:1:222:1:2:1:0,0,false,false,false,false,0
ENT72008,move to,LOC_중앙계곡,2026-08-09T09:00:29.000Z,21.37729345,-157.74115647,UAV 1,2,1:3001:1520,ENT72008,1:1:222:1:2:1:0,0,false,false,false,false,0
ENT72006,move to,LOC_중앙계곡,2026-08-09T09:00:29.000Z,21.37738964,-157.74114770,UAV 1,2,1:3001:1683,ENT72006,1:1:222:1:2:1:0,0,false,false,false,false,0
ENT72002,move to,LOC_중앙계곡,2026-08-09T09:00:29.000Z,21.37756174,-157.74113203,UAV 1,2,1:3001:1533,ENT72002,1:1:222:1:2:1:0,0,false,false,false,false,0
ENT72004,move to,LOC_중앙계곡,2026-08-09T09:00:29.000Z,21.37747992,-157.74113948,UAV 1,2,1:3001:1643,ENT72004,1:1:222:1:2:1:0,0,false,false,false,false,0
ENM35001,move to,LOC_적북측접근로,2026-08-09T09:00:29.000Z,21.37191943,-157.73924053,UAV 1,2,1:3001:1659,ENM35001,1:1:225:7:1:6:0,0,false,false,false,false,0
ENM35004,move to,LOC_적북측접근로,2026-08-09T09:00:29.000Z,21.37196825,-157.73915008,UAV 1,2,1:3001:1555,ENM35004,1:1:225:7:1:6:0,0,false,false,false,false,0
ENM35002,move to,LOC_적북측접근로,2026-08-09T09:00:29.000Z,21.37194564,-157.73924365,UAV 1,2,1:3001:1645,ENM35002,1:1:225:7:1:6:0,0,false,false,false,false,0
ENM35003,move to,LOC_적북측접근로,2026-08-09T09:00:29.000Z,21.37194145,-157.73914650,UAV 1,2,1:3001:1799,ENM35003,1:1:225:7:1:6:0,0,false,false,false,false,0
ENBTR60006,move to,LOC_중앙계곡,2026-08-09T09:00:29.000Z,21.37488862,-157.74073773,UAV 1,2,1:3001:1568,ENBTR60006,1:1:222:2:8:1:0,0,false,false,false,false,0
ENGAZ002,move to,LOC_적북측접근로,2026-08-09T09:00:29.000Z,21.37192821,-157.73908223,UAV 1,2,1:3001:1626,ENGAZ002,1:1:222:7:8:0:0,0,false,false,false,false,0
ENCAESAR002,move to,LOC_북측예비방어선,2026-08-09T09:00:30.000Z,21.37200419,-157.73964487,UAV 1,2,1:3001:1499,ENCAESAR002,1:1:71:4:0:0:0,0,false,false,false,false,0
ENT72012,move to,LOC_중앙계곡,2026-08-09T09:00:30.000Z,21.37732193,-157.74115416,UAV 1,2,1:3001:1500,ENT72012,1:1:222:1:2:1:0,0,false,false,false,false,0
ENMORT005,none,,2026-08-09T09:00:30.000Z,21.37457651,-157.73710572,UAV 1,2,1:3001:1512,ENMORT005,1:1:71:10:1:0:1,0,false,false,false,false,0
ENMORT004,none,,2026-08-09T09:00:30.000Z,21.37447596,-157.73706256,UAV 1,2,1:3001:1535,ENMORT004,1:1:71:10:1:0:1,0,false,false,false,false,0
ENBTR80004,move to,LOC_중앙계곡,2026-08-09T09:00:30.000Z,21.37516779,-157.74072315,UAV 1,2,1:3001:1584,ENBTR80004,1:1:222:2:13:0:0,0,false,false,false,false,0
ENCAESAR004,move to,LOC_북측예비방어선,2026-08-09T09:00:30.000Z,21.37247514,-157.74083658,UAV 1,2,1:3001:1603,ENCAESAR004,1:1:71:4:0:0:0,0,false,false,false,false,0
ENBTR80006,move to,LOC_중앙계곡,2026-08-09T09:00:30.000Z,21.37527549,-157.74066917,UAV 1,2,1:3001:1633,ENBTR80006,1:1:222:2:13:0:0,0,false,false,false,false,0
ENGAZ003,move to,LOC_적북측접근로,2026-08-09T09:00:30.000Z,21.37189019,-157.73912935,UAV 1,2,1:3001:1654,ENGAZ003,1:1:222:7:8:0:0,0,false,false,false,false,0
ENBTR80003,move to,LOC_중앙계곡,2026-08-09T09:00:30.000Z,21.37535819,-157.74069629,UAV 1,2,1:3001:1658,ENBTR80003,1:1:222:2:13:0:0,0,false,false,false,false,0
ENCAESAR003,move to,LOC_적북측접근로,2026-08-09T09:00:30.000Z,21.37095601,-157.73988321,UAV 1,2,1:3001:1687,ENCAESAR003,1:1:71:4:0:0:0,0,false,false,false,false,0
ENMORT001,none,,2026-08-09T09:00:30.000Z,21.37443553,-157.73716992,UAV 1,2,1:3001:1694,ENMORT001,1:1:71:10:1:0:1,0,false,false,false,false,0
ENBTR60007,move to,LOC_중앙계곡,2026-08-09T09:00:30.000Z,21.37490407,-157.74077977,UAV 1,2,1:3001:1720,ENBTR60007,1:1:222:2:8:1:0,0,false,false,false,false,0
ENBTR60008,move to,LOC_중앙계곡,2026-08-09T09:00:30.000Z,21.37495426,-157.74075113,UAV 1,2,1:3001:1731,ENBTR60008,1:1:222:2:8:1:0,0,false,false,false,false,0
ENBTR80007,move to,LOC_중앙계곡,2026-08-09T09:00:30.000Z,21.37508530,-157.74069598,UAV 1,2,1:3001:1733,ENBTR80007,1:1:222:2:13:0:0,0,false,false,false,false,0
ENMORT002,none,,2026-08-09T09:00:30.000Z,21.37453609,-157.73721308,UAV 1,2,1:3001:1739,ENMORT002,1:1:71:10:1:0:1,0,false,false,false,false,0
ENGAZ004,move to,LOC_적북측접근로,2026-08-09T09:00:30.000Z,21.37190000,-157.73920831,UAV 1,2,1:3001:1743,ENGAZ004,1:1:222:7:8:0:0,0,false,false,false,false,0
ENBTR80005,move to,LOC_중앙계곡,2026-08-09T09:00:30.000Z,21.37521476,-157.74069540,UAV 1,2,1:3001:1751,ENBTR80005,1:1:222:2:13:0:0,0,false,false,false,false,0
ENMIM001,none,,2026-08-09T09:00:30.000Z,21.37133197,-157.74174532,UAV 1,2,1:3001:1760,ENMIM001,1:1:225:28:2:0:0,0,false,false,false,false,0
ENCAESAR001,move to,LOC_적북측접근로,2026-08-09T09:00:30.000Z,21.37126548,-157.74141019,UAV 1,2,1:3001:1765,ENCAESAR001,1:1:71:4:0:0:0,0,false,false,false,false,0
ENMORT003,none,,2026-08-09T09:00:30.000Z,21.37463664,-157.73725624,UAV 1,2,1:3001:1770,ENMORT003,1:1:71:10:1:0:1,0,false,false,false,false,0
ENBTR60005,move to,LOC_중앙계곡,2026-08-09T09:00:30.000Z,21.37503186,-157.74077769,UAV 1,2,1:3001:1807,ENBTR60005,1:1:222:2:8:1:0,0,false,false,false,false,0
ENT72010,move to,LOC_중앙계곡,2026-08-09T09:00:30.000Z,21.37741016,-157.74114611,UAV 1,2,1:3001:1666,ENT72010,1:1:222:1:2:1:0,0,false,false,false,false,0
ENT72008,move to,LOC_중앙계곡,2026-08-09T09:00:30.000Z,21.37750200,-157.74113774,UAV 1,2,1:3001:1520,ENT72008,1:1:222:1:2:1:0,0,false,false,false,false,0
ENT72006,move to,LOC_중앙계곡,2026-08-09T09:00:30.000Z,21.37759762,-157.74112904,UAV 1,2,1:3001:1683,ENT72006,1:1:222:1:2:1:0,0,false,false,false,false,0
ENT72004,move to,LOC_중앙계곡,2026-08-09T09:00:30.000Z,21.37768786,-157.74112084,UAV 1,2,1:3001:1643,ENT72004,1:1:222:1:2:1:0,0,false,false,false,false,0
ENM35004,move to,LOC_적북측접근로,2026-08-09T09:00:30.000Z,21.37191508,-157.73936601,UAV 1,2,1:3001:1555,ENM35004,1:1:225:7:1:6:0,0,false,false,false,false,0
ENM35002,move to,LOC_적북측접근로,2026-08-09T09:00:30.000Z,21.37189292,-157.73945757,UAV 1,2,1:3001:1645,ENM35002,1:1:225:7:1:6:0,0,false,false,false,false,0
ENGAZ002,move to,LOC_적북측접근로,2026-08-09T09:00:30.000Z,21.37187945,-157.73929900,UAV 1,2,1:3001:1626,ENGAZ002,1:1:222:7:8:0:0,0,false,false,false,false,0
ENCAESAR002,move to,LOC_북측예비방어선,2026-08-09T09:00:31.000Z,21.37200419,-157.73964487,UAV 1,2,1:3001:1499,ENCAESAR002,1:1:71:4:0:0:0,0,false,false,false,false,0
ENT72012,move to,LOC_중앙계곡,2026-08-09T09:00:31.000Z,21.37732193,-157.74115416,UAV 1,2,1:3001:1500,ENT72012,1:1:222:1:2:1:0,0,false,false,false,false,0
ENMORT005,none,,2026-08-09T09:00:31.000Z,21.37457651,-157.73710572,UAV 1,2,1:3001:1512,ENMORT005,1:1:71:10:1:0:1,0,false,false,false,false,0
ENMORT004,none,,2026-08-09T09:00:31.000Z,21.37447596,-157.73706256,UAV 1,2,1:3001:1535,ENMORT004,1:1:71:10:1:0:1,0,false,false,false,false,0
ENBTR80004,move to,LOC_중앙계곡,2026-08-09T09:00:31.000Z,21.37516779,-157.74072315,UAV 1,2,1:3001:1584,ENBTR80004,1:1:222:2:13:0:0,0,false,false,false,false,0
ENCAESAR004,move to,LOC_북측예비방어선,2026-08-09T09:00:31.000Z,21.37247514,-157.74083658,UAV 1,2,1:3001:1603,ENCAESAR004,1:1:71:4:0:0:0,0,false,false,false,false,0
ENBTR80006,move to,LOC_중앙계곡,2026-08-09T09:00:31.000Z,21.37527549,-157.74066917,UAV 1,2,1:3001:1633,ENBTR80006,1:1:222:2:13:0:0,0,false,false,false,false,0
ENGAZ003,move to,LOC_적북측접근로,2026-08-09T09:00:31.000Z,21.37189019,-157.73912935,UAV 1,2,1:3001:1654,ENGAZ003,1:1:222:7:8:0:0,0,false,false,false,false,0
ENBTR80003,move to,LOC_중앙계곡,2026-08-09T09:00:31.000Z,21.37535819,-157.74069629,UAV 1,2,1:3001:1658,ENBTR80003,1:1:222:2:13:0:0,0,false,false,false,false,0
ENCAESAR003,move to,LOC_적북측접근로,2026-08-09T09:00:31.000Z,21.37095601,-157.73988321,UAV 1,2,1:3001:1687,ENCAESAR003,1:1:71:4:0:0:0,0,false,false,false,false,0
ENMORT001,none,,2026-08-09T09:00:31.000Z,21.37443553,-157.73716992,UAV 1,2,1:3001:1694,ENMORT001,1:1:71:10:1:0:1,0,false,false,false,false,0
ENBTR60007,move to,LOC_중앙계곡,2026-08-09T09:00:31.000Z,21.37490407,-157.74077977,UAV 1,2,1:3001:1720,ENBTR60007,1:1:222:2:8:1:0,0,false,false,false,false,0
ENBTR60008,move to,LOC_중앙계곡,2026-08-09T09:00:31.000Z,21.37495426,-157.74075113,UAV 1,2,1:3001:1731,ENBTR60008,1:1:222:2:8:1:0,0,false,false,false,false,0
ENBTR80007,move to,LOC_중앙계곡,2026-08-09T09:00:31.000Z,21.37508530,-157.74069598,UAV 1,2,1:3001:1733,ENBTR80007,1:1:222:2:13:0:0,0,false,false,false,false,0
ENMORT002,none,,2026-08-09T09:00:31.000Z,21.37453609,-157.73721308,UAV 1,2,1:3001:1739,ENMORT002,1:1:71:10:1:0:1,0,false,false,false,false,0
ENGAZ004,move to,LOC_적북측접근로,2026-08-09T09:00:31.000Z,21.37190000,-157.73920831,UAV 1,2,1:3001:1743,ENGAZ004,1:1:222:7:8:0:0,0,false,false,false,false,0
ENBTR80005,move to,LOC_중앙계곡,2026-08-09T09:00:31.000Z,21.37521476,-157.74069540,UAV 1,2,1:3001:1751,ENBTR80005,1:1:222:2:13:0:0,0,false,false,false,false,0
ENMIM001,none,,2026-08-09T09:00:31.000Z,21.37133197,-157.74174532,UAV 1,2,1:3001:1760,ENMIM001,1:1:225:28:2:0:0,0,false,false,false,false,0
ENCAESAR001,move to,LOC_적북측접근로,2026-08-09T09:00:31.000Z,21.37126548,-157.74141019,UAV 1,2,1:3001:1765,ENCAESAR001,1:1:71:4:0:0:0,0,false,false,false,false,0
ENMORT003,none,,2026-08-09T09:00:31.000Z,21.37463664,-157.73725624,UAV 1,2,1:3001:1770,ENMORT003,1:1:71:10:1:0:1,0,false,false,false,false,0
ENBTR60005,move to,LOC_중앙계곡,2026-08-09T09:00:31.000Z,21.37503186,-157.74077769,UAV 1,2,1:3001:1807,ENBTR60005,1:1:222:2:8:1:0,0,false,false,false,false,0
ENT72010,move to,LOC_중앙계곡,2026-08-09T09:00:31.000Z,21.37741016,-157.74114611,UAV 1,2,1:3001:1666,ENT72010,1:1:222:1:2:1:0,0,false,false,false,false,0
ENT72008,move to,LOC_중앙계곡,2026-08-09T09:00:31.000Z,21.37750200,-157.74113774,UAV 1,2,1:3001:1520,ENT72008,1:1:222:1:2:1:0,0,false,false,false,false,0
ENT72006,move to,LOC_중앙계곡,2026-08-09T09:00:31.000Z,21.37759762,-157.74112904,UAV 1,2,1:3001:1683,ENT72006,1:1:222:1:2:1:0,0,false,false,false,false,0
ENT72004,move to,LOC_중앙계곡,2026-08-09T09:00:31.000Z,21.37768786,-157.74112084,UAV 1,2,1:3001:1643,ENT72004,1:1:222:1:2:1:0,0,false,false,false,false,0
ENM35004,move to,LOC_적북측접근로,2026-08-09T09:00:31.000Z,21.37191508,-157.73936601,UAV 1,2,1:3001:1555,ENM35004,1:1:225:7:1:6:0,0,false,false,false,false,0
ENM35002,move to,LOC_적북측접근로,2026-08-09T09:00:31.000Z,21.37189292,-157.73945757,UAV 1,2,1:3001:1645,ENM35002,1:1:225:7:1:6:0,0,false,false,false,false,0
ENGAZ002,move to,LOC_적북측접근로,2026-08-09T09:00:31.000Z,21.37187945,-157.73929900,UAV 1,2,1:3001:1626,ENGAZ002,1:1:222:7:8:0:0,0,false,false,false,false,0
ENCAESAR002,move to,LOC_북측예비방어선,2026-08-09T09:00:32.000Z,21.37206934,-157.73980903,UAV 1,2,1:3001:1499,ENCAESAR002,1:1:71:4:0:0:0,0,false,false,false,false,0
ENT72012,move to,LOC_중앙계곡,2026-08-09T09:00:32.000Z,21.37748751,-157.74113927,UAV 1,2,1:3001:1500,ENT72012,1:1:222:1:2:1:0,0,false,false,false,false,0
ENMORT005,none,,2026-08-09T09:00:32.000Z,21.37457651,-157.73710572,UAV 1,2,1:3001:1512,ENMORT005,1:1:71:10:1:0:1,0,false,false,false,false,0
ENMORT004,none,,2026-08-09T09:00:32.000Z,21.37447596,-157.73706256,UAV 1,2,1:3001:1535,ENMORT004,1:1:71:10:1:0:1,0,false,false,false,false,0
ENBTR80004,move to,LOC_중앙계곡,2026-08-09T09:00:32.000Z,21.37533338,-157.74073410,UAV 1,2,1:3001:1584,ENBTR80004,1:1:222:2:13:0:0,0,false,false,false,false,0
ENCAESAR004,move to,LOC_북측예비방어선,2026-08-09T09:00:32.000Z,21.37253972,-157.74099894,UAV 1,2,1:3001:1603,ENCAESAR004,1:1:71:4:0:0:0,0,false,false,false,false,0
ENBTR80006,move to,LOC_중앙계곡,2026-08-09T09:00:32.000Z,21.37543944,-157.74068258,UAV 1,2,1:3001:1633,ENBTR80006,1:1:222:2:13:0:0,0,false,false,false,false,0
ENGAZ003,move to,LOC_적북측접근로,2026-08-09T09:00:32.000Z,21.37185292,-157.73930319,UAV 1,2,1:3001:1654,ENGAZ003,1:1:222:7:8:0:0,0,false,false,false,false,0
ENBTR80003,move to,LOC_중앙계곡,2026-08-09T09:00:32.000Z,21.37552384,-157.74070896,UAV 1,2,1:3001:1658,ENBTR80003,1:1:222:2:13:0:0,0,false,false,false,false,0
ENCAESAR003,move to,LOC_적북측접근로,2026-08-09T09:00:32.000Z,21.37099077,-157.74005562,UAV 1,2,1:3001:1687,ENCAESAR003,1:1:71:4:0:0:0,0,false,false,false,false,0
ENMORT001,none,,2026-08-09T09:00:32.000Z,21.37443553,-157.73716992,UAV 1,2,1:3001:1694,ENMORT001,1:1:71:10:1:0:1,0,false,false,false,false,0
ENBTR60007,move to,LOC_중앙계곡,2026-08-09T09:00:32.000Z,21.37507038,-157.74078784,UAV 1,2,1:3001:1720,ENBTR60007,1:1:222:2:8:1:0,0,false,false,false,false,0
ENBTR60008,move to,LOC_중앙계곡,2026-08-09T09:00:32.000Z,21.37512035,-157.74076046,UAV 1,2,1:3001:1731,ENBTR60008,1:1:222:2:8:1:0,0,false,false,false,false,0
ENBTR80007,move to,LOC_중앙계곡,2026-08-09T09:00:32.000Z,21.37525116,-157.74070783,UAV 1,2,1:3001:1733,ENBTR80007,1:1:222:2:13:0:0,0,false,false,false,false,0
ENMORT002,none,,2026-08-09T09:00:32.000Z,21.37453609,-157.73721308,UAV 1,2,1:3001:1739,ENMORT002,1:1:71:10:1:0:1,0,false,false,false,false,0
ENGAZ004,move to,LOC_적북측접근로,2026-08-09T09:00:32.000Z,21.37186161,-157.73937894,UAV 1,2,1:3001:1743,ENGAZ004,1:1:222:7:8:0:0,0,false,false,false,false,0
ENBTR80005,move to,LOC_중앙계곡,2026-08-09T09:00:32.000Z,21.37538030,-157.74070764,UAV 1,2,1:3001:1751,ENBTR80005,1:1:222:2:13:0:0,0,false,false,false,false,0
ENMIM001,none,,2026-08-09T09:00:32.000Z,21.37133197,-157.74174532,UAV 1,2,1:3001:1760,ENMIM001,1:1:225:28:2:0:0,0,false,false,false,false,0
ENCAESAR001,move to,LOC_적북측접근로,2026-08-09T09:00:32.000Z,21.37129481,-157.74155931,UAV 1,2,1:3001:1765,ENCAESAR001,1:1:71:4:0:0:0,0,false,false,false,false,0
ENMORT003,none,,2026-08-09T09:00:32.000Z,21.37463664,-157.73725624,UAV 1,2,1:3001:1770,ENMORT003,1:1:71:10:1:0:1,0,false,false,false,false,0
ENBTR60005,move to,LOC_중앙계곡,2026-08-09T09:00:32.000Z,21.37519794,-157.74078613,UAV 1,2,1:3001:1807,ENBTR60005,1:1:222:2:8:1:0,0,false,false,false,false,0
ENT72010,move to,LOC_중앙계곡,2026-08-09T09:00:32.000Z,21.37757538,-157.74113126,UAV 1,2,1:3001:1666,ENT72010,1:1:222:1:2:1:0,0,false,false,false,false,0
ENM35004,move to,LOC_적북측접근로,2026-08-09T09:00:32.000Z,21.37187328,-157.73953572,UAV 1,2,1:3001:1555,ENM35004,1:1:225:7:1:6:0,0,false,false,false,false,0
ENM35002,move to,LOC_적북측접근로,2026-08-09T09:00:32.000Z,21.37185086,-157.73962826,UAV 1,2,1:3001:1645,ENM35002,1:1:225:7:1:6:0,0,false,false,false,false,0
ENGAZ002,move to,LOC_적북측접근로,2026-08-09T09:00:32.000Z,21.37184096,-157.73947014,UAV 1,2,1:3001:1626,ENGAZ002,1:1:222:7:8:0:0,0,false,false,false,false,0
ENBTR60001,move to,LOC_중앙계곡,2026-08-09T09:00:32.000Z,21.37523168,-157.74083909,UAV 1,2,1:3001:1507,ENBTR60001,1:1:222:2:8:1:0,0,false,false,false,false,0
ENBTR60006,move to,LOC_중앙계곡,2026-08-09T09:00:32.000Z,21.37526408,-157.74075966,UAV 1,2,1:3001:1568,ENBTR60006,1:1:222:2:8:1:0,0,false,false,false,false,0
ENBTR60003,move to,LOC_중앙계곡,2026-08-09T09:00:32.000Z,21.37535521,-157.74078565,UAV 1,2,1:3001:1590,ENBTR60003,1:1:222:2:8:1:0,0,false,false,false,false,0
ENCAESAR002,move to,LOC_북측예비방어선,2026-08-09T09:00:33.000Z,21.37206934,-157.73980903,UAV 1,2,1:3001:1499,ENCAESAR002,1:1:71:4:0:0:0,0,false,false,false,false,0
ENT72012,move to,LOC_중앙계곡,2026-08-09T09:00:33.000Z,21.37748751,-157.74113927,UAV 1,2,1:3001:1500,ENT72012,1:1:222:1:2:1:0,0,false,false,false,false,0
ENMORT005,none,,2026-08-09T09:00:33.000Z,21.37457651,-157.73710572,UAV 1,2,1:3001:1512,ENMORT005,1:1:71:10:1:0:1,0,false,false,false,false,0
ENMORT004,none,,2026-08-09T09:00:33.000Z,21.37447596,-157.73706256,UAV 1,2,1:3001:1535,ENMORT004,1:1:71:10:1:0:1,0,false,false,false,false,0
ENBTR80004,move to,LOC_중앙계곡,2026-08-09T09:00:33.000Z,21.37533338,-157.74073410,UAV 1,2,1:3001:1584,ENBTR80004,1:1:222:2:13:0:0,0,false,false,false,false,0
ENCAESAR004,move to,LOC_북측예비방어선,2026-08-09T09:00:33.000Z,21.37253972,-157.74099894,UAV 1,2,1:3001:1603,ENCAESAR004,1:1:71:4:0:0:0,0,false,false,false,false,0
ENBTR80006,move to,LOC_중앙계곡,2026-08-09T09:00:33.000Z,21.37543944,-157.74068258,UAV 1,2,1:3001:1633,ENBTR80006,1:1:222:2:13:0:0,0,false,false,false,false,0
ENGAZ003,move to,LOC_적북측접근로,2026-08-09T09:00:33.000Z,21.37185292,-157.73930319,UAV 1,2,1:3001:1654,ENGAZ003,1:1:222:7:8:0:0,0,false,false,false,false,0
ENBTR80003,move to,LOC_중앙계곡,2026-08-09T09:00:33.000Z,21.37552384,-157.74070896,UAV 1,2,1:3001:1658,ENBTR80003,1:1:222:2:13:0:0,0,false,false,false,false,0
ENCAESAR003,move to,LOC_적북측접근로,2026-08-09T09:00:33.000Z,21.37099077,-157.74005562,UAV 1,2,1:3001:1687,ENCAESAR003,1:1:71:4:0:0:0,0,false,false,false,false,0
ENMORT001,none,,2026-08-09T09:00:33.000Z,21.37443553,-157.73716992,UAV 1,2,1:3001:1694,ENMORT001,1:1:71:10:1:0:1,0,false,false,false,false,0
ENBTR60007,move to,LOC_중앙계곡,2026-08-09T09:00:33.000Z,21.37507038,-157.74078784,UAV 1,2,1:3001:1720,ENBTR60007,1:1:222:2:8:1:0,0,false,false,false,false,0
ENBTR60008,move to,LOC_중앙계곡,2026-08-09T09:00:33.000Z,21.37512035,-157.74076046,UAV 1,2,1:3001:1731,ENBTR60008,1:1:222:2:8:1:0,0,false,false,false,false,0
ENBTR80007,move to,LOC_중앙계곡,2026-08-09T09:00:33.000Z,21.37525116,-157.74070783,UAV 1,2,1:3001:1733,ENBTR80007,1:1:222:2:13:0:0,0,false,false,false,false,0
ENMORT002,none,,2026-08-09T09:00:33.000Z,21.37453609,-157.73721308,UAV 1,2,1:3001:1739,ENMORT002,1:1:71:10:1:0:1,0,false,false,false,false,0
ENGAZ004,move to,LOC_적북측접근로,2026-08-09T09:00:33.000Z,21.37186161,-157.73937894,UAV 1,2,1:3001:1743,ENGAZ004,1:1:222:7:8:0:0,0,false,false,false,false,0
ENBTR80005,move to,LOC_중앙계곡,2026-08-09T09:00:33.000Z,21.37538030,-157.74070764,UAV 1,2,1:3001:1751,ENBTR80005,1:1:222:2:13:0:0,0,false,false,false,false,0
ENMIM001,none,,2026-08-09T09:00:33.000Z,21.37133197,-157.74174532,UAV 1,2,1:3001:1760,ENMIM001,1:1:225:28:2:0:0,0,false,false,false,false,0
ENCAESAR001,move to,LOC_적북측접근로,2026-08-09T09:00:33.000Z,21.37129481,-157.74155931,UAV 1,2,1:3001:1765,ENCAESAR001,1:1:71:4:0:0:0,0,false,false,false,false,0
ENMORT003,none,,2026-08-09T09:00:33.000Z,21.37463664,-157.73725624,UAV 1,2,1:3001:1770,ENMORT003,1:1:71:10:1:0:1,0,false,false,false,false,0
ENBTR60005,move to,LOC_중앙계곡,2026-08-09T09:00:33.000Z,21.37519794,-157.74078613,UAV 1,2,1:3001:1807,ENBTR60005,1:1:222:2:8:1:0,0,false,false,false,false,0
ENT72010,move to,LOC_중앙계곡,2026-08-09T09:00:33.000Z,21.37757538,-157.74113126,UAV 1,2,1:3001:1666,ENT72010,1:1:222:1:2:1:0,0,false,false,false,false,0
ENM35004,move to,LOC_적북측접근로,2026-08-09T09:00:33.000Z,21.37187328,-157.73953572,UAV 1,2,1:3001:1555,ENM35004,1:1:225:7:1:6:0,0,false,false,false,false,0
ENM35002,move to,LOC_적북측접근로,2026-08-09T09:00:33.000Z,21.37185086,-157.73962826,UAV 1,2,1:3001:1645,ENM35002,1:1:225:7:1:6:0,0,false,false,false,false,0
ENGAZ002,move to,LOC_적북측접근로,2026-08-09T09:00:33.000Z,21.37184096,-157.73947014,UAV 1,2,1:3001:1626,ENGAZ002,1:1:222:7:8:0:0,0,false,false,false,false,0
ENBTR60001,move to,LOC_중앙계곡,2026-08-09T09:00:33.000Z,21.37523168,-157.74083909,UAV 1,2,1:3001:1507,ENBTR60001,1:1:222:2:8:1:0,0,false,false,false,false,0
ENBTR60006,move to,LOC_중앙계곡,2026-08-09T09:00:33.000Z,21.37526408,-157.74075966,UAV 1,2,1:3001:1568,ENBTR60006,1:1:222:2:8:1:0,0,false,false,false,false,0
ENBTR60003,move to,LOC_중앙계곡,2026-08-09T09:00:33.000Z,21.37535521,-157.74078565,UAV 1,2,1:3001:1590,ENBTR60003,1:1:222:2:8:1:0,0,false,false,false,false,0
ENCAESAR002,move to,LOC_북측예비방어선,2026-08-09T09:00:34.000Z,21.37214058,-157.73998853,UAV 1,2,1:3001:1499,ENCAESAR002,1:1:71:4:0:0:0,0,false,false,false,false,0
ENMORT005,none,,2026-08-09T09:00:34.000Z,21.37457651,-157.73710572,UAV 1,2,1:3001:1512,ENMORT005,1:1:71:10:1:0:1,0,false,false,false,false,0
ENMORT004,none,,2026-08-09T09:00:34.000Z,21.37447596,-157.73706256,UAV 1,2,1:3001:1535,ENMORT004,1:1:71:10:1:0:1,0,false,false,false,false,0
ENBTR80004,move to,LOC_중앙계곡,2026-08-09T09:00:34.000Z,21.37551541,-157.74074614,UAV 1,2,1:3001:1584,ENBTR80004,1:1:222:2:13:0:0,0,false,false,false,false,0
ENCAESAR004,move to,LOC_북측예비방어선,2026-08-09T09:00:34.000Z,21.37260800,-157.74117059,UAV 1,2,1:3001:1603,ENCAESAR004,1:1:71:4:0:0:0,0,false,false,false,false,0
ENBTR80006,move to,LOC_중앙계곡,2026-08-09T09:00:34.000Z,21.37562198,-157.74069752,UAV 1,2,1:3001:1633,ENBTR80006,1:1:222:2:13:0:0,0,false,false,false,false,0
ENGAZ003,move to,LOC_적북측접근로,2026-08-09T09:00:34.000Z,21.37181240,-157.73949218,UAV 1,2,1:3001:1654,ENGAZ003,1:1:222:7:8:0:0,0,false,false,false,false,0
ENBTR80003,move to,LOC_중앙계곡,2026-08-09T09:00:34.000Z,21.37570612,-157.74072290,UAV 1,2,1:3001:1658,ENBTR80003,1:1:222:2:13:0:0,0,false,false,false,false,0
ENCAESAR003,move to,LOC_적북측접근로,2026-08-09T09:00:34.000Z,21.37102722,-157.74023642,UAV 1,2,1:3001:1687,ENCAESAR003,1:1:71:4:0:0:0,0,false,false,false,false,0
ENMORT001,none,,2026-08-09T09:00:34.000Z,21.37443553,-157.73716992,UAV 1,2,1:3001:1694,ENMORT001,1:1:71:10:1:0:1,0,false,false,false,false,0
ENBTR60007,move to,LOC_중앙계곡,2026-08-09T09:00:34.000Z,21.37525293,-157.74079669,UAV 1,2,1:3001:1720,ENBTR60007,1:1:222:2:8:1:0,0,false,false,false,false,0
ENBTR60008,move to,LOC_중앙계곡,2026-08-09T09:00:34.000Z,21.37530265,-157.74077069,UAV 1,2,1:3001:1731,ENBTR60008,1:1:222:2:8:1:0,0,false,false,false,false,0
ENBTR80007,move to,LOC_중앙계곡,2026-08-09T09:00:34.000Z,21.37543321,-157.74072084,UAV 1,2,1:3001:1733,ENBTR80007,1:1:222:2:13:0:0,0,false,false,false,false,0
ENMORT002,none,,2026-08-09T09:00:34.000Z,21.37453609,-157.73721308,UAV 1,2,1:3001:1739,ENMORT002,1:1:71:10:1:0:1,0,false,false,false,false,0
ENGAZ004,move to,LOC_적북측접근로,2026-08-09T09:00:34.000Z,21.37181914,-157.73956773,UAV 1,2,1:3001:1743,ENGAZ004,1:1:222:7:8:0:0,0,false,false,false,false,0
ENBTR80005,move to,LOC_중앙계곡,2026-08-09T09:00:34.000Z,21.37556236,-157.74072110,UAV 1,2,1:3001:1751,ENBTR80005,1:1:222:2:13:0:0,0,false,false,false,false,0
ENMIM001,none,,2026-08-09T09:00:34.000Z,21.37133197,-157.74174532,UAV 1,2,1:3001:1760,ENMIM001,1:1:225:28:2:0:0,0,false,false,false,false,0
ENCAESAR001,move to,LOC_적북측접근로,2026-08-09T09:00:34.000Z,21.37129979,-157.74158466,UAV 1,2,1:3001:1765,ENCAESAR001,1:1:71:4:0:0:0,0,false,false,false,false,0
ENMORT003,none,,2026-08-09T09:00:34.000Z,21.37463664,-157.73725624,UAV 1,2,1:3001:1770,ENMORT003,1:1:71:10:1:0:1,0,false,false,false,false,0
ENBTR60005,move to,LOC_중앙계곡,2026-08-09T09:00:34.000Z,21.37538027,-157.74079539,UAV 1,2,1:3001:1807,ENBTR60005,1:1:222:2:8:1:0,0,false,false,false,false,0
ENM35004,move to,LOC_적북측접근로,2026-08-09T09:00:34.000Z,21.37182687,-157.73972418,UAV 1,2,1:3001:1555,ENM35004,1:1:225:7:1:6:0,0,false,false,false,false,0
ENM35002,move to,LOC_적북측접근로,2026-08-09T09:00:34.000Z,21.37180450,-157.73981636,UAV 1,2,1:3001:1645,ENM35002,1:1:225:7:1:6:0,0,false,false,false,false,0
ENGAZ002,move to,LOC_적북측접근로,2026-08-09T09:00:34.000Z,21.37179850,-157.73965896,UAV 1,2,1:3001:1626,ENGAZ002,1:1:222:7:8:0:0,0,false,false,false,false,0
ENBTR60001,move to,LOC_중앙계곡,2026-08-09T09:00:34.000Z,21.37541405,-157.74084598,UAV 1,2,1:3001:1507,ENBTR60001,1:1:222:2:8:1:0,0,false,false,false,false,0
ENBTR60006,move to,LOC_중앙계곡,2026-08-09T09:00:34.000Z,21.37544619,-157.74077030,UAV 1,2,1:3001:1568,ENBTR60006,1:1:222:2:8:1:0,0,false,false,false,false,0
ENBTR60003,move to,LOC_중앙계곡,2026-08-09T09:00:34.000Z,21.37553745,-157.74079531,UAV 1,2,1:3001:1590,ENBTR60003,1:1:222:2:8:1:0,0,false,false,false,false,0
ENBTR60002,move to,LOC_중앙계곡,2026-08-09T09:00:34.000Z,21.37547718,-157.74082039,UAV 1,2,1:3001:1693,ENBTR60002,1:1:222:2:8:1:0,0,false,false,false,false,0
ENCAESAR002,move to,LOC_북측예비방어선,2026-08-09T09:00:35.000Z,21.37221104,-157.74016604,UAV 1,2,1:3001:1499,ENCAESAR002,1:1:71:4:0:0:0,0,false,false,false,false,0
ENMORT005,none,,2026-08-09T09:00:35.000Z,21.37457651,-157.73710572,UAV 1,2,1:3001:1512,ENMORT005,1:1:71:10:1:0:1,0,false,false,false,false,0
ENMORT004,none,,2026-08-09T09:00:35.000Z,21.37447596,-157.73706256,UAV 1,2,1:3001:1535,ENMORT004,1:1:71:10:1:0:1,0,false,false,false,false,0
ENBTR80004,move to,LOC_중앙계곡,2026-08-09T09:00:35.000Z,21.37569514,-157.74075803,UAV 1,2,1:3001:1584,ENBTR80004,1:1:222:2:13:0:0,0,false,false,false,false,0
ENCAESAR004,move to,LOC_북측예비방어선,2026-08-09T09:00:35.000Z,21.37268088,-157.74135380,UAV 1,2,1:3001:1603,ENCAESAR004,1:1:71:4:0:0:0,0,false,false,false,false,0
ENBTR80006,move to,LOC_중앙계곡,2026-08-09T09:00:35.000Z,21.37580092,-157.74071216,UAV 1,2,1:3001:1633,ENBTR80006,1:1:222:2:13:0:0,0,false,false,false,false,0
ENGAZ003,move to,LOC_적북측접근로,2026-08-09T09:00:35.000Z,21.37177250,-157.73967825,UAV 1,2,1:3001:1654,ENGAZ003,1:1:222:7:8:0:0,0,false,false,false,false,0
ENBTR80003,move to,LOC_중앙계곡,2026-08-09T09:00:35.000Z,21.37588522,-157.74073660,UAV 1,2,1:3001:1658,ENBTR80003,1:1:222:2:13:0:0,0,false,false,false,false,0
ENCAESAR003,move to,LOC_적북측접근로,2026-08-09T09:00:35.000Z,21.37106264,-157.74041210,UAV 1,2,1:3001:1687,ENCAESAR003,1:1:71:4:0:0:0,0,false,false,false,false,0
ENMORT001,none,,2026-08-09T09:00:35.000Z,21.37443553,-157.73716992,UAV 1,2,1:3001:1694,ENMORT001,1:1:71:10:1:0:1,0,false,false,false,false,0
ENBTR60007,move to,LOC_중앙계곡,2026-08-09T09:00:35.000Z,21.37543257,-157.74080541,UAV 1,2,1:3001:1720,ENBTR60007,1:1:222:2:8:1:0,0,false,false,false,false,0
ENBTR60008,move to,LOC_중앙계곡,2026-08-09T09:00:35.000Z,21.37548211,-157.74078077,UAV 1,2,1:3001:1731,ENBTR60008,1:1:222:2:8:1:0,0,false,false,false,false,0
ENBTR80007,move to,LOC_중앙계곡,2026-08-09T09:00:35.000Z,21.37561282,-157.74073367,UAV 1,2,1:3001:1733,ENBTR80007,1:1:222:2:13:0:0,0,false,false,false,false,0
ENMORT002,none,,2026-08-09T09:00:35.000Z,21.37453609,-157.73721308,UAV 1,2,1:3001:1739,ENMORT002,1:1:71:10:1:0:1,0,false,false,false,false,0
ENGAZ004,move to,LOC_적북측접근로,2026-08-09T09:00:35.000Z,21.37177723,-157.73975405,UAV 1,2,1:3001:1743,ENGAZ004,1:1:222:7:8:0:0,0,false,false,false,false,0
ENBTR80005,move to,LOC_중앙계곡,2026-08-09T09:00:35.000Z,21.37574181,-157.74073437,UAV 1,2,1:3001:1751,ENBTR80005,1:1:222:2:13:0:0,0,false,false,false,false,0
ENMIM001,none,,2026-08-09T09:00:35.000Z,21.37133197,-157.74174532,UAV 1,2,1:3001:1760,ENMIM001,1:1:225:28:2:0:0,0,false,false,false,false,0
ENCAESAR001,move to,LOC_적북측접근로,2026-08-09T09:00:35.000Z,21.37130848,-157.74162900,UAV 1,2,1:3001:1765,ENCAESAR001,1:1:71:4:0:0:0,0,false,false,false,false,0
ENMORT003,none,,2026-08-09T09:00:35.000Z,21.37463664,-157.73725624,UAV 1,2,1:3001:1770,ENMORT003,1:1:71:10:1:0:1,0,false,false,false,false,0
ENBTR60005,move to,LOC_중앙계곡,2026-08-09T09:00:35.000Z,21.37555988,-157.74080451,UAV 1,2,1:3001:1807,ENBTR60005,1:1:222:2:8:1:0,0,false,false,false,false,0
ENM35004,move to,LOC_적북측접근로,2026-08-09T09:00:35.000Z,21.37178115,-157.73990985,UAV 1,2,1:3001:1555,ENM35004,1:1:225:7:1:6:0,0,false,false,false,false,0
ENM35002,move to,LOC_적북측접근로,2026-08-09T09:00:35.000Z,21.37176034,-157.73999554,UAV 1,2,1:3001:1645,ENM35002,1:1:225:7:1:6:0,0,false,false,false,false,0
ENGAZ002,move to,LOC_적북측접근로,2026-08-09T09:00:35.000Z,21.37175661,-157.73984517,UAV 1,2,1:3001:1626,ENGAZ002,1:1:222:7:8:0:0,0,false,false,false,false,0
ENBTR60001,move to,LOC_중앙계곡,2026-08-09T09:00:35.000Z,21.37559383,-157.74085277,UAV 1,2,1:3001:1507,ENBTR60001,1:1:222:2:8:1:0,0,false,false,false,false,0
ENBTR60006,move to,LOC_중앙계곡,2026-08-09T09:00:35.000Z,21.37562594,-157.74078080,UAV 1,2,1:3001:1568,ENBTR60006,1:1:222:2:8:1:0,0,false,false,false,false,0
ENBTR60003,move to,LOC_중앙계곡,2026-08-09T09:00:35.000Z,21.37571727,-157.74080484,UAV 1,2,1:3001:1590,ENBTR60003,1:1:222:2:8:1:0,0,false,false,false,false,0
ENBTR60002,move to,LOC_중앙계곡,2026-08-09T09:00:35.000Z,21.37565714,-157.74082855,UAV 1,2,1:3001:1693,ENBTR60002,1:1:222:2:8:1:0,0,false,false,false,false,0
ENCAESAR002,move to,LOC_북측예비방어선,2026-08-09T09:00:36.000Z,21.37221104,-157.74016604,UAV 1,2,1:3001:1499,ENCAESAR002,1:1:71:4:0:0:0,0,false,false,false,false,0
ENMORT005,none,,2026-08-09T09:00:36.000Z,21.37457651,-157.73710572,UAV 1,2,1:3001:1512,ENMORT005,1:1:71:10:1:0:1,0,false,false,false,false,0
ENMORT004,none,,2026-08-09T09:00:36.000Z,21.37447596,-157.73706256,UAV 1,2,1:3001:1535,ENMORT004,1:1:71:10:1:0:1,0,false,false,false,false,0
ENBTR80004,move to,LOC_중앙계곡,2026-08-09T09:00:36.000Z,21.37569514,-157.74075803,UAV 1,2,1:3001:1584,ENBTR80004,1:1:222:2:13:0:0,0,false,false,false,false,0
ENCAESAR004,move to,LOC_북측예비방어선,2026-08-09T09:00:36.000Z,21.37268088,-157.74135380,UAV 1,2,1:3001:1603,ENCAESAR004,1:1:71:4:0:0:0,0,false,false,false,false,0
ENBTR80006,move to,LOC_중앙계곡,2026-08-09T09:00:36.000Z,21.37580092,-157.74071216,UAV 1,2,1:3001:1633,ENBTR80006,1:1:222:2:13:0:0,0,false,false,false,false,0
ENGAZ003,move to,LOC_적북측접근로,2026-08-09T09:00:36.000Z,21.37177250,-157.73967825,UAV 1,2,1:3001:1654,ENGAZ003,1:1:222:7:8:0:0,0,false,false,false,false,0
ENBTR80003,move to,LOC_중앙계곡,2026-08-09T09:00:36.000Z,21.37588522,-157.74073660,UAV 1,2,1:3001:1658,ENBTR80003,1:1:222:2:13:0:0,0,false,false,false,false,0
ENCAESAR003,move to,LOC_적북측접근로,2026-08-09T09:00:36.000Z,21.37106264,-157.74041210,UAV 1,2,1:3001:1687,ENCAESAR003,1:1:71:4:0:0:0,0,false,false,false,false,0
ENMORT001,none,,2026-08-09T09:00:36.000Z,21.37443553,-157.73716992,UAV 1,2,1:3001:1694,ENMORT001,1:1:71:10:1:0:1,0,false,false,false,false,0
ENBTR60007,move to,LOC_중앙계곡,2026-08-09T09:00:36.000Z,21.37543257,-157.74080541,UAV 1,2,1:3001:1720,ENBTR60007,1:1:222:2:8:1:0,0,false,false,false,false,0
ENBTR60008,move to,LOC_중앙계곡,2026-08-09T09:00:36.000Z,21.37548211,-157.74078077,UAV 1,2,1:3001:1731,ENBTR60008,1:1:222:2:8:1:0,0,false,false,false,false,0
ENBTR80007,move to,LOC_중앙계곡,2026-08-09T09:00:36.000Z,21.37561282,-157.74073367,UAV 1,2,1:3001:1733,ENBTR80007,1:1:222:2:13:0:0,0,false,false,false,false,0
ENMORT002,none,,2026-08-09T09:00:36.000Z,21.37453609,-157.73721308,UAV 1,2,1:3001:1739,ENMORT002,1:1:71:10:1:0:1,0,false,false,false,false,0
ENGAZ004,move to,LOC_적북측접근로,2026-08-09T09:00:36.000Z,21.37177723,-157.73975405,UAV 1,2,1:3001:1743,ENGAZ004,1:1:222:7:8:0:0,0,false,false,false,false,0
ENBTR80005,move to,LOC_중앙계곡,2026-08-09T09:00:36.000Z,21.37574181,-157.74073437,UAV 1,2,1:3001:1751,ENBTR80005,1:1:222:2:13:0:0,0,false,false,false,false,0
ENMIM001,none,,2026-08-09T09:00:36.000Z,21.37133197,-157.74174532,UAV 1,2,1:3001:1760,ENMIM001,1:1:225:28:2:0:0,0,false,false,false,false,0
ENCAESAR001,move to,LOC_적북측접근로,2026-08-09T09:00:36.000Z,21.37130848,-157.74162900,UAV 1,2,1:3001:1765,ENCAESAR001,1:1:71:4:0:0:0,0,false,false,false,false,0
ENMORT003,none,,2026-08-09T09:00:36.000Z,21.37463664,-157.73725624,UAV 1,2,1:3001:1770,ENMORT003,1:1:71:10:1:0:1,0,false,false,false,false,0
ENBTR60005,move to,LOC_중앙계곡,2026-08-09T09:00:36.000Z,21.37555988,-157.74080451,UAV 1,2,1:3001:1807,ENBTR60005,1:1:222:2:8:1:0,0,false,false,false,false,0
ENM35004,move to,LOC_적북측접근로,2026-08-09T09:00:36.000Z,21.37178115,-157.73990985,UAV 1,2,1:3001:1555,ENM35004,1:1:225:7:1:6:0,0,false,false,false,false,0
ENM35002,move to,LOC_적북측접근로,2026-08-09T09:00:36.000Z,21.37176034,-157.73999554,UAV 1,2,1:3001:1645,ENM35002,1:1:225:7:1:6:0,0,false,false,false,false,0
ENGAZ002,move to,LOC_적북측접근로,2026-08-09T09:00:36.000Z,21.37175661,-157.73984517,UAV 1,2,1:3001:1626,ENGAZ002,1:1:222:7:8:0:0,0,false,false,false,false,0
ENBTR60001,move to,LOC_중앙계곡,2026-08-09T09:00:36.000Z,21.37559383,-157.74085277,UAV 1,2,1:3001:1507,ENBTR60001,1:1:222:2:8:1:0,0,false,false,false,false,0
ENBTR60006,move to,LOC_중앙계곡,2026-08-09T09:00:36.000Z,21.37562594,-157.74078080,UAV 1,2,1:3001:1568,ENBTR60006,1:1:222:2:8:1:0,0,false,false,false,false,0
ENBTR60003,move to,LOC_중앙계곡,2026-08-09T09:00:36.000Z,21.37571727,-157.74080484,UAV 1,2,1:3001:1590,ENBTR60003,1:1:222:2:8:1:0,0,false,false,false,false,0
ENBTR60002,move to,LOC_중앙계곡,2026-08-09T09:00:36.000Z,21.37565714,-157.74082855,UAV 1,2,1:3001:1693,ENBTR60002,1:1:222:2:8:1:0,0,false,false,false,false,0
ENCAESAR002,move to,LOC_북측예비방어선,2026-08-09T09:00:38.000Z,21.37228412,-157.74035018,UAV 1,2,1:3001:1499,ENCAESAR002,1:1:71:4:0:0:0,0,false,false,false,false,0
ENMORT005,none,,2026-08-09T09:00:38.000Z,21.37457651,-157.73710572,UAV 1,2,1:3001:1512,ENMORT005,1:1:71:10:1:0:1,0,false,false,false,false,0
ENMORT004,none,,2026-08-09T09:00:38.000Z,21.37447596,-157.73706256,UAV 1,2,1:3001:1535,ENMORT004,1:1:71:10:1:0:1,0,false,false,false,false,0
ENBTR80004,move to,LOC_중앙계곡,2026-08-09T09:00:38.000Z,21.37588333,-157.74077047,UAV 1,2,1:3001:1584,ENBTR80004,1:1:222:2:13:0:0,0,false,false,false,false,0
ENCAESAR004,move to,LOC_북측예비방어선,2026-08-09T09:00:38.000Z,21.37275250,-157.74153386,UAV 1,2,1:3001:1603,ENCAESAR004,1:1:71:4:0:0:0,0,false,false,false,false,0
ENBTR80006,move to,LOC_중앙계곡,2026-08-09T09:00:38.000Z,21.37599004,-157.74072763,UAV 1,2,1:3001:1633,ENBTR80006,1:1:222:2:13:0:0,0,false,false,false,false,0
ENGAZ003,move to,LOC_적북측접근로,2026-08-09T09:00:38.000Z,21.37173032,-157.73987499,UAV 1,2,1:3001:1654,ENGAZ003,1:1:222:7:8:0:0,0,false,false,false,false,0
ENBTR80003,move to,LOC_중앙계곡,2026-08-09T09:00:38.000Z,21.37607360,-157.74075101,UAV 1,2,1:3001:1658,ENBTR80003,1:1:222:2:13:0:0,0,false,false,false,false,0
ENCAESAR003,move to,LOC_적북측접근로,2026-08-09T09:00:38.000Z,21.37110305,-157.74061255,UAV 1,2,1:3001:1687,ENCAESAR003,1:1:71:4:0:0:0,0,false,false,false,false,0
ENMORT001,none,,2026-08-09T09:00:38.000Z,21.37443553,-157.73716992,UAV 1,2,1:3001:1694,ENMORT001,1:1:71:10:1:0:1,0,false,false,false,false,0
ENBTR60007,move to,LOC_중앙계곡,2026-08-09T09:00:38.000Z,21.37562157,-157.74081458,UAV 1,2,1:3001:1720,ENBTR60007,1:1:222:2:8:1:0,0,false,false,false,false,0
ENBTR60008,move to,LOC_중앙계곡,2026-08-09T09:00:38.000Z,21.37567113,-157.74079138,UAV 1,2,1:3001:1731,ENBTR60008,1:1:222:2:8:1:0,0,false,false,false,false,0
ENBTR80007,move to,LOC_중앙계곡,2026-08-09T09:00:38.000Z,21.37580065,-157.74074709,UAV 1,2,1:3001:1733,ENBTR80007,1:1:222:2:13:0:0,0,false,false,false,false,0
ENMORT002,none,,2026-08-09T09:00:38.000Z,21.37453609,-157.73721308,UAV 1,2,1:3001:1739,ENMORT002,1:1:71:10:1:0:1,0,false,false,false,false,0
ENGAZ004,move to,LOC_적북측접근로,2026-08-09T09:00:38.000Z,21.37173325,-157.73994952,UAV 1,2,1:3001:1743,ENGAZ004,1:1:222:7:8:0:0,0,false,false,false,false,0
ENBTR80005,move to,LOC_중앙계곡,2026-08-09T09:00:38.000Z,21.37593026,-157.74074830,UAV 1,2,1:3001:1751,ENBTR80005,1:1:222:2:13:0:0,0,false,false,false,false,0
ENMIM001,none,,2026-08-09T09:00:38.000Z,21.37133197,-157.74174532,UAV 1,2,1:3001:1760,ENMIM001,1:1:225:28:2:0:0,0,false,false,false,false,0
ENCAESAR001,move to,LOC_적북측접근로,2026-08-09T09:00:38.000Z,21.37131588,-157.74166680,UAV 1,2,1:3001:1765,ENCAESAR001,1:1:71:4:0:0:0,0,false,false,false,false,0
ENMORT003,none,,2026-08-09T09:00:38.000Z,21.37463664,-157.73725624,UAV 1,2,1:3001:1770,ENMORT003,1:1:71:10:1:0:1,0,false,false,false,false,0
ENBTR60005,move to,LOC_중앙계곡,2026-08-09T09:00:38.000Z,21.37574855,-157.74081409,UAV 1,2,1:3001:1807,ENBTR60005,1:1:222:2:8:1:0,0,false,false,false,false,0
ENM35004,move to,LOC_적북측접근로,2026-08-09T09:00:38.000Z,21.37173842,-157.74008334,UAV 1,2,1:3001:1555,ENM35004,1:1:225:7:1:6:0,0,false,false,false,false,0
ENM35002,move to,LOC_적북측접근로,2026-08-09T09:00:38.000Z,21.37171946,-157.74016141,UAV 1,2,1:3001:1645,ENM35002,1:1:225:7:1:6:0,0,false,false,false,false,0
ENGAZ002,move to,LOC_적북측접근로,2026-08-09T09:00:38.000Z,21.37171256,-157.74004102,UAV 1,2,1:3001:1626,ENGAZ002,1:1:222:7:8:0:0,0,false,false,false,false,0
ENBTR60001,move to,LOC_중앙계곡,2026-08-09T09:00:38.000Z,21.37578238,-157.74085990,UAV 1,2,1:3001:1507,ENBTR60001,1:1:222:2:8:1:0,0,false,false,false,false,0
ENBTR60006,move to,LOC_중앙계곡,2026-08-09T09:00:38.000Z,21.37581407,-157.74079179,UAV 1,2,1:3001:1568,ENBTR60006,1:1:222:2:8:1:0,0,false,false,false,false,0
ENBTR60003,move to,LOC_중앙계곡,2026-08-09T09:00:38.000Z,21.37590573,-157.74081483,UAV 1,2,1:3001:1590,ENBTR60003,1:1:222:2:8:1:0,0,false,false,false,false,0
ENBTR60002,move to,LOC_중앙계곡,2026-08-09T09:00:38.000Z,21.37584547,-157.74083709,UAV 1,2,1:3001:1693,ENBTR60002,1:1:222:2:8:1:0,0,false,false,false,false,0
ENCAESAR002,move to,LOC_북측예비방어선,2026-08-09T09:00:39.000Z,21.37228412,-157.74035018,UAV 1,2,1:3001:1499,ENCAESAR002,1:1:71:4:0:0:0,0,false,false,false,false,0
ENMORT005,none,,2026-08-09T09:00:39.000Z,21.37457651,-157.73710572,UAV 1,2,1:3001:1512,ENMORT005,1:1:71:10:1:0:1,0,false,false,false,false,0
ENMORT004,none,,2026-08-09T09:00:39.000Z,21.37447596,-157.73706256,UAV 1,2,1:3001:1535,ENMORT004,1:1:71:10:1:0:1,0,false,false,false,false,0
ENBTR80004,move to,LOC_중앙계곡,2026-08-09T09:00:39.000Z,21.37588333,-157.74077047,UAV 1,2,1:3001:1584,ENBTR80004,1:1:222:2:13:0:0,0,false,false,false,false,0
ENCAESAR004,move to,LOC_북측예비방어선,2026-08-09T09:00:39.000Z,21.37275250,-157.74153386,UAV 1,2,1:3001:1603,ENCAESAR004,1:1:71:4:0:0:0,0,false,false,false,false,0
ENBTR80006,move to,LOC_중앙계곡,2026-08-09T09:00:39.000Z,21.37599004,-157.74072763,UAV 1,2,1:3001:1633,ENBTR80006,1:1:222:2:13:0:0,0,false,false,false,false,0
ENGAZ003,move to,LOC_적북측접근로,2026-08-09T09:00:39.000Z,21.37173032,-157.73987499,UAV 1,2,1:3001:1654,ENGAZ003,1:1:222:7:8:0:0,0,false,false,false,false,0
ENBTR80003,move to,LOC_중앙계곡,2026-08-09T09:00:39.000Z,21.37607360,-157.74075101,UAV 1,2,1:3001:1658,ENBTR80003,1:1:222:2:13:0:0,0,false,false,false,false,0
ENCAESAR003,move to,LOC_적북측접근로,2026-08-09T09:00:39.000Z,21.37110305,-157.74061255,UAV 1,2,1:3001:1687,ENCAESAR003,1:1:71:4:0:0:0,0,false,false,false,false,0
ENMORT001,none,,2026-08-09T09:00:39.000Z,21.37443553,-157.73716992,UAV 1,2,1:3001:1694,ENMORT001,1:1:71:10:1:0:1,0,false,false,false,false,0
ENBTR60007,move to,LOC_중앙계곡,2026-08-09T09:00:39.000Z,21.37562157,-157.74081458,UAV 1,2,1:3001:1720,ENBTR60007,1:1:222:2:8:1:0,0,false,false,false,false,0
ENBTR60008,move to,LOC_중앙계곡,2026-08-09T09:00:39.000Z,21.37567113,-157.74079138,UAV 1,2,1:3001:1731,ENBTR60008,1:1:222:2:8:1:0,0,false,false,false,false,0
ENBTR80007,move to,LOC_중앙계곡,2026-08-09T09:00:39.000Z,21.37580065,-157.74074709,UAV 1,2,1:3001:1733,ENBTR80007,1:1:222:2:13:0:0,0,false,false,false,false,0
ENMORT002,none,,2026-08-09T09:00:39.000Z,21.37453609,-157.73721308,UAV 1,2,1:3001:1739,ENMORT002,1:1:71:10:1:0:1,0,false,false,false,false,0
ENGAZ004,move to,LOC_적북측접근로,2026-08-09T09:00:39.000Z,21.37173325,-157.73994952,UAV 1,2,1:3001:1743,ENGAZ004,1:1:222:7:8:0:0,0,false,false,false,false,0
ENBTR80005,move to,LOC_중앙계곡,2026-08-09T09:00:39.000Z,21.37593026,-157.74074830,UAV 1,2,1:3001:1751,ENBTR80005,1:1:222:2:13:0:0,0,false,false,false,false,0
ENMIM001,none,,2026-08-09T09:00:39.000Z,21.37133197,-157.74174532,UAV 1,2,1:3001:1760,ENMIM001,1:1:225:28:2:0:0,0,false,false,false,false,0
ENCAESAR001,move to,LOC_적북측접근로,2026-08-09T09:00:39.000Z,21.37131588,-157.74166680,UAV 1,2,1:3001:1765,ENCAESAR001,1:1:71:4:0:0:0,0,false,false,false,false,0
ENMORT003,none,,2026-08-09T09:00:39.000Z,21.37463664,-157.73725624,UAV 1,2,1:3001:1770,ENMORT003,1:1:71:10:1:0:1,0,false,false,false,false,0
ENBTR60005,move to,LOC_중앙계곡,2026-08-09T09:00:39.000Z,21.37574855,-157.74081409,UAV 1,2,1:3001:1807,ENBTR60005,1:1:222:2:8:1:0,0,false,false,false,false,0
ENM35004,move to,LOC_적북측접근로,2026-08-09T09:00:39.000Z,21.37173842,-157.74008334,UAV 1,2,1:3001:1555,ENM35004,1:1:225:7:1:6:0,0,false,false,false,false,0
ENM35002,move to,LOC_적북측접근로,2026-08-09T09:00:39.000Z,21.37171946,-157.74016141,UAV 1,2,1:3001:1645,ENM35002,1:1:225:7:1:6:0,0,false,false,false,false,0
ENGAZ002,move to,LOC_적북측접근로,2026-08-09T09:00:39.000Z,21.37171256,-157.74004102,UAV 1,2,1:3001:1626,ENGAZ002,1:1:222:7:8:0:0,0,false,false,false,false,0
ENBTR60001,move to,LOC_중앙계곡,2026-08-09T09:00:39.000Z,21.37578238,-157.74085990,UAV 1,2,1:3001:1507,ENBTR60001,1:1:222:2:8:1:0,0,false,false,false,false,0
ENBTR60006,move to,LOC_중앙계곡,2026-08-09T09:00:39.000Z,21.37581407,-157.74079179,UAV 1,2,1:3001:1568,ENBTR60006,1:1:222:2:8:1:0,0,false,false,false,false,0
ENBTR60003,move to,LOC_중앙계곡,2026-08-09T09:00:39.000Z,21.37590573,-157.74081483,UAV 1,2,1:3001:1590,ENBTR60003,1:1:222:2:8:1:0,0,false,false,false,false,0
ENBTR60002,move to,LOC_중앙계곡,2026-08-09T09:00:39.000Z,21.37584547,-157.74083709,UAV 1,2,1:3001:1693,ENBTR60002,1:1:222:2:8:1:0,0,false,false,false,false,0
ENCAESAR002,move to,LOC_북측예비방어선,2026-08-09T09:00:40.000Z,21.37235965,-157.74054049,UAV 1,2,1:3001:1499,ENCAESAR002,1:1:71:4:0:0:0,0,false,false,false,false,0
ENMORT005,none,,2026-08-09T09:00:40.000Z,21.37457651,-157.73710572,UAV 1,2,1:3001:1512,ENMORT005,1:1:71:10:1:0:1,0,false,false,false,false,0
ENMORT004,none,,2026-08-09T09:00:40.000Z,21.37447596,-157.73706256,UAV 1,2,1:3001:1535,ENMORT004,1:1:71:10:1:0:1,0,false,false,false,false,0
ENBTR80004,move to,LOC_중앙계곡,2026-08-09T09:00:40.000Z,21.37606917,-157.74078276,UAV 1,2,1:3001:1584,ENBTR80004,1:1:222:2:13:0:0,0,false,false,false,false,0
ENCAESAR004,move to,LOC_북측예비방어선,2026-08-09T09:00:40.000Z,21.37282647,-157.74171982,UAV 1,2,1:3001:1603,ENCAESAR004,1:1:71:4:0:0:0,0,false,false,false,false,0
ENBTR80006,move to,LOC_중앙계곡,2026-08-09T09:00:40.000Z,21.37617550,-157.74074281,UAV 1,2,1:3001:1633,ENBTR80006,1:1:222:2:13:0:0,0,false,false,false,false,0
ENGAZ003,move to,LOC_적북측접근로,2026-08-09T09:00:40.000Z,21.37169040,-157.74006114,UAV 1,2,1:3001:1654,ENGAZ003,1:1:222:7:8:0:0,0,false,false,false,false,0
ENBTR80003,move to,LOC_중앙계곡,2026-08-09T09:00:40.000Z,21.37625992,-157.74076526,UAV 1,2,1:3001:1658,ENBTR80003,1:1:222:2:13:0:0,0,false,false,false,false,0
ENCAESAR003,move to,LOC_적북측접근로,2026-08-09T09:00:40.000Z,21.37114167,-157.74080412,UAV 1,2,1:3001:1687,ENCAESAR003,1:1:71:4:0:0:0,0,false,false,false,false,0
ENMORT001,none,,2026-08-09T09:00:40.000Z,21.37443553,-157.73716992,UAV 1,2,1:3001:1694,ENMORT001,1:1:71:10:1:0:1,0,false,false,false,false,0
ENBTR60008,move to,LOC_중앙계곡,2026-08-09T09:00:40.000Z,21.37585613,-157.74080177,UAV 1,2,1:3001:1731,ENBTR60008,1:1:222:2:8:1:0,0,false,false,false,false,0
ENBTR80007,move to,LOC_중앙계곡,2026-08-09T09:00:40.000Z,21.37598668,-157.74076038,UAV 1,2,1:3001:1733,ENBTR80007,1:1:222:2:13:0:0,0,false,false,false,false,0
ENMORT002,none,,2026-08-09T09:00:40.000Z,21.37453609,-157.73721308,UAV 1,2,1:3001:1739,ENMORT002,1:1:71:10:1:0:1,0,false,false,false,false,0
ENGAZ004,move to,LOC_적북측접근로,2026-08-09T09:00:40.000Z,21.37169777,-157.74010725,UAV 1,2,1:3001:1743,ENGAZ004,1:1:222:7:8:0:0,0,false,false,false,false,0
ENBTR80005,move to,LOC_중앙계곡,2026-08-09T09:00:40.000Z,21.37611590,-157.74076203,UAV 1,2,1:3001:1751,ENBTR80005,1:1:222:2:13:0:0,0,false,false,false,false,0
ENMORT003,none,,2026-08-09T09:00:40.000Z,21.37463664,-157.73725624,UAV 1,2,1:3001:1770,ENMORT003,1:1:71:10:1:0:1,0,false,false,false,false,0
ENBTR60005,move to,LOC_중앙계곡,2026-08-09T09:00:40.000Z,21.37593419,-157.74082352,UAV 1,2,1:3001:1807,ENBTR60005,1:1:222:2:8:1:0,0,false,false,false,false,0
ENM35004,move to,LOC_적북측접근로,2026-08-09T09:00:40.000Z,21.37169740,-157.74024991,UAV 1,2,1:3001:1555,ENM35004,1:1:225:7:1:6:0,0,false,false,false,false,0
ENM35002,move to,LOC_적북측접근로,2026-08-09T09:00:40.000Z,21.37167415,-157.74034530,UAV 1,2,1:3001:1645,ENM35002,1:1:225:7:1:6:0,0,false,false,false,false,0
ENGAZ002,move to,LOC_적북측접근로,2026-08-09T09:00:40.000Z,21.37168548,-157.74016145,UAV 1,2,1:3001:1626,ENGAZ002,1:1:222:7:8:0:0,0,false,false,false,false,0
ENBTR60001,move to,LOC_중앙계곡,2026-08-09T09:00:40.000Z,21.37596843,-157.74086692,UAV 1,2,1:3001:1507,ENBTR60001,1:1:222:2:8:1:0,0,false,false,false,false,0
ENBTR60006,move to,LOC_중앙계곡,2026-08-09T09:00:40.000Z,21.37600013,-157.74080266,UAV 1,2,1:3001:1568,ENBTR60006,1:1:222:2:8:1:0,0,false,false,false,false,0
ENBTR60003,move to,LOC_중앙계곡,2026-08-09T09:00:40.000Z,21.37609162,-157.74082468,UAV 1,2,1:3001:1590,ENBTR60003,1:1:222:2:8:1:0,0,false,false,false,false,0
ENBTR60002,move to,LOC_중앙계곡,2026-08-09T09:00:40.000Z,21.37603160,-157.74084554,UAV 1,2,1:3001:1693,ENBTR60002,1:1:222:2:8:1:0,0,false,false,false,false,0
ENCAESAR002,move to,LOC_북측예비방어선,2026-08-09T09:00:41.000Z,21.37235965,-157.74054049,UAV 1,2,1:3001:1499,ENCAESAR002,1:1:71:4:0:0:0,0,false,false,false,false,0
ENMORT005,none,,2026-08-09T09:00:41.000Z,21.37457651,-157.73710572,UAV 1,2,1:3001:1512,ENMORT005,1:1:71:10:1:0:1,0,false,false,false,false,0
ENMORT004,none,,2026-08-09T09:00:41.000Z,21.37447596,-157.73706256,UAV 1,2,1:3001:1535,ENMORT004,1:1:71:10:1:0:1,0,false,false,false,false,0
ENBTR80004,move to,LOC_중앙계곡,2026-08-09T09:00:41.000Z,21.37606917,-157.74078276,UAV 1,2,1:3001:1584,ENBTR80004,1:1:222:2:13:0:0,0,false,false,false,false,0
ENCAESAR004,move to,LOC_북측예비방어선,2026-08-09T09:00:41.000Z,21.37282647,-157.74171982,UAV 1,2,1:3001:1603,ENCAESAR004,1:1:71:4:0:0:0,0,false,false,false,false,0
ENBTR80006,move to,LOC_중앙계곡,2026-08-09T09:00:41.000Z,21.37617550,-157.74074281,UAV 1,2,1:3001:1633,ENBTR80006,1:1:222:2:13:0:0,0,false,false,false,false,0
ENGAZ003,move to,LOC_적북측접근로,2026-08-09T09:00:41.000Z,21.37169040,-157.74006114,UAV 1,2,1:3001:1654,ENGAZ003,1:1:222:7:8:0:0,0,false,false,false,false,0
ENBTR80003,move to,LOC_중앙계곡,2026-08-09T09:00:41.000Z,21.37625992,-157.74076526,UAV 1,2,1:3001:1658,ENBTR80003,1:1:222:2:13:0:0,0,false,false,false,false,0
ENCAESAR003,move to,LOC_적북측접근로,2026-08-09T09:00:41.000Z,21.37114167,-157.74080412,UAV 1,2,1:3001:1687,ENCAESAR003,1:1:71:4:0:0:0,0,false,false,false,false,0
ENMORT001,none,,2026-08-09T09:00:41.000Z,21.37443553,-157.73716992,UAV 1,2,1:3001:1694,ENMORT001,1:1:71:10:1:0:1,0,false,false,false,false,0
ENBTR60008,move to,LOC_중앙계곡,2026-08-09T09:00:41.000Z,21.37585613,-157.74080177,UAV 1,2,1:3001:1731,ENBTR60008,1:1:222:2:8:1:0,0,false,false,false,false,0
ENBTR80007,move to,LOC_중앙계곡,2026-08-09T09:00:41.000Z,21.37598668,-157.74076038,UAV 1,2,1:3001:1733,ENBTR80007,1:1:222:2:13:0:0,0,false,false,false,false,0
ENMORT002,none,,2026-08-09T09:00:41.000Z,21.37453609,-157.73721308,UAV 1,2,1:3001:1739,ENMORT002,1:1:71:10:1:0:1,0,false,false,false,false,0
ENGAZ004,move to,LOC_적북측접근로,2026-08-09T09:00:41.000Z,21.37169777,-157.74010725,UAV 1,2,1:3001:1743,ENGAZ004,1:1:222:7:8:0:0,0,false,false,false,false,0
ENBTR80005,move to,LOC_중앙계곡,2026-08-09T09:00:41.000Z,21.37611590,-157.74076203,UAV 1,2,1:3001:1751,ENBTR80005,1:1:222:2:13:0:0,0,false,false,false,false,0
ENMORT003,none,,2026-08-09T09:00:41.000Z,21.37463664,-157.73725624,UAV 1,2,1:3001:1770,ENMORT003,1:1:71:10:1:0:1,0,false,false,false,false,0
ENBTR60005,move to,LOC_중앙계곡,2026-08-09T09:00:41.000Z,21.37593419,-157.74082352,UAV 1,2,1:3001:1807,ENBTR60005,1:1:222:2:8:1:0,0,false,false,false,false,0
ENM35004,move to,LOC_적북측접근로,2026-08-09T09:00:41.000Z,21.37169740,-157.74024991,UAV 1,2,1:3001:1555,ENM35004,1:1:225:7:1:6:0,0,false,false,false,false,0
ENM35002,move to,LOC_적북측접근로,2026-08-09T09:00:41.000Z,21.37167415,-157.74034530,UAV 1,2,1:3001:1645,ENM35002,1:1:225:7:1:6:0,0,false,false,false,false,0
ENGAZ002,move to,LOC_적북측접근로,2026-08-09T09:00:41.000Z,21.37168548,-157.74016145,UAV 1,2,1:3001:1626,ENGAZ002,1:1:222:7:8:0:0,0,false,false,false,false,0
ENBTR60001,move to,LOC_중앙계곡,2026-08-09T09:00:41.000Z,21.37596843,-157.74086692,UAV 1,2,1:3001:1507,ENBTR60001,1:1:222:2:8:1:0,0,false,false,false,false,0
ENBTR60006,move to,LOC_중앙계곡,2026-08-09T09:00:41.000Z,21.37600013,-157.74080266,UAV 1,2,1:3001:1568,ENBTR60006,1:1:222:2:8:1:0,0,false,false,false,false,0
ENBTR60003,move to,LOC_중앙계곡,2026-08-09T09:00:41.000Z,21.37609162,-157.74082468,UAV 1,2,1:3001:1590,ENBTR60003,1:1:222:2:8:1:0,0,false,false,false,false,0
ENBTR60002,move to,LOC_중앙계곡,2026-08-09T09:00:41.000Z,21.37603160,-157.74084554,UAV 1,2,1:3001:1693,ENBTR60002,1:1:222:2:8:1:0,0,false,false,false,false,0
ENCAESAR002,move to,LOC_북측예비방어선,2026-08-09T09:00:42.000Z,21.37243107,-157.74072044,UAV 1,2,1:3001:1499,ENCAESAR002,1:1:71:4:0:0:0,0,false,false,false,false,0
ENMORT005,none,,2026-08-09T09:00:42.000Z,21.37457651,-157.73710572,UAV 1,2,1:3001:1512,ENMORT005,1:1:71:10:1:0:1,0,false,false,false,false,0
ENMORT004,none,,2026-08-09T09:00:42.000Z,21.37447596,-157.73706256,UAV 1,2,1:3001:1535,ENMORT004,1:1:71:10:1:0:1,0,false,false,false,false,0
ENBTR80004,move to,LOC_중앙계곡,2026-08-09T09:00:42.000Z,21.37625215,-157.74079487,UAV 1,2,1:3001:1584,ENBTR80004,1:1:222:2:13:0:0,0,false,false,false,false,0
ENCAESAR004,move to,LOC_북측예비방어선,2026-08-09T09:00:42.000Z,21.37289770,-157.74189890,UAV 1,2,1:3001:1603,ENCAESAR004,1:1:71:4:0:0:0,0,false,false,false,false,0
ENBTR80006,move to,LOC_중앙계곡,2026-08-09T09:00:42.000Z,21.37635741,-157.74075769,UAV 1,2,1:3001:1633,ENBTR80006,1:1:222:2:13:0:0,0,false,false,false,false,0
ENBTR80003,move to,LOC_중앙계곡,2026-08-09T09:00:42.000Z,21.37644243,-157.74077922,UAV 1,2,1:3001:1658,ENBTR80003,1:1:222:2:13:0:0,0,false,false,false,false,0
ENCAESAR003,move to,LOC_적북측접근로,2026-08-09T09:00:42.000Z,21.37118134,-157.74100086,UAV 1,2,1:3001:1687,ENCAESAR003,1:1:71:4:0:0:0,0,false,false,false,false,0
ENMORT001,none,,2026-08-09T09:00:42.000Z,21.37443553,-157.73716992,UAV 1,2,1:3001:1694,ENMORT001,1:1:71:10:1:0:1,0,false,false,false,false,0
ENBTR60008,move to,LOC_중앙계곡,2026-08-09T09:00:42.000Z,21.37603934,-157.74081206,UAV 1,2,1:3001:1731,ENBTR60008,1:1:222:2:8:1:0,0,false,false,false,false,0
ENBTR80007,move to,LOC_중앙계곡,2026-08-09T09:00:42.000Z,21.37616968,-157.74077346,UAV 1,2,1:3001:1733,ENBTR80007,1:1:222:2:13:0:0,0,false,false,false,false,0
ENMORT002,none,,2026-08-09T09:00:42.000Z,21.37453609,-157.73721308,UAV 1,2,1:3001:1739,ENMORT002,1:1:71:10:1:0:1,0,false,false,false,false,0
ENGAZ004,move to,LOC_적북측접근로,2026-08-09T09:00:42.000Z,21.37166978,-157.74023166,UAV 1,2,1:3001:1743,ENGAZ004,1:1:222:7:8:0:0,0,false,false,false,false,0
ENBTR80005,move to,LOC_중앙계곡,2026-08-09T09:00:42.000Z,21.37629841,-157.74077552,UAV 1,2,1:3001:1751,ENBTR80005,1:1:222:2:13:0:0,0,false,false,false,false,0
ENMORT003,none,,2026-08-09T09:00:42.000Z,21.37463664,-157.73725624,UAV 1,2,1:3001:1770,ENMORT003,1:1:71:10:1:0:1,0,false,false,false,false,0
ENBTR60005,move to,LOC_중앙계곡,2026-08-09T09:00:42.000Z,21.37611726,-157.74083281,UAV 1,2,1:3001:1807,ENBTR60005,1:1:222:2:8:1:0,0,false,false,false,false,0
ENM35004,move to,LOC_적북측접근로,2026-08-09T09:00:42.000Z,21.37165103,-157.74043820,UAV 1,2,1:3001:1555,ENM35004,1:1:225:7:1:6:0,0,false,false,false,false,0
ENM35002,move to,LOC_적북측접근로,2026-08-09T09:00:42.000Z,21.37162589,-157.74054110,UAV 1,2,1:3001:1645,ENM35002,1:1:225:7:1:6:0,0,false,false,false,false,0
ENGAZ002,move to,LOC_적북측접근로,2026-08-09T09:00:42.000Z,21.37164741,-157.74033068,UAV 1,2,1:3001:1626,ENGAZ002,1:1:222:7:8:0:0,0,false,false,false,false,0
ENBTR60001,move to,LOC_중앙계곡,2026-08-09T09:00:42.000Z,21.37615152,-157.74087384,UAV 1,2,1:3001:1507,ENBTR60001,1:1:222:2:8:1:0,0,false,false,false,false,0
ENBTR60006,move to,LOC_중앙계곡,2026-08-09T09:00:42.000Z,21.37618324,-157.74081336,UAV 1,2,1:3001:1568,ENBTR60006,1:1:222:2:8:1:0,0,false,false,false,false,0
ENBTR60003,move to,LOC_중앙계곡,2026-08-09T09:00:42.000Z,21.37627461,-157.74083438,UAV 1,2,1:3001:1590,ENBTR60003,1:1:222:2:8:1:0,0,false,false,false,false,0
ENBTR60002,move to,LOC_중앙계곡,2026-08-09T09:00:42.000Z,21.37621475,-157.74085384,UAV 1,2,1:3001:1693,ENBTR60002,1:1:222:2:8:1:0,0,false,false,false,false,0
ENBTR80002,move to,LOC_중앙계곡,2026-08-09T09:00:42.000Z,21.37638292,-157.74079673,UAV 1,2,1:3001:1789,ENBTR80002,1:1:222:2:13:0:0,0,false,false,false,false,0
ENCAESAR002,move to,LOC_북측예비방어선,2026-08-09T09:00:43.000Z,21.37243107,-157.74072044,UAV 1,2,1:3001:1499,ENCAESAR002,1:1:71:4:0:0:0,0,false,false,false,false,0
ENMORT005,none,,2026-08-09T09:00:43.000Z,21.37457651,-157.73710572,UAV 1,2,1:3001:1512,ENMORT005,1:1:71:10:1:0:1,0,false,false,false,false,0
ENMORT004,none,,2026-08-09T09:00:43.000Z,21.37447596,-157.73706256,UAV 1,2,1:3001:1535,ENMORT004,1:1:71:10:1:0:1,0,false,false,false,false,0
ENBTR80004,move to,LOC_중앙계곡,2026-08-09T09:00:43.000Z,21.37625215,-157.74079487,UAV 1,2,1:3001:1584,ENBTR80004,1:1:222:2:13:0:0,0,false,false,false,false,0
ENCAESAR004,move to,LOC_북측예비방어선,2026-08-09T09:00:43.000Z,21.37289770,-157.74189890,UAV 1,2,1:3001:1603,ENCAESAR004,1:1:71:4:0:0:0,0,false,false,false,false,0
ENBTR80006,move to,LOC_중앙계곡,2026-08-09T09:00:43.000Z,21.37635741,-157.74075769,UAV 1,2,1:3001:1633,ENBTR80006,1:1:222:2:13:0:0,0,false,false,false,false,0
ENBTR80003,move to,LOC_중앙계곡,2026-08-09T09:00:43.000Z,21.37644243,-157.74077922,UAV 1,2,1:3001:1658,ENBTR80003,1:1:222:2:13:0:0,0,false,false,false,false,0
ENCAESAR003,move to,LOC_적북측접근로,2026-08-09T09:00:43.000Z,21.37118134,-157.74100086,UAV 1,2,1:3001:1687,ENCAESAR003,1:1:71:4:0:0:0,0,false,false,false,false,0
ENMORT001,none,,2026-08-09T09:00:43.000Z,21.37443553,-157.73716992,UAV 1,2,1:3001:1694,ENMORT001,1:1:71:10:1:0:1,0,false,false,false,false,0
ENBTR60008,move to,LOC_중앙계곡,2026-08-09T09:00:43.000Z,21.37603934,-157.74081206,UAV 1,2,1:3001:1731,ENBTR60008,1:1:222:2:8:1:0,0,false,false,false,false,0
ENBTR80007,move to,LOC_중앙계곡,2026-08-09T09:00:43.000Z,21.37616968,-157.74077346,UAV 1,2,1:3001:1733,ENBTR80007,1:1:222:2:13:0:0,0,false,false,false,false,0
ENMORT002,none,,2026-08-09T09:00:43.000Z,21.37453609,-157.73721308,UAV 1,2,1:3001:1739,ENMORT002,1:1:71:10:1:0:1,0,false,false,false,false,0
ENGAZ004,move to,LOC_적북측접근로,2026-08-09T09:00:43.000Z,21.37166978,-157.74023166,UAV 1,2,1:3001:1743,ENGAZ004,1:1:222:7:8:0:0,0,false,false,false,false,0
ENBTR80005,move to,LOC_중앙계곡,2026-08-09T09:00:43.000Z,21.37629841,-157.74077552,UAV 1,2,1:3001:1751,ENBTR80005,1:1:222:2:13:0:0,0,false,false,false,false,0
ENMORT003,none,,2026-08-09T09:00:43.000Z,21.37463664,-157.73725624,UAV 1,2,1:3001:1770,ENMORT003,1:1:71:10:1:0:1,0,false,false,false,false,0
ENBTR60005,move to,LOC_중앙계곡,2026-08-09T09:00:43.000Z,21.37611726,-157.74083281,UAV 1,2,1:3001:1807,ENBTR60005,1:1:222:2:8:1:0,0,false,false,false,false,0
ENM35004,move to,LOC_적북측접근로,2026-08-09T09:00:43.000Z,21.37165103,-157.74043820,UAV 1,2,1:3001:1555,ENM35004,1:1:225:7:1:6:0,0,false,false,false,false,0
ENM35002,move to,LOC_적북측접근로,2026-08-09T09:00:43.000Z,21.37162589,-157.74054110,UAV 1,2,1:3001:1645,ENM35002,1:1:225:7:1:6:0,0,false,false,false,false,0
ENGAZ002,move to,LOC_적북측접근로,2026-08-09T09:00:43.000Z,21.37164741,-157.74033068,UAV 1,2,1:3001:1626,ENGAZ002,1:1:222:7:8:0:0,0,false,false,false,false,0
ENBTR60001,move to,LOC_중앙계곡,2026-08-09T09:00:43.000Z,21.37615152,-157.74087384,UAV 1,2,1:3001:1507,ENBTR60001,1:1:222:2:8:1:0,0,false,false,false,false,0
ENBTR60006,move to,LOC_중앙계곡,2026-08-09T09:00:43.000Z,21.37618324,-157.74081336,UAV 1,2,1:3001:1568,ENBTR60006,1:1:222:2:8:1:0,0,false,false,false,false,0
ENBTR60003,move to,LOC_중앙계곡,2026-08-09T09:00:43.000Z,21.37627461,-157.74083438,UAV 1,2,1:3001:1590,ENBTR60003,1:1:222:2:8:1:0,0,false,false,false,false,0
ENBTR60002,move to,LOC_중앙계곡,2026-08-09T09:00:43.000Z,21.37621475,-157.74085384,UAV 1,2,1:3001:1693,ENBTR60002,1:1:222:2:8:1:0,0,false,false,false,false,0
ENBTR80002,move to,LOC_중앙계곡,2026-08-09T09:00:43.000Z,21.37638292,-157.74079673,UAV 1,2,1:3001:1789,ENBTR80002,1:1:222:2:13:0:0,0,false,false,false,false,0
ENCAESAR002,move to,LOC_북측예비방어선,2026-08-09T09:00:44.000Z,21.37250371,-157.74090348,UAV 1,2,1:3001:1499,ENCAESAR002,1:1:71:4:0:0:0,0,false,false,false,false,0
ENMORT005,none,,2026-08-09T09:00:44.000Z,21.37457651,-157.73710572,UAV 1,2,1:3001:1512,ENMORT005,1:1:71:10:1:0:1,0,false,false,false,false,0
ENMORT004,none,,2026-08-09T09:00:44.000Z,21.37447596,-157.73706256,UAV 1,2,1:3001:1535,ENMORT004,1:1:71:10:1:0:1,0,false,false,false,false,0
ENCAESAR004,move to,LOC_북측예비방어선,2026-08-09T09:00:44.000Z,21.37297018,-157.74208110,UAV 1,2,1:3001:1603,ENCAESAR004,1:1:71:4:0:0:0,0,false,false,false,false,0
ENBTR80006,move to,LOC_중앙계곡,2026-08-09T09:00:44.000Z,21.37654293,-157.74077287,UAV 1,2,1:3001:1633,ENBTR80006,1:1:222:2:13:0:0,0,false,false,false,false,0
ENBTR80003,move to,LOC_중앙계곡,2026-08-09T09:00:44.000Z,21.37662748,-157.74079337,UAV 1,2,1:3001:1658,ENBTR80003,1:1:222:2:13:0:0,0,false,false,false,false,0
ENCAESAR003,move to,LOC_적북측접근로,2026-08-09T09:00:44.000Z,21.37122006,-157.74119294,UAV 1,2,1:3001:1687,ENCAESAR003,1:1:71:4:0:0:0,0,false,false,false,false,0
ENMORT001,none,,2026-08-09T09:00:44.000Z,21.37443553,-157.73716992,UAV 1,2,1:3001:1694,ENMORT001,1:1:71:10:1:0:1,0,false,false,false,false,0
ENBTR60008,move to,LOC_중앙계곡,2026-08-09T09:00:44.000Z,21.37622523,-157.74082250,UAV 1,2,1:3001:1731,ENBTR60008,1:1:222:2:8:1:0,0,false,false,false,false,0
ENBTR80007,move to,LOC_중앙계곡,2026-08-09T09:00:44.000Z,21.37635473,-157.74078668,UAV 1,2,1:3001:1733,ENBTR80007,1:1:222:2:13:0:0,0,false,false,false,false,0
ENMORT002,none,,2026-08-09T09:00:44.000Z,21.37453609,-157.73721308,UAV 1,2,1:3001:1739,ENMORT002,1:1:71:10:1:0:1,0,false,false,false,false,0
ENGAZ004,move to,LOC_적북측접근로,2026-08-09T09:00:44.000Z,21.37162655,-157.74042382,UAV 1,2,1:3001:1743,ENGAZ004,1:1:222:7:8:0:0,0,false,false,false,false,0
ENBTR80005,move to,LOC_중앙계곡,2026-08-09T09:00:44.000Z,21.37648387,-157.74078923,UAV 1,2,1:3001:1751,ENBTR80005,1:1:222:2:13:0:0,0,false,false,false,false,0
ENMORT003,none,,2026-08-09T09:00:44.000Z,21.37463664,-157.73725624,UAV 1,2,1:3001:1770,ENMORT003,1:1:71:10:1:0:1,0,false,false,false,false,0
ENBTR60005,move to,LOC_중앙계곡,2026-08-09T09:00:44.000Z,21.37630295,-157.74084224,UAV 1,2,1:3001:1807,ENBTR60005,1:1:222:2:8:1:0,0,false,false,false,false,0
ENM35004,move to,LOC_적북측접근로,2026-08-09T09:00:44.000Z,21.37160269,-157.74063448,UAV 1,2,1:3001:1555,ENM35004,1:1:225:7:1:6:0,0,false,false,false,false,0
ENM35002,move to,LOC_적북측접근로,2026-08-09T09:00:44.000Z,21.37157858,-157.74073308,UAV 1,2,1:3001:1645,ENM35002,1:1:225:7:1:6:0,0,false,false,false,false,0
ENGAZ002,move to,LOC_적북측접근로,2026-08-09T09:00:44.000Z,21.37160285,-157.74052884,UAV 1,2,1:3001:1626,ENGAZ002,1:1:222:7:8:0:0,0,false,false,false,false,0
ENBTR60001,move to,LOC_중앙계곡,2026-08-09T09:00:44.000Z,21.37633737,-157.74088086,UAV 1,2,1:3001:1507,ENBTR60001,1:1:222:2:8:1:0,0,false,false,false,false,0
ENBTR60006,move to,LOC_중앙계곡,2026-08-09T09:00:44.000Z,21.37636867,-157.74082419,UAV 1,2,1:3001:1568,ENBTR60006,1:1:222:2:8:1:0,0,false,false,false,false,0
ENBTR60002,move to,LOC_중앙계곡,2026-08-09T09:00:44.000Z,21.37640045,-157.74086226,UAV 1,2,1:3001:1693,ENBTR60002,1:1:222:2:8:1:0,0,false,false,false,false,0
ENBTR80002,move to,LOC_중앙계곡,2026-08-09T09:00:44.000Z,21.37656833,-157.74080944,UAV 1,2,1:3001:1789,ENBTR80002,1:1:222:2:13:0:0,0,false,false,false,false,0
ENGAZ003,move to,LOC_적북측접근로,2026-08-09T09:00:44.000Z,21.37163832,-157.74030406,UAV 1,2,1:3001:1654,ENGAZ003,1:1:222:7:8:0:0,0,false,false,false,false,0
ENCAESAR002,move to,LOC_북측예비방어선,2026-08-09T09:00:45.000Z,21.37250371,-157.74090348,UAV 1,2,1:3001:1499,ENCAESAR002,1:1:71:4:0:0:0,0,false,false,false,false,0
ENMORT005,none,,2026-08-09T09:00:45.000Z,21.37457651,-157.73710572,UAV 1,2,1:3001:1512,ENMORT005,1:1:71:10:1:0:1,0,false,false,false,false,0
ENMORT004,none,,2026-08-09T09:00:45.000Z,21.37447596,-157.73706256,UAV 1,2,1:3001:1535,ENMORT004,1:1:71:10:1:0:1,0,false,false,false,false,0
ENCAESAR004,move to,LOC_북측예비방어선,2026-08-09T09:00:45.000Z,21.37297018,-157.74208110,UAV 1,2,1:3001:1603,ENCAESAR004,1:1:71:4:0:0:0,0,false,false,false,false,0
ENBTR80006,move to,LOC_중앙계곡,2026-08-09T09:00:45.000Z,21.37654293,-157.74077287,UAV 1,2,1:3001:1633,ENBTR80006,1:1:222:2:13:0:0,0,false,false,false,false,0
ENBTR80003,move to,LOC_중앙계곡,2026-08-09T09:00:45.000Z,21.37662748,-157.74079337,UAV 1,2,1:3001:1658,ENBTR80003,1:1:222:2:13:0:0,0,false,false,false,false,0
ENCAESAR003,move to,LOC_적북측접근로,2026-08-09T09:00:45.000Z,21.37122006,-157.74119294,UAV 1,2,1:3001:1687,ENCAESAR003,1:1:71:4:0:0:0,0,false,false,false,false,0
ENMORT001,none,,2026-08-09T09:00:45.000Z,21.37443553,-157.73716992,UAV 1,2,1:3001:1694,ENMORT001,1:1:71:10:1:0:1,0,false,false,false,false,0
ENBTR60008,move to,LOC_중앙계곡,2026-08-09T09:00:45.000Z,21.37622523,-157.74082250,UAV 1,2,1:3001:1731,ENBTR60008,1:1:222:2:8:1:0,0,false,false,false,false,0
ENBTR80007,move to,LOC_중앙계곡,2026-08-09T09:00:45.000Z,21.37635473,-157.74078668,UAV 1,2,1:3001:1733,ENBTR80007,1:1:222:2:13:0:0,0,false,false,false,false,0
ENMORT002,none,,2026-08-09T09:00:45.000Z,21.37453609,-157.73721308,UAV 1,2,1:3001:1739,ENMORT002,1:1:71:10:1:0:1,0,false,false,false,false,0
ENGAZ004,move to,LOC_적북측접근로,2026-08-09T09:00:45.000Z,21.37162655,-157.74042382,UAV 1,2,1:3001:1743,ENGAZ004,1:1:222:7:8:0:0,0,false,false,false,false,0
ENBTR80005,move to,LOC_중앙계곡,2026-08-09T09:00:45.000Z,21.37648387,-157.74078923,UAV 1,2,1:3001:1751,ENBTR80005,1:1:222:2:13:0:0,0,false,false,false,false,0
ENMORT003,none,,2026-08-09T09:00:45.000Z,21.37463664,-157.73725624,UAV 1,2,1:3001:1770,ENMORT003,1:1:71:10:1:0:1,0,false,false,false,false,0
ENBTR60005,move to,LOC_중앙계곡,2026-08-09T09:00:45.000Z,21.37630295,-157.74084224,UAV 1,2,1:3001:1807,ENBTR60005,1:1:222:2:8:1:0,0,false,false,false,false,0
ENM35004,move to,LOC_적북측접근로,2026-08-09T09:00:45.000Z,21.37160269,-157.74063448,UAV 1,2,1:3001:1555,ENM35004,1:1:225:7:1:6:0,0,false,false,false,false,0
ENM35002,move to,LOC_적북측접근로,2026-08-09T09:00:45.000Z,21.37157858,-157.74073308,UAV 1,2,1:3001:1645,ENM35002,1:1:225:7:1:6:0,0,false,false,false,false,0
ENGAZ002,move to,LOC_적북측접근로,2026-08-09T09:00:45.000Z,21.37160285,-157.74052884,UAV 1,2,1:3001:1626,ENGAZ002,1:1:222:7:8:0:0,0,false,false,false,false,0
ENBTR60001,move to,LOC_중앙계곡,2026-08-09T09:00:45.000Z,21.37633737,-157.74088086,UAV 1,2,1:3001:1507,ENBTR60001,1:1:222:2:8:1:0,0,false,false,false,false,0
ENBTR60006,move to,LOC_중앙계곡,2026-08-09T09:00:45.000Z,21.37636867,-157.74082419,UAV 1,2,1:3001:1568,ENBTR60006,1:1:222:2:8:1:0,0,false,false,false,false,0
ENBTR60002,move to,LOC_중앙계곡,2026-08-09T09:00:45.000Z,21.37640045,-157.74086226,UAV 1,2,1:3001:1693,ENBTR60002,1:1:222:2:8:1:0,0,false,false,false,false,0
ENBTR80002,move to,LOC_중앙계곡,2026-08-09T09:00:45.000Z,21.37656833,-157.74080944,UAV 1,2,1:3001:1789,ENBTR80002,1:1:222:2:13:0:0,0,false,false,false,false,0
ENGAZ003,move to,LOC_적북측접근로,2026-08-09T09:00:45.000Z,21.37163832,-157.74030406,UAV 1,2,1:3001:1654,ENGAZ003,1:1:222:7:8:0:0,0,false,false,false,false,0
ENCAESAR002,move to,LOC_북측예비방어선,2026-08-09T09:00:47.000Z,21.37257858,-157.74109213,UAV 1,2,1:3001:1499,ENCAESAR002,1:1:71:4:0:0:0,0,false,false,false,false,0
ENMORT005,none,,2026-08-09T09:00:47.000Z,21.37457651,-157.73710572,UAV 1,2,1:3001:1512,ENMORT005,1:1:71:10:1:0:1,0,false,false,false,false,0
ENMORT004,none,,2026-08-09T09:00:47.000Z,21.37447596,-157.73706256,UAV 1,2,1:3001:1535,ENMORT004,1:1:71:10:1:0:1,0,false,false,false,false,0
ENCAESAR004,move to,LOC_북측예비방어선,2026-08-09T09:00:47.000Z,21.37304708,-157.74227444,UAV 1,2,1:3001:1603,ENCAESAR004,1:1:71:4:0:0:0,0,false,false,false,false,0
ENBTR80006,move to,LOC_중앙계곡,2026-08-09T09:00:47.000Z,21.37673991,-157.74078899,UAV 1,2,1:3001:1633,ENBTR80006,1:1:222:2:13:0:0,0,false,false,false,false,0
ENBTR80003,move to,LOC_중앙계곡,2026-08-09T09:00:47.000Z,21.37682441,-157.74080843,UAV 1,2,1:3001:1658,ENBTR80003,1:1:222:2:13:0:0,0,false,false,false,false,0
ENCAESAR003,move to,LOC_적북측접근로,2026-08-09T09:00:47.000Z,21.37126140,-157.74139802,UAV 1,2,1:3001:1687,ENCAESAR003,1:1:71:4:0:0:0,0,false,false,false,false,0
ENMORT001,none,,2026-08-09T09:00:47.000Z,21.37443553,-157.73716992,UAV 1,2,1:3001:1694,ENMORT001,1:1:71:10:1:0:1,0,false,false,false,false,0
ENBTR60008,move to,LOC_중앙계곡,2026-08-09T09:00:47.000Z,21.37642244,-157.74083357,UAV 1,2,1:3001:1731,ENBTR60008,1:1:222:2:8:1:0,0,false,false,false,false,0
ENBTR80007,move to,LOC_중앙계곡,2026-08-09T09:00:47.000Z,21.37655201,-157.74080077,UAV 1,2,1:3001:1733,ENBTR80007,1:1:222:2:13:0:0,0,false,false,false,false,0
ENMORT002,none,,2026-08-09T09:00:47.000Z,21.37453609,-157.73721308,UAV 1,2,1:3001:1739,ENMORT002,1:1:71:10:1:0:1,0,false,false,false,false,0
ENGAZ004,move to,LOC_적북측접근로,2026-08-09T09:00:47.000Z,21.37158004,-157.74063052,UAV 1,2,1:3001:1743,ENGAZ004,1:1:222:7:8:0:0,0,false,false,false,false,0
ENBTR80005,move to,LOC_중앙계곡,2026-08-09T09:00:47.000Z,21.37668072,-157.74080378,UAV 1,2,1:3001:1751,ENBTR80005,1:1:222:2:13:0:0,0,false,false,false,false,0
ENMORT003,none,,2026-08-09T09:00:47.000Z,21.37463664,-157.73725624,UAV 1,2,1:3001:1770,ENMORT003,1:1:71:10:1:0:1,0,false,false,false,false,0
ENBTR60005,move to,LOC_중앙계곡,2026-08-09T09:00:47.000Z,21.37650016,-157.74085226,UAV 1,2,1:3001:1807,ENBTR60005,1:1:222:2:8:1:0,0,false,false,false,false,0
ENM35004,move to,LOC_적북측접근로,2026-08-09T09:00:47.000Z,21.37155206,-157.74084011,UAV 1,2,1:3001:1555,ENM35004,1:1:225:7:1:6:0,0,false,false,false,false,0
ENM35002,move to,LOC_적북측접근로,2026-08-09T09:00:47.000Z,21.37152784,-157.74093898,UAV 1,2,1:3001:1645,ENM35002,1:1:225:7:1:6:0,0,false,false,false,false,0
ENGAZ002,move to,LOC_적북측접근로,2026-08-09T09:00:47.000Z,21.37155644,-157.74073517,UAV 1,2,1:3001:1626,ENGAZ002,1:1:222:7:8:0:0,0,false,false,false,false,0
ENBTR60001,move to,LOC_중앙계곡,2026-08-09T09:00:47.000Z,21.37653476,-157.74088832,UAV 1,2,1:3001:1507,ENBTR60001,1:1:222:2:8:1:0,0,false,false,false,false,0
ENBTR60002,move to,LOC_중앙계곡,2026-08-09T09:00:47.000Z,21.37659773,-157.74087121,UAV 1,2,1:3001:1693,ENBTR60002,1:1:222:2:8:1:0,0,false,false,false,false,0
ENBTR80002,move to,LOC_중앙계곡,2026-08-09T09:00:47.000Z,21.37676550,-157.74082296,UAV 1,2,1:3001:1789,ENBTR80002,1:1:222:2:13:0:0,0,false,false,false,false,0
ENGAZ003,move to,LOC_적북측접근로,2026-08-09T09:00:47.000Z,21.37159374,-157.74051199,UAV 1,2,1:3001:1654,ENGAZ003,1:1:222:7:8:0:0,0,false,false,false,false,0
ENBTR80001,move to,LOC_중앙계곡,2026-08-09T09:00:47.000Z,21.37670538,-157.74083813,UAV 1,2,1:3001:1602,ENBTR80001,1:1:222:2:13:0:0,0,false,false,false,false,0
ENCAESAR002,move to,LOC_북측예비방어선,2026-08-09T09:00:48.000Z,21.37264529,-157.74126021,UAV 1,2,1:3001:1499,ENCAESAR002,1:1:71:4:0:0:0,0,false,false,false,false,0
ENMORT005,none,,2026-08-09T09:00:48.000Z,21.37457651,-157.73710572,UAV 1,2,1:3001:1512,ENMORT005,1:1:71:10:1:0:1,0,false,false,false,false,0
ENMORT004,none,,2026-08-09T09:00:48.000Z,21.37447596,-157.73706256,UAV 1,2,1:3001:1535,ENMORT004,1:1:71:10:1:0:1,0,false,false,false,false,0
ENCAESAR004,move to,LOC_북측예비방어선,2026-08-09T09:00:48.000Z,21.37311454,-157.74244404,UAV 1,2,1:3001:1603,ENCAESAR004,1:1:71:4:0:0:0,0,false,false,false,false,0
ENBTR80006,move to,LOC_중앙계곡,2026-08-09T09:00:48.000Z,21.37691297,-157.74080315,UAV 1,2,1:3001:1633,ENBTR80006,1:1:222:2:13:0:0,0,false,false,false,false,0
ENBTR80003,move to,LOC_중앙계곡,2026-08-09T09:00:48.000Z,21.37699795,-157.74082171,UAV 1,2,1:3001:1658,ENBTR80003,1:1:222:2:13:0:0,0,false,false,false,false,0
ENCAESAR003,move to,LOC_적북측접근로,2026-08-09T09:00:48.000Z,21.37129438,-157.74156157,UAV 1,2,1:3001:1687,ENCAESAR003,1:1:71:4:0:0:0,0,false,false,false,false,0
ENMORT001,none,,2026-08-09T09:00:48.000Z,21.37443553,-157.73716992,UAV 1,2,1:3001:1694,ENMORT001,1:1:71:10:1:0:1,0,false,false,false,false,0
ENBTR60008,move to,LOC_중앙계곡,2026-08-09T09:00:48.000Z,21.37659567,-157.74084330,UAV 1,2,1:3001:1731,ENBTR60008,1:1:222:2:8:1:0,0,false,false,false,false,0
ENBTR80007,move to,LOC_중앙계곡,2026-08-09T09:00:48.000Z,21.37672513,-157.74081314,UAV 1,2,1:3001:1733,ENBTR80007,1:1:222:2:13:0:0,0,false,false,false,false,0
ENMORT002,none,,2026-08-09T09:00:48.000Z,21.37453609,-157.73721308,UAV 1,2,1:3001:1739,ENMORT002,1:1:71:10:1:0:1,0,false,false,false,false,0
ENGAZ004,move to,LOC_적북측접근로,2026-08-09T09:00:48.000Z,21.37153871,-157.74081426,UAV 1,2,1:3001:1743,ENGAZ004,1:1:222:7:8:0:0,0,false,false,false,false,0
ENBTR80005,move to,LOC_중앙계곡,2026-08-09T09:00:48.000Z,21.37685388,-157.74081659,UAV 1,2,1:3001:1751,ENBTR80005,1:1:222:2:13:0:0,0,false,false,false,false,0
ENMORT003,none,,2026-08-09T09:00:48.000Z,21.37463664,-157.73725624,UAV 1,2,1:3001:1770,ENMORT003,1:1:71:10:1:0:1,0,false,false,false,false,0
ENBTR60005,move to,LOC_중앙계곡,2026-08-09T09:00:48.000Z,21.37667344,-157.74086106,UAV 1,2,1:3001:1807,ENBTR60005,1:1:222:2:8:1:0,0,false,false,false,false,0
ENM35004,move to,LOC_적북측접근로,2026-08-09T09:00:48.000Z,21.37150768,-157.74102029,UAV 1,2,1:3001:1555,ENM35004,1:1:225:7:1:6:0,0,false,false,false,false,0
ENM35002,move to,LOC_적북측접근로,2026-08-09T09:00:48.000Z,21.37148469,-157.74111407,UAV 1,2,1:3001:1645,ENM35002,1:1:225:7:1:6:0,0,false,false,false,false,0
ENGAZ002,move to,LOC_적북측접근로,2026-08-09T09:00:48.000Z,21.37151562,-157.74091665,UAV 1,2,1:3001:1626,ENGAZ002,1:1:222:7:8:0:0,0,false,false,false,false,0
ENBTR60001,move to,LOC_중앙계곡,2026-08-09T09:00:48.000Z,21.37670807,-157.74089486,UAV 1,2,1:3001:1507,ENBTR60001,1:1:222:2:8:1:0,0,false,false,false,false,0
ENBTR60002,move to,LOC_중앙계곡,2026-08-09T09:00:48.000Z,21.37677106,-157.74087907,UAV 1,2,1:3001:1693,ENBTR60002,1:1:222:2:8:1:0,0,false,false,false,false,0
ENBTR80002,move to,LOC_중앙계곡,2026-08-09T09:00:48.000Z,21.37693885,-157.74083485,UAV 1,2,1:3001:1789,ENBTR80002,1:1:222:2:13:0:0,0,false,false,false,false,0
ENGAZ003,move to,LOC_적북측접근로,2026-08-09T09:00:48.000Z,21.37155495,-157.74069289,UAV 1,2,1:3001:1654,ENGAZ003,1:1:222:7:8:0:0,0,false,false,false,false,0
ENBTR80001,move to,LOC_중앙계곡,2026-08-09T09:00:48.000Z,21.37687879,-157.74084866,UAV 1,2,1:3001:1602,ENBTR80001,1:1:222:2:13:0:0,0,false,false,false,false,0
ENCAESAR002,move to,LOC_북측예비방어선,2026-08-09T09:00:49.000Z,21.37264529,-157.74126021,UAV 1,2,1:3001:1499,ENCAESAR002,1:1:71:4:0:0:0,0,false,false,false,false,0
ENMORT005,none,,2026-08-09T09:00:49.000Z,21.37457651,-157.73710572,UAV 1,2,1:3001:1512,ENMORT005,1:1:71:10:1:0:1,0,false,false,false,false,0
ENMORT004,none,,2026-08-09T09:00:49.000Z,21.37447596,-157.73706256,UAV 1,2,1:3001:1535,ENMORT004,1:1:71:10:1:0:1,0,false,false,false,false,0
ENCAESAR004,move to,LOC_북측예비방어선,2026-08-09T09:00:49.000Z,21.37311454,-157.74244404,UAV 1,2,1:3001:1603,ENCAESAR004,1:1:71:4:0:0:0,0,false,false,false,false,0
ENBTR80006,move to,LOC_중앙계곡,2026-08-09T09:00:49.000Z,21.37691297,-157.74080315,UAV 1,2,1:3001:1633,ENBTR80006,1:1:222:2:13:0:0,0,false,false,false,false,0
ENBTR80003,move to,LOC_중앙계곡,2026-08-09T09:00:49.000Z,21.37699795,-157.74082171,UAV 1,2,1:3001:1658,ENBTR80003,1:1:222:2:13:0:0,0,false,false,false,false,0
ENCAESAR003,move to,LOC_적북측접근로,2026-08-09T09:00:49.000Z,21.37129438,-157.74156157,UAV 1,2,1:3001:1687,ENCAESAR003,1:1:71:4:0:0:0,0,false,false,false,false,0
ENMORT001,none,,2026-08-09T09:00:49.000Z,21.37443553,-157.73716992,UAV 1,2,1:3001:1694,ENMORT001,1:1:71:10:1:0:1,0,false,false,false,false,0
ENBTR60008,move to,LOC_중앙계곡,2026-08-09T09:00:49.000Z,21.37659567,-157.74084330,UAV 1,2,1:3001:1731,ENBTR60008,1:1:222:2:8:1:0,0,false,false,false,false,0
ENBTR80007,move to,LOC_중앙계곡,2026-08-09T09:00:49.000Z,21.37672513,-157.74081314,UAV 1,2,1:3001:1733,ENBTR80007,1:1:222:2:13:0:0,0,false,false,false,false,0
ENMORT002,none,,2026-08-09T09:00:49.000Z,21.37453609,-157.73721308,UAV 1,2,1:3001:1739,ENMORT002,1:1:71:10:1:0:1,0,false,false,false,false,0
ENGAZ004,move to,LOC_적북측접근로,2026-08-09T09:00:49.000Z,21.37153871,-157.74081426,UAV 1,2,1:3001:1743,ENGAZ004,1:1:222:7:8:0:0,0,false,false,false,false,0
ENBTR80005,move to,LOC_중앙계곡,2026-08-09T09:00:49.000Z,21.37685388,-157.74081659,UAV 1,2,1:3001:1751,ENBTR80005,1:1:222:2:13:0:0,0,false,false,false,false,0
ENMORT003,none,,2026-08-09T09:00:49.000Z,21.37463664,-157.73725624,UAV 1,2,1:3001:1770,ENMORT003,1:1:71:10:1:0:1,0,false,false,false,false,0
ENBTR60005,move to,LOC_중앙계곡,2026-08-09T09:00:49.000Z,21.37667344,-157.74086106,UAV 1,2,1:3001:1807,ENBTR60005,1:1:222:2:8:1:0,0,false,false,false,false,0
ENM35004,move to,LOC_적북측접근로,2026-08-09T09:00:49.000Z,21.37150768,-157.74102029,UAV 1,2,1:3001:1555,ENM35004,1:1:225:7:1:6:0,0,false,false,false,false,0
ENM35002,move to,LOC_적북측접근로,2026-08-09T09:00:49.000Z,21.37148469,-157.74111407,UAV 1,2,1:3001:1645,ENM35002,1:1:225:7:1:6:0,0,false,false,false,false,0
ENGAZ002,move to,LOC_적북측접근로,2026-08-09T09:00:49.000Z,21.37151562,-157.74091665,UAV 1,2,1:3001:1626,ENGAZ002,1:1:222:7:8:0:0,0,false,false,false,false,0
ENBTR60001,move to,LOC_중앙계곡,2026-08-09T09:00:49.000Z,21.37670807,-157.74089486,UAV 1,2,1:3001:1507,ENBTR60001,1:1:222:2:8:1:0,0,false,false,false,false,0
ENBTR60002,move to,LOC_중앙계곡,2026-08-09T09:00:49.000Z,21.37677106,-157.74087907,UAV 1,2,1:3001:1693,ENBTR60002,1:1:222:2:8:1:0,0,false,false,false,false,0
ENBTR80002,move to,LOC_중앙계곡,2026-08-09T09:00:49.000Z,21.37693885,-157.74083485,UAV 1,2,1:3001:1789,ENBTR80002,1:1:222:2:13:0:0,0,false,false,false,false,0
ENGAZ003,move to,LOC_적북측접근로,2026-08-09T09:00:49.000Z,21.37155495,-157.74069289,UAV 1,2,1:3001:1654,ENGAZ003,1:1:222:7:8:0:0,0,false,false,false,false,0
ENBTR80001,move to,LOC_중앙계곡,2026-08-09T09:00:49.000Z,21.37687879,-157.74084866,UAV 1,2,1:3001:1602,ENBTR80001,1:1:222:2:13:0:0,0,false,false,false,false,0
ENCAESAR002,move to,LOC_북측예비방어선,2026-08-09T09:00:50.000Z,21.37271493,-157.74143569,UAV 1,2,1:3001:1499,ENCAESAR002,1:1:71:4:0:0:0,0,false,false,false,false,0
ENMORT005,none,,2026-08-09T09:00:50.000Z,21.37457651,-157.73710572,UAV 1,2,1:3001:1512,ENMORT005,1:1:71:10:1:0:1,0,false,false,false,false,0
ENMORT004,none,,2026-08-09T09:00:50.000Z,21.37447596,-157.73706256,UAV 1,2,1:3001:1535,ENMORT004,1:1:71:10:1:0:1,0,false,false,false,false,0
ENCAESAR004,move to,LOC_북측예비방어선,2026-08-09T09:00:50.000Z,21.37318221,-157.74261415,UAV 1,2,1:3001:1603,ENCAESAR004,1:1:71:4:0:0:0,0,false,false,false,false,0
ENBTR80006,move to,LOC_중앙계곡,2026-08-09T09:00:50.000Z,21.37708749,-157.74081743,UAV 1,2,1:3001:1633,ENBTR80006,1:1:222:2:13:0:0,0,false,false,false,false,0
ENBTR80003,move to,LOC_중앙계곡,2026-08-09T09:00:50.000Z,21.37717241,-157.74083505,UAV 1,2,1:3001:1658,ENBTR80003,1:1:222:2:13:0:0,0,false,false,false,false,0
ENCAESAR003,move to,LOC_적북측접근로,2026-08-09T09:00:50.000Z,21.37130061,-157.74159249,UAV 1,2,1:3001:1687,ENCAESAR003,1:1:71:4:0:0:0,0,false,false,false,false,0
ENMORT001,none,,2026-08-09T09:00:50.000Z,21.37443553,-157.73716992,UAV 1,2,1:3001:1694,ENMORT001,1:1:71:10:1:0:1,0,false,false,false,false,0
ENBTR60008,move to,LOC_중앙계곡,2026-08-09T09:00:50.000Z,21.37676992,-157.74085308,UAV 1,2,1:3001:1731,ENBTR60008,1:1:222:2:8:1:0,0,false,false,false,false,0
ENBTR80007,move to,LOC_중앙계곡,2026-08-09T09:00:50.000Z,21.37689941,-157.74082560,UAV 1,2,1:3001:1733,ENBTR80007,1:1:222:2:13:0:0,0,false,false,false,false,0
ENMORT002,none,,2026-08-09T09:00:50.000Z,21.37453609,-157.73721308,UAV 1,2,1:3001:1739,ENMORT002,1:1:71:10:1:0:1,0,false,false,false,false,0
ENGAZ004,move to,LOC_적북측접근로,2026-08-09T09:00:50.000Z,21.37149779,-157.74099613,UAV 1,2,1:3001:1743,ENGAZ004,1:1:222:7:8:0:0,0,false,false,false,false,0
ENBTR80005,move to,LOC_중앙계곡,2026-08-09T09:00:50.000Z,21.37702849,-157.74082950,UAV 1,2,1:3001:1751,ENBTR80005,1:1:222:2:13:0:0,0,false,false,false,false,0
ENMORT003,none,,2026-08-09T09:00:50.000Z,21.37463664,-157.73725624,UAV 1,2,1:3001:1770,ENMORT003,1:1:71:10:1:0:1,0,false,false,false,false,0
ENBTR60005,move to,LOC_중앙계곡,2026-08-09T09:00:50.000Z,21.37684802,-157.74086993,UAV 1,2,1:3001:1807,ENBTR60005,1:1:222:2:8:1:0,0,false,false,false,false,0
ENM35004,move to,LOC_적북측접근로,2026-08-09T09:00:50.000Z,21.37146551,-157.74119156,UAV 1,2,1:3001:1555,ENM35004,1:1:225:7:1:6:0,0,false,false,false,false,0
ENM35002,move to,LOC_적북측접근로,2026-08-09T09:00:50.000Z,21.37144098,-157.74129145,UAV 1,2,1:3001:1645,ENM35002,1:1:225:7:1:6:0,0,false,false,false,false,0
ENGAZ002,move to,LOC_적북측접근로,2026-08-09T09:00:50.000Z,21.37148105,-157.74107036,UAV 1,2,1:3001:1626,ENGAZ002,1:1:222:7:8:0:0,0,false,false,false,false,0
ENBTR60002,move to,LOC_중앙계곡,2026-08-09T09:00:50.000Z,21.37694570,-157.74088699,UAV 1,2,1:3001:1693,ENBTR60002,1:1:222:2:8:1:0,0,false,false,false,false,0
ENBTR80002,move to,LOC_중앙계곡,2026-08-09T09:00:50.000Z,21.37711347,-157.74084682,UAV 1,2,1:3001:1789,ENBTR80002,1:1:222:2:13:0:0,0,false,false,false,false,0
ENGAZ003,move to,LOC_적북측접근로,2026-08-09T09:00:50.000Z,21.37151547,-157.74087702,UAV 1,2,1:3001:1654,ENGAZ003,1:1:222:7:8:0:0,0,false,false,false,false,0
ENCAESAR002,move to,LOC_북측예비방어선,2026-08-09T09:00:51.000Z,21.37271493,-157.74143569,UAV 1,2,1:3001:1499,ENCAESAR002,1:1:71:4:0:0:0,0,false,false,false,false,0
ENMORT005,none,,2026-08-09T09:00:51.000Z,21.37457651,-157.73710572,UAV 1,2,1:3001:1512,ENMORT005,1:1:71:10:1:0:1,0,false,false,false,false,0
ENMORT004,none,,2026-08-09T09:00:51.000Z,21.37447596,-157.73706256,UAV 1,2,1:3001:1535,ENMORT004,1:1:71:10:1:0:1,0,false,false,false,false,0
ENCAESAR004,move to,LOC_북측예비방어선,2026-08-09T09:00:51.000Z,21.37318221,-157.74261415,UAV 1,2,1:3001:1603,ENCAESAR004,1:1:71:4:0:0:0,0,false,false,false,false,0
ENBTR80006,move to,LOC_중앙계곡,2026-08-09T09:00:51.000Z,21.37708749,-157.74081743,UAV 1,2,1:3001:1633,ENBTR80006,1:1:222:2:13:0:0,0,false,false,false,false,0
ENBTR80003,move to,LOC_중앙계곡,2026-08-09T09:00:51.000Z,21.37717241,-157.74083505,UAV 1,2,1:3001:1658,ENBTR80003,1:1:222:2:13:0:0,0,false,false,false,false,0
ENCAESAR003,move to,LOC_적북측접근로,2026-08-09T09:00:51.000Z,21.37130061,-157.74159249,UAV 1,2,1:3001:1687,ENCAESAR003,1:1:71:4:0:0:0,0,false,false,false,false,0
ENMORT001,none,,2026-08-09T09:00:51.000Z,21.37443553,-157.73716992,UAV 1,2,1:3001:1694,ENMORT001,1:1:71:10:1:0:1,0,false,false,false,false,0
ENBTR60008,move to,LOC_중앙계곡,2026-08-09T09:00:51.000Z,21.37676992,-157.74085308,UAV 1,2,1:3001:1731,ENBTR60008,1:1:222:2:8:1:0,0,false,false,false,false,0
ENBTR80007,move to,LOC_중앙계곡,2026-08-09T09:00:51.000Z,21.37689941,-157.74082560,UAV 1,2,1:3001:1733,ENBTR80007,1:1:222:2:13:0:0,0,false,false,false,false,0
ENMORT002,none,,2026-08-09T09:00:51.000Z,21.37453609,-157.73721308,UAV 1,2,1:3001:1739,ENMORT002,1:1:71:10:1:0:1,0,false,false,false,false,0
ENGAZ004,move to,LOC_적북측접근로,2026-08-09T09:00:51.000Z,21.37149779,-157.74099613,UAV 1,2,1:3001:1743,ENGAZ004,1:1:222:7:8:0:0,0,false,false,false,false,0
ENBTR80005,move to,LOC_중앙계곡,2026-08-09T09:00:51.000Z,21.37702849,-157.74082950,UAV 1,2,1:3001:1751,ENBTR80005,1:1:222:2:13:0:0,0,false,false,false,false,0
ENMORT003,none,,2026-08-09T09:00:51.000Z,21.37463664,-157.73725624,UAV 1,2,1:3001:1770,ENMORT003,1:1:71:10:1:0:1,0,false,false,false,false,0
ENBTR60005,move to,LOC_중앙계곡,2026-08-09T09:00:51.000Z,21.37684802,-157.74086993,UAV 1,2,1:3001:1807,ENBTR60005,1:1:222:2:8:1:0,0,false,false,false,false,0
ENM35004,move to,LOC_적북측접근로,2026-08-09T09:00:51.000Z,21.37146551,-157.74119156,UAV 1,2,1:3001:1555,ENM35004,1:1:225:7:1:6:0,0,false,false,false,false,0
ENM35002,move to,LOC_적북측접근로,2026-08-09T09:00:51.000Z,21.37144098,-157.74129145,UAV 1,2,1:3001:1645,ENM35002,1:1:225:7:1:6:0,0,false,false,false,false,0
ENGAZ002,move to,LOC_적북측접근로,2026-08-09T09:00:51.000Z,21.37148105,-157.74107036,UAV 1,2,1:3001:1626,ENGAZ002,1:1:222:7:8:0:0,0,false,false,false,false,0
ENBTR60002,move to,LOC_중앙계곡,2026-08-09T09:00:51.000Z,21.37694570,-157.74088699,UAV 1,2,1:3001:1693,ENBTR60002,1:1:222:2:8:1:0,0,false,false,false,false,0
ENBTR80002,move to,LOC_중앙계곡,2026-08-09T09:00:51.000Z,21.37711347,-157.74084682,UAV 1,2,1:3001:1789,ENBTR80002,1:1:222:2:13:0:0,0,false,false,false,false,0
ENGAZ003,move to,LOC_적북측접근로,2026-08-09T09:00:51.000Z,21.37151547,-157.74087702,UAV 1,2,1:3001:1654,ENGAZ003,1:1:222:7:8:0:0,0,false,false,false,false,0
ENCAESAR002,move to,LOC_북측예비방어선,2026-08-09T09:00:52.000Z,21.37278803,-157.74161987,UAV 1,2,1:3001:1499,ENCAESAR002,1:1:71:4:0:0:0,0,false,false,false,false,0
ENMORT005,none,,2026-08-09T09:00:52.000Z,21.37457651,-157.73710572,UAV 1,2,1:3001:1512,ENMORT005,1:1:71:10:1:0:1,0,false,false,false,false,0
ENMORT004,none,,2026-08-09T09:00:52.000Z,21.37447596,-157.73706256,UAV 1,2,1:3001:1535,ENMORT004,1:1:71:10:1:0:1,0,false,false,false,false,0
ENCAESAR004,move to,LOC_북측예비방어선,2026-08-09T09:00:52.000Z,21.37325614,-157.74280003,UAV 1,2,1:3001:1603,ENCAESAR004,1:1:71:4:0:0:0,0,false,false,false,false,0
ENBTR80006,move to,LOC_중앙계곡,2026-08-09T09:00:52.000Z,21.37727476,-157.74083275,UAV 1,2,1:3001:1633,ENBTR80006,1:1:222:2:13:0:0,0,false,false,false,false,0
ENBTR80003,move to,LOC_중앙계곡,2026-08-09T09:00:52.000Z,21.37735956,-157.74084936,UAV 1,2,1:3001:1658,ENBTR80003,1:1:222:2:13:0:0,0,false,false,false,false,0
ENCAESAR003,move to,LOC_적북측접근로,2026-08-09T09:00:52.000Z,21.37131010,-157.74163981,UAV 1,2,1:3001:1687,ENCAESAR003,1:1:71:4:0:0:0,0,false,false,false,false,0
ENMORT001,none,,2026-08-09T09:00:52.000Z,21.37443553,-157.73716992,UAV 1,2,1:3001:1694,ENMORT001,1:1:71:10:1:0:1,0,false,false,false,false,0
ENBTR60008,move to,LOC_중앙계곡,2026-08-09T09:00:52.000Z,21.37695724,-157.74086360,UAV 1,2,1:3001:1731,ENBTR60008,1:1:222:2:8:1:0,0,false,false,false,false,0
ENBTR80007,move to,LOC_중앙계곡,2026-08-09T09:00:52.000Z,21.37708682,-157.74083899,UAV 1,2,1:3001:1733,ENBTR80007,1:1:222:2:13:0:0,0,false,false,false,false,0
ENMORT002,none,,2026-08-09T09:00:52.000Z,21.37453609,-157.73721308,UAV 1,2,1:3001:1739,ENMORT002,1:1:71:10:1:0:1,0,false,false,false,false,0
ENGAZ004,move to,LOC_적북측접근로,2026-08-09T09:00:52.000Z,21.37146952,-157.74112178,UAV 1,2,1:3001:1743,ENGAZ004,1:1:222:7:8:0:0,0,false,false,false,false,0
ENBTR80005,move to,LOC_중앙계곡,2026-08-09T09:00:52.000Z,21.37721586,-157.74084335,UAV 1,2,1:3001:1751,ENBTR80005,1:1:222:2:13:0:0,0,false,false,false,false,0
ENMORT003,none,,2026-08-09T09:00:52.000Z,21.37463664,-157.73725624,UAV 1,2,1:3001:1770,ENMORT003,1:1:71:10:1:0:1,0,false,false,false,false,0
ENBTR60005,move to,LOC_중앙계곡,2026-08-09T09:00:52.000Z,21.37703555,-157.74087945,UAV 1,2,1:3001:1807,ENBTR60005,1:1:222:2:8:1:0,0,false,false,false,false,0
ENM35004,move to,LOC_적북측접근로,2026-08-09T09:00:52.000Z,21.37141808,-157.74138414,UAV 1,2,1:3001:1555,ENM35004,1:1:225:7:1:6:0,0,false,false,false,false,0
ENGAZ002,move to,LOC_적북측접근로,2026-08-09T09:00:52.000Z,21.37145532,-157.74118475,UAV 1,2,1:3001:1626,ENGAZ002,1:1:222:7:8:0:0,0,false,false,false,false,0
ENBTR60002,move to,LOC_중앙계곡,2026-08-09T09:00:52.000Z,21.37713326,-157.74089549,UAV 1,2,1:3001:1693,ENBTR60002,1:1:222:2:8:1:0,0,false,false,false,false,0
ENCAESAR002,move to,LOC_북측예비방어선,2026-08-09T09:00:53.000Z,21.37278803,-157.74161987,UAV 1,2,1:3001:1499,ENCAESAR002,1:1:71:4:0:0:0,0,false,false,false,false,0
ENMORT005,none,,2026-08-09T09:00:53.000Z,21.37457651,-157.73710572,UAV 1,2,1:3001:1512,ENMORT005,1:1:71:10:1:0:1,0,false,false,false,false,0
ENMORT004,none,,2026-08-09T09:00:53.000Z,21.37447596,-157.73706256,UAV 1,2,1:3001:1535,ENMORT004,1:1:71:10:1:0:1,0,false,false,false,false,0
ENCAESAR004,move to,LOC_북측예비방어선,2026-08-09T09:00:53.000Z,21.37325614,-157.74280003,UAV 1,2,1:3001:1603,ENCAESAR004,1:1:71:4:0:0:0,0,false,false,false,false,0
ENBTR80006,move to,LOC_중앙계곡,2026-08-09T09:00:53.000Z,21.37727476,-157.74083275,UAV 1,2,1:3001:1633,ENBTR80006,1:1:222:2:13:0:0,0,false,false,false,false,0
ENBTR80003,move to,LOC_중앙계곡,2026-08-09T09:00:53.000Z,21.37735956,-157.74084936,UAV 1,2,1:3001:1658,ENBTR80003,1:1:222:2:13:0:0,0,false,false,false,false,0
ENCAESAR003,move to,LOC_적북측접근로,2026-08-09T09:00:53.000Z,21.37131010,-157.74163981,UAV 1,2,1:3001:1687,ENCAESAR003,1:1:71:4:0:0:0,0,false,false,false,false,0
ENMORT001,none,,2026-08-09T09:00:53.000Z,21.37443553,-157.73716992,UAV 1,2,1:3001:1694,ENMORT001,1:1:71:10:1:0:1,0,false,false,false,false,0
ENBTR60008,move to,LOC_중앙계곡,2026-08-09T09:00:53.000Z,21.37695724,-157.74086360,UAV 1,2,1:3001:1731,ENBTR60008,1:1:222:2:8:1:0,0,false,false,false,false,0
ENBTR80007,move to,LOC_중앙계곡,2026-08-09T09:00:53.000Z,21.37708682,-157.74083899,UAV 1,2,1:3001:1733,ENBTR80007,1:1:222:2:13:0:0,0,false,false,false,false,0
ENMORT002,none,,2026-08-09T09:00:53.000Z,21.37453609,-157.73721308,UAV 1,2,1:3001:1739,ENMORT002,1:1:71:10:1:0:1,0,false,false,false,false,0
ENGAZ004,move to,LOC_적북측접근로,2026-08-09T09:00:53.000Z,21.37146952,-157.74112178,UAV 1,2,1:3001:1743,ENGAZ004,1:1:222:7:8:0:0,0,false,false,false,false,0
ENBTR80005,move to,LOC_중앙계곡,2026-08-09T09:00:53.000Z,21.37721586,-157.74084335,UAV 1,2,1:3001:1751,ENBTR80005,1:1:222:2:13:0:0,0,false,false,false,false,0
ENMORT003,none,,2026-08-09T09:00:53.000Z,21.37463664,-157.73725624,UAV 1,2,1:3001:1770,ENMORT003,1:1:71:10:1:0:1,0,false,false,false,false,0
ENBTR60005,move to,LOC_중앙계곡,2026-08-09T09:00:53.000Z,21.37703555,-157.74087945,UAV 1,2,1:3001:1807,ENBTR60005,1:1:222:2:8:1:0,0,false,false,false,false,0
ENM35004,move to,LOC_적북측접근로,2026-08-09T09:00:53.000Z,21.37141808,-157.74138414,UAV 1,2,1:3001:1555,ENM35004,1:1:225:7:1:6:0,0,false,false,false,false,0
ENGAZ002,move to,LOC_적북측접근로,2026-08-09T09:00:53.000Z,21.37145532,-157.74118475,UAV 1,2,1:3001:1626,ENGAZ002,1:1:222:7:8:0:0,0,false,false,false,false,0
ENBTR60002,move to,LOC_중앙계곡,2026-08-09T09:00:53.000Z,21.37713326,-157.74089549,UAV 1,2,1:3001:1693,ENBTR60002,1:1:222:2:8:1:0,0,false,false,false,false,0
ENCAESAR002,move to,LOC_북측예비방어선,2026-08-09T09:00:53.000Z,21.37278803,-157.74161987,UAV 1,2,1:3001:1499,ENCAESAR002,1:1:71:4:0:0:0,0,false,false,false,false,0
ENMORT005,none,,2026-08-09T09:00:53.000Z,21.37457651,-157.73710572,UAV 1,2,1:3001:1512,ENMORT005,1:1:71:10:1:0:1,0,false,false,false,false,0
ENMORT004,none,,2026-08-09T09:00:53.000Z,21.37447596,-157.73706256,UAV 1,2,1:3001:1535,ENMORT004,1:1:71:10:1:0:1,0,false,false,false,false,0
ENCAESAR004,move to,LOC_북측예비방어선,2026-08-09T09:00:53.000Z,21.37325614,-157.74280003,UAV 1,2,1:3001:1603,ENCAESAR004,1:1:71:4:0:0:0,0,false,false,false,false,0
ENBTR80006,move to,LOC_중앙계곡,2026-08-09T09:00:53.000Z,21.37727476,-157.74083275,UAV 1,2,1:3001:1633,ENBTR80006,1:1:222:2:13:0:0,0,false,false,false,false,0
ENBTR80003,move to,LOC_중앙계곡,2026-08-09T09:00:53.000Z,21.37735956,-157.74084936,UAV 1,2,1:3001:1658,ENBTR80003,1:1:222:2:13:0:0,0,false,false,false,false,0
ENCAESAR003,move to,LOC_적북측접근로,2026-08-09T09:00:53.000Z,21.37131010,-157.74163981,UAV 1,2,1:3001:1687,ENCAESAR003,1:1:71:4:0:0:0,0,false,false,false,false,0
ENMORT001,none,,2026-08-09T09:00:53.000Z,21.37443553,-157.73716992,UAV 1,2,1:3001:1694,ENMORT001,1:1:71:10:1:0:1,0,false,false,false,false,0
ENBTR60008,move to,LOC_중앙계곡,2026-08-09T09:00:53.000Z,21.37695724,-157.74086360,UAV 1,2,1:3001:1731,ENBTR60008,1:1:222:2:8:1:0,0,false,false,false,false,0
ENBTR80007,move to,LOC_중앙계곡,2026-08-09T09:00:53.000Z,21.37708682,-157.74083899,UAV 1,2,1:3001:1733,ENBTR80007,1:1:222:2:13:0:0,0,false,false,false,false,0
ENMORT002,none,,2026-08-09T09:00:53.000Z,21.37453609,-157.73721308,UAV 1,2,1:3001:1739,ENMORT002,1:1:71:10:1:0:1,0,false,false,false,false,0
ENGAZ004,move to,LOC_적북측접근로,2026-08-09T09:00:53.000Z,21.37146952,-157.74112178,UAV 1,2,1:3001:1743,ENGAZ004,1:1:222:7:8:0:0,0,false,false,false,false,0
ENBTR80005,move to,LOC_중앙계곡,2026-08-09T09:00:53.000Z,21.37721586,-157.74084335,UAV 1,2,1:3001:1751,ENBTR80005,1:1:222:2:13:0:0,0,false,false,false,false,0
ENMORT003,none,,2026-08-09T09:00:53.000Z,21.37463664,-157.73725624,UAV 1,2,1:3001:1770,ENMORT003,1:1:71:10:1:0:1,0,false,false,false,false,0
ENBTR60005,move to,LOC_중앙계곡,2026-08-09T09:00:53.000Z,21.37703555,-157.74087945,UAV 1,2,1:3001:1807,ENBTR60005,1:1:222:2:8:1:0,0,false,false,false,false,0
ENM35004,move to,LOC_적북측접근로,2026-08-09T09:00:53.000Z,21.37141808,-157.74138414,UAV 1,2,1:3001:1555,ENM35004,1:1:225:7:1:6:0,0,false,false,false,false,0
ENGAZ002,move to,LOC_적북측접근로,2026-08-09T09:00:53.000Z,21.37145532,-157.74118475,UAV 1,2,1:3001:1626,ENGAZ002,1:1:222:7:8:0:0,0,false,false,false,false,0
ENBTR60002,move to,LOC_중앙계곡,2026-08-09T09:00:53.000Z,21.37713326,-157.74089549,UAV 1,2,1:3001:1693,ENBTR60002,1:1:222:2:8:1:0,0,false,false,false,false,0
ENCAESAR002,move to,LOC_북측예비방어선,2026-08-09T09:00:54.000Z,21.37286134,-157.74180459,UAV 1,2,1:3001:1499,ENCAESAR002,1:1:71:4:0:0:0,0,false,false,false,false,0
ENMORT005,none,,2026-08-09T09:00:54.000Z,21.37457651,-157.73710572,UAV 1,2,1:3001:1512,ENMORT005,1:1:71:10:1:0:1,0,false,false,false,false,0
ENMORT004,none,,2026-08-09T09:00:54.000Z,21.37447596,-157.73706256,UAV 1,2,1:3001:1535,ENMORT004,1:1:71:10:1:0:1,0,false,false,false,false,0
ENCAESAR004,move to,LOC_북측예비방어선,2026-08-09T09:00:54.000Z,21.37331489,-157.74294788,UAV 1,2,1:3001:1603,ENCAESAR004,1:1:71:4:0:0:0,0,false,false,false,false,0
ENBTR80006,move to,LOC_중앙계곡,2026-08-09T09:00:54.000Z,21.37746188,-157.74084806,UAV 1,2,1:3001:1633,ENBTR80006,1:1:222:2:13:0:0,0,false,false,false,false,0
ENBTR80003,move to,LOC_중앙계곡,2026-08-09T09:00:54.000Z,21.37754667,-157.74086367,UAV 1,2,1:3001:1658,ENBTR80003,1:1:222:2:13:0:0,0,false,false,false,false,0
ENCAESAR003,move to,LOC_적북측접근로,2026-08-09T09:00:54.000Z,21.37131719,-157.74167517,UAV 1,2,1:3001:1687,ENCAESAR003,1:1:71:4:0:0:0,0,false,false,false,false,0
ENMORT001,none,,2026-08-09T09:00:54.000Z,21.37443553,-157.73716992,UAV 1,2,1:3001:1694,ENMORT001,1:1:71:10:1:0:1,0,false,false,false,false,0
ENBTR60008,move to,LOC_중앙계곡,2026-08-09T09:00:54.000Z,21.37714467,-157.74087412,UAV 1,2,1:3001:1731,ENBTR60008,1:1:222:2:8:1:0,0,false,false,false,false,0
ENBTR80007,move to,LOC_중앙계곡,2026-08-09T09:00:54.000Z,21.37727417,-157.74085237,UAV 1,2,1:3001:1733,ENBTR80007,1:1:222:2:13:0:0,0,false,false,false,false,0
ENMORT002,none,,2026-08-09T09:00:54.000Z,21.37453609,-157.73721308,UAV 1,2,1:3001:1739,ENMORT002,1:1:71:10:1:0:1,0,false,false,false,false,0
ENGAZ004,move to,LOC_적북측접근로,2026-08-09T09:00:54.000Z,21.37144433,-157.74123378,UAV 1,2,1:3001:1743,ENGAZ004,1:1:222:7:8:0:0,0,false,false,false,false,0
ENBTR80005,move to,LOC_중앙계곡,2026-08-09T09:00:54.000Z,21.37740294,-157.74085718,UAV 1,2,1:3001:1751,ENBTR80005,1:1:222:2:13:0:0,0,false,false,false,false,0
ENMORT003,none,,2026-08-09T09:00:54.000Z,21.37463664,-157.73725624,UAV 1,2,1:3001:1770,ENMORT003,1:1:71:10:1:0:1,0,false,false,false,false,0
ENBTR60005,move to,LOC_중앙계곡,2026-08-09T09:00:54.000Z,21.37722295,-157.74088897,UAV 1,2,1:3001:1807,ENBTR60005,1:1:222:2:8:1:0,0,false,false,false,false,0
ENGAZ002,move to,LOC_적북측접근로,2026-08-09T09:00:54.000Z,21.37143034,-157.74129583,UAV 1,2,1:3001:1626,ENGAZ002,1:1:222:7:8:0:0,0,false,false,false,false,0
ENBTR60002,move to,LOC_중앙계곡,2026-08-09T09:00:54.000Z,21.37732073,-157.74090399,UAV 1,2,1:3001:1693,ENBTR60002,1:1:222:2:8:1:0,0,false,false,false,false,0
ENCAESAR002,move to,LOC_북측예비방어선,2026-08-09T09:00:55.000Z,21.37286134,-157.74180459,UAV 1,2,1:3001:1499,ENCAESAR002,1:1:71:4:0:0:0,0,false,false,false,false,0
ENMORT005,none,,2026-08-09T09:00:55.000Z,21.37457651,-157.73710572,UAV 1,2,1:3001:1512,ENMORT005,1:1:71:10:1:0:1,0,false,false,false,false,0
ENMORT004,none,,2026-08-09T09:00:55.000Z,21.37447596,-157.73706256,UAV 1,2,1:3001:1535,ENMORT004,1:1:71:10:1:0:1,0,false,false,false,false,0
ENCAESAR004,move to,LOC_북측예비방어선,2026-08-09T09:00:55.000Z,21.37331489,-157.74294788,UAV 1,2,1:3001:1603,ENCAESAR004,1:1:71:4:0:0:0,0,false,false,false,false,0
ENBTR80006,move to,LOC_중앙계곡,2026-08-09T09:00:55.000Z,21.37746188,-157.74084806,UAV 1,2,1:3001:1633,ENBTR80006,1:1:222:2:13:0:0,0,false,false,false,false,0
ENBTR80003,move to,LOC_중앙계곡,2026-08-09T09:00:55.000Z,21.37754667,-157.74086367,UAV 1,2,1:3001:1658,ENBTR80003,1:1:222:2:13:0:0,0,false,false,false,false,0
ENCAESAR003,move to,LOC_적북측접근로,2026-08-09T09:00:55.000Z,21.37131719,-157.74167517,UAV 1,2,1:3001:1687,ENCAESAR003,1:1:71:4:0:0:0,0,false,false,false,false,0
ENMORT001,none,,2026-08-09T09:00:55.000Z,21.37443553,-157.73716992,UAV 1,2,1:3001:1694,ENMORT001,1:1:71:10:1:0:1,0,false,false,false,false,0
ENBTR60008,move to,LOC_중앙계곡,2026-08-09T09:00:55.000Z,21.37714467,-157.74087412,UAV 1,2,1:3001:1731,ENBTR60008,1:1:222:2:8:1:0,0,false,false,false,false,0
ENBTR80007,move to,LOC_중앙계곡,2026-08-09T09:00:55.000Z,21.37727417,-157.74085237,UAV 1,2,1:3001:1733,ENBTR80007,1:1:222:2:13:0:0,0,false,false,false,false,0
ENMORT002,none,,2026-08-09T09:00:55.000Z,21.37453609,-157.73721308,UAV 1,2,1:3001:1739,ENMORT002,1:1:71:10:1:0:1,0,false,false,false,false,0
ENGAZ004,move to,LOC_적북측접근로,2026-08-09T09:00:55.000Z,21.37144433,-157.74123378,UAV 1,2,1:3001:1743,ENGAZ004,1:1:222:7:8:0:0,0,false,false,false,false,0
ENBTR80005,move to,LOC_중앙계곡,2026-08-09T09:00:55.000Z,21.37740294,-157.74085718,UAV 1,2,1:3001:1751,ENBTR80005,1:1:222:2:13:0:0,0,false,false,false,false,0
ENMORT003,none,,2026-08-09T09:00:55.000Z,21.37463664,-157.73725624,UAV 1,2,1:3001:1770,ENMORT003,1:1:71:10:1:0:1,0,false,false,false,false,0
ENBTR60005,move to,LOC_중앙계곡,2026-08-09T09:00:55.000Z,21.37722295,-157.74088897,UAV 1,2,1:3001:1807,ENBTR60005,1:1:222:2:8:1:0,0,false,false,false,false,0
ENGAZ002,move to,LOC_적북측접근로,2026-08-09T09:00:55.000Z,21.37143034,-157.74129583,UAV 1,2,1:3001:1626,ENGAZ002,1:1:222:7:8:0:0,0,false,false,false,false,0
ENBTR60002,move to,LOC_중앙계곡,2026-08-09T09:00:55.000Z,21.37732073,-157.74090399,UAV 1,2,1:3001:1693,ENBTR60002,1:1:222:2:8:1:0,0,false,false,false,false,0
ENCAESAR002,move to,LOC_북측예비방어선,2026-08-09T09:00:56.000Z,21.37293559,-157.74199166,UAV 1,2,1:3001:1499,ENCAESAR002,1:1:71:4:0:0:0,0,false,false,false,false,0
ENMORT005,none,,2026-08-09T09:00:56.000Z,21.37457651,-157.73710572,UAV 1,2,1:3001:1512,ENMORT005,1:1:71:10:1:0:1,0,false,false,false,false,0
ENMORT004,none,,2026-08-09T09:00:56.000Z,21.37447596,-157.73706256,UAV 1,2,1:3001:1535,ENMORT004,1:1:71:10:1:0:1,0,false,false,false,false,0
ENCAESAR004,move to,LOC_북측예비방어선,2026-08-09T09:00:56.000Z,21.37331895,-157.74295813,UAV 1,2,1:3001:1603,ENCAESAR004,1:1:71:4:0:0:0,0,false,false,false,false,0
ENBTR80006,move to,LOC_중앙계곡,2026-08-09T09:00:56.000Z,21.37765255,-157.74086366,UAV 1,2,1:3001:1633,ENBTR80006,1:1:222:2:13:0:0,0,false,false,false,false,0
ENBTR80003,move to,LOC_중앙계곡,2026-08-09T09:00:56.000Z,21.37773727,-157.74087825,UAV 1,2,1:3001:1658,ENBTR80003,1:1:222:2:13:0:0,0,false,false,false,false,0
ENMORT001,none,,2026-08-09T09:00:56.000Z,21.37443553,-157.73716992,UAV 1,2,1:3001:1694,ENMORT001,1:1:71:10:1:0:1,0,false,false,false,false,0
ENBTR60008,move to,LOC_중앙계곡,2026-08-09T09:00:56.000Z,21.37733577,-157.74088485,UAV 1,2,1:3001:1731,ENBTR60008,1:1:222:2:8:1:0,0,false,false,false,false,0
ENBTR80007,move to,LOC_중앙계곡,2026-08-09T09:00:56.000Z,21.37746518,-157.74086602,UAV 1,2,1:3001:1733,ENBTR80007,1:1:222:2:13:0:0,0,false,false,false,false,0
ENMORT002,none,,2026-08-09T09:00:56.000Z,21.37453609,-157.73721308,UAV 1,2,1:3001:1739,ENMORT002,1:1:71:10:1:0:1,0,false,false,false,false,0
ENGAZ004,move to,LOC_적북측접근로,2026-08-09T09:00:56.000Z,21.37141934,-157.74134483,UAV 1,2,1:3001:1743,ENGAZ004,1:1:222:7:8:0:0,0,false,false,false,false,0
ENBTR80005,move to,LOC_중앙계곡,2026-08-09T09:00:56.000Z,21.37759392,-157.74087130,UAV 1,2,1:3001:1751,ENBTR80005,1:1:222:2:13:0:0,0,false,false,false,false,0
ENMORT003,none,,2026-08-09T09:00:56.000Z,21.37463664,-157.73725624,UAV 1,2,1:3001:1770,ENMORT003,1:1:71:10:1:0:1,0,false,false,false,false,0
ENBTR60005,move to,LOC_중앙계곡,2026-08-09T09:00:56.000Z,21.37741414,-157.74089868,UAV 1,2,1:3001:1807,ENBTR60005,1:1:222:2:8:1:0,0,false,false,false,false,0
ENGAZ002,move to,LOC_적북측접근로,2026-08-09T09:00:56.000Z,21.37140466,-157.74141000,UAV 1,2,1:3001:1626,ENGAZ002,1:1:222:7:8:0:0,0,false,false,false,false,0
ENBTR60002,move to,LOC_중앙계곡,2026-08-09T09:00:56.000Z,21.37751212,-157.74091267,UAV 1,2,1:3001:1693,ENBTR60002,1:1:222:2:8:1:0,0,false,false,false,false,0
ENCAESAR002,move to,LOC_북측예비방어선,2026-08-09T09:00:58.000Z,21.37293559,-157.74199166,UAV 1,2,1:3001:1499,ENCAESAR002,1:1:71:4:0:0:0,0,false,false,false,false,0
ENMORT005,none,,2026-08-09T09:00:58.000Z,21.37457651,-157.73710572,UAV 1,2,1:3001:1512,ENMORT005,1:1:71:10:1:0:1,0,false,false,false,false,0
ENMORT004,none,,2026-08-09T09:00:58.000Z,21.37447596,-157.73706256,UAV 1,2,1:3001:1535,ENMORT004,1:1:71:10:1:0:1,0,false,false,false,false,0
ENCAESAR004,move to,LOC_북측예비방어선,2026-08-09T09:00:58.000Z,21.37331895,-157.74295813,UAV 1,2,1:3001:1603,ENCAESAR004,1:1:71:4:0:0:0,0,false,false,false,false,0
ENBTR80006,move to,LOC_중앙계곡,2026-08-09T09:00:58.000Z,21.37765255,-157.74086366,UAV 1,2,1:3001:1633,ENBTR80006,1:1:222:2:13:0:0,0,false,false,false,false,0
ENBTR80003,move to,LOC_중앙계곡,2026-08-09T09:00:58.000Z,21.37773727,-157.74087825,UAV 1,2,1:3001:1658,ENBTR80003,1:1:222:2:13:0:0,0,false,false,false,false,0
ENMORT001,none,,2026-08-09T09:00:58.000Z,21.37443553,-157.73716992,UAV 1,2,1:3001:1694,ENMORT001,1:1:71:10:1:0:1,0,false,false,false,false,0
ENBTR60008,move to,LOC_중앙계곡,2026-08-09T09:00:58.000Z,21.37733577,-157.74088485,UAV 1,2,1:3001:1731,ENBTR60008,1:1:222:2:8:1:0,0,false,false,false,false,0
ENBTR80007,move to,LOC_중앙계곡,2026-08-09T09:00:58.000Z,21.37746518,-157.74086602,UAV 1,2,1:3001:1733,ENBTR80007,1:1:222:2:13:0:0,0,false,false,false,false,0
ENMORT002,none,,2026-08-09T09:00:58.000Z,21.37453609,-157.73721308,UAV 1,2,1:3001:1739,ENMORT002,1:1:71:10:1:0:1,0,false,false,false,false,0
ENGAZ004,move to,LOC_적북측접근로,2026-08-09T09:00:58.000Z,21.37141934,-157.74134483,UAV 1,2,1:3001:1743,ENGAZ004,1:1:222:7:8:0:0,0,false,false,false,false,0
ENBTR80005,move to,LOC_중앙계곡,2026-08-09T09:00:58.000Z,21.37759392,-157.74087130,UAV 1,2,1:3001:1751,ENBTR80005,1:1:222:2:13:0:0,0,false,false,false,false,0
ENMORT003,none,,2026-08-09T09:00:58.000Z,21.37463664,-157.73725624,UAV 1,2,1:3001:1770,ENMORT003,1:1:71:10:1:0:1,0,false,false,false,false,0
ENBTR60005,move to,LOC_중앙계곡,2026-08-09T09:00:58.000Z,21.37741414,-157.74089868,UAV 1,2,1:3001:1807,ENBTR60005,1:1:222:2:8:1:0,0,false,false,false,false,0
ENGAZ002,move to,LOC_적북측접근로,2026-08-09T09:00:58.000Z,21.37140466,-157.74141000,UAV 1,2,1:3001:1626,ENGAZ002,1:1:222:7:8:0:0,0,false,false,false,false,0
ENBTR60002,move to,LOC_중앙계곡,2026-08-09T09:00:58.000Z,21.37751212,-157.74091267,UAV 1,2,1:3001:1693,ENBTR60002,1:1:222:2:8:1:0,0,false,false,false,false,0
ENCAESAR002,move to,LOC_북측예비방어선,2026-08-09T09:00:59.000Z,21.37300591,-157.74216885,UAV 1,2,1:3001:1499,ENCAESAR002,1:1:71:4:0:0:0,0,false,false,false,false,0
ENMORT005,none,,2026-08-09T09:00:59.000Z,21.37457651,-157.73710572,UAV 1,2,1:3001:1512,ENMORT005,1:1:71:10:1:0:1,0,false,false,false,false,0
ENMORT004,none,,2026-08-09T09:00:59.000Z,21.37447596,-157.73706256,UAV 1,2,1:3001:1535,ENMORT004,1:1:71:10:1:0:1,0,false,false,false,false,0
ENCAESAR004,move to,LOC_북측예비방어선,2026-08-09T09:00:59.000Z,21.37333573,-157.74300044,UAV 1,2,1:3001:1603,ENCAESAR004,1:1:71:4:0:0:0,0,false,false,false,false,0
ENBTR80006,move to,LOC_중앙계곡,2026-08-09T09:00:59.000Z,21.37783448,-157.74087855,UAV 1,2,1:3001:1633,ENBTR80006,1:1:222:2:13:0:0,0,false,false,false,false,0
ENBTR80003,move to,LOC_중앙계곡,2026-08-09T09:00:59.000Z,21.37791908,-157.74089215,UAV 1,2,1:3001:1658,ENBTR80003,1:1:222:2:13:0:0,0,false,false,false,false,0
ENMORT001,none,,2026-08-09T09:00:59.000Z,21.37443553,-157.73716992,UAV 1,2,1:3001:1694,ENMORT001,1:1:71:10:1:0:1,0,false,false,false,false,0
ENBTR60008,move to,LOC_중앙계곡,2026-08-09T09:00:59.000Z,21.37751834,-157.74089510,UAV 1,2,1:3001:1731,ENBTR60008,1:1:222:2:8:1:0,0,false,false,false,false,0
ENBTR80007,move to,LOC_중앙계곡,2026-08-09T09:00:59.000Z,21.37764736,-157.74087904,UAV 1,2,1:3001:1733,ENBTR80007,1:1:222:2:13:0:0,0,false,false,false,false,0
ENMORT002,none,,2026-08-09T09:00:59.000Z,21.37453609,-157.73721308,UAV 1,2,1:3001:1739,ENMORT002,1:1:71:10:1:0:1,0,false,false,false,false,0
ENGAZ004,move to,LOC_적북측접근로,2026-08-09T09:00:59.000Z,21.37139603,-157.74144844,UAV 1,2,1:3001:1743,ENGAZ004,1:1:222:7:8:0:0,0,false,false,false,false,0
ENBTR80005,move to,LOC_중앙계곡,2026-08-09T09:00:59.000Z,21.37777588,-157.74088475,UAV 1,2,1:3001:1751,ENBTR80005,1:1:222:2:13:0:0,0,false,false,false,false,0
ENMORT003,none,,2026-08-09T09:00:59.000Z,21.37463664,-157.73725624,UAV 1,2,1:3001:1770,ENMORT003,1:1:71:10:1:0:1,0,false,false,false,false,0
ENBTR60005,move to,LOC_중앙계곡,2026-08-09T09:00:59.000Z,21.37759676,-157.74090795,UAV 1,2,1:3001:1807,ENBTR60005,1:1:222:2:8:1:0,0,false,false,false,false,0
ENGAZ002,move to,LOC_적북측접근로,2026-08-09T09:00:59.000Z,21.37138209,-157.74151036,UAV 1,2,1:3001:1626,ENGAZ002,1:1:222:7:8:0:0,0,false,false,false,false,0
ENCAESAR002,move to,LOC_북측예비방어선,2026-08-09T09:01:00.000Z,21.37307901,-157.74235305,UAV 1,2,1:3001:1499,ENCAESAR002,1:1:71:4:0:0:0,0,false,false,false,false,0
ENMORT005,none,,2026-08-09T09:01:00.000Z,21.37457651,-157.73710572,UAV 1,2,1:3001:1512,ENMORT005,1:1:71:10:1:0:1,0,false,false,false,false,0
ENMORT004,none,,2026-08-09T09:01:00.000Z,21.37447596,-157.73706256,UAV 1,2,1:3001:1535,ENMORT004,1:1:71:10:1:0:1,0,false,false,false,false,0
ENCAESAR004,move to,LOC_북측예비방어선,2026-08-09T09:01:00.000Z,21.37334892,-157.74303369,UAV 1,2,1:3001:1603,ENCAESAR004,1:1:71:4:0:0:0,0,false,false,false,false,0
ENBTR80006,move to,LOC_중앙계곡,2026-08-09T09:01:00.000Z,21.37802023,-157.74089375,UAV 1,2,1:3001:1633,ENBTR80006,1:1:222:2:13:0:0,0,false,false,false,false,0
ENMORT001,none,,2026-08-09T09:01:00.000Z,21.37443553,-157.73716992,UAV 1,2,1:3001:1694,ENMORT001,1:1:71:10:1:0:1,0,false,false,false,false,0
ENBTR60008,move to,LOC_중앙계곡,2026-08-09T09:01:00.000Z,21.37770417,-157.74090554,UAV 1,2,1:3001:1731,ENBTR60008,1:1:222:2:8:1:0,0,false,false,false,false,0
ENBTR80007,move to,LOC_중앙계곡,2026-08-09T09:01:00.000Z,21.37783313,-157.74089231,UAV 1,2,1:3001:1733,ENBTR80007,1:1:222:2:13:0:0,0,false,false,false,false,0
ENMORT002,none,,2026-08-09T09:01:00.000Z,21.37453609,-157.73721308,UAV 1,2,1:3001:1739,ENMORT002,1:1:71:10:1:0:1,0,false,false,false,false,0
ENBTR80005,move to,LOC_중앙계곡,2026-08-09T09:01:00.000Z,21.37796149,-157.74089848,UAV 1,2,1:3001:1751,ENBTR80005,1:1:222:2:13:0:0,0,false,false,false,false,0
ENMORT003,none,,2026-08-09T09:01:00.000Z,21.37463664,-157.73725624,UAV 1,2,1:3001:1770,ENMORT003,1:1:71:10:1:0:1,0,false,false,false,false,0
ENBTR60005,move to,LOC_중앙계곡,2026-08-09T09:01:00.000Z,21.37778264,-157.74091739,UAV 1,2,1:3001:1807,ENBTR60005,1:1:222:2:8:1:0,0,false,false,false,false,0
ENCAESAR002,move to,LOC_북측예비방어선,2026-08-09T09:01:01.000Z,21.37307901,-157.74235305,UAV 1,2,1:3001:1499,ENCAESAR002,1:1:71:4:0:0:0,0,false,false,false,false,0
ENMORT005,none,,2026-08-09T09:01:01.000Z,21.37457651,-157.73710572,UAV 1,2,1:3001:1512,ENMORT005,1:1:71:10:1:0:1,0,false,false,false,false,0
ENMORT004,none,,2026-08-09T09:01:01.000Z,21.37447596,-157.73706256,UAV 1,2,1:3001:1535,ENMORT004,1:1:71:10:1:0:1,0,false,false,false,false,0
ENCAESAR004,move to,LOC_북측예비방어선,2026-08-09T09:01:01.000Z,21.37334892,-157.74303369,UAV 1,2,1:3001:1603,ENCAESAR004,1:1:71:4:0:0:0,0,false,false,false,false,0
ENBTR80006,move to,LOC_중앙계곡,2026-08-09T09:01:01.000Z,21.37802023,-157.74089375,UAV 1,2,1:3001:1633,ENBTR80006,1:1:222:2:13:0:0,0,false,false,false,false,0
ENMORT001,none,,2026-08-09T09:01:01.000Z,21.37443553,-157.73716992,UAV 1,2,1:3001:1694,ENMORT001,1:1:71:10:1:0:1,0,false,false,false,false,0
ENBTR60008,move to,LOC_중앙계곡,2026-08-09T09:01:01.000Z,21.37770417,-157.74090554,UAV 1,2,1:3001:1731,ENBTR60008,1:1:222:2:8:1:0,0,false,false,false,false,0
ENBTR80007,move to,LOC_중앙계곡,2026-08-09T09:01:01.000Z,21.37783313,-157.74089231,UAV 1,2,1:3001:1733,ENBTR80007,1:1:222:2:13:0:0,0,false,false,false,false,0
ENMORT002,none,,2026-08-09T09:01:01.000Z,21.37453609,-157.73721308,UAV 1,2,1:3001:1739,ENMORT002,1:1:71:10:1:0:1,0,false,false,false,false,0
ENBTR80005,move to,LOC_중앙계곡,2026-08-09T09:01:01.000Z,21.37796149,-157.74089848,UAV 1,2,1:3001:1751,ENBTR80005,1:1:222:2:13:0:0,0,false,false,false,false,0
ENMORT003,none,,2026-08-09T09:01:01.000Z,21.37463664,-157.73725624,UAV 1,2,1:3001:1770,ENMORT003,1:1:71:10:1:0:1,0,false,false,false,false,0
ENBTR60005,move to,LOC_중앙계곡,2026-08-09T09:01:01.000Z,21.37778264,-157.74091739,UAV 1,2,1:3001:1807,ENBTR60005,1:1:222:2:8:1:0,0,false,false,false,false,0
ENCAESAR002,move to,LOC_북측예비방어선,2026-08-09T09:01:02.000Z,21.37314946,-157.74253055,UAV 1,2,1:3001:1499,ENCAESAR002,1:1:71:4:0:0:0,0,false,false,false,false,0
ENMORT005,none,,2026-08-09T09:01:02.000Z,21.37457651,-157.73710572,UAV 1,2,1:3001:1512,ENMORT005,1:1:71:10:1:0:1,0,false,false,false,false,0
ENMORT004,none,,2026-08-09T09:01:02.000Z,21.37447596,-157.73706256,UAV 1,2,1:3001:1535,ENMORT004,1:1:71:10:1:0:1,0,false,false,false,false,0
ENCAESAR004,move to,LOC_북측예비방어선,2026-08-09T09:01:02.000Z,21.37336301,-157.74306921,UAV 1,2,1:3001:1603,ENCAESAR004,1:1:71:4:0:0:0,0,false,false,false,false,0
ENMORT001,none,,2026-08-09T09:01:02.000Z,21.37443553,-157.73716992,UAV 1,2,1:3001:1694,ENMORT001,1:1:71:10:1:0:1,0,false,false,false,false,0
ENMORT002,none,,2026-08-09T09:01:02.000Z,21.37453609,-157.73721308,UAV 1,2,1:3001:1739,ENMORT002,1:1:71:10:1:0:1,0,false,false,false,false,0
ENMORT003,none,,2026-08-09T09:01:02.000Z,21.37463664,-157.73725624,UAV 1,2,1:3001:1770,ENMORT003,1:1:71:10:1:0:1,0,false,false,false,false,0
ENCAESAR002,move to,LOC_북측예비방어선,2026-08-09T09:01:03.000Z,21.37314946,-157.74253055,UAV 1,2,1:3001:1499,ENCAESAR002,1:1:71:4:0:0:0,0,false,false,false,false,0
ENMORT005,none,,2026-08-09T09:01:03.000Z,21.37457651,-157.73710572,UAV 1,2,1:3001:1512,ENMORT005,1:1:71:10:1:0:1,0,false,false,false,false,0
ENMORT004,none,,2026-08-09T09:01:03.000Z,21.37447596,-157.73706256,UAV 1,2,1:3001:1535,ENMORT004,1:1:71:10:1:0:1,0,false,false,false,false,0
ENCAESAR004,move to,LOC_북측예비방어선,2026-08-09T09:01:03.000Z,21.37336301,-157.74306921,UAV 1,2,1:3001:1603,ENCAESAR004,1:1:71:4:0:0:0,0,false,false,false,false,0
ENMORT001,none,,2026-08-09T09:01:03.000Z,21.37443553,-157.73716992,UAV 1,2,1:3001:1694,ENMORT001,1:1:71:10:1:0:1,0,false,false,false,false,0
ENMORT002,none,,2026-08-09T09:01:03.000Z,21.37453609,-157.73721308,UAV 1,2,1:3001:1739,ENMORT002,1:1:71:10:1:0:1,0,false,false,false,false,0
ENMORT003,none,,2026-08-09T09:01:03.000Z,21.37463664,-157.73725624,UAV 1,2,1:3001:1770,ENMORT003,1:1:71:10:1:0:1,0,false,false,false,false,0
ENCAESAR002,move to,LOC_북측예비방어선,2026-08-09T09:01:04.000Z,21.37322227,-157.74271402,UAV 1,2,1:3001:1499,ENCAESAR002,1:1:71:4:0:0:0,0,false,false,false,false,0
ENMORT005,none,,2026-08-09T09:01:04.000Z,21.37457651,-157.73710572,UAV 1,2,1:3001:1512,ENMORT005,1:1:71:10:1:0:1,0,false,false,false,false,0
ENMORT004,none,,2026-08-09T09:01:04.000Z,21.37447596,-157.73706256,UAV 1,2,1:3001:1535,ENMORT004,1:1:71:10:1:0:1,0,false,false,false,false,0
ENCAESAR004,none,,2026-08-09T09:01:04.000Z,21.37337731,-157.74310527,UAV 1,2,1:3001:1603,ENCAESAR004,1:1:71:4:0:0:0,0,false,false,false,false,0
ENMORT001,none,,2026-08-09T09:01:04.000Z,21.37443553,-157.73716992,UAV 1,2,1:3001:1694,ENMORT001,1:1:71:10:1:0:1,0,false,false,false,false,0
ENMORT002,none,,2026-08-09T09:01:04.000Z,21.37453609,-157.73721308,UAV 1,2,1:3001:1739,ENMORT002,1:1:71:10:1:0:1,0,false,false,false,false,0
ENMORT003,none,,2026-08-09T09:01:04.000Z,21.37463664,-157.73725624,UAV 1,2,1:3001:1770,ENMORT003,1:1:71:10:1:0:1,0,false,false,false,false,0
ENCAESAR002,move to,LOC_북측예비방어선,2026-08-09T09:01:05.000Z,21.37322227,-157.74271402,UAV 1,2,1:3001:1499,ENCAESAR002,1:1:71:4:0:0:0,0,false,false,false,false,0
ENMORT005,none,,2026-08-09T09:01:05.000Z,21.37457651,-157.73710572,UAV 1,2,1:3001:1512,ENMORT005,1:1:71:10:1:0:1,0,false,false,false,false,0
ENMORT004,none,,2026-08-09T09:01:05.000Z,21.37447596,-157.73706256,UAV 1,2,1:3001:1535,ENMORT004,1:1:71:10:1:0:1,0,false,false,false,false,0
ENCAESAR004,none,,2026-08-09T09:01:05.000Z,21.37337731,-157.74310527,UAV 1,2,1:3001:1603,ENCAESAR004,1:1:71:4:0:0:0,0,false,false,false,false,0
ENMORT001,none,,2026-08-09T09:01:05.000Z,21.37443553,-157.73716992,UAV 1,2,1:3001:1694,ENMORT001,1:1:71:10:1:0:1,0,false,false,false,false,0
ENMORT002,none,,2026-08-09T09:01:05.000Z,21.37453609,-157.73721308,UAV 1,2,1:3001:1739,ENMORT002,1:1:71:10:1:0:1,0,false,false,false,false,0
ENMORT003,none,,2026-08-09T09:01:05.000Z,21.37463664,-157.73725624,UAV 1,2,1:3001:1770,ENMORT003,1:1:71:10:1:0:1,0,false,false,false,false,0
ENCAESAR002,move to,LOC_북측예비방어선,2026-08-09T09:01:06.000Z,21.37329312,-157.74289253,UAV 1,2,1:3001:1499,ENCAESAR002,1:1:71:4:0:0:0,0,false,false,false,false,0
ENMORT005,none,,2026-08-09T09:01:06.000Z,21.37457651,-157.73710572,UAV 1,2,1:3001:1512,ENMORT005,1:1:71:10:1:0:1,0,false,false,false,false,0
ENMORT004,none,,2026-08-09T09:01:06.000Z,21.37447596,-157.73706256,UAV 1,2,1:3001:1535,ENMORT004,1:1:71:10:1:0:1,0,false,false,false,false,0
ENCAESAR004,none,,2026-08-09T09:01:06.000Z,21.37337750,-157.74310575,UAV 1,2,1:3001:1603,ENCAESAR004,1:1:71:4:0:0:0,0,false,false,false,false,0
ENMORT001,none,,2026-08-09T09:01:06.000Z,21.37443553,-157.73716992,UAV 1,2,1:3001:1694,ENMORT001,1:1:71:10:1:0:1,0,false,false,false,false,0
ENMORT002,none,,2026-08-09T09:01:06.000Z,21.37453609,-157.73721308,UAV 1,2,1:3001:1739,ENMORT002,1:1:71:10:1:0:1,0,false,false,false,false,0
ENMORT003,none,,2026-08-09T09:01:06.000Z,21.37463664,-157.73725624,UAV 1,2,1:3001:1770,ENMORT003,1:1:71:10:1:0:1,0,false,false,false,false,0
ENCAESAR002,move to,LOC_북측예비방어선,2026-08-09T09:01:07.000Z,21.37329312,-157.74289253,UAV 1,2,1:3001:1499,ENCAESAR002,1:1:71:4:0:0:0,0,false,false,false,false,0
ENMORT005,none,,2026-08-09T09:01:07.000Z,21.37457651,-157.73710572,UAV 1,2,1:3001:1512,ENMORT005,1:1:71:10:1:0:1,0,false,false,false,false,0
ENMORT004,none,,2026-08-09T09:01:07.000Z,21.37447596,-157.73706256,UAV 1,2,1:3001:1535,ENMORT004,1:1:71:10:1:0:1,0,false,false,false,false,0
ENCAESAR004,none,,2026-08-09T09:01:07.000Z,21.37337750,-157.74310575,UAV 1,2,1:3001:1603,ENCAESAR004,1:1:71:4:0:0:0,0,false,false,false,false,0
ENMORT001,none,,2026-08-09T09:01:07.000Z,21.37443553,-157.73716992,UAV 1,2,1:3001:1694,ENMORT001,1:1:71:10:1:0:1,0,false,false,false,false,0
ENMORT002,none,,2026-08-09T09:01:07.000Z,21.37453609,-157.73721308,UAV 1,2,1:3001:1739,ENMORT002,1:1:71:10:1:0:1,0,false,false,false,false,0
ENMORT003,none,,2026-08-09T09:01:07.000Z,21.37463664,-157.73725624,UAV 1,2,1:3001:1770,ENMORT003,1:1:71:10:1:0:1,0,false,false,false,false,0
ENCAESAR002,move to,LOC_북측예비방어선,2026-08-09T09:01:08.000Z,21.37331584,-157.74294990,UAV 1,2,1:3001:1499,ENCAESAR002,1:1:71:4:0:0:0,0,false,false,false,false,0
ENMORT005,none,,2026-08-09T09:01:08.000Z,21.37457651,-157.73710572,UAV 1,2,1:3001:1512,ENMORT005,1:1:71:10:1:0:1,0,false,false,false,false,0
ENMORT004,none,,2026-08-09T09:01:08.000Z,21.37447596,-157.73706256,UAV 1,2,1:3001:1535,ENMORT004,1:1:71:10:1:0:1,0,false,false,false,false,0
ENCAESAR004,none,,2026-08-09T09:01:08.000Z,21.37337750,-157.74310575,UAV 1,2,1:3001:1603,ENCAESAR004,1:1:71:4:0:0:0,0,false,false,false,false,0
ENMORT001,none,,2026-08-09T09:01:08.000Z,21.37443553,-157.73716992,UAV 1,2,1:3001:1694,ENMORT001,1:1:71:10:1:0:1,0,false,false,false,false,0
ENMORT002,none,,2026-08-09T09:01:08.000Z,21.37453609,-157.73721308,UAV 1,2,1:3001:1739,ENMORT002,1:1:71:10:1:0:1,0,false,false,false,false,0
ENMORT003,none,,2026-08-09T09:01:08.000Z,21.37463664,-157.73725624,UAV 1,2,1:3001:1770,ENMORT003,1:1:71:10:1:0:1,0,false,false,false,false,0
ENZPU001,none,,2026-08-09T09:01:08.000Z,21.37550111,-157.74438876,UAV 1,2,1:3001:1564,ENZPU001,1:1:222:28:13:7:3,0,false,false,false,false,0
ENCAESAR002,move to,LOC_북측예비방어선,2026-08-09T09:01:09.000Z,21.37331584,-157.74294990,UAV 1,2,1:3001:1499,ENCAESAR002,1:1:71:4:0:0:0,0,false,false,false,false,0
ENMORT005,none,,2026-08-09T09:01:09.000Z,21.37457651,-157.73710572,UAV 1,2,1:3001:1512,ENMORT005,1:1:71:10:1:0:1,0,false,false,false,false,0
ENMORT004,none,,2026-08-09T09:01:09.000Z,21.37447596,-157.73706256,UAV 1,2,1:3001:1535,ENMORT004,1:1:71:10:1:0:1,0,false,false,false,false,0
ENCAESAR004,none,,2026-08-09T09:01:09.000Z,21.37337750,-157.74310575,UAV 1,2,1:3001:1603,ENCAESAR004,1:1:71:4:0:0:0,0,false,false,false,false,0
ENMORT001,none,,2026-08-09T09:01:09.000Z,21.37443553,-157.73716992,UAV 1,2,1:3001:1694,ENMORT001,1:1:71:10:1:0:1,0,false,false,false,false,0
ENMORT002,none,,2026-08-09T09:01:09.000Z,21.37453609,-157.73721308,UAV 1,2,1:3001:1739,ENMORT002,1:1:71:10:1:0:1,0,false,false,false,false,0
ENMORT003,none,,2026-08-09T09:01:09.000Z,21.37463664,-157.73725624,UAV 1,2,1:3001:1770,ENMORT003,1:1:71:10:1:0:1,0,false,false,false,false,0
ENZPU001,none,,2026-08-09T09:01:09.000Z,21.37550111,-157.74438876,UAV 1,2,1:3001:1564,ENZPU001,1:1:222:28:13:7:3,0,false,false,false,false,0
ENCAESAR002,move to,LOC_북측예비방어선,2026-08-09T09:01:10.000Z,21.37332145,-157.74296408,UAV 1,2,1:3001:1499,ENCAESAR002,1:1:71:4:0:0:0,0,false,false,false,false,0
ENMORT005,none,,2026-08-09T09:01:10.000Z,21.37457651,-157.73710572,UAV 1,2,1:3001:1512,ENMORT005,1:1:71:10:1:0:1,0,false,false,false,false,0
ENMORT004,none,,2026-08-09T09:01:10.000Z,21.37447596,-157.73706256,UAV 1,2,1:3001:1535,ENMORT004,1:1:71:10:1:0:1,0,false,false,false,false,0
ENCAESAR004,none,,2026-08-09T09:01:10.000Z,21.37337750,-157.74310575,UAV 1,2,1:3001:1603,ENCAESAR004,1:1:71:4:0:0:0,0,false,false,false,false,0
ENMORT001,none,,2026-08-09T09:01:10.000Z,21.37443553,-157.73716992,UAV 1,2,1:3001:1694,ENMORT001,1:1:71:10:1:0:1,0,false,false,false,false,0
ENMORT002,none,,2026-08-09T09:01:10.000Z,21.37453609,-157.73721308,UAV 1,2,1:3001:1739,ENMORT002,1:1:71:10:1:0:1,0,false,false,false,false,0
ENMORT003,none,,2026-08-09T09:01:10.000Z,21.37463664,-157.73725624,UAV 1,2,1:3001:1770,ENMORT003,1:1:71:10:1:0:1,0,false,false,false,false,0
ENZPU001,none,,2026-08-09T09:01:10.000Z,21.37550111,-157.74438876,UAV 1,2,1:3001:1564,ENZPU001,1:1:222:28:13:7:3,0,false,false,false,false,0
ENZPU002,none,,2026-08-09T09:01:10.000Z,21.37545350,-157.74447070,UAV 1,2,1:3001:1712,ENZPU002,1:1:222:28:13:7:3,0,false,false,false,false,0
ENZPU003,none,,2026-08-09T09:01:10.000Z,21.37540589,-157.74455264,UAV 1,2,1:3001:1714,ENZPU003,1:1:222:28:13:7:3,0,false,false,false,false,0
ENCAESAR002,move to,LOC_북측예비방어선,2026-08-09T09:01:11.000Z,21.37332145,-157.74296408,UAV 1,2,1:3001:1499,ENCAESAR002,1:1:71:4:0:0:0,0,false,false,false,false,0
ENMORT005,none,,2026-08-09T09:01:11.000Z,21.37457651,-157.73710572,UAV 1,2,1:3001:1512,ENMORT005,1:1:71:10:1:0:1,0,false,false,false,false,0
ENMORT004,none,,2026-08-09T09:01:11.000Z,21.37447596,-157.73706256,UAV 1,2,1:3001:1535,ENMORT004,1:1:71:10:1:0:1,0,false,false,false,false,0
ENCAESAR004,none,,2026-08-09T09:01:11.000Z,21.37337750,-157.74310575,UAV 1,2,1:3001:1603,ENCAESAR004,1:1:71:4:0:0:0,0,false,false,false,false,0
ENMORT001,none,,2026-08-09T09:01:11.000Z,21.37443553,-157.73716992,UAV 1,2,1:3001:1694,ENMORT001,1:1:71:10:1:0:1,0,false,false,false,false,0
ENMORT002,none,,2026-08-09T09:01:11.000Z,21.37453609,-157.73721308,UAV 1,2,1:3001:1739,ENMORT002,1:1:71:10:1:0:1,0,false,false,false,false,0
ENMORT003,none,,2026-08-09T09:01:11.000Z,21.37463664,-157.73725624,UAV 1,2,1:3001:1770,ENMORT003,1:1:71:10:1:0:1,0,false,false,false,false,0
ENZPU001,none,,2026-08-09T09:01:11.000Z,21.37550111,-157.74438876,UAV 1,2,1:3001:1564,ENZPU001,1:1:222:28:13:7:3,0,false,false,false,false,0
ENZPU002,none,,2026-08-09T09:01:11.000Z,21.37545350,-157.74447070,UAV 1,2,1:3001:1712,ENZPU002,1:1:222:28:13:7:3,0,false,false,false,false,0
ENZPU003,none,,2026-08-09T09:01:11.000Z,21.37540589,-157.74455264,UAV 1,2,1:3001:1714,ENZPU003,1:1:222:28:13:7:3,0,false,false,false,false,0
ENCAESAR002,move to,LOC_북측예비방어선,2026-08-09T09:01:13.000Z,21.37333700,-157.74300338,UAV 1,2,1:3001:1499,ENCAESAR002,1:1:71:4:0:0:0,0,false,false,false,false,0
ENMORT005,none,,2026-08-09T09:01:13.000Z,21.37457651,-157.73710572,UAV 1,2,1:3001:1512,ENMORT005,1:1:71:10:1:0:1,0,false,false,false,false,0
ENMORT004,none,,2026-08-09T09:01:13.000Z,21.37447596,-157.73706256,UAV 1,2,1:3001:1535,ENMORT004,1:1:71:10:1:0:1,0,false,false,false,false,0
ENCAESAR004,none,,2026-08-09T09:01:13.000Z,21.37337750,-157.74310575,UAV 1,2,1:3001:1603,ENCAESAR004,1:1:71:4:0:0:0,0,false,false,false,false,0
ENMORT001,none,,2026-08-09T09:01:13.000Z,21.37443553,-157.73716992,UAV 1,2,1:3001:1694,ENMORT001,1:1:71:10:1:0:1,0,false,false,false,false,0
ENMORT002,none,,2026-08-09T09:01:13.000Z,21.37453609,-157.73721308,UAV 1,2,1:3001:1739,ENMORT002,1:1:71:10:1:0:1,0,false,false,false,false,0
ENMORT003,none,,2026-08-09T09:01:13.000Z,21.37463664,-157.73725624,UAV 1,2,1:3001:1770,ENMORT003,1:1:71:10:1:0:1,0,false,false,false,false,0
ENZPU001,none,,2026-08-09T09:01:13.000Z,21.37550111,-157.74438876,UAV 1,2,1:3001:1564,ENZPU001,1:1:222:28:13:7:3,0,false,false,false,false,0
ENZPU002,none,,2026-08-09T09:01:13.000Z,21.37545350,-157.74447070,UAV 1,2,1:3001:1712,ENZPU002,1:1:222:28:13:7:3,0,false,false,false,false,0
ENZPU003,none,,2026-08-09T09:01:13.000Z,21.37540589,-157.74455264,UAV 1,2,1:3001:1714,ENZPU003,1:1:222:28:13:7:3,0,false,false,false,false,0
ENCAESAR002,move to,LOC_북측예비방어선,2026-08-09T09:01:14.000Z,21.37333700,-157.74300338,UAV 1,2,1:3001:1499,ENCAESAR002,1:1:71:4:0:0:0,0,false,false,false,false,0
ENMORT005,none,,2026-08-09T09:01:14.000Z,21.37457651,-157.73710572,UAV 1,2,1:3001:1512,ENMORT005,1:1:71:10:1:0:1,0,false,false,false,false,0
ENMORT004,none,,2026-08-09T09:01:14.000Z,21.37447596,-157.73706256,UAV 1,2,1:3001:1535,ENMORT004,1:1:71:10:1:0:1,0,false,false,false,false,0
ENCAESAR004,none,,2026-08-09T09:01:14.000Z,21.37337750,-157.74310575,UAV 1,2,1:3001:1603,ENCAESAR004,1:1:71:4:0:0:0,0,false,false,false,false,0
ENMORT001,none,,2026-08-09T09:01:14.000Z,21.37443553,-157.73716992,UAV 1,2,1:3001:1694,ENMORT001,1:1:71:10:1:0:1,0,false,false,false,false,0
ENMORT002,none,,2026-08-09T09:01:14.000Z,21.37453609,-157.73721308,UAV 1,2,1:3001:1739,ENMORT002,1:1:71:10:1:0:1,0,false,false,false,false,0
ENMORT003,none,,2026-08-09T09:01:14.000Z,21.37463664,-157.73725624,UAV 1,2,1:3001:1770,ENMORT003,1:1:71:10:1:0:1,0,false,false,false,false,0
ENZPU001,none,,2026-08-09T09:01:14.000Z,21.37550111,-157.74438876,UAV 1,2,1:3001:1564,ENZPU001,1:1:222:28:13:7:3,0,false,false,false,false,0
ENZPU002,none,,2026-08-09T09:01:14.000Z,21.37545350,-157.74447070,UAV 1,2,1:3001:1712,ENZPU002,1:1:222:28:13:7:3,0,false,false,false,false,0
ENZPU003,none,,2026-08-09T09:01:14.000Z,21.37540589,-157.74455264,UAV 1,2,1:3001:1714,ENZPU003,1:1:222:28:13:7:3,0,false,false,false,false,0
ENCAESAR002,move to,LOC_북측예비방어선,2026-08-09T09:01:15.000Z,21.37335089,-157.74303849,UAV 1,2,1:3001:1499,ENCAESAR002,1:1:71:4:0:0:0,0,false,false,false,false,0
ENMORT005,none,,2026-08-09T09:01:15.000Z,21.37457651,-157.73710572,UAV 1,2,1:3001:1512,ENMORT005,1:1:71:10:1:0:1,0,false,false,false,false,0
ENMORT004,none,,2026-08-09T09:01:15.000Z,21.37447596,-157.73706256,UAV 1,2,1:3001:1535,ENMORT004,1:1:71:10:1:0:1,0,false,false,false,false,0
ENCAESAR004,none,,2026-08-09T09:01:15.000Z,21.37337750,-157.74310575,UAV 1,2,1:3001:1603,ENCAESAR004,1:1:71:4:0:0:0,0,false,false,false,false,0
ENMORT001,none,,2026-08-09T09:01:15.000Z,21.37443553,-157.73716992,UAV 1,2,1:3001:1694,ENMORT001,1:1:71:10:1:0:1,0,false,false,false,false,0
ENMORT002,none,,2026-08-09T09:01:15.000Z,21.37453609,-157.73721308,UAV 1,2,1:3001:1739,ENMORT002,1:1:71:10:1:0:1,0,false,false,false,false,0
ENMORT003,none,,2026-08-09T09:01:15.000Z,21.37463664,-157.73725624,UAV 1,2,1:3001:1770,ENMORT003,1:1:71:10:1:0:1,0,false,false,false,false,0
ENZPU001,none,,2026-08-09T09:01:15.000Z,21.37550111,-157.74438876,UAV 1,2,1:3001:1564,ENZPU001,1:1:222:28:13:7:3,0,false,false,false,false,0
ENZPU002,none,,2026-08-09T09:01:15.000Z,21.37545350,-157.74447070,UAV 1,2,1:3001:1712,ENZPU002,1:1:222:28:13:7:3,0,false,false,false,false,0
ENZPU003,none,,2026-08-09T09:01:15.000Z,21.37540589,-157.74455264,UAV 1,2,1:3001:1714,ENZPU003,1:1:222:28:13:7:3,0,false,false,false,false,0
ENCAESAR002,move to,LOC_북측예비방어선,2026-08-09T09:01:16.000Z,21.37335089,-157.74303849,UAV 1,2,1:3001:1499,ENCAESAR002,1:1:71:4:0:0:0,0,false,false,false,false,0
ENMORT005,none,,2026-08-09T09:01:16.000Z,21.37457651,-157.73710572,UAV 1,2,1:3001:1512,ENMORT005,1:1:71:10:1:0:1,0,false,false,false,false,0
ENMORT004,none,,2026-08-09T09:01:16.000Z,21.37447596,-157.73706256,UAV 1,2,1:3001:1535,ENMORT004,1:1:71:10:1:0:1,0,false,false,false,false,0
ENCAESAR004,none,,2026-08-09T09:01:16.000Z,21.37337750,-157.74310575,UAV 1,2,1:3001:1603,ENCAESAR004,1:1:71:4:0:0:0,0,false,false,false,false,0
ENMORT001,none,,2026-08-09T09:01:16.000Z,21.37443553,-157.73716992,UAV 1,2,1:3001:1694,ENMORT001,1:1:71:10:1:0:1,0,false,false,false,false,0
ENMORT002,none,,2026-08-09T09:01:16.000Z,21.37453609,-157.73721308,UAV 1,2,1:3001:1739,ENMORT002,1:1:71:10:1:0:1,0,false,false,false,false,0
ENMORT003,none,,2026-08-09T09:01:16.000Z,21.37463664,-157.73725624,UAV 1,2,1:3001:1770,ENMORT003,1:1:71:10:1:0:1,0,false,false,false,false,0
ENZPU001,none,,2026-08-09T09:01:16.000Z,21.37550111,-157.74438876,UAV 1,2,1:3001:1564,ENZPU001,1:1:222:28:13:7:3,0,false,false,false,false,0
ENZPU002,none,,2026-08-09T09:01:16.000Z,21.37545350,-157.74447070,UAV 1,2,1:3001:1712,ENZPU002,1:1:222:28:13:7:3,0,false,false,false,false,0
ENZPU003,none,,2026-08-09T09:01:16.000Z,21.37540589,-157.74455264,UAV 1,2,1:3001:1714,ENZPU003,1:1:222:28:13:7:3,0,false,false,false,false,0
ENMORT005,none,,2026-08-09T09:01:17.000Z,21.37457651,-157.73710572,UAV 1,2,1:3001:1512,ENMORT005,1:1:71:10:1:0:1,0,false,false,false,false,0
ENMORT004,none,,2026-08-09T09:01:17.000Z,21.37447596,-157.73706256,UAV 1,2,1:3001:1535,ENMORT004,1:1:71:10:1:0:1,0,false,false,false,false,0
ENMORT001,none,,2026-08-09T09:01:17.000Z,21.37443553,-157.73716992,UAV 1,2,1:3001:1694,ENMORT001,1:1:71:10:1:0:1,0,false,false,false,false,0
ENMORT002,none,,2026-08-09T09:01:17.000Z,21.37453609,-157.73721308,UAV 1,2,1:3001:1739,ENMORT002,1:1:71:10:1:0:1,0,false,false,false,false,0
ENMORT003,none,,2026-08-09T09:01:17.000Z,21.37463664,-157.73725624,UAV 1,2,1:3001:1770,ENMORT003,1:1:71:10:1:0:1,0,false,false,false,false,0
ENZPU001,none,,2026-08-09T09:01:17.000Z,21.37550111,-157.74438876,UAV 1,2,1:3001:1564,ENZPU001,1:1:222:28:13:7:3,0,false,false,false,false,0
ENZPU002,none,,2026-08-09T09:01:17.000Z,21.37545350,-157.74447070,UAV 1,2,1:3001:1712,ENZPU002,1:1:222:28:13:7:3,0,false,false,false,false,0
ENZPU003,none,,2026-08-09T09:01:17.000Z,21.37540589,-157.74455264,UAV 1,2,1:3001:1714,ENZPU003,1:1:222:28:13:7:3,0,false,false,false,false,0
ENGAZ001,move to,LOC_적북측접근로,2026-08-09T09:01:17.000Z,21.37134216,-157.74168443,UAV 1,2,1:3001:1559,ENGAZ001,1:1:222:7:8:0:0,0,false,false,false,false,0
ENMORT005,none,,2026-08-09T09:01:18.000Z,21.37457651,-157.73710572,UAV 1,2,1:3001:1512,ENMORT005,1:1:71:10:1:0:1,0,false,false,false,false,0
ENMORT004,none,,2026-08-09T09:01:18.000Z,21.37447596,-157.73706256,UAV 1,2,1:3001:1535,ENMORT004,1:1:71:10:1:0:1,0,false,false,false,false,0
ENMORT001,none,,2026-08-09T09:01:18.000Z,21.37443553,-157.73716992,UAV 1,2,1:3001:1694,ENMORT001,1:1:71:10:1:0:1,0,false,false,false,false,0
ENMORT002,none,,2026-08-09T09:01:18.000Z,21.37453609,-157.73721308,UAV 1,2,1:3001:1739,ENMORT002,1:1:71:10:1:0:1,0,false,false,false,false,0
ENMORT003,none,,2026-08-09T09:01:18.000Z,21.37463664,-157.73725624,UAV 1,2,1:3001:1770,ENMORT003,1:1:71:10:1:0:1,0,false,false,false,false,0
ENZPU001,none,,2026-08-09T09:01:18.000Z,21.37550111,-157.74438876,UAV 1,2,1:3001:1564,ENZPU001,1:1:222:28:13:7:3,0,false,false,false,false,0
ENZPU002,none,,2026-08-09T09:01:18.000Z,21.37545350,-157.74447070,UAV 1,2,1:3001:1712,ENZPU002,1:1:222:28:13:7:3,0,false,false,false,false,0
ENZPU003,none,,2026-08-09T09:01:18.000Z,21.37540589,-157.74455264,UAV 1,2,1:3001:1714,ENZPU003,1:1:222:28:13:7:3,0,false,false,false,false,0
ENGAZ001,move to,LOC_적북측접근로,2026-08-09T09:01:18.000Z,21.37134216,-157.74168443,UAV 1,2,1:3001:1559,ENGAZ001,1:1:222:7:8:0:0,0,false,false,false,false,0
ENMORT005,none,,2026-08-09T09:01:19.000Z,21.37457651,-157.73710572,UAV 1,2,1:3001:1512,ENMORT005,1:1:71:10:1:0:1,0,false,false,false,false,0
ENMORT004,none,,2026-08-09T09:01:19.000Z,21.37447596,-157.73706256,UAV 1,2,1:3001:1535,ENMORT004,1:1:71:10:1:0:1,0,false,false,false,false,0
ENMORT001,none,,2026-08-09T09:01:19.000Z,21.37443553,-157.73716992,UAV 1,2,1:3001:1694,ENMORT001,1:1:71:10:1:0:1,0,false,false,false,false,0
ENMORT002,none,,2026-08-09T09:01:19.000Z,21.37453609,-157.73721308,UAV 1,2,1:3001:1739,ENMORT002,1:1:71:10:1:0:1,0,false,false,false,false,0
ENMORT003,none,,2026-08-09T09:01:19.000Z,21.37463664,-157.73725624,UAV 1,2,1:3001:1770,ENMORT003,1:1:71:10:1:0:1,0,false,false,false,false,0
ENZPU001,none,,2026-08-09T09:01:19.000Z,21.37550111,-157.74438876,UAV 1,2,1:3001:1564,ENZPU001,1:1:222:28:13:7:3,0,false,false,false,false,0
ENZPU002,none,,2026-08-09T09:01:19.000Z,21.37545350,-157.74447070,UAV 1,2,1:3001:1712,ENZPU002,1:1:222:28:13:7:3,0,false,false,false,false,0
ENZPU003,none,,2026-08-09T09:01:19.000Z,21.37540589,-157.74455264,UAV 1,2,1:3001:1714,ENZPU003,1:1:222:28:13:7:3,0,false,false,false,false,0
ENGAZ003,move to,LOC_적전방방어선후방,2026-08-09T09:01:19.000Z,21.37144859,-157.74188165,UAV 1,2,1:3001:1654,ENGAZ003,1:1:222:7:8:0:0,0,false,false,false,false,0
ENGAZ004,move to,LOC_북측예비방어선,2026-08-09T09:01:19.000Z,21.37149126,-157.74187687,UAV 1,2,1:3001:1743,ENGAZ004,1:1:222:7:8:0:0,0,false,false,false,false,0
ENMORT005,none,,2026-08-09T09:01:20.000Z,21.37457651,-157.73710572,UAV 1,2,1:3001:1512,ENMORT005,1:1:71:10:1:0:1,0,false,false,false,false,0
ENMORT004,none,,2026-08-09T09:01:20.000Z,21.37447596,-157.73706256,UAV 1,2,1:3001:1535,ENMORT004,1:1:71:10:1:0:1,0,false,false,false,false,0
ENMORT001,none,,2026-08-09T09:01:20.000Z,21.37443553,-157.73716992,UAV 1,2,1:3001:1694,ENMORT001,1:1:71:10:1:0:1,0,false,false,false,false,0
ENMORT002,none,,2026-08-09T09:01:20.000Z,21.37453609,-157.73721308,UAV 1,2,1:3001:1739,ENMORT002,1:1:71:10:1:0:1,0,false,false,false,false,0
ENMORT003,none,,2026-08-09T09:01:20.000Z,21.37463664,-157.73725624,UAV 1,2,1:3001:1770,ENMORT003,1:1:71:10:1:0:1,0,false,false,false,false,0
ENZPU001,none,,2026-08-09T09:01:20.000Z,21.37550111,-157.74438876,UAV 1,2,1:3001:1564,ENZPU001,1:1:222:28:13:7:3,0,false,false,false,false,0
ENZPU002,none,,2026-08-09T09:01:20.000Z,21.37545350,-157.74447070,UAV 1,2,1:3001:1712,ENZPU002,1:1:222:28:13:7:3,0,false,false,false,false,0
ENZPU003,none,,2026-08-09T09:01:20.000Z,21.37540589,-157.74455264,UAV 1,2,1:3001:1714,ENZPU003,1:1:222:28:13:7:3,0,false,false,false,false,0
ENGAZ003,move to,LOC_적전방방어선후방,2026-08-09T09:01:20.000Z,21.37144859,-157.74188165,UAV 1,2,1:3001:1654,ENGAZ003,1:1:222:7:8:0:0,0,false,false,false,false,0
ENGAZ004,move to,LOC_북측예비방어선,2026-08-09T09:01:20.000Z,21.37149126,-157.74187687,UAV 1,2,1:3001:1743,ENGAZ004,1:1:222:7:8:0:0,0,false,false,false,false,0
ENMORT005,none,,2026-08-09T09:01:21.000Z,21.37457651,-157.73710572,UAV 1,2,1:3001:1512,ENMORT005,1:1:71:10:1:0:1,0,false,false,false,false,0
ENMORT004,none,,2026-08-09T09:01:21.000Z,21.37447596,-157.73706256,UAV 1,2,1:3001:1535,ENMORT004,1:1:71:10:1:0:1,0,false,false,false,false,0
ENMORT001,none,,2026-08-09T09:01:21.000Z,21.37443553,-157.73716992,UAV 1,2,1:3001:1694,ENMORT001,1:1:71:10:1:0:1,0,false,false,false,false,0
ENMORT002,none,,2026-08-09T09:01:21.000Z,21.37453609,-157.73721308,UAV 1,2,1:3001:1739,ENMORT002,1:1:71:10:1:0:1,0,false,false,false,false,0
ENMORT003,none,,2026-08-09T09:01:21.000Z,21.37463664,-157.73725624,UAV 1,2,1:3001:1770,ENMORT003,1:1:71:10:1:0:1,0,false,false,false,false,0
ENZPU001,none,,2026-08-09T09:01:21.000Z,21.37550111,-157.74438876,UAV 1,2,1:3001:1564,ENZPU001,1:1:222:28:13:7:3,0,false,false,false,false,0
ENZPU002,none,,2026-08-09T09:01:21.000Z,21.37545350,-157.74447070,UAV 1,2,1:3001:1712,ENZPU002,1:1:222:28:13:7:3,0,false,false,false,false,0
ENZPU003,none,,2026-08-09T09:01:21.000Z,21.37540589,-157.74455264,UAV 1,2,1:3001:1714,ENZPU003,1:1:222:28:13:7:3,0,false,false,false,false,0
ENGAZ003,move to,LOC_적전방방어선후방,2026-08-09T09:01:21.000Z,21.37155650,-157.74199290,UAV 1,2,1:3001:1654,ENGAZ003,1:1:222:7:8:0:0,0,false,false,false,false,0
ENGAZ004,move to,LOC_북측예비방어선,2026-08-09T09:01:21.000Z,21.37165315,-157.74198241,UAV 1,2,1:3001:1743,ENGAZ004,1:1:222:7:8:0:0,0,false,false,false,false,0
ENGAZ002,move to,LOC_북측예비방어선,2026-08-09T09:01:21.000Z,21.37140867,-157.74182168,UAV 1,2,1:3001:1626,ENGAZ002,1:1:222:7:8:0:0,0,false,false,false,false,0
ENMORT005,none,,2026-08-09T09:01:22.000Z,21.37457651,-157.73710572,UAV 1,2,1:3001:1512,ENMORT005,1:1:71:10:1:0:1,0,false,false,false,false,0
ENMORT004,none,,2026-08-09T09:01:22.000Z,21.37447596,-157.73706256,UAV 1,2,1:3001:1535,ENMORT004,1:1:71:10:1:0:1,0,false,false,false,false,0
ENMORT001,none,,2026-08-09T09:01:22.000Z,21.37443553,-157.73716992,UAV 1,2,1:3001:1694,ENMORT001,1:1:71:10:1:0:1,0,false,false,false,false,0
ENMORT002,none,,2026-08-09T09:01:22.000Z,21.37453609,-157.73721308,UAV 1,2,1:3001:1739,ENMORT002,1:1:71:10:1:0:1,0,false,false,false,false,0
ENMORT003,none,,2026-08-09T09:01:22.000Z,21.37463664,-157.73725624,UAV 1,2,1:3001:1770,ENMORT003,1:1:71:10:1:0:1,0,false,false,false,false,0
ENZPU001,none,,2026-08-09T09:01:22.000Z,21.37550111,-157.74438876,UAV 1,2,1:3001:1564,ENZPU001,1:1:222:28:13:7:3,0,false,false,false,false,0
ENZPU002,none,,2026-08-09T09:01:22.000Z,21.37545350,-157.74447070,UAV 1,2,1:3001:1712,ENZPU002,1:1:222:28:13:7:3,0,false,false,false,false,0
ENZPU003,none,,2026-08-09T09:01:22.000Z,21.37540589,-157.74455264,UAV 1,2,1:3001:1714,ENZPU003,1:1:222:28:13:7:3,0,false,false,false,false,0
ENGAZ003,move to,LOC_적전방방어선후방,2026-08-09T09:01:22.000Z,21.37155650,-157.74199290,UAV 1,2,1:3001:1654,ENGAZ003,1:1:222:7:8:0:0,0,false,false,false,false,0
ENGAZ004,move to,LOC_북측예비방어선,2026-08-09T09:01:22.000Z,21.37165315,-157.74198241,UAV 1,2,1:3001:1743,ENGAZ004,1:1:222:7:8:0:0,0,false,false,false,false,0
ENGAZ002,move to,LOC_북측예비방어선,2026-08-09T09:01:22.000Z,21.37140867,-157.74182168,UAV 1,2,1:3001:1626,ENGAZ002,1:1:222:7:8:0:0,0,false,false,false,false,0
ENMORT005,none,,2026-08-09T09:01:23.000Z,21.37457651,-157.73710572,UAV 1,2,1:3001:1512,ENMORT005,1:1:71:10:1:0:1,0,false,false,false,false,0
ENMORT004,none,,2026-08-09T09:01:23.000Z,21.37447596,-157.73706256,UAV 1,2,1:3001:1535,ENMORT004,1:1:71:10:1:0:1,0,false,false,false,false,0
ENMORT001,none,,2026-08-09T09:01:23.000Z,21.37443553,-157.73716992,UAV 1,2,1:3001:1694,ENMORT001,1:1:71:10:1:0:1,0,false,false,false,false,0
ENMORT002,none,,2026-08-09T09:01:23.000Z,21.37453609,-157.73721308,UAV 1,2,1:3001:1739,ENMORT002,1:1:71:10:1:0:1,0,false,false,false,false,0
ENMORT003,none,,2026-08-09T09:01:23.000Z,21.37463664,-157.73725624,UAV 1,2,1:3001:1770,ENMORT003,1:1:71:10:1:0:1,0,false,false,false,false,0
ENZPU001,none,,2026-08-09T09:01:23.000Z,21.37550111,-157.74438876,UAV 1,2,1:3001:1564,ENZPU001,1:1:222:28:13:7:3,0,false,false,false,false,0
ENZPU002,none,,2026-08-09T09:01:23.000Z,21.37545350,-157.74447070,UAV 1,2,1:3001:1712,ENZPU002,1:1:222:28:13:7:3,0,false,false,false,false,0
ENZPU003,none,,2026-08-09T09:01:23.000Z,21.37540589,-157.74455264,UAV 1,2,1:3001:1714,ENZPU003,1:1:222:28:13:7:3,0,false,false,false,false,0
ENGAZ003,move to,LOC_적전방방어선후방,2026-08-09T09:01:23.000Z,21.37165611,-157.74209559,UAV 1,2,1:3001:1654,ENGAZ003,1:1:222:7:8:0:0,0,false,false,false,false,0
ENGAZ004,move to,LOC_북측예비방어선,2026-08-09T09:01:23.000Z,21.37180321,-157.74208025,UAV 1,2,1:3001:1743,ENGAZ004,1:1:222:7:8:0:0,0,false,false,false,false,0
ENGAZ002,move to,LOC_북측예비방어선,2026-08-09T09:01:23.000Z,21.37156221,-157.74192189,UAV 1,2,1:3001:1626,ENGAZ002,1:1:222:7:8:0:0,0,false,false,false,false,0
ENMORT005,none,,2026-08-09T09:01:24.000Z,21.37457651,-157.73710572,UAV 1,2,1:3001:1512,ENMORT005,1:1:71:10:1:0:1,0,false,false,false,false,0
ENMORT004,none,,2026-08-09T09:01:24.000Z,21.37447596,-157.73706256,UAV 1,2,1:3001:1535,ENMORT004,1:1:71:10:1:0:1,0,false,false,false,false,0
ENMORT001,none,,2026-08-09T09:01:24.000Z,21.37443553,-157.73716992,UAV 1,2,1:3001:1694,ENMORT001,1:1:71:10:1:0:1,0,false,false,false,false,0
ENMORT002,none,,2026-08-09T09:01:24.000Z,21.37453609,-157.73721308,UAV 1,2,1:3001:1739,ENMORT002,1:1:71:10:1:0:1,0,false,false,false,false,0
ENMORT003,none,,2026-08-09T09:01:24.000Z,21.37463664,-157.73725624,UAV 1,2,1:3001:1770,ENMORT003,1:1:71:10:1:0:1,0,false,false,false,false,0
ENZPU001,none,,2026-08-09T09:01:24.000Z,21.37550111,-157.74438876,UAV 1,2,1:3001:1564,ENZPU001,1:1:222:28:13:7:3,0,false,false,false,false,0
ENZPU002,none,,2026-08-09T09:01:24.000Z,21.37545350,-157.74447070,UAV 1,2,1:3001:1712,ENZPU002,1:1:222:28:13:7:3,0,false,false,false,false,0
ENZPU003,none,,2026-08-09T09:01:24.000Z,21.37540589,-157.74455264,UAV 1,2,1:3001:1714,ENZPU003,1:1:222:28:13:7:3,0,false,false,false,false,0
ENGAZ003,move to,LOC_적전방방어선후방,2026-08-09T09:01:24.000Z,21.37165611,-157.74209559,UAV 1,2,1:3001:1654,ENGAZ003,1:1:222:7:8:0:0,0,false,false,false,false,0
ENGAZ004,move to,LOC_북측예비방어선,2026-08-09T09:01:24.000Z,21.37180321,-157.74208025,UAV 1,2,1:3001:1743,ENGAZ004,1:1:222:7:8:0:0,0,false,false,false,false,0
ENGAZ002,move to,LOC_북측예비방어선,2026-08-09T09:01:24.000Z,21.37156221,-157.74192189,UAV 1,2,1:3001:1626,ENGAZ002,1:1:222:7:8:0:0,0,false,false,false,false,0
ENMORT005,none,,2026-08-09T09:01:25.000Z,21.37457651,-157.73710572,UAV 1,2,1:3001:1512,ENMORT005,1:1:71:10:1:0:1,0,false,false,false,false,0
ENMORT004,none,,2026-08-09T09:01:25.000Z,21.37447596,-157.73706256,UAV 1,2,1:3001:1535,ENMORT004,1:1:71:10:1:0:1,0,false,false,false,false,0
ENMORT001,none,,2026-08-09T09:01:25.000Z,21.37443553,-157.73716992,UAV 1,2,1:3001:1694,ENMORT001,1:1:71:10:1:0:1,0,false,false,false,false,0
ENMORT002,none,,2026-08-09T09:01:25.000Z,21.37453609,-157.73721308,UAV 1,2,1:3001:1739,ENMORT002,1:1:71:10:1:0:1,0,false,false,false,false,0
ENMORT003,none,,2026-08-09T09:01:25.000Z,21.37463664,-157.73725624,UAV 1,2,1:3001:1770,ENMORT003,1:1:71:10:1:0:1,0,false,false,false,false,0
ENZPU001,none,,2026-08-09T09:01:25.000Z,21.37550111,-157.74438876,UAV 1,2,1:3001:1564,ENZPU001,1:1:222:28:13:7:3,0,false,false,false,false,0
ENZPU002,none,,2026-08-09T09:01:25.000Z,21.37545350,-157.74447070,UAV 1,2,1:3001:1712,ENZPU002,1:1:222:28:13:7:3,0,false,false,false,false,0
ENZPU003,none,,2026-08-09T09:01:25.000Z,21.37540589,-157.74455264,UAV 1,2,1:3001:1714,ENZPU003,1:1:222:28:13:7:3,0,false,false,false,false,0
ENGAZ003,move to,LOC_적전방방어선후방,2026-08-09T09:01:25.000Z,21.37176668,-157.74220959,UAV 1,2,1:3001:1654,ENGAZ003,1:1:222:7:8:0:0,0,false,false,false,false,0
ENGAZ004,move to,LOC_북측예비방어선,2026-08-09T09:01:25.000Z,21.37195851,-157.74218150,UAV 1,2,1:3001:1743,ENGAZ004,1:1:222:7:8:0:0,0,false,false,false,false,0
ENGAZ002,move to,LOC_북측예비방어선,2026-08-09T09:01:25.000Z,21.37172203,-157.74202620,UAV 1,2,1:3001:1626,ENGAZ002,1:1:222:7:8:0:0,0,false,false,false,false,0
ENGAZ001,move to,LOC_적전방방어선후방,2026-08-09T09:01:25.000Z,21.37143002,-157.74186248,UAV 1,2,1:3001:1559,ENGAZ001,1:1:222:7:8:0:0,0,false,false,false,false,0
ENMORT005,none,,2026-08-09T09:01:26.000Z,21.37457651,-157.73710572,UAV 1,2,1:3001:1512,ENMORT005,1:1:71:10:1:0:1,0,false,false,false,false,0
ENMORT004,none,,2026-08-09T09:01:26.000Z,21.37447596,-157.73706256,UAV 1,2,1:3001:1535,ENMORT004,1:1:71:10:1:0:1,0,false,false,false,false,0
ENMORT001,none,,2026-08-09T09:01:26.000Z,21.37443553,-157.73716992,UAV 1,2,1:3001:1694,ENMORT001,1:1:71:10:1:0:1,0,false,false,false,false,0
ENMORT002,none,,2026-08-09T09:01:26.000Z,21.37453609,-157.73721308,UAV 1,2,1:3001:1739,ENMORT002,1:1:71:10:1:0:1,0,false,false,false,false,0
ENMORT003,none,,2026-08-09T09:01:26.000Z,21.37463664,-157.73725624,UAV 1,2,1:3001:1770,ENMORT003,1:1:71:10:1:0:1,0,false,false,false,false,0
ENZPU001,none,,2026-08-09T09:01:26.000Z,21.37550111,-157.74438876,UAV 1,2,1:3001:1564,ENZPU001,1:1:222:28:13:7:3,0,false,false,false,false,0
ENZPU002,none,,2026-08-09T09:01:26.000Z,21.37545350,-157.74447070,UAV 1,2,1:3001:1712,ENZPU002,1:1:222:28:13:7:3,0,false,false,false,false,0
ENZPU003,none,,2026-08-09T09:01:26.000Z,21.37540589,-157.74455264,UAV 1,2,1:3001:1714,ENZPU003,1:1:222:28:13:7:3,0,false,false,false,false,0
ENGAZ003,move to,LOC_적전방방어선후방,2026-08-09T09:01:26.000Z,21.37176668,-157.74220959,UAV 1,2,1:3001:1654,ENGAZ003,1:1:222:7:8:0:0,0,false,false,false,false,0
ENGAZ004,move to,LOC_북측예비방어선,2026-08-09T09:01:26.000Z,21.37195851,-157.74218150,UAV 1,2,1:3001:1743,ENGAZ004,1:1:222:7:8:0:0,0,false,false,false,false,0
ENGAZ002,move to,LOC_북측예비방어선,2026-08-09T09:01:26.000Z,21.37172203,-157.74202620,UAV 1,2,1:3001:1626,ENGAZ002,1:1:222:7:8:0:0,0,false,false,false,false,0
ENGAZ001,move to,LOC_적전방방어선후방,2026-08-09T09:01:26.000Z,21.37143002,-157.74186248,UAV 1,2,1:3001:1559,ENGAZ001,1:1:222:7:8:0:0,0,false,false,false,false,0
ENMORT005,none,,2026-08-09T09:01:27.000Z,21.37457651,-157.73710572,UAV 1,2,1:3001:1512,ENMORT005,1:1:71:10:1:0:1,0,false,false,false,false,0
ENMORT004,none,,2026-08-09T09:01:27.000Z,21.37447596,-157.73706256,UAV 1,2,1:3001:1535,ENMORT004,1:1:71:10:1:0:1,0,false,false,false,false,0
ENMORT001,none,,2026-08-09T09:01:27.000Z,21.37443553,-157.73716992,UAV 1,2,1:3001:1694,ENMORT001,1:1:71:10:1:0:1,0,false,false,false,false,0
ENMORT002,none,,2026-08-09T09:01:27.000Z,21.37453609,-157.73721308,UAV 1,2,1:3001:1739,ENMORT002,1:1:71:10:1:0:1,0,false,false,false,false,0
ENMORT003,none,,2026-08-09T09:01:27.000Z,21.37463664,-157.73725624,UAV 1,2,1:3001:1770,ENMORT003,1:1:71:10:1:0:1,0,false,false,false,false,0
ENZPU001,none,,2026-08-09T09:01:27.000Z,21.37550111,-157.74438876,UAV 1,2,1:3001:1564,ENZPU001,1:1:222:28:13:7:3,0,false,false,false,false,0
ENZPU002,none,,2026-08-09T09:01:27.000Z,21.37545350,-157.74447070,UAV 1,2,1:3001:1712,ENZPU002,1:1:222:28:13:7:3,0,false,false,false,false,0
ENGAZ003,move to,LOC_적전방방어선후방,2026-08-09T09:01:27.000Z,21.37187487,-157.74232113,UAV 1,2,1:3001:1654,ENGAZ003,1:1:222:7:8:0:0,0,false,false,false,false,0
ENGAZ004,move to,LOC_북측예비방어선,2026-08-09T09:01:27.000Z,21.37208042,-157.74226099,UAV 1,2,1:3001:1743,ENGAZ004,1:1:222:7:8:0:0,0,false,false,false,false,0
ENGAZ002,move to,LOC_북측예비방어선,2026-08-09T09:01:27.000Z,21.37188391,-157.74213185,UAV 1,2,1:3001:1626,ENGAZ002,1:1:222:7:8:0:0,0,false,false,false,false,0
ENGAZ001,move to,LOC_적전방방어선후방,2026-08-09T09:01:27.000Z,21.37153842,-157.74197424,UAV 1,2,1:3001:1559,ENGAZ001,1:1:222:7:8:0:0,0,false,false,false,false,0
ENMORT005,none,,2026-08-09T09:01:28.000Z,21.37457651,-157.73710572,UAV 1,2,1:3001:1512,ENMORT005,1:1:71:10:1:0:1,0,false,false,false,false,0
ENMORT004,none,,2026-08-09T09:01:28.000Z,21.37447596,-157.73706256,UAV 1,2,1:3001:1535,ENMORT004,1:1:71:10:1:0:1,0,false,false,false,false,0
ENMORT001,none,,2026-08-09T09:01:28.000Z,21.37443553,-157.73716992,UAV 1,2,1:3001:1694,ENMORT001,1:1:71:10:1:0:1,0,false,false,false,false,0
ENMORT002,none,,2026-08-09T09:01:28.000Z,21.37453609,-157.73721308,UAV 1,2,1:3001:1739,ENMORT002,1:1:71:10:1:0:1,0,false,false,false,false,0
ENMORT003,none,,2026-08-09T09:01:28.000Z,21.37463664,-157.73725624,UAV 1,2,1:3001:1770,ENMORT003,1:1:71:10:1:0:1,0,false,false,false,false,0
ENZPU001,none,,2026-08-09T09:01:28.000Z,21.37550111,-157.74438876,UAV 1,2,1:3001:1564,ENZPU001,1:1:222:28:13:7:3,0,false,false,false,false,0
ENZPU002,none,,2026-08-09T09:01:28.000Z,21.37545350,-157.74447070,UAV 1,2,1:3001:1712,ENZPU002,1:1:222:28:13:7:3,0,false,false,false,false,0
ENGAZ003,move to,LOC_적전방방어선후방,2026-08-09T09:01:28.000Z,21.37187487,-157.74232113,UAV 1,2,1:3001:1654,ENGAZ003,1:1:222:7:8:0:0,0,false,false,false,false,0
ENGAZ004,move to,LOC_북측예비방어선,2026-08-09T09:01:28.000Z,21.37208042,-157.74226099,UAV 1,2,1:3001:1743,ENGAZ004,1:1:222:7:8:0:0,0,false,false,false,false,0
ENGAZ002,move to,LOC_북측예비방어선,2026-08-09T09:01:28.000Z,21.37188391,-157.74213185,UAV 1,2,1:3001:1626,ENGAZ002,1:1:222:7:8:0:0,0,false,false,false,false,0
ENGAZ001,move to,LOC_적전방방어선후방,2026-08-09T09:01:28.000Z,21.37153842,-157.74197424,UAV 1,2,1:3001:1559,ENGAZ001,1:1:222:7:8:0:0,0,false,false,false,false,0
ENMORT005,none,,2026-08-09T09:01:29.000Z,21.37457651,-157.73710572,UAV 1,2,1:3001:1512,ENMORT005,1:1:71:10:1:0:1,0,false,false,false,false,0
ENMORT004,none,,2026-08-09T09:01:29.000Z,21.37447596,-157.73706256,UAV 1,2,1:3001:1535,ENMORT004,1:1:71:10:1:0:1,0,false,false,false,false,0
ENMORT001,none,,2026-08-09T09:01:29.000Z,21.37443553,-157.73716992,UAV 1,2,1:3001:1694,ENMORT001,1:1:71:10:1:0:1,0,false,false,false,false,0
ENMORT002,none,,2026-08-09T09:01:29.000Z,21.37453609,-157.73721308,UAV 1,2,1:3001:1739,ENMORT002,1:1:71:10:1:0:1,0,false,false,false,false,0
ENMORT003,none,,2026-08-09T09:01:29.000Z,21.37463664,-157.73725624,UAV 1,2,1:3001:1770,ENMORT003,1:1:71:10:1:0:1,0,false,false,false,false,0
ENZPU001,none,,2026-08-09T09:01:29.000Z,21.37550111,-157.74438876,UAV 1,2,1:3001:1564,ENZPU001,1:1:222:28:13:7:3,0,false,false,false,false,0
ENZPU002,none,,2026-08-09T09:01:29.000Z,21.37545350,-157.74447070,UAV 1,2,1:3001:1712,ENZPU002,1:1:222:28:13:7:3,0,false,false,false,false,0
ENGAZ003,move to,LOC_적전방방어선후방,2026-08-09T09:01:29.000Z,21.37198166,-157.74243122,UAV 1,2,1:3001:1654,ENGAZ003,1:1:222:7:8:0:0,0,false,false,false,false,0
ENGAZ004,move to,LOC_북측예비방어선,2026-08-09T09:01:29.000Z,21.37217411,-157.74232207,UAV 1,2,1:3001:1743,ENGAZ004,1:1:222:7:8:0:0,0,false,false,false,false,0
ENGAZ002,move to,LOC_북측예비방어선,2026-08-09T09:01:29.000Z,21.37203459,-157.74223019,UAV 1,2,1:3001:1626,ENGAZ002,1:1:222:7:8:0:0,0,false,false,false,false,0
ENGAZ001,move to,LOC_적전방방어선후방,2026-08-09T09:01:29.000Z,21.37164786,-157.74208706,UAV 1,2,1:3001:1559,ENGAZ001,1:1:222:7:8:0:0,0,false,false,false,false,0
ENMORT005,none,,2026-08-09T09:01:30.000Z,21.37457651,-157.73710572,UAV 1,2,1:3001:1512,ENMORT005,1:1:71:10:1:0:1,0,false,false,false,false,0
ENMORT004,none,,2026-08-09T09:01:30.000Z,21.37447596,-157.73706256,UAV 1,2,1:3001:1535,ENMORT004,1:1:71:10:1:0:1,0,false,false,false,false,0
ENMORT001,none,,2026-08-09T09:01:30.000Z,21.37443553,-157.73716992,UAV 1,2,1:3001:1694,ENMORT001,1:1:71:10:1:0:1,0,false,false,false,false,0
ENMORT002,none,,2026-08-09T09:01:30.000Z,21.37453609,-157.73721308,UAV 1,2,1:3001:1739,ENMORT002,1:1:71:10:1:0:1,0,false,false,false,false,0
ENMORT003,none,,2026-08-09T09:01:30.000Z,21.37463664,-157.73725624,UAV 1,2,1:3001:1770,ENMORT003,1:1:71:10:1:0:1,0,false,false,false,false,0
ENZPU001,none,,2026-08-09T09:01:30.000Z,21.37550111,-157.74438876,UAV 1,2,1:3001:1564,ENZPU001,1:1:222:28:13:7:3,0,false,false,false,false,0
ENZPU002,none,,2026-08-09T09:01:30.000Z,21.37545350,-157.74447070,UAV 1,2,1:3001:1712,ENZPU002,1:1:222:28:13:7:3,0,false,false,false,false,0
ENGAZ003,move to,LOC_적전방방어선후방,2026-08-09T09:01:30.000Z,21.37198166,-157.74243122,UAV 1,2,1:3001:1654,ENGAZ003,1:1:222:7:8:0:0,0,false,false,false,false,0
ENGAZ004,move to,LOC_북측예비방어선,2026-08-09T09:01:30.000Z,21.37217411,-157.74232207,UAV 1,2,1:3001:1743,ENGAZ004,1:1:222:7:8:0:0,0,false,false,false,false,0
ENGAZ002,move to,LOC_북측예비방어선,2026-08-09T09:01:30.000Z,21.37203459,-157.74223019,UAV 1,2,1:3001:1626,ENGAZ002,1:1:222:7:8:0:0,0,false,false,false,false,0
ENGAZ001,move to,LOC_적전방방어선후방,2026-08-09T09:01:30.000Z,21.37164786,-157.74208706,UAV 1,2,1:3001:1559,ENGAZ001,1:1:222:7:8:0:0,0,false,false,false,false,0
ENMORT005,none,,2026-08-09T09:01:32.000Z,21.37457651,-157.73710572,UAV 1,2,1:3001:1512,ENMORT005,1:1:71:10:1:0:1,0,false,false,false,false,0
ENMORT004,none,,2026-08-09T09:01:32.000Z,21.37447596,-157.73706256,UAV 1,2,1:3001:1535,ENMORT004,1:1:71:10:1:0:1,0,false,false,false,false,0
ENMORT001,none,,2026-08-09T09:01:32.000Z,21.37443553,-157.73716992,UAV 1,2,1:3001:1694,ENMORT001,1:1:71:10:1:0:1,0,false,false,false,false,0
ENMORT002,none,,2026-08-09T09:01:32.000Z,21.37453609,-157.73721308,UAV 1,2,1:3001:1739,ENMORT002,1:1:71:10:1:0:1,0,false,false,false,false,0
ENMORT003,none,,2026-08-09T09:01:32.000Z,21.37463664,-157.73725624,UAV 1,2,1:3001:1770,ENMORT003,1:1:71:10:1:0:1,0,false,false,false,false,0
ENZPU001,none,,2026-08-09T09:01:32.000Z,21.37550111,-157.74438876,UAV 1,2,1:3001:1564,ENZPU001,1:1:222:28:13:7:3,0,false,false,false,false,0
ENZPU002,none,,2026-08-09T09:01:32.000Z,21.37545350,-157.74447070,UAV 1,2,1:3001:1712,ENZPU002,1:1:222:28:13:7:3,0,false,false,false,false,0
ENGAZ003,move to,LOC_적전방방어선후방,2026-08-09T09:01:32.000Z,21.37209081,-157.74254375,UAV 1,2,1:3001:1654,ENGAZ003,1:1:222:7:8:0:0,0,false,false,false,false,0
ENGAZ004,move to,LOC_북측예비방어선,2026-08-09T09:01:32.000Z,21.37226217,-157.74237948,UAV 1,2,1:3001:1743,ENGAZ004,1:1:222:7:8:0:0,0,false,false,false,false,0
ENGAZ002,move to,LOC_북측예비방어선,2026-08-09T09:01:32.000Z,21.37213750,-157.74229736,UAV 1,2,1:3001:1626,ENGAZ002,1:1:222:7:8:0:0,0,false,false,false,false,0
ENGAZ001,move to,LOC_적전방방어선후방,2026-08-09T09:01:32.000Z,21.37175683,-157.74219941,UAV 1,2,1:3001:1559,ENGAZ001,1:1:222:7:8:0:0,0,false,false,false,false,0
ENMORT005,none,,2026-08-09T09:01:33.000Z,21.37457651,-157.73710572,UAV 1,2,1:3001:1512,ENMORT005,1:1:71:10:1:0:1,0,false,false,false,false,0
ENMORT004,none,,2026-08-09T09:01:33.000Z,21.37447596,-157.73706256,UAV 1,2,1:3001:1535,ENMORT004,1:1:71:10:1:0:1,0,false,false,false,false,0
ENMORT001,none,,2026-08-09T09:01:33.000Z,21.37443553,-157.73716992,UAV 1,2,1:3001:1694,ENMORT001,1:1:71:10:1:0:1,0,false,false,false,false,0
ENMORT002,none,,2026-08-09T09:01:33.000Z,21.37453609,-157.73721308,UAV 1,2,1:3001:1739,ENMORT002,1:1:71:10:1:0:1,0,false,false,false,false,0
ENMORT003,none,,2026-08-09T09:01:33.000Z,21.37463664,-157.73725624,UAV 1,2,1:3001:1770,ENMORT003,1:1:71:10:1:0:1,0,false,false,false,false,0
ENZPU001,none,,2026-08-09T09:01:33.000Z,21.37550111,-157.74438876,UAV 1,2,1:3001:1564,ENZPU001,1:1:222:28:13:7:3,0,false,false,false,false,0
ENZPU002,none,,2026-08-09T09:01:33.000Z,21.37545350,-157.74447070,UAV 1,2,1:3001:1712,ENZPU002,1:1:222:28:13:7:3,0,false,false,false,false,0
ENGAZ003,move to,LOC_적전방방어선후방,2026-08-09T09:01:33.000Z,21.37209081,-157.74254375,UAV 1,2,1:3001:1654,ENGAZ003,1:1:222:7:8:0:0,0,false,false,false,false,0
ENGAZ004,move to,LOC_북측예비방어선,2026-08-09T09:01:33.000Z,21.37226217,-157.74237948,UAV 1,2,1:3001:1743,ENGAZ004,1:1:222:7:8:0:0,0,false,false,false,false,0
ENGAZ002,move to,LOC_북측예비방어선,2026-08-09T09:01:33.000Z,21.37213750,-157.74229736,UAV 1,2,1:3001:1626,ENGAZ002,1:1:222:7:8:0:0,0,false,false,false,false,0
ENGAZ001,move to,LOC_적전방방어선후방,2026-08-09T09:01:33.000Z,21.37175683,-157.74219941,UAV 1,2,1:3001:1559,ENGAZ001,1:1:222:7:8:0:0,0,false,false,false,false,0
ENMORT005,none,,2026-08-09T09:01:34.000Z,21.37457651,-157.73710572,UAV 1,2,1:3001:1512,ENMORT005,1:1:71:10:1:0:1,0,false,false,false,false,0
ENMORT004,none,,2026-08-09T09:01:34.000Z,21.37447596,-157.73706256,UAV 1,2,1:3001:1535,ENMORT004,1:1:71:10:1:0:1,0,false,false,false,false,0
ENMORT001,none,,2026-08-09T09:01:34.000Z,21.37443553,-157.73716992,UAV 1,2,1:3001:1694,ENMORT001,1:1:71:10:1:0:1,0,false,false,false,false,0
ENMORT002,none,,2026-08-09T09:01:34.000Z,21.37453609,-157.73721308,UAV 1,2,1:3001:1739,ENMORT002,1:1:71:10:1:0:1,0,false,false,false,false,0
ENMORT003,none,,2026-08-09T09:01:34.000Z,21.37463664,-157.73725624,UAV 1,2,1:3001:1770,ENMORT003,1:1:71:10:1:0:1,0,false,false,false,false,0
ENZPU001,none,,2026-08-09T09:01:34.000Z,21.37550111,-157.74438876,UAV 1,2,1:3001:1564,ENZPU001,1:1:222:28:13:7:3,0,false,false,false,false,0
ENZPU002,none,,2026-08-09T09:01:34.000Z,21.37545350,-157.74447070,UAV 1,2,1:3001:1712,ENZPU002,1:1:222:28:13:7:3,0,false,false,false,false,0
ENGAZ003,move to,LOC_적전방방어선후방,2026-08-09T09:01:34.000Z,21.37217369,-157.74262920,UAV 1,2,1:3001:1654,ENGAZ003,1:1:222:7:8:0:0,0,false,false,false,false,0
ENGAZ004,move to,LOC_북측예비방어선,2026-08-09T09:01:34.000Z,21.37235272,-157.74243852,UAV 1,2,1:3001:1743,ENGAZ004,1:1:222:7:8:0:0,0,false,false,false,false,0
ENGAZ002,move to,LOC_북측예비방어선,2026-08-09T09:01:34.000Z,21.37222769,-157.74235622,UAV 1,2,1:3001:1626,ENGAZ002,1:1:222:7:8:0:0,0,false,false,false,false,0
ENGAZ001,move to,LOC_적전방방어선후방,2026-08-09T09:01:34.000Z,21.37186860,-157.74231464,UAV 1,2,1:3001:1559,ENGAZ001,1:1:222:7:8:0:0,0,false,false,false,false,0
ENMORT005,none,,2026-08-09T09:01:35.000Z,21.37457651,-157.73710572,UAV 1,2,1:3001:1512,ENMORT005,1:1:71:10:1:0:1,0,false,false,false,false,0
ENMORT004,none,,2026-08-09T09:01:35.000Z,21.37447596,-157.73706256,UAV 1,2,1:3001:1535,ENMORT004,1:1:71:10:1:0:1,0,false,false,false,false,0
ENMORT001,none,,2026-08-09T09:01:35.000Z,21.37443553,-157.73716992,UAV 1,2,1:3001:1694,ENMORT001,1:1:71:10:1:0:1,0,false,false,false,false,0
ENMORT002,none,,2026-08-09T09:01:35.000Z,21.37453609,-157.73721308,UAV 1,2,1:3001:1739,ENMORT002,1:1:71:10:1:0:1,0,false,false,false,false,0
ENMORT003,none,,2026-08-09T09:01:35.000Z,21.37463664,-157.73725624,UAV 1,2,1:3001:1770,ENMORT003,1:1:71:10:1:0:1,0,false,false,false,false,0
ENZPU001,none,,2026-08-09T09:01:35.000Z,21.37550111,-157.74438876,UAV 1,2,1:3001:1564,ENZPU001,1:1:222:28:13:7:3,0,false,false,false,false,0
ENZPU002,none,,2026-08-09T09:01:35.000Z,21.37545350,-157.74447070,UAV 1,2,1:3001:1712,ENZPU002,1:1:222:28:13:7:3,0,false,false,false,false,0
ENGAZ003,move to,LOC_적전방방어선후방,2026-08-09T09:01:35.000Z,21.37217369,-157.74262920,UAV 1,2,1:3001:1654,ENGAZ003,1:1:222:7:8:0:0,0,false,false,false,false,0
ENGAZ004,move to,LOC_북측예비방어선,2026-08-09T09:01:35.000Z,21.37235272,-157.74243852,UAV 1,2,1:3001:1743,ENGAZ004,1:1:222:7:8:0:0,0,false,false,false,false,0
ENGAZ002,move to,LOC_북측예비방어선,2026-08-09T09:01:35.000Z,21.37222769,-157.74235622,UAV 1,2,1:3001:1626,ENGAZ002,1:1:222:7:8:0:0,0,false,false,false,false,0
ENGAZ001,move to,LOC_적전방방어선후방,2026-08-09T09:01:35.000Z,21.37186860,-157.74231464,UAV 1,2,1:3001:1559,ENGAZ001,1:1:222:7:8:0:0,0,false,false,false,false,0
ENMORT005,none,,2026-08-09T09:01:36.000Z,21.37457651,-157.73710572,UAV 1,2,1:3001:1512,ENMORT005,1:1:71:10:1:0:1,0,false,false,false,false,0
ENMORT004,none,,2026-08-09T09:01:36.000Z,21.37447596,-157.73706256,UAV 1,2,1:3001:1535,ENMORT004,1:1:71:10:1:0:1,0,false,false,false,false,0
ENMORT001,none,,2026-08-09T09:01:36.000Z,21.37443553,-157.73716992,UAV 1,2,1:3001:1694,ENMORT001,1:1:71:10:1:0:1,0,false,false,false,false,0
ENMORT002,none,,2026-08-09T09:01:36.000Z,21.37453609,-157.73721308,UAV 1,2,1:3001:1739,ENMORT002,1:1:71:10:1:0:1,0,false,false,false,false,0
ENMORT003,none,,2026-08-09T09:01:36.000Z,21.37463664,-157.73725624,UAV 1,2,1:3001:1770,ENMORT003,1:1:71:10:1:0:1,0,false,false,false,false,0
ENZPU001,none,,2026-08-09T09:01:36.000Z,21.37550111,-157.74438876,UAV 1,2,1:3001:1564,ENZPU001,1:1:222:28:13:7:3,0,false,false,false,false,0
ENZPU002,none,,2026-08-09T09:01:36.000Z,21.37545350,-157.74447070,UAV 1,2,1:3001:1712,ENZPU002,1:1:222:28:13:7:3,0,false,false,false,false,0
ENGAZ003,move to,LOC_적전방방어선후방,2026-08-09T09:01:36.000Z,21.37223408,-157.74269145,UAV 1,2,1:3001:1654,ENGAZ003,1:1:222:7:8:0:0,0,false,false,false,false,0
ENGAZ004,move to,LOC_북측예비방어선,2026-08-09T09:01:36.000Z,21.37242959,-157.74248864,UAV 1,2,1:3001:1743,ENGAZ004,1:1:222:7:8:0:0,0,false,false,false,false,0
ENGAZ002,move to,LOC_북측예비방어선,2026-08-09T09:01:36.000Z,21.37230509,-157.74240674,UAV 1,2,1:3001:1626,ENGAZ002,1:1:222:7:8:0:0,0,false,false,false,false,0
ENGAZ001,move to,LOC_적전방방어선후방,2026-08-09T09:01:36.000Z,21.37196172,-157.74241065,UAV 1,2,1:3001:1559,ENGAZ001,1:1:222:7:8:0:0,0,false,false,false,false,0
ENMORT005,none,,2026-08-09T09:01:37.000Z,21.37457651,-157.73710572,UAV 1,2,1:3001:1512,ENMORT005,1:1:71:10:1:0:1,0,false,false,false,false,0
ENMORT004,none,,2026-08-09T09:01:37.000Z,21.37447596,-157.73706256,UAV 1,2,1:3001:1535,ENMORT004,1:1:71:10:1:0:1,0,false,false,false,false,0
ENMORT001,none,,2026-08-09T09:01:37.000Z,21.37443553,-157.73716992,UAV 1,2,1:3001:1694,ENMORT001,1:1:71:10:1:0:1,0,false,false,false,false,0
ENMORT002,none,,2026-08-09T09:01:37.000Z,21.37453609,-157.73721308,UAV 1,2,1:3001:1739,ENMORT002,1:1:71:10:1:0:1,0,false,false,false,false,0
ENMORT003,none,,2026-08-09T09:01:37.000Z,21.37463664,-157.73725624,UAV 1,2,1:3001:1770,ENMORT003,1:1:71:10:1:0:1,0,false,false,false,false,0
ENZPU001,none,,2026-08-09T09:01:37.000Z,21.37550111,-157.74438876,UAV 1,2,1:3001:1564,ENZPU001,1:1:222:28:13:7:3,0,false,false,false,false,0
ENZPU002,none,,2026-08-09T09:01:37.000Z,21.37545350,-157.74447070,UAV 1,2,1:3001:1712,ENZPU002,1:1:222:28:13:7:3,0,false,false,false,false,0
ENGAZ003,move to,LOC_적전방방어선후방,2026-08-09T09:01:37.000Z,21.37223408,-157.74269145,UAV 1,2,1:3001:1654,ENGAZ003,1:1:222:7:8:0:0,0,false,false,false,false,0
ENGAZ004,move to,LOC_북측예비방어선,2026-08-09T09:01:37.000Z,21.37242959,-157.74248864,UAV 1,2,1:3001:1743,ENGAZ004,1:1:222:7:8:0:0,0,false,false,false,false,0
ENGAZ002,move to,LOC_북측예비방어선,2026-08-09T09:01:37.000Z,21.37230509,-157.74240674,UAV 1,2,1:3001:1626,ENGAZ002,1:1:222:7:8:0:0,0,false,false,false,false,0
ENGAZ001,move to,LOC_적전방방어선후방,2026-08-09T09:01:37.000Z,21.37196172,-157.74241065,UAV 1,2,1:3001:1559,ENGAZ001,1:1:222:7:8:0:0,0,false,false,false,false,0
ENMORT005,none,,2026-08-09T09:01:38.000Z,21.37457651,-157.73710572,UAV 1,2,1:3001:1512,ENMORT005,1:1:71:10:1:0:1,0,false,false,false,false,0
ENMORT004,none,,2026-08-09T09:01:38.000Z,21.37447596,-157.73706256,UAV 1,2,1:3001:1535,ENMORT004,1:1:71:10:1:0:1,0,false,false,false,false,0
ENMORT001,none,,2026-08-09T09:01:38.000Z,21.37443553,-157.73716992,UAV 1,2,1:3001:1694,ENMORT001,1:1:71:10:1:0:1,0,false,false,false,false,0
ENMORT002,none,,2026-08-09T09:01:38.000Z,21.37453609,-157.73721308,UAV 1,2,1:3001:1739,ENMORT002,1:1:71:10:1:0:1,0,false,false,false,false,0
ENMORT003,none,,2026-08-09T09:01:38.000Z,21.37463664,-157.73725624,UAV 1,2,1:3001:1770,ENMORT003,1:1:71:10:1:0:1,0,false,false,false,false,0
ENZPU001,none,,2026-08-09T09:01:38.000Z,21.37550111,-157.74438876,UAV 1,2,1:3001:1564,ENZPU001,1:1:222:28:13:7:3,0,false,false,false,false,0
ENZPU002,none,,2026-08-09T09:01:38.000Z,21.37545350,-157.74447070,UAV 1,2,1:3001:1712,ENZPU002,1:1:222:28:13:7:3,0,false,false,false,false,0
ENGAZ003,move to,LOC_적전방방어선후방,2026-08-09T09:01:38.000Z,21.37231235,-157.74277214,UAV 1,2,1:3001:1654,ENGAZ003,1:1:222:7:8:0:0,0,false,false,false,false,0
ENGAZ004,move to,LOC_북측예비방어선,2026-08-09T09:01:38.000Z,21.37253195,-157.74255537,UAV 1,2,1:3001:1743,ENGAZ004,1:1:222:7:8:0:0,0,false,false,false,false,0
ENGAZ002,move to,LOC_북측예비방어선,2026-08-09T09:01:38.000Z,21.37239879,-157.74246789,UAV 1,2,1:3001:1626,ENGAZ002,1:1:222:7:8:0:0,0,false,false,false,false,0
ENGAZ001,move to,LOC_적전방방어선후방,2026-08-09T09:01:38.000Z,21.37207060,-157.74252290,UAV 1,2,1:3001:1559,ENGAZ001,1:1:222:7:8:0:0,0,false,false,false,false,0
ENMORT005,none,,2026-08-09T09:01:39.000Z,21.37457651,-157.73710572,UAV 1,2,1:3001:1512,ENMORT005,1:1:71:10:1:0:1,0,false,false,false,false,0
ENMORT004,none,,2026-08-09T09:01:39.000Z,21.37447596,-157.73706256,UAV 1,2,1:3001:1535,ENMORT004,1:1:71:10:1:0:1,0,false,false,false,false,0
ENMORT001,none,,2026-08-09T09:01:39.000Z,21.37443553,-157.73716992,UAV 1,2,1:3001:1694,ENMORT001,1:1:71:10:1:0:1,0,false,false,false,false,0
ENMORT002,none,,2026-08-09T09:01:39.000Z,21.37453609,-157.73721308,UAV 1,2,1:3001:1739,ENMORT002,1:1:71:10:1:0:1,0,false,false,false,false,0
ENMORT003,none,,2026-08-09T09:01:39.000Z,21.37463664,-157.73725624,UAV 1,2,1:3001:1770,ENMORT003,1:1:71:10:1:0:1,0,false,false,false,false,0
ENZPU001,none,,2026-08-09T09:01:39.000Z,21.37550111,-157.74438876,UAV 1,2,1:3001:1564,ENZPU001,1:1:222:28:13:7:3,0,false,false,false,false,0
ENZPU002,none,,2026-08-09T09:01:39.000Z,21.37545350,-157.74447070,UAV 1,2,1:3001:1712,ENZPU002,1:1:222:28:13:7:3,0,false,false,false,false,0
ENGAZ003,move to,LOC_적전방방어선후방,2026-08-09T09:01:39.000Z,21.37238768,-157.74284981,UAV 1,2,1:3001:1654,ENGAZ003,1:1:222:7:8:0:0,0,false,false,false,false,0
ENGAZ004,move to,LOC_북측예비방어선,2026-08-09T09:01:39.000Z,21.37269201,-157.74265973,UAV 1,2,1:3001:1743,ENGAZ004,1:1:222:7:8:0:0,0,false,false,false,false,0
ENGAZ002,move to,LOC_북측예비방어선,2026-08-09T09:01:39.000Z,21.37248555,-157.74252452,UAV 1,2,1:3001:1626,ENGAZ002,1:1:222:7:8:0:0,0,false,false,false,false,0
ENGAZ001,move to,LOC_적전방방어선후방,2026-08-09T09:01:39.000Z,21.37215925,-157.74261429,UAV 1,2,1:3001:1559,ENGAZ001,1:1:222:7:8:0:0,0,false,false,false,false,0
ENMORT005,none,,2026-08-09T09:01:40.000Z,21.37457651,-157.73710572,UAV 1,2,1:3001:1512,ENMORT005,1:1:71:10:1:0:1,0,false,false,false,false,0
ENMORT004,none,,2026-08-09T09:01:40.000Z,21.37447596,-157.73706256,UAV 1,2,1:3001:1535,ENMORT004,1:1:71:10:1:0:1,0,false,false,false,false,0
ENMORT001,none,,2026-08-09T09:01:40.000Z,21.37443553,-157.73716992,UAV 1,2,1:3001:1694,ENMORT001,1:1:71:10:1:0:1,0,false,false,false,false,0
ENMORT002,none,,2026-08-09T09:01:40.000Z,21.37453609,-157.73721308,UAV 1,2,1:3001:1739,ENMORT002,1:1:71:10:1:0:1,0,false,false,false,false,0
ENMORT003,none,,2026-08-09T09:01:40.000Z,21.37463664,-157.73725624,UAV 1,2,1:3001:1770,ENMORT003,1:1:71:10:1:0:1,0,false,false,false,false,0
ENZPU001,none,,2026-08-09T09:01:40.000Z,21.37550111,-157.74438876,UAV 1,2,1:3001:1564,ENZPU001,1:1:222:28:13:7:3,0,false,false,false,false,0
ENZPU002,none,,2026-08-09T09:01:40.000Z,21.37545350,-157.74447070,UAV 1,2,1:3001:1712,ENZPU002,1:1:222:28:13:7:3,0,false,false,false,false,0
ENGAZ003,move to,LOC_적전방방어선후방,2026-08-09T09:01:40.000Z,21.37238768,-157.74284981,UAV 1,2,1:3001:1654,ENGAZ003,1:1:222:7:8:0:0,0,false,false,false,false,0
ENGAZ004,move to,LOC_북측예비방어선,2026-08-09T09:01:40.000Z,21.37269201,-157.74265973,UAV 1,2,1:3001:1743,ENGAZ004,1:1:222:7:8:0:0,0,false,false,false,false,0
ENGAZ002,move to,LOC_북측예비방어선,2026-08-09T09:01:40.000Z,21.37248555,-157.74252452,UAV 1,2,1:3001:1626,ENGAZ002,1:1:222:7:8:0:0,0,false,false,false,false,0
ENGAZ001,move to,LOC_적전방방어선후방,2026-08-09T09:01:40.000Z,21.37215925,-157.74261429,UAV 1,2,1:3001:1559,ENGAZ001,1:1:222:7:8:0:0,0,false,false,false,false,0
ENMORT005,none,,2026-08-09T09:01:41.000Z,21.37457651,-157.73710572,UAV 1,2,1:3001:1512,ENMORT005,1:1:71:10:1:0:1,0,false,false,false,false,0
ENMORT004,none,,2026-08-09T09:01:41.000Z,21.37447596,-157.73706256,UAV 1,2,1:3001:1535,ENMORT004,1:1:71:10:1:0:1,0,false,false,false,false,0
ENMORT001,none,,2026-08-09T09:01:41.000Z,21.37443553,-157.73716992,UAV 1,2,1:3001:1694,ENMORT001,1:1:71:10:1:0:1,0,false,false,false,false,0
ENMORT002,none,,2026-08-09T09:01:41.000Z,21.37453609,-157.73721308,UAV 1,2,1:3001:1739,ENMORT002,1:1:71:10:1:0:1,0,false,false,false,false,0
ENMORT003,none,,2026-08-09T09:01:41.000Z,21.37463664,-157.73725624,UAV 1,2,1:3001:1770,ENMORT003,1:1:71:10:1:0:1,0,false,false,false,false,0
ENZPU001,none,,2026-08-09T09:01:41.000Z,21.37550111,-157.74438876,UAV 1,2,1:3001:1564,ENZPU001,1:1:222:28:13:7:3,0,false,false,false,false,0
ENZPU002,none,,2026-08-09T09:01:41.000Z,21.37545350,-157.74447070,UAV 1,2,1:3001:1712,ENZPU002,1:1:222:28:13:7:3,0,false,false,false,false,0
ENGAZ003,move to,LOC_적전방방어선후방,2026-08-09T09:01:41.000Z,21.37249413,-157.74295956,UAV 1,2,1:3001:1654,ENGAZ003,1:1:222:7:8:0:0,0,false,false,false,false,0
ENGAZ002,move to,LOC_북측예비방어선,2026-08-09T09:01:41.000Z,21.37262121,-157.74261306,UAV 1,2,1:3001:1626,ENGAZ002,1:1:222:7:8:0:0,0,false,false,false,false,0
ENGAZ001,move to,LOC_적전방방어선후방,2026-08-09T09:01:41.000Z,21.37222377,-157.74268081,UAV 1,2,1:3001:1559,ENGAZ001,1:1:222:7:8:0:0,0,false,false,false,false,0
ENMORT005,none,,2026-08-09T09:01:42.000Z,21.37457651,-157.73710572,UAV 1,2,1:3001:1512,ENMORT005,1:1:71:10:1:0:1,0,false,false,false,false,0
ENMORT004,none,,2026-08-09T09:01:42.000Z,21.37447596,-157.73706256,UAV 1,2,1:3001:1535,ENMORT004,1:1:71:10:1:0:1,0,false,false,false,false,0
ENMORT001,none,,2026-08-09T09:01:42.000Z,21.37443553,-157.73716992,UAV 1,2,1:3001:1694,ENMORT001,1:1:71:10:1:0:1,0,false,false,false,false,0
ENMORT002,none,,2026-08-09T09:01:42.000Z,21.37453609,-157.73721308,UAV 1,2,1:3001:1739,ENMORT002,1:1:71:10:1:0:1,0,false,false,false,false,0
ENMORT003,none,,2026-08-09T09:01:42.000Z,21.37463664,-157.73725624,UAV 1,2,1:3001:1770,ENMORT003,1:1:71:10:1:0:1,0,false,false,false,false,0
ENZPU001,none,,2026-08-09T09:01:42.000Z,21.37550111,-157.74438876,UAV 1,2,1:3001:1564,ENZPU001,1:1:222:28:13:7:3,0,false,false,false,false,0
ENZPU002,none,,2026-08-09T09:01:42.000Z,21.37545350,-157.74447070,UAV 1,2,1:3001:1712,ENZPU002,1:1:222:28:13:7:3,0,false,false,false,false,0
ENGAZ003,move to,LOC_적전방방어선후방,2026-08-09T09:01:42.000Z,21.37249413,-157.74295956,UAV 1,2,1:3001:1654,ENGAZ003,1:1:222:7:8:0:0,0,false,false,false,false,0
ENGAZ002,move to,LOC_북측예비방어선,2026-08-09T09:01:42.000Z,21.37262121,-157.74261306,UAV 1,2,1:3001:1626,ENGAZ002,1:1:222:7:8:0:0,0,false,false,false,false,0
ENGAZ001,move to,LOC_적전방방어선후방,2026-08-09T09:01:42.000Z,21.37222377,-157.74268081,UAV 1,2,1:3001:1559,ENGAZ001,1:1:222:7:8:0:0,0,false,false,false,false,0
ENMORT005,none,,2026-08-09T09:01:43.000Z,21.37457651,-157.73710572,UAV 1,2,1:3001:1512,ENMORT005,1:1:71:10:1:0:1,0,false,false,false,false,0
ENMORT004,none,,2026-08-09T09:01:43.000Z,21.37447596,-157.73706256,UAV 1,2,1:3001:1535,ENMORT004,1:1:71:10:1:0:1,0,false,false,false,false,0
ENMORT001,none,,2026-08-09T09:01:43.000Z,21.37443553,-157.73716992,UAV 1,2,1:3001:1694,ENMORT001,1:1:71:10:1:0:1,0,false,false,false,false,0
ENMORT002,none,,2026-08-09T09:01:43.000Z,21.37453609,-157.73721308,UAV 1,2,1:3001:1739,ENMORT002,1:1:71:10:1:0:1,0,false,false,false,false,0
ENMORT003,none,,2026-08-09T09:01:43.000Z,21.37463664,-157.73725624,UAV 1,2,1:3001:1770,ENMORT003,1:1:71:10:1:0:1,0,false,false,false,false,0
ENZPU001,none,,2026-08-09T09:01:43.000Z,21.37550111,-157.74438876,UAV 1,2,1:3001:1564,ENZPU001,1:1:222:28:13:7:3,0,false,false,false,false,0
ENZPU002,none,,2026-08-09T09:01:43.000Z,21.37545350,-157.74447070,UAV 1,2,1:3001:1712,ENZPU002,1:1:222:28:13:7:3,0,false,false,false,false,0
ENGAZ003,move to,LOC_적전방방어선후방,2026-08-09T09:01:43.000Z,21.37259601,-157.74306459,UAV 1,2,1:3001:1654,ENGAZ003,1:1:222:7:8:0:0,0,false,false,false,false,0
ENGAZ001,move to,LOC_적전방방어선후방,2026-08-09T09:01:43.000Z,21.37228939,-157.74274846,UAV 1,2,1:3001:1559,ENGAZ001,1:1:222:7:8:0:0,0,false,false,false,false,0
ENMORT005,none,,2026-08-09T09:01:45.000Z,21.37457651,-157.73710572,UAV 1,2,1:3001:1512,ENMORT005,1:1:71:10:1:0:1,0,false,false,false,false,0
ENMORT004,none,,2026-08-09T09:01:45.000Z,21.37447596,-157.73706256,UAV 1,2,1:3001:1535,ENMORT004,1:1:71:10:1:0:1,0,false,false,false,false,0
ENMORT001,none,,2026-08-09T09:01:45.000Z,21.37443553,-157.73716992,UAV 1,2,1:3001:1694,ENMORT001,1:1:71:10:1:0:1,0,false,false,false,false,0
ENMORT002,none,,2026-08-09T09:01:45.000Z,21.37453609,-157.73721308,UAV 1,2,1:3001:1739,ENMORT002,1:1:71:10:1:0:1,0,false,false,false,false,0
ENMORT003,none,,2026-08-09T09:01:45.000Z,21.37463664,-157.73725624,UAV 1,2,1:3001:1770,ENMORT003,1:1:71:10:1:0:1,0,false,false,false,false,0
ENZPU001,none,,2026-08-09T09:01:45.000Z,21.37550111,-157.74438876,UAV 1,2,1:3001:1564,ENZPU001,1:1:222:28:13:7:3,0,false,false,false,false,0
ENZPU002,none,,2026-08-09T09:01:45.000Z,21.37545350,-157.74447070,UAV 1,2,1:3001:1712,ENZPU002,1:1:222:28:13:7:3,0,false,false,false,false,0
ENGAZ003,move to,LOC_적전방방어선후방,2026-08-09T09:01:45.000Z,21.37259601,-157.74306459,UAV 1,2,1:3001:1654,ENGAZ003,1:1:222:7:8:0:0,0,false,false,false,false,0
ENGAZ001,move to,LOC_적전방방어선후방,2026-08-09T09:01:45.000Z,21.37228939,-157.74274846,UAV 1,2,1:3001:1559,ENGAZ001,1:1:222:7:8:0:0,0,false,false,false,false,0
ENMORT005,none,,2026-08-09T09:01:46.000Z,21.37457651,-157.73710572,UAV 1,2,1:3001:1512,ENMORT005,1:1:71:10:1:0:1,0,false,false,false,false,0
ENMORT004,none,,2026-08-09T09:01:46.000Z,21.37447596,-157.73706256,UAV 1,2,1:3001:1535,ENMORT004,1:1:71:10:1:0:1,0,false,false,false,false,0
ENMORT001,none,,2026-08-09T09:01:46.000Z,21.37443553,-157.73716992,UAV 1,2,1:3001:1694,ENMORT001,1:1:71:10:1:0:1,0,false,false,false,false,0
ENMORT002,none,,2026-08-09T09:01:46.000Z,21.37453609,-157.73721308,UAV 1,2,1:3001:1739,ENMORT002,1:1:71:10:1:0:1,0,false,false,false,false,0
ENMORT003,none,,2026-08-09T09:01:46.000Z,21.37463664,-157.73725624,UAV 1,2,1:3001:1770,ENMORT003,1:1:71:10:1:0:1,0,false,false,false,false,0
ENZPU001,none,,2026-08-09T09:01:46.000Z,21.37550111,-157.74438876,UAV 1,2,1:3001:1564,ENZPU001,1:1:222:28:13:7:3,0,false,false,false,false,0
ENZPU002,none,,2026-08-09T09:01:46.000Z,21.37545350,-157.74447070,UAV 1,2,1:3001:1712,ENZPU002,1:1:222:28:13:7:3,0,false,false,false,false,0
ENGAZ001,move to,LOC_적전방방어선후방,2026-08-09T09:01:46.000Z,21.37236799,-157.74282950,UAV 1,2,1:3001:1559,ENGAZ001,1:1:222:7:8:0:0,0,false,false,false,false,0
ENM35001,move to,LOC_적북측접근로,2026-08-09T09:01:46.000Z,21.37135788,-157.74162308,UAV 1,2,1:3001:1659,ENM35001,1:1:225:7:1:6:0,0,false,false,false,false,0
ENMORT005,none,,2026-08-09T09:01:47.000Z,21.37457651,-157.73710572,UAV 1,2,1:3001:1512,ENMORT005,1:1:71:10:1:0:1,0,false,false,false,false,0
ENMORT004,none,,2026-08-09T09:01:47.000Z,21.37447596,-157.73706256,UAV 1,2,1:3001:1535,ENMORT004,1:1:71:10:1:0:1,0,false,false,false,false,0
ENMORT001,none,,2026-08-09T09:01:47.000Z,21.37443553,-157.73716992,UAV 1,2,1:3001:1694,ENMORT001,1:1:71:10:1:0:1,0,false,false,false,false,0
ENMORT002,none,,2026-08-09T09:01:47.000Z,21.37453609,-157.73721308,UAV 1,2,1:3001:1739,ENMORT002,1:1:71:10:1:0:1,0,false,false,false,false,0
ENMORT003,none,,2026-08-09T09:01:47.000Z,21.37463664,-157.73725624,UAV 1,2,1:3001:1770,ENMORT003,1:1:71:10:1:0:1,0,false,false,false,false,0
ENZPU001,none,,2026-08-09T09:01:47.000Z,21.37550111,-157.74438876,UAV 1,2,1:3001:1564,ENZPU001,1:1:222:28:13:7:3,0,false,false,false,false,0
ENZPU002,none,,2026-08-09T09:01:47.000Z,21.37545350,-157.74447070,UAV 1,2,1:3001:1712,ENZPU002,1:1:222:28:13:7:3,0,false,false,false,false,0
ENGAZ001,move to,LOC_적전방방어선후방,2026-08-09T09:01:47.000Z,21.37236799,-157.74282950,UAV 1,2,1:3001:1559,ENGAZ001,1:1:222:7:8:0:0,0,false,false,false,false,0
ENM35001,move to,LOC_적북측접근로,2026-08-09T09:01:47.000Z,21.37135788,-157.74162308,UAV 1,2,1:3001:1659,ENM35001,1:1:225:7:1:6:0,0,false,false,false,false,0
ENMORT005,none,,2026-08-09T09:01:48.000Z,21.37457651,-157.73710572,UAV 1,2,1:3001:1512,ENMORT005,1:1:71:10:1:0:1,0,false,false,false,false,0
ENMORT004,none,,2026-08-09T09:01:48.000Z,21.37447596,-157.73706256,UAV 1,2,1:3001:1535,ENMORT004,1:1:71:10:1:0:1,0,false,false,false,false,0
ENMORT001,none,,2026-08-09T09:01:48.000Z,21.37443553,-157.73716992,UAV 1,2,1:3001:1694,ENMORT001,1:1:71:10:1:0:1,0,false,false,false,false,0
ENMORT002,none,,2026-08-09T09:01:48.000Z,21.37453609,-157.73721308,UAV 1,2,1:3001:1739,ENMORT002,1:1:71:10:1:0:1,0,false,false,false,false,0
ENMORT003,none,,2026-08-09T09:01:48.000Z,21.37463664,-157.73725624,UAV 1,2,1:3001:1770,ENMORT003,1:1:71:10:1:0:1,0,false,false,false,false,0
ENZPU001,none,,2026-08-09T09:01:48.000Z,21.37550111,-157.74438876,UAV 1,2,1:3001:1564,ENZPU001,1:1:222:28:13:7:3,0,false,false,false,false,0
ENZPU002,none,,2026-08-09T09:01:48.000Z,21.37545350,-157.74447070,UAV 1,2,1:3001:1712,ENZPU002,1:1:222:28:13:7:3,0,false,false,false,false,0
ENGAZ001,move to,LOC_적전방방어선후방,2026-08-09T09:01:48.000Z,21.37247606,-157.74294091,UAV 1,2,1:3001:1559,ENGAZ001,1:1:222:7:8:0:0,0,false,false,false,false,0
ENGAZ003,move to,LOC_적전방방어선후방,2026-08-09T09:01:48.000Z,21.37280743,-157.74328255,UAV 1,2,1:3001:1654,ENGAZ003,1:1:222:7:8:0:0,0,false,false,false,false,0
ENMORT005,none,,2026-08-09T09:01:49.000Z,21.37457651,-157.73710572,UAV 1,2,1:3001:1512,ENMORT005,1:1:71:10:1:0:1,0,false,false,false,false,0
ENMORT004,none,,2026-08-09T09:01:49.000Z,21.37447596,-157.73706256,UAV 1,2,1:3001:1535,ENMORT004,1:1:71:10:1:0:1,0,false,false,false,false,0
ENMORT001,none,,2026-08-09T09:01:49.000Z,21.37443553,-157.73716992,UAV 1,2,1:3001:1694,ENMORT001,1:1:71:10:1:0:1,0,false,false,false,false,0
ENMORT002,none,,2026-08-09T09:01:49.000Z,21.37453609,-157.73721308,UAV 1,2,1:3001:1739,ENMORT002,1:1:71:10:1:0:1,0,false,false,false,false,0
ENMORT003,none,,2026-08-09T09:01:49.000Z,21.37463664,-157.73725624,UAV 1,2,1:3001:1770,ENMORT003,1:1:71:10:1:0:1,0,false,false,false,false,0
ENZPU001,none,,2026-08-09T09:01:49.000Z,21.37550111,-157.74438876,UAV 1,2,1:3001:1564,ENZPU001,1:1:222:28:13:7:3,0,false,false,false,false,0
ENZPU002,none,,2026-08-09T09:01:49.000Z,21.37545350,-157.74447070,UAV 1,2,1:3001:1712,ENZPU002,1:1:222:28:13:7:3,0,false,false,false,false,0
ENGAZ001,move to,LOC_적전방방어선후방,2026-08-09T09:01:49.000Z,21.37259487,-157.74306341,UAV 1,2,1:3001:1559,ENGAZ001,1:1:222:7:8:0:0,0,false,false,false,false,0
ENGAZ003,move to,LOC_적전방방어선후방,2026-08-09T09:01:49.000Z,21.37292515,-157.74340392,UAV 1,2,1:3001:1654,ENGAZ003,1:1:222:7:8:0:0,0,false,false,false,false,0
ENBTR80002,move to,LOC_적북측접근로,2026-08-09T09:01:49.000Z,21.37705331,-157.74154291,UAV 1,2,1:3001:1789,ENBTR80002,1:1:222:2:13:0:0,0,false,false,false,false,0
ENMORT005,none,,2026-08-09T09:01:51.000Z,21.37457651,-157.73710572,UAV 1,2,1:3001:1512,ENMORT005,1:1:71:10:1:0:1,0,false,false,false,false,0
ENMORT004,none,,2026-08-09T09:01:51.000Z,21.37447596,-157.73706256,UAV 1,2,1:3001:1535,ENMORT004,1:1:71:10:1:0:1,0,false,false,false,false,0
ENMORT001,none,,2026-08-09T09:01:51.000Z,21.37443553,-157.73716992,UAV 1,2,1:3001:1694,ENMORT001,1:1:71:10:1:0:1,0,false,false,false,false,0
ENMORT002,none,,2026-08-09T09:01:51.000Z,21.37453609,-157.73721308,UAV 1,2,1:3001:1739,ENMORT002,1:1:71:10:1:0:1,0,false,false,false,false,0
ENMORT003,none,,2026-08-09T09:01:51.000Z,21.37463664,-157.73725624,UAV 1,2,1:3001:1770,ENMORT003,1:1:71:10:1:0:1,0,false,false,false,false,0
ENZPU001,none,,2026-08-09T09:01:51.000Z,21.37550111,-157.74438876,UAV 1,2,1:3001:1564,ENZPU001,1:1:222:28:13:7:3,0,false,false,false,false,0
ENZPU002,none,,2026-08-09T09:01:51.000Z,21.37545350,-157.74447070,UAV 1,2,1:3001:1712,ENZPU002,1:1:222:28:13:7:3,0,false,false,false,false,0
ENGAZ001,move to,LOC_적전방방어선후방,2026-08-09T09:01:51.000Z,21.37259487,-157.74306341,UAV 1,2,1:3001:1559,ENGAZ001,1:1:222:7:8:0:0,0,false,false,false,false,0
ENGAZ003,move to,LOC_적전방방어선후방,2026-08-09T09:01:51.000Z,21.37292515,-157.74340392,UAV 1,2,1:3001:1654,ENGAZ003,1:1:222:7:8:0:0,0,false,false,false,false,0
ENBTR80002,move to,LOC_적북측접근로,2026-08-09T09:01:51.000Z,21.37705331,-157.74154291,UAV 1,2,1:3001:1789,ENBTR80002,1:1:222:2:13:0:0,0,false,false,false,false,0
ENMORT005,none,,2026-08-09T09:01:52.000Z,21.37457651,-157.73710572,UAV 1,2,1:3001:1512,ENMORT005,1:1:71:10:1:0:1,0,false,false,false,false,0
ENMORT004,none,,2026-08-09T09:01:52.000Z,21.37447596,-157.73706256,UAV 1,2,1:3001:1535,ENMORT004,1:1:71:10:1:0:1,0,false,false,false,false,0
ENMORT001,none,,2026-08-09T09:01:52.000Z,21.37443553,-157.73716992,UAV 1,2,1:3001:1694,ENMORT001,1:1:71:10:1:0:1,0,false,false,false,false,0
ENMORT002,none,,2026-08-09T09:01:52.000Z,21.37453609,-157.73721308,UAV 1,2,1:3001:1739,ENMORT002,1:1:71:10:1:0:1,0,false,false,false,false,0
ENMORT003,none,,2026-08-09T09:01:52.000Z,21.37463664,-157.73725624,UAV 1,2,1:3001:1770,ENMORT003,1:1:71:10:1:0:1,0,false,false,false,false,0
ENZPU001,none,,2026-08-09T09:01:52.000Z,21.37550111,-157.74438876,UAV 1,2,1:3001:1564,ENZPU001,1:1:222:28:13:7:3,0,false,false,false,false,0
ENZPU002,none,,2026-08-09T09:01:52.000Z,21.37545350,-157.74447070,UAV 1,2,1:3001:1712,ENZPU002,1:1:222:28:13:7:3,0,false,false,false,false,0
ENGAZ003,move to,LOC_적전방방어선후방,2026-08-09T09:01:52.000Z,21.37301847,-157.74350013,UAV 1,2,1:3001:1654,ENGAZ003,1:1:222:7:8:0:0,0,false,false,false,false,0
ENBTR80002,move to,LOC_적북측접근로,2026-08-09T09:01:52.000Z,21.37688050,-157.74154886,UAV 1,2,1:3001:1789,ENBTR80002,1:1:222:2:13:0:0,0,false,false,false,false,0
ENBTR80006,move to,LOC_적북측접근로,2026-08-09T09:01:52.000Z,21.37696087,-157.74153753,UAV 1,2,1:3001:1633,ENBTR80006,1:1:222:2:13:0:0,0,false,false,false,false,0
ENBTR80003,move to,LOC_북측예비방어선,2026-08-09T09:01:52.000Z,21.37689248,-157.74208757,UAV 1,2,1:3001:1658,ENBTR80003,1:1:222:2:13:0:0,0,false,false,false,false,0
ENMORT005,none,,2026-08-09T09:01:53.000Z,21.37457651,-157.73710572,UAV 1,2,1:3001:1512,ENMORT005,1:1:71:10:1:0:1,0,false,false,false,false,0
ENMORT004,none,,2026-08-09T09:01:53.000Z,21.37447596,-157.73706256,UAV 1,2,1:3001:1535,ENMORT004,1:1:71:10:1:0:1,0,false,false,false,false,0
ENMORT001,none,,2026-08-09T09:01:53.000Z,21.37443553,-157.73716992,UAV 1,2,1:3001:1694,ENMORT001,1:1:71:10:1:0:1,0,false,false,false,false,0
ENMORT002,none,,2026-08-09T09:01:53.000Z,21.37453609,-157.73721308,UAV 1,2,1:3001:1739,ENMORT002,1:1:71:10:1:0:1,0,false,false,false,false,0
ENMORT003,none,,2026-08-09T09:01:53.000Z,21.37463664,-157.73725624,UAV 1,2,1:3001:1770,ENMORT003,1:1:71:10:1:0:1,0,false,false,false,false,0
ENZPU001,none,,2026-08-09T09:01:53.000Z,21.37550111,-157.74438876,UAV 1,2,1:3001:1564,ENZPU001,1:1:222:28:13:7:3,0,false,false,false,false,0
ENZPU002,none,,2026-08-09T09:01:53.000Z,21.37545350,-157.74447070,UAV 1,2,1:3001:1712,ENZPU002,1:1:222:28:13:7:3,0,false,false,false,false,0
ENGAZ003,move to,LOC_적전방방어선후방,2026-08-09T09:01:53.000Z,21.37301847,-157.74350013,UAV 1,2,1:3001:1654,ENGAZ003,1:1:222:7:8:0:0,0,false,false,false,false,0
ENBTR80002,move to,LOC_적북측접근로,2026-08-09T09:01:53.000Z,21.37688050,-157.74154886,UAV 1,2,1:3001:1789,ENBTR80002,1:1:222:2:13:0:0,0,false,false,false,false,0
ENBTR80006,move to,LOC_적북측접근로,2026-08-09T09:01:53.000Z,21.37696087,-157.74153753,UAV 1,2,1:3001:1633,ENBTR80006,1:1:222:2:13:0:0,0,false,false,false,false,0
ENBTR80003,move to,LOC_북측예비방어선,2026-08-09T09:01:53.000Z,21.37689248,-157.74208757,UAV 1,2,1:3001:1658,ENBTR80003,1:1:222:2:13:0:0,0,false,false,false,false,0
ENMORT005,none,,2026-08-09T09:01:54.000Z,21.37457651,-157.73710572,UAV 1,2,1:3001:1512,ENMORT005,1:1:71:10:1:0:1,0,false,false,false,false,0
ENMORT004,none,,2026-08-09T09:01:54.000Z,21.37447596,-157.73706256,UAV 1,2,1:3001:1535,ENMORT004,1:1:71:10:1:0:1,0,false,false,false,false,0
ENMORT001,none,,2026-08-09T09:01:54.000Z,21.37443553,-157.73716992,UAV 1,2,1:3001:1694,ENMORT001,1:1:71:10:1:0:1,0,false,false,false,false,0
ENMORT002,none,,2026-08-09T09:01:54.000Z,21.37453609,-157.73721308,UAV 1,2,1:3001:1739,ENMORT002,1:1:71:10:1:0:1,0,false,false,false,false,0
ENMORT003,none,,2026-08-09T09:01:54.000Z,21.37463664,-157.73725624,UAV 1,2,1:3001:1770,ENMORT003,1:1:71:10:1:0:1,0,false,false,false,false,0
ENZPU001,none,,2026-08-09T09:01:54.000Z,21.37550111,-157.74438876,UAV 1,2,1:3001:1564,ENZPU001,1:1:222:28:13:7:3,0,false,false,false,false,0
ENZPU002,none,,2026-08-09T09:01:54.000Z,21.37545350,-157.74447070,UAV 1,2,1:3001:1712,ENZPU002,1:1:222:28:13:7:3,0,false,false,false,false,0
ENGAZ003,move to,LOC_적전방방어선후방,2026-08-09T09:01:54.000Z,21.37313481,-157.74362008,UAV 1,2,1:3001:1654,ENGAZ003,1:1:222:7:8:0:0,0,false,false,false,false,0
ENBTR80002,move to,LOC_적북측접근로,2026-08-09T09:01:54.000Z,21.37668484,-157.74155560,UAV 1,2,1:3001:1789,ENBTR80002,1:1:222:2:13:0:0,0,false,false,false,false,0
ENBTR80006,move to,LOC_적북측접근로,2026-08-09T09:01:54.000Z,21.37676521,-157.74154457,UAV 1,2,1:3001:1633,ENBTR80006,1:1:222:2:13:0:0,0,false,false,false,false,0
ENBTR80003,move to,LOC_북측예비방어선,2026-08-09T09:01:54.000Z,21.37670461,-157.74214207,UAV 1,2,1:3001:1658,ENBTR80003,1:1:222:2:13:0:0,0,false,false,false,false,0
ENGAZ001,move to,LOC_적전방방어선후방,2026-08-09T09:01:54.000Z,21.37279940,-157.74327427,UAV 1,2,1:3001:1559,ENGAZ001,1:1:222:7:8:0:0,0,false,false,false,false,0
ENMORT005,none,,2026-08-09T09:01:55.000Z,21.37457651,-157.73710572,UAV 1,2,1:3001:1512,ENMORT005,1:1:71:10:1:0:1,0,false,false,false,false,0
ENMORT004,none,,2026-08-09T09:01:55.000Z,21.37447596,-157.73706256,UAV 1,2,1:3001:1535,ENMORT004,1:1:71:10:1:0:1,0,false,false,false,false,0
ENMORT001,none,,2026-08-09T09:01:55.000Z,21.37443553,-157.73716992,UAV 1,2,1:3001:1694,ENMORT001,1:1:71:10:1:0:1,0,false,false,false,false,0
ENMORT002,none,,2026-08-09T09:01:55.000Z,21.37453609,-157.73721308,UAV 1,2,1:3001:1739,ENMORT002,1:1:71:10:1:0:1,0,false,false,false,false,0
ENMORT003,none,,2026-08-09T09:01:55.000Z,21.37463664,-157.73725624,UAV 1,2,1:3001:1770,ENMORT003,1:1:71:10:1:0:1,0,false,false,false,false,0
ENZPU001,none,,2026-08-09T09:01:55.000Z,21.37550111,-157.74438876,UAV 1,2,1:3001:1564,ENZPU001,1:1:222:28:13:7:3,0,false,false,false,false,0
ENZPU002,none,,2026-08-09T09:01:55.000Z,21.37545350,-157.74447070,UAV 1,2,1:3001:1712,ENZPU002,1:1:222:28:13:7:3,0,false,false,false,false,0
ENGAZ003,move to,LOC_적전방방어선후방,2026-08-09T09:01:55.000Z,21.37313481,-157.74362008,UAV 1,2,1:3001:1654,ENGAZ003,1:1:222:7:8:0:0,0,false,false,false,false,0
ENBTR80002,move to,LOC_적북측접근로,2026-08-09T09:01:55.000Z,21.37668484,-157.74155560,UAV 1,2,1:3001:1789,ENBTR80002,1:1:222:2:13:0:0,0,false,false,false,false,0
ENBTR80006,move to,LOC_적북측접근로,2026-08-09T09:01:55.000Z,21.37676521,-157.74154457,UAV 1,2,1:3001:1633,ENBTR80006,1:1:222:2:13:0:0,0,false,false,false,false,0
ENBTR80003,move to,LOC_북측예비방어선,2026-08-09T09:01:55.000Z,21.37670461,-157.74214207,UAV 1,2,1:3001:1658,ENBTR80003,1:1:222:2:13:0:0,0,false,false,false,false,0
ENGAZ001,move to,LOC_적전방방어선후방,2026-08-09T09:01:55.000Z,21.37279940,-157.74327427,UAV 1,2,1:3001:1559,ENGAZ001,1:1:222:7:8:0:0,0,false,false,false,false,0
ENMORT005,none,,2026-08-09T09:01:56.000Z,21.37457651,-157.73710572,UAV 1,2,1:3001:1512,ENMORT005,1:1:71:10:1:0:1,0,false,false,false,false,0
ENMORT004,none,,2026-08-09T09:01:56.000Z,21.37447596,-157.73706256,UAV 1,2,1:3001:1535,ENMORT004,1:1:71:10:1:0:1,0,false,false,false,false,0
ENMORT001,none,,2026-08-09T09:01:56.000Z,21.37443553,-157.73716992,UAV 1,2,1:3001:1694,ENMORT001,1:1:71:10:1:0:1,0,false,false,false,false,0
ENMORT002,none,,2026-08-09T09:01:56.000Z,21.37453609,-157.73721308,UAV 1,2,1:3001:1739,ENMORT002,1:1:71:10:1:0:1,0,false,false,false,false,0
ENMORT003,none,,2026-08-09T09:01:56.000Z,21.37463664,-157.73725624,UAV 1,2,1:3001:1770,ENMORT003,1:1:71:10:1:0:1,0,false,false,false,false,0
ENZPU001,none,,2026-08-09T09:01:56.000Z,21.37550111,-157.74438876,UAV 1,2,1:3001:1564,ENZPU001,1:1:222:28:13:7:3,0,false,false,false,false,0
ENZPU002,none,,2026-08-09T09:01:56.000Z,21.37545350,-157.74447070,UAV 1,2,1:3001:1712,ENZPU002,1:1:222:28:13:7:3,0,false,false,false,false,0
ENGAZ003,move to,LOC_적전방방어선후방,2026-08-09T09:01:56.000Z,21.37316182,-157.74364792,UAV 1,2,1:3001:1654,ENGAZ003,1:1:222:7:8:0:0,0,false,false,false,false,0
ENBTR80002,move to,LOC_적북측접근로,2026-08-09T09:01:56.000Z,21.37649653,-157.74156208,UAV 1,2,1:3001:1789,ENBTR80002,1:1:222:2:13:0:0,0,false,false,false,false,0
ENBTR80006,move to,LOC_적북측접근로,2026-08-09T09:01:56.000Z,21.37657678,-157.74155134,UAV 1,2,1:3001:1633,ENBTR80006,1:1:222:2:13:0:0,0,false,false,false,false,0
ENGAZ001,move to,LOC_적전방방어선후방,2026-08-09T09:01:56.000Z,21.37291245,-157.74339082,UAV 1,2,1:3001:1559,ENGAZ001,1:1:222:7:8:0:0,0,false,false,false,false,0
ENBTR60007,move to,LOC_북측예비방어선,2026-08-09T09:01:56.000Z,21.37701822,-157.74205076,UAV 1,2,1:3001:1720,ENBTR60007,1:1:222:2:8:1:0,0,false,false,false,false,0
ENMORT005,none,,2026-08-09T09:01:58.000Z,21.37457651,-157.73710572,UAV 1,2,1:3001:1512,ENMORT005,1:1:71:10:1:0:1,0,false,false,false,false,0
ENMORT004,none,,2026-08-09T09:01:58.000Z,21.37447596,-157.73706256,UAV 1,2,1:3001:1535,ENMORT004,1:1:71:10:1:0:1,0,false,false,false,false,0
ENMORT001,none,,2026-08-09T09:01:58.000Z,21.37443553,-157.73716992,UAV 1,2,1:3001:1694,ENMORT001,1:1:71:10:1:0:1,0,false,false,false,false,0
ENMORT002,none,,2026-08-09T09:01:58.000Z,21.37453609,-157.73721308,UAV 1,2,1:3001:1739,ENMORT002,1:1:71:10:1:0:1,0,false,false,false,false,0
ENMORT003,none,,2026-08-09T09:01:58.000Z,21.37463664,-157.73725624,UAV 1,2,1:3001:1770,ENMORT003,1:1:71:10:1:0:1,0,false,false,false,false,0
ENZPU001,none,,2026-08-09T09:01:58.000Z,21.37550111,-157.74438876,UAV 1,2,1:3001:1564,ENZPU001,1:1:222:28:13:7:3,0,false,false,false,false,0
ENZPU002,none,,2026-08-09T09:01:58.000Z,21.37545350,-157.74447070,UAV 1,2,1:3001:1712,ENZPU002,1:1:222:28:13:7:3,0,false,false,false,false,0
ENGAZ003,move to,LOC_적전방방어선후방,2026-08-09T09:01:58.000Z,21.37318972,-157.74367669,UAV 1,2,1:3001:1654,ENGAZ003,1:1:222:7:8:0:0,0,false,false,false,false,0
ENBTR80002,move to,LOC_적북측접근로,2026-08-09T09:01:58.000Z,21.37632966,-157.74156783,UAV 1,2,1:3001:1789,ENBTR80002,1:1:222:2:13:0:0,0,false,false,false,false,0
ENBTR80006,move to,LOC_적북측접근로,2026-08-09T09:01:58.000Z,21.37641006,-157.74155734,UAV 1,2,1:3001:1633,ENBTR80006,1:1:222:2:13:0:0,0,false,false,false,false,0
ENGAZ001,move to,LOC_적전방방어선후방,2026-08-09T09:01:58.000Z,21.37300372,-157.74348492,UAV 1,2,1:3001:1559,ENGAZ001,1:1:222:7:8:0:0,0,false,false,false,false,0
ENBTR60007,move to,LOC_북측예비방어선,2026-08-09T09:01:58.000Z,21.37685691,-157.74209757,UAV 1,2,1:3001:1720,ENBTR60007,1:1:222:2:8:1:0,0,false,false,false,false,0
ENMORT005,none,,2026-08-09T09:01:59.000Z,21.37457651,-157.73710572,UAV 1,2,1:3001:1512,ENMORT005,1:1:71:10:1:0:1,0,false,false,false,false,0
ENMORT004,none,,2026-08-09T09:01:59.000Z,21.37447596,-157.73706256,UAV 1,2,1:3001:1535,ENMORT004,1:1:71:10:1:0:1,0,false,false,false,false,0
ENMORT001,none,,2026-08-09T09:01:59.000Z,21.37443553,-157.73716992,UAV 1,2,1:3001:1694,ENMORT001,1:1:71:10:1:0:1,0,false,false,false,false,0
ENMORT002,none,,2026-08-09T09:01:59.000Z,21.37453609,-157.73721308,UAV 1,2,1:3001:1739,ENMORT002,1:1:71:10:1:0:1,0,false,false,false,false,0
ENMORT003,none,,2026-08-09T09:01:59.000Z,21.37463664,-157.73725624,UAV 1,2,1:3001:1770,ENMORT003,1:1:71:10:1:0:1,0,false,false,false,false,0
ENZPU001,none,,2026-08-09T09:01:59.000Z,21.37550111,-157.74438876,UAV 1,2,1:3001:1564,ENZPU001,1:1:222:28:13:7:3,0,false,false,false,false,0
ENZPU002,none,,2026-08-09T09:01:59.000Z,21.37545350,-157.74447070,UAV 1,2,1:3001:1712,ENZPU002,1:1:222:28:13:7:3,0,false,false,false,false,0
ENGAZ003,move to,LOC_적전방방어선후방,2026-08-09T09:01:59.000Z,21.37318972,-157.74367669,UAV 1,2,1:3001:1654,ENGAZ003,1:1:222:7:8:0:0,0,false,false,false,false,0
ENBTR80002,move to,LOC_적북측접근로,2026-08-09T09:01:59.000Z,21.37632966,-157.74156783,UAV 1,2,1:3001:1789,ENBTR80002,1:1:222:2:13:0:0,0,false,false,false,false,0
ENBTR80006,move to,LOC_적북측접근로,2026-08-09T09:01:59.000Z,21.37641006,-157.74155734,UAV 1,2,1:3001:1633,ENBTR80006,1:1:222:2:13:0:0,0,false,false,false,false,0
ENGAZ001,move to,LOC_적전방방어선후방,2026-08-09T09:01:59.000Z,21.37300372,-157.74348492,UAV 1,2,1:3001:1559,ENGAZ001,1:1:222:7:8:0:0,0,false,false,false,false,0
ENBTR60007,move to,LOC_북측예비방어선,2026-08-09T09:01:59.000Z,21.37685691,-157.74209757,UAV 1,2,1:3001:1720,ENBTR60007,1:1:222:2:8:1:0,0,false,false,false,false,0
ENMORT005,none,,2026-08-09T09:02:00.000Z,21.37457651,-157.73710572,UAV 1,2,1:3001:1512,ENMORT005,1:1:71:10:1:0:1,0,false,false,false,false,0
ENMORT004,none,,2026-08-09T09:02:00.000Z,21.37447596,-157.73706256,UAV 1,2,1:3001:1535,ENMORT004,1:1:71:10:1:0:1,0,false,false,false,false,0
ENMORT001,none,,2026-08-09T09:02:00.000Z,21.37443553,-157.73716992,UAV 1,2,1:3001:1694,ENMORT001,1:1:71:10:1:0:1,0,false,false,false,false,0
ENMORT002,none,,2026-08-09T09:02:00.000Z,21.37453609,-157.73721308,UAV 1,2,1:3001:1739,ENMORT002,1:1:71:10:1:0:1,0,false,false,false,false,0
ENMORT003,none,,2026-08-09T09:02:00.000Z,21.37463664,-157.73725624,UAV 1,2,1:3001:1770,ENMORT003,1:1:71:10:1:0:1,0,false,false,false,false,0
ENZPU001,none,,2026-08-09T09:02:00.000Z,21.37550111,-157.74438876,UAV 1,2,1:3001:1564,ENZPU001,1:1:222:28:13:7:3,0,false,false,false,false,0
ENZPU002,none,,2026-08-09T09:02:00.000Z,21.37545350,-157.74447070,UAV 1,2,1:3001:1712,ENZPU002,1:1:222:28:13:7:3,0,false,false,false,false,0
ENGAZ003,move to,LOC_적전방방어선후방,2026-08-09T09:02:00.000Z,21.37321936,-157.74370724,UAV 1,2,1:3001:1654,ENGAZ003,1:1:222:7:8:0:0,0,false,false,false,false,0
ENBTR80002,move to,LOC_적북측접근로,2026-08-09T09:02:00.000Z,21.37613161,-157.74157465,UAV 1,2,1:3001:1789,ENBTR80002,1:1:222:2:13:0:0,0,false,false,false,false,0
ENBTR80006,move to,LOC_적북측접근로,2026-08-09T09:02:00.000Z,21.37621219,-157.74156445,UAV 1,2,1:3001:1633,ENBTR80006,1:1:222:2:13:0:0,0,false,false,false,false,0
ENGAZ001,move to,LOC_적전방방어선후방,2026-08-09T09:02:00.000Z,21.37312131,-157.74360615,UAV 1,2,1:3001:1559,ENGAZ001,1:1:222:7:8:0:0,0,false,false,false,false,0
ENBTR80003,move to,LOC_북측예비방어선,2026-08-09T09:02:00.000Z,21.37617113,-157.74229682,UAV 1,2,1:3001:1658,ENBTR80003,1:1:222:2:13:0:0,0,false,false,false,false,0
ENMORT005,none,,2026-08-09T09:02:01.000Z,21.37457651,-157.73710572,UAV 1,2,1:3001:1512,ENMORT005,1:1:71:10:1:0:1,0,false,false,false,false,0
ENMORT004,none,,2026-08-09T09:02:01.000Z,21.37447596,-157.73706256,UAV 1,2,1:3001:1535,ENMORT004,1:1:71:10:1:0:1,0,false,false,false,false,0
ENMORT001,none,,2026-08-09T09:02:01.000Z,21.37443553,-157.73716992,UAV 1,2,1:3001:1694,ENMORT001,1:1:71:10:1:0:1,0,false,false,false,false,0
ENMORT002,none,,2026-08-09T09:02:01.000Z,21.37453609,-157.73721308,UAV 1,2,1:3001:1739,ENMORT002,1:1:71:10:1:0:1,0,false,false,false,false,0
ENMORT003,none,,2026-08-09T09:02:01.000Z,21.37463664,-157.73725624,UAV 1,2,1:3001:1770,ENMORT003,1:1:71:10:1:0:1,0,false,false,false,false,0
ENZPU001,none,,2026-08-09T09:02:01.000Z,21.37550111,-157.74438876,UAV 1,2,1:3001:1564,ENZPU001,1:1:222:28:13:7:3,0,false,false,false,false,0
ENZPU002,none,,2026-08-09T09:02:01.000Z,21.37545350,-157.74447070,UAV 1,2,1:3001:1712,ENZPU002,1:1:222:28:13:7:3,0,false,false,false,false,0
ENGAZ003,move to,LOC_적전방방어선후방,2026-08-09T09:02:01.000Z,21.37321936,-157.74370724,UAV 1,2,1:3001:1654,ENGAZ003,1:1:222:7:8:0:0,0,false,false,false,false,0
ENBTR80002,move to,LOC_적북측접근로,2026-08-09T09:02:01.000Z,21.37613161,-157.74157465,UAV 1,2,1:3001:1789,ENBTR80002,1:1:222:2:13:0:0,0,false,false,false,false,0
ENBTR80006,move to,LOC_적북측접근로,2026-08-09T09:02:01.000Z,21.37621219,-157.74156445,UAV 1,2,1:3001:1633,ENBTR80006,1:1:222:2:13:0:0,0,false,false,false,false,0
ENGAZ001,move to,LOC_적전방방어선후방,2026-08-09T09:02:01.000Z,21.37312131,-157.74360615,UAV 1,2,1:3001:1559,ENGAZ001,1:1:222:7:8:0:0,0,false,false,false,false,0
ENBTR80003,move to,LOC_북측예비방어선,2026-08-09T09:02:01.000Z,21.37617113,-157.74229682,UAV 1,2,1:3001:1658,ENBTR80003,1:1:222:2:13:0:0,0,false,false,false,false,0
ENMORT005,none,,2026-08-09T09:02:02.000Z,21.37457651,-157.73710572,UAV 1,2,1:3001:1512,ENMORT005,1:1:71:10:1:0:1,0,false,false,false,false,0
ENMORT004,none,,2026-08-09T09:02:02.000Z,21.37447596,-157.73706256,UAV 1,2,1:3001:1535,ENMORT004,1:1:71:10:1:0:1,0,false,false,false,false,0
ENMORT001,none,,2026-08-09T09:02:02.000Z,21.37443553,-157.73716992,UAV 1,2,1:3001:1694,ENMORT001,1:1:71:10:1:0:1,0,false,false,false,false,0
ENMORT002,none,,2026-08-09T09:02:02.000Z,21.37453609,-157.73721308,UAV 1,2,1:3001:1739,ENMORT002,1:1:71:10:1:0:1,0,false,false,false,false,0
ENMORT003,none,,2026-08-09T09:02:02.000Z,21.37463664,-157.73725624,UAV 1,2,1:3001:1770,ENMORT003,1:1:71:10:1:0:1,0,false,false,false,false,0
ENZPU001,none,,2026-08-09T09:02:02.000Z,21.37550111,-157.74438876,UAV 1,2,1:3001:1564,ENZPU001,1:1:222:28:13:7:3,0,false,false,false,false,0
ENZPU002,none,,2026-08-09T09:02:02.000Z,21.37545350,-157.74447070,UAV 1,2,1:3001:1712,ENZPU002,1:1:222:28:13:7:3,0,false,false,false,false,0
ENGAZ003,move to,LOC_적전방방어선후방,2026-08-09T09:02:02.000Z,21.37324781,-157.74373657,UAV 1,2,1:3001:1654,ENGAZ003,1:1:222:7:8:0:0,0,false,false,false,false,0
ENBTR80002,move to,LOC_적북측접근로,2026-08-09T09:02:02.000Z,21.37593687,-157.74158136,UAV 1,2,1:3001:1789,ENBTR80002,1:1:222:2:13:0:0,0,false,false,false,false,0
ENBTR80006,move to,LOC_적북측접근로,2026-08-09T09:02:02.000Z,21.37601776,-157.74157145,UAV 1,2,1:3001:1633,ENBTR80006,1:1:222:2:13:0:0,0,false,false,false,false,0
ENGAZ001,move to,LOC_적전방방어선후방,2026-08-09T09:02:02.000Z,21.37315719,-157.74364314,UAV 1,2,1:3001:1559,ENGAZ001,1:1:222:7:8:0:0,0,false,false,false,false,0
ENBTR80003,move to,LOC_북측예비방어선,2026-08-09T09:02:02.000Z,21.37598098,-157.74235198,UAV 1,2,1:3001:1658,ENBTR80003,1:1:222:2:13:0:0,0,false,false,false,false,0
ENMORT005,none,,2026-08-09T09:02:03.000Z,21.37457651,-157.73710572,UAV 1,2,1:3001:1512,ENMORT005,1:1:71:10:1:0:1,0,false,false,false,false,0
ENMORT004,none,,2026-08-09T09:02:03.000Z,21.37447596,-157.73706256,UAV 1,2,1:3001:1535,ENMORT004,1:1:71:10:1:0:1,0,false,false,false,false,0
ENMORT001,none,,2026-08-09T09:02:03.000Z,21.37443553,-157.73716992,UAV 1,2,1:3001:1694,ENMORT001,1:1:71:10:1:0:1,0,false,false,false,false,0
ENMORT002,none,,2026-08-09T09:02:03.000Z,21.37453609,-157.73721308,UAV 1,2,1:3001:1739,ENMORT002,1:1:71:10:1:0:1,0,false,false,false,false,0
ENMORT003,none,,2026-08-09T09:02:03.000Z,21.37463664,-157.73725624,UAV 1,2,1:3001:1770,ENMORT003,1:1:71:10:1:0:1,0,false,false,false,false,0
ENZPU001,none,,2026-08-09T09:02:03.000Z,21.37550111,-157.74438876,UAV 1,2,1:3001:1564,ENZPU001,1:1:222:28:13:7:3,0,false,false,false,false,0
ENZPU002,none,,2026-08-09T09:02:03.000Z,21.37545350,-157.74447070,UAV 1,2,1:3001:1712,ENZPU002,1:1:222:28:13:7:3,0,false,false,false,false,0
ENGAZ003,move to,LOC_적전방방어선후방,2026-08-09T09:02:03.000Z,21.37324781,-157.74373657,UAV 1,2,1:3001:1654,ENGAZ003,1:1:222:7:8:0:0,0,false,false,false,false,0
ENBTR80002,move to,LOC_적북측접근로,2026-08-09T09:02:03.000Z,21.37593687,-157.74158136,UAV 1,2,1:3001:1789,ENBTR80002,1:1:222:2:13:0:0,0,false,false,false,false,0
ENBTR80006,move to,LOC_적북측접근로,2026-08-09T09:02:03.000Z,21.37601776,-157.74157145,UAV 1,2,1:3001:1633,ENBTR80006,1:1:222:2:13:0:0,0,false,false,false,false,0
ENGAZ001,move to,LOC_적전방방어선후방,2026-08-09T09:02:03.000Z,21.37315719,-157.74364314,UAV 1,2,1:3001:1559,ENGAZ001,1:1:222:7:8:0:0,0,false,false,false,false,0
ENBTR80003,move to,LOC_북측예비방어선,2026-08-09T09:02:03.000Z,21.37598098,-157.74235198,UAV 1,2,1:3001:1658,ENBTR80003,1:1:222:2:13:0:0,0,false,false,false,false,0
ENMORT005,none,,2026-08-09T09:02:04.000Z,21.37457651,-157.73710572,UAV 1,2,1:3001:1512,ENMORT005,1:1:71:10:1:0:1,0,false,false,false,false,0
ENMORT004,none,,2026-08-09T09:02:04.000Z,21.37447596,-157.73706256,UAV 1,2,1:3001:1535,ENMORT004,1:1:71:10:1:0:1,0,false,false,false,false,0
ENMORT001,none,,2026-08-09T09:02:04.000Z,21.37443553,-157.73716992,UAV 1,2,1:3001:1694,ENMORT001,1:1:71:10:1:0:1,0,false,false,false,false,0
ENMORT002,none,,2026-08-09T09:02:04.000Z,21.37453609,-157.73721308,UAV 1,2,1:3001:1739,ENMORT002,1:1:71:10:1:0:1,0,false,false,false,false,0
ENMORT003,none,,2026-08-09T09:02:04.000Z,21.37463664,-157.73725624,UAV 1,2,1:3001:1770,ENMORT003,1:1:71:10:1:0:1,0,false,false,false,false,0
ENZPU001,none,,2026-08-09T09:02:04.000Z,21.37550111,-157.74438876,UAV 1,2,1:3001:1564,ENZPU001,1:1:222:28:13:7:3,0,false,false,false,false,0
ENZPU002,none,,2026-08-09T09:02:04.000Z,21.37545350,-157.74447070,UAV 1,2,1:3001:1712,ENZPU002,1:1:222:28:13:7:3,0,false,false,false,false,0
ENGAZ003,move to,LOC_적전방방어선후방,2026-08-09T09:02:04.000Z,21.37327389,-157.74376346,UAV 1,2,1:3001:1654,ENGAZ003,1:1:222:7:8:0:0,0,false,false,false,false,0
ENBTR80002,move to,LOC_적북측접근로,2026-08-09T09:02:04.000Z,21.37575340,-157.74158768,UAV 1,2,1:3001:1789,ENBTR80002,1:1:222:2:13:0:0,0,false,false,false,false,0
ENBTR80006,move to,LOC_적북측접근로,2026-08-09T09:02:04.000Z,21.37583501,-157.74157802,UAV 1,2,1:3001:1633,ENBTR80006,1:1:222:2:13:0:0,0,false,false,false,false,0
ENGAZ001,move to,LOC_적전방방어선후방,2026-08-09T09:02:04.000Z,21.37318874,-157.74367567,UAV 1,2,1:3001:1559,ENGAZ001,1:1:222:7:8:0:0,0,false,false,false,false,0
ENBTR60007,move to,LOC_북측예비방어선,2026-08-09T09:02:04.000Z,21.37630445,-157.74225788,UAV 1,2,1:3001:1720,ENBTR60007,1:1:222:2:8:1:0,0,false,false,false,false,0
ENMORT005,none,,2026-08-09T09:02:06.000Z,21.37457651,-157.73710572,UAV 1,2,1:3001:1512,ENMORT005,1:1:71:10:1:0:1,0,false,false,false,false,0
ENMORT004,none,,2026-08-09T09:02:06.000Z,21.37447596,-157.73706256,UAV 1,2,1:3001:1535,ENMORT004,1:1:71:10:1:0:1,0,false,false,false,false,0
ENMORT001,none,,2026-08-09T09:02:06.000Z,21.37443553,-157.73716992,UAV 1,2,1:3001:1694,ENMORT001,1:1:71:10:1:0:1,0,false,false,false,false,0
ENMORT002,none,,2026-08-09T09:02:06.000Z,21.37453609,-157.73721308,UAV 1,2,1:3001:1739,ENMORT002,1:1:71:10:1:0:1,0,false,false,false,false,0
ENMORT003,none,,2026-08-09T09:02:06.000Z,21.37463664,-157.73725624,UAV 1,2,1:3001:1770,ENMORT003,1:1:71:10:1:0:1,0,false,false,false,false,0
ENZPU001,none,,2026-08-09T09:02:06.000Z,21.37550111,-157.74438876,UAV 1,2,1:3001:1564,ENZPU001,1:1:222:28:13:7:3,0,false,false,false,false,0
ENZPU002,none,,2026-08-09T09:02:06.000Z,21.37545350,-157.74447070,UAV 1,2,1:3001:1712,ENZPU002,1:1:222:28:13:7:3,0,false,false,false,false,0
ENGAZ003,none,,2026-08-09T09:02:06.000Z,21.37327389,-157.74376346,UAV 1,2,1:3001:1654,ENGAZ003,1:1:222:7:8:0:0,0,false,false,false,false,0
ENBTR80002,move to,LOC_적북측접근로,2026-08-09T09:02:06.000Z,21.37575340,-157.74158768,UAV 1,2,1:3001:1789,ENBTR80002,1:1:222:2:13:0:0,0,false,false,false,false,0
ENBTR80006,move to,LOC_적북측접근로,2026-08-09T09:02:06.000Z,21.37583501,-157.74157802,UAV 1,2,1:3001:1633,ENBTR80006,1:1:222:2:13:0:0,0,false,false,false,false,0
ENGAZ001,move to,LOC_적전방방어선후방,2026-08-09T09:02:06.000Z,21.37318874,-157.74367567,UAV 1,2,1:3001:1559,ENGAZ001,1:1:222:7:8:0:0,0,false,false,false,false,0
ENBTR60007,move to,LOC_북측예비방어선,2026-08-09T09:02:06.000Z,21.37630445,-157.74225788,UAV 1,2,1:3001:1720,ENBTR60007,1:1:222:2:8:1:0,0,false,false,false,false,0
ENMORT005,none,,2026-08-09T09:02:07.000Z,21.37457651,-157.73710572,UAV 1,2,1:3001:1512,ENMORT005,1:1:71:10:1:0:1,0,false,false,false,false,0
ENMORT004,none,,2026-08-09T09:02:07.000Z,21.37447596,-157.73706256,UAV 1,2,1:3001:1535,ENMORT004,1:1:71:10:1:0:1,0,false,false,false,false,0
ENMORT001,none,,2026-08-09T09:02:07.000Z,21.37443553,-157.73716992,UAV 1,2,1:3001:1694,ENMORT001,1:1:71:10:1:0:1,0,false,false,false,false,0
ENMORT002,none,,2026-08-09T09:02:07.000Z,21.37453609,-157.73721308,UAV 1,2,1:3001:1739,ENMORT002,1:1:71:10:1:0:1,0,false,false,false,false,0
ENMORT003,none,,2026-08-09T09:02:07.000Z,21.37463664,-157.73725624,UAV 1,2,1:3001:1770,ENMORT003,1:1:71:10:1:0:1,0,false,false,false,false,0
ENZPU001,none,,2026-08-09T09:02:07.000Z,21.37550111,-157.74438876,UAV 1,2,1:3001:1564,ENZPU001,1:1:222:28:13:7:3,0,false,false,false,false,0
ENGAZ003,none,,2026-08-09T09:02:07.000Z,21.37328779,-157.74377781,UAV 1,2,1:3001:1654,ENGAZ003,1:1:222:7:8:0:0,0,false,false,false,false,0
ENBTR80002,move to,LOC_적북측접근로,2026-08-09T09:02:07.000Z,21.37556243,-157.74159425,UAV 1,2,1:3001:1789,ENBTR80002,1:1:222:2:13:0:0,0,false,false,false,false,0
ENBTR80006,move to,LOC_적북측접근로,2026-08-09T09:02:07.000Z,21.37564370,-157.74158490,UAV 1,2,1:3001:1633,ENBTR80006,1:1:222:2:13:0:0,0,false,false,false,false,0
ENGAZ001,move to,LOC_적전방방어선후방,2026-08-09T09:02:07.000Z,21.37321682,-157.74370462,UAV 1,2,1:3001:1559,ENGAZ001,1:1:222:7:8:0:0,0,false,false,false,false,0
ENMORT005,none,,2026-08-09T09:02:08.000Z,21.37457651,-157.73710572,UAV 1,2,1:3001:1512,ENMORT005,1:1:71:10:1:0:1,0,false,false,false,false,0
ENMORT004,none,,2026-08-09T09:02:08.000Z,21.37447596,-157.73706256,UAV 1,2,1:3001:1535,ENMORT004,1:1:71:10:1:0:1,0,false,false,false,false,0
ENMORT001,none,,2026-08-09T09:02:08.000Z,21.37443553,-157.73716992,UAV 1,2,1:3001:1694,ENMORT001,1:1:71:10:1:0:1,0,false,false,false,false,0
ENMORT002,none,,2026-08-09T09:02:08.000Z,21.37453609,-157.73721308,UAV 1,2,1:3001:1739,ENMORT002,1:1:71:10:1:0:1,0,false,false,false,false,0
ENMORT003,none,,2026-08-09T09:02:08.000Z,21.37463664,-157.73725624,UAV 1,2,1:3001:1770,ENMORT003,1:1:71:10:1:0:1,0,false,false,false,false,0
ENZPU001,none,,2026-08-09T09:02:08.000Z,21.37550111,-157.74438876,UAV 1,2,1:3001:1564,ENZPU001,1:1:222:28:13:7:3,0,false,false,false,false,0
ENGAZ003,none,,2026-08-09T09:02:08.000Z,21.37328779,-157.74377781,UAV 1,2,1:3001:1654,ENGAZ003,1:1:222:7:8:0:0,0,false,false,false,false,0
ENBTR80002,move to,LOC_적북측접근로,2026-08-09T09:02:08.000Z,21.37538565,-157.74160034,UAV 1,2,1:3001:1789,ENBTR80002,1:1:222:2:13:0:0,0,false,false,false,false,0
ENBTR80006,move to,LOC_적북측접근로,2026-08-09T09:02:08.000Z,21.37546546,-157.74159131,UAV 1,2,1:3001:1633,ENBTR80006,1:1:222:2:13:0:0,0,false,false,false,false,0
ENGAZ001,move to,LOC_적전방방어선후방,2026-08-09T09:02:08.000Z,21.37324224,-157.74373083,UAV 1,2,1:3001:1559,ENGAZ001,1:1:222:7:8:0:0,0,false,false,false,false,0
ENMORT005,none,,2026-08-09T09:02:09.000Z,21.37457651,-157.73710572,UAV 1,2,1:3001:1512,ENMORT005,1:1:71:10:1:0:1,0,false,false,false,false,0
ENMORT004,none,,2026-08-09T09:02:09.000Z,21.37447596,-157.73706256,UAV 1,2,1:3001:1535,ENMORT004,1:1:71:10:1:0:1,0,false,false,false,false,0
ENMORT001,none,,2026-08-09T09:02:09.000Z,21.37443553,-157.73716992,UAV 1,2,1:3001:1694,ENMORT001,1:1:71:10:1:0:1,0,false,false,false,false,0
ENMORT002,none,,2026-08-09T09:02:09.000Z,21.37453609,-157.73721308,UAV 1,2,1:3001:1739,ENMORT002,1:1:71:10:1:0:1,0,false,false,false,false,0
ENMORT003,none,,2026-08-09T09:02:09.000Z,21.37463664,-157.73725624,UAV 1,2,1:3001:1770,ENMORT003,1:1:71:10:1:0:1,0,false,false,false,false,0
ENZPU001,none,,2026-08-09T09:02:09.000Z,21.37550111,-157.74438876,UAV 1,2,1:3001:1564,ENZPU001,1:1:222:28:13:7:3,0,false,false,false,false,0
ENGAZ003,none,,2026-08-09T09:02:09.000Z,21.37328779,-157.74377781,UAV 1,2,1:3001:1654,ENGAZ003,1:1:222:7:8:0:0,0,false,false,false,false,0
ENBTR80002,move to,LOC_적북측접근로,2026-08-09T09:02:09.000Z,21.37538565,-157.74160034,UAV 1,2,1:3001:1789,ENBTR80002,1:1:222:2:13:0:0,0,false,false,false,false,0
ENBTR80006,move to,LOC_적북측접근로,2026-08-09T09:02:09.000Z,21.37546546,-157.74159131,UAV 1,2,1:3001:1633,ENBTR80006,1:1:222:2:13:0:0,0,false,false,false,false,0
ENGAZ001,move to,LOC_적전방방어선후방,2026-08-09T09:02:09.000Z,21.37324224,-157.74373083,UAV 1,2,1:3001:1559,ENGAZ001,1:1:222:7:8:0:0,0,false,false,false,false,0
ENMORT005,none,,2026-08-09T09:02:10.000Z,21.37457651,-157.73710572,UAV 1,2,1:3001:1512,ENMORT005,1:1:71:10:1:0:1,0,false,false,false,false,0
ENMORT004,none,,2026-08-09T09:02:10.000Z,21.37447596,-157.73706256,UAV 1,2,1:3001:1535,ENMORT004,1:1:71:10:1:0:1,0,false,false,false,false,0
ENMORT001,none,,2026-08-09T09:02:10.000Z,21.37443553,-157.73716992,UAV 1,2,1:3001:1694,ENMORT001,1:1:71:10:1:0:1,0,false,false,false,false,0
ENMORT002,none,,2026-08-09T09:02:10.000Z,21.37453609,-157.73721308,UAV 1,2,1:3001:1739,ENMORT002,1:1:71:10:1:0:1,0,false,false,false,false,0
ENMORT003,none,,2026-08-09T09:02:10.000Z,21.37463664,-157.73725624,UAV 1,2,1:3001:1770,ENMORT003,1:1:71:10:1:0:1,0,false,false,false,false,0
ENBTR80002,move to,LOC_적북측접근로,2026-08-09T09:02:10.000Z,21.37520230,-157.74160666,UAV 1,2,1:3001:1789,ENBTR80002,1:1:222:2:13:0:0,0,false,false,false,false,0
ENBTR80006,move to,LOC_적북측접근로,2026-08-09T09:02:10.000Z,21.37528271,-157.74159788,UAV 1,2,1:3001:1633,ENBTR80006,1:1:222:2:13:0:0,0,false,false,false,false,0
ENGAZ004,move to,LOC_적전방방어선후방,2026-08-09T09:02:10.000Z,21.37331916,-157.74361419,UAV 1,2,1:3001:1743,ENGAZ004,1:1:222:7:8:0:0,0,false,false,false,false,0
ENMORT005,none,,2026-08-09T09:02:11.000Z,21.37457651,-157.73710572,UAV 1,2,1:3001:1512,ENMORT005,1:1:71:10:1:0:1,0,false,false,false,false,0
ENMORT004,none,,2026-08-09T09:02:11.000Z,21.37447596,-157.73706256,UAV 1,2,1:3001:1535,ENMORT004,1:1:71:10:1:0:1,0,false,false,false,false,0
ENMORT001,none,,2026-08-09T09:02:11.000Z,21.37443553,-157.73716992,UAV 1,2,1:3001:1694,ENMORT001,1:1:71:10:1:0:1,0,false,false,false,false,0
ENMORT002,none,,2026-08-09T09:02:11.000Z,21.37453609,-157.73721308,UAV 1,2,1:3001:1739,ENMORT002,1:1:71:10:1:0:1,0,false,false,false,false,0
ENMORT003,none,,2026-08-09T09:02:11.000Z,21.37463664,-157.73725624,UAV 1,2,1:3001:1770,ENMORT003,1:1:71:10:1:0:1,0,false,false,false,false,0
ENBTR80002,move to,LOC_적북측접근로,2026-08-09T09:02:11.000Z,21.37520230,-157.74160666,UAV 1,2,1:3001:1789,ENBTR80002,1:1:222:2:13:0:0,0,false,false,false,false,0
ENBTR80006,move to,LOC_적북측접근로,2026-08-09T09:02:11.000Z,21.37528271,-157.74159788,UAV 1,2,1:3001:1633,ENBTR80006,1:1:222:2:13:0:0,0,false,false,false,false,0
ENGAZ004,move to,LOC_적전방방어선후방,2026-08-09T09:02:11.000Z,21.37331916,-157.74361419,UAV 1,2,1:3001:1743,ENGAZ004,1:1:222:7:8:0:0,0,false,false,false,false,0
ENMORT005,none,,2026-08-09T09:02:12.000Z,21.37457651,-157.73710572,UAV 1,2,1:3001:1512,ENMORT005,1:1:71:10:1:0:1,0,false,false,false,false,0
ENMORT004,none,,2026-08-09T09:02:12.000Z,21.37447596,-157.73706256,UAV 1,2,1:3001:1535,ENMORT004,1:1:71:10:1:0:1,0,false,false,false,false,0
ENMORT001,none,,2026-08-09T09:02:12.000Z,21.37443553,-157.73716992,UAV 1,2,1:3001:1694,ENMORT001,1:1:71:10:1:0:1,0,false,false,false,false,0
ENMORT002,none,,2026-08-09T09:02:12.000Z,21.37453609,-157.73721308,UAV 1,2,1:3001:1739,ENMORT002,1:1:71:10:1:0:1,0,false,false,false,false,0
ENMORT003,none,,2026-08-09T09:02:12.000Z,21.37463664,-157.73725624,UAV 1,2,1:3001:1770,ENMORT003,1:1:71:10:1:0:1,0,false,false,false,false,0
ENBTR80002,move to,LOC_적북측접근로,2026-08-09T09:02:12.000Z,21.37501235,-157.74161320,UAV 1,2,1:3001:1789,ENBTR80002,1:1:222:2:13:0:0,0,false,false,false,false,0
ENBTR80006,move to,LOC_적북측접근로,2026-08-09T09:02:12.000Z,21.37509270,-157.74160471,UAV 1,2,1:3001:1633,ENBTR80006,1:1:222:2:13:0:0,0,false,false,false,false,0
ENGAZ004,move to,LOC_적전방방어선후방,2026-08-09T09:02:12.000Z,21.37331208,-157.74365480,UAV 1,2,1:3001:1743,ENGAZ004,1:1:222:7:8:0:0,0,false,false,false,false,0
ENGAZ002,move to,LOC_적전방방어선후방,2026-08-09T09:02:12.000Z,21.37332320,-157.74359052,UAV 1,2,1:3001:1626,ENGAZ002,1:1:222:7:8:0:0,0,false,false,false,false,0
ENMORT005,none,,2026-08-09T09:02:13.000Z,21.37457651,-157.73710572,UAV 1,2,1:3001:1512,ENMORT005,1:1:71:10:1:0:1,0,false,false,false,false,0
ENMORT004,none,,2026-08-09T09:02:13.000Z,21.37447596,-157.73706256,UAV 1,2,1:3001:1535,ENMORT004,1:1:71:10:1:0:1,0,false,false,false,false,0
ENMORT001,none,,2026-08-09T09:02:13.000Z,21.37443553,-157.73716992,UAV 1,2,1:3001:1694,ENMORT001,1:1:71:10:1:0:1,0,false,false,false,false,0
ENMORT002,none,,2026-08-09T09:02:13.000Z,21.37453609,-157.73721308,UAV 1,2,1:3001:1739,ENMORT002,1:1:71:10:1:0:1,0,false,false,false,false,0
ENMORT003,none,,2026-08-09T09:02:13.000Z,21.37463664,-157.73725624,UAV 1,2,1:3001:1770,ENMORT003,1:1:71:10:1:0:1,0,false,false,false,false,0
ENBTR80002,move to,LOC_적북측접근로,2026-08-09T09:02:13.000Z,21.37501235,-157.74161320,UAV 1,2,1:3001:1789,ENBTR80002,1:1:222:2:13:0:0,0,false,false,false,false,0
ENBTR80006,move to,LOC_적북측접근로,2026-08-09T09:02:13.000Z,21.37509270,-157.74160471,UAV 1,2,1:3001:1633,ENBTR80006,1:1:222:2:13:0:0,0,false,false,false,false,0
ENGAZ004,move to,LOC_적전방방어선후방,2026-08-09T09:02:13.000Z,21.37331208,-157.74365480,UAV 1,2,1:3001:1743,ENGAZ004,1:1:222:7:8:0:0,0,false,false,false,false,0
ENGAZ002,move to,LOC_적전방방어선후방,2026-08-09T09:02:13.000Z,21.37332320,-157.74359052,UAV 1,2,1:3001:1626,ENGAZ002,1:1:222:7:8:0:0,0,false,false,false,false,0
ENMORT005,none,,2026-08-09T09:02:14.000Z,21.37457651,-157.73710572,UAV 1,2,1:3001:1512,ENMORT005,1:1:71:10:1:0:1,0,false,false,false,false,0
ENMORT004,none,,2026-08-09T09:02:14.000Z,21.37447596,-157.73706256,UAV 1,2,1:3001:1535,ENMORT004,1:1:71:10:1:0:1,0,false,false,false,false,0
ENMORT001,none,,2026-08-09T09:02:14.000Z,21.37443553,-157.73716992,UAV 1,2,1:3001:1694,ENMORT001,1:1:71:10:1:0:1,0,false,false,false,false,0
ENMORT002,none,,2026-08-09T09:02:14.000Z,21.37453609,-157.73721308,UAV 1,2,1:3001:1739,ENMORT002,1:1:71:10:1:0:1,0,false,false,false,false,0
ENMORT003,none,,2026-08-09T09:02:14.000Z,21.37463664,-157.73725624,UAV 1,2,1:3001:1770,ENMORT003,1:1:71:10:1:0:1,0,false,false,false,false,0
ENBTR80002,move to,LOC_적북측접근로,2026-08-09T09:02:14.000Z,21.37483089,-157.74161945,UAV 1,2,1:3001:1789,ENBTR80002,1:1:222:2:13:0:0,0,false,false,false,false,0
ENBTR80006,move to,LOC_적북측접근로,2026-08-09T09:02:14.000Z,21.37491154,-157.74161123,UAV 1,2,1:3001:1633,ENBTR80006,1:1:222:2:13:0:0,0,false,false,false,false,0
ENGAZ004,move to,LOC_적전방방어선후방,2026-08-09T09:02:14.000Z,21.37330363,-157.74370328,UAV 1,2,1:3001:1743,ENGAZ004,1:1:222:7:8:0:0,0,false,false,false,false,0
ENGAZ002,move to,LOC_적전방방어선후방,2026-08-09T09:02:14.000Z,21.37331623,-157.74363062,UAV 1,2,1:3001:1626,ENGAZ002,1:1:222:7:8:0:0,0,false,false,false,false,0
FRMORT002,none,,2026-08-09T09:02:14.000Z,21.39112390,-157.73727132,UAV 1,1,1:3001:1547,FRMORT002,1:1:71:10:1:0:1,0,false,false,false,false,0
FRMORT001,none,,2026-08-09T09:02:14.000Z,21.39104607,-157.73719078,UAV 1,1,1:3001:1588,FRMORT001,1:1:71:10:1:0:1,0,false,false,false,false,0
FRMORT004,none,,2026-08-09T09:02:14.000Z,21.39119933,-157.73718822,UAV 1,1,1:3001:1672,FRMORT004,1:1:71:10:1:0:1,0,false,false,false,false,0
FRMORT003,none,,2026-08-09T09:02:14.000Z,21.39112150,-157.73710768,UAV 1,1,1:3001:1744,FRMORT003,1:1:71:10:1:0:1,0,false,false,false,false,0
ENMORT005,none,,2026-08-09T09:02:15.000Z,21.37457651,-157.73710572,UAV 1,2,1:3001:1512,ENMORT005,1:1:71:10:1:0:1,0,false,false,false,false,0
ENMORT004,none,,2026-08-09T09:02:15.000Z,21.37447596,-157.73706256,UAV 1,2,1:3001:1535,ENMORT004,1:1:71:10:1:0:1,0,false,false,false,false,0
ENMORT001,none,,2026-08-09T09:02:15.000Z,21.37443553,-157.73716992,UAV 1,2,1:3001:1694,ENMORT001,1:1:71:10:1:0:1,0,false,false,false,false,0
ENMORT002,none,,2026-08-09T09:02:15.000Z,21.37453609,-157.73721308,UAV 1,2,1:3001:1739,ENMORT002,1:1:71:10:1:0:1,0,false,false,false,false,0
ENMORT003,none,,2026-08-09T09:02:15.000Z,21.37463664,-157.73725624,UAV 1,2,1:3001:1770,ENMORT003,1:1:71:10:1:0:1,0,false,false,false,false,0
ENBTR80002,move to,LOC_적북측접근로,2026-08-09T09:02:15.000Z,21.37483089,-157.74161945,UAV 1,2,1:3001:1789,ENBTR80002,1:1:222:2:13:0:0,0,false,false,false,false,0
ENBTR80006,move to,LOC_적북측접근로,2026-08-09T09:02:15.000Z,21.37491154,-157.74161123,UAV 1,2,1:3001:1633,ENBTR80006,1:1:222:2:13:0:0,0,false,false,false,false,0
ENGAZ004,move to,LOC_적전방방어선후방,2026-08-09T09:02:15.000Z,21.37330363,-157.74370328,UAV 1,2,1:3001:1743,ENGAZ004,1:1:222:7:8:0:0,0,false,false,false,false,0
ENGAZ002,move to,LOC_적전방방어선후방,2026-08-09T09:02:15.000Z,21.37331623,-157.74363062,UAV 1,2,1:3001:1626,ENGAZ002,1:1:222:7:8:0:0,0,false,false,false,false,0
FRMORT002,none,,2026-08-09T09:02:15.000Z,21.39112390,-157.73727132,UAV 1,1,1:3001:1547,FRMORT002,1:1:71:10:1:0:1,0,false,false,false,false,0
FRMORT001,none,,2026-08-09T09:02:15.000Z,21.39104607,-157.73719078,UAV 1,1,1:3001:1588,FRMORT001,1:1:71:10:1:0:1,0,false,false,false,false,0
FRMORT004,none,,2026-08-09T09:02:15.000Z,21.39119933,-157.73718822,UAV 1,1,1:3001:1672,FRMORT004,1:1:71:10:1:0:1,0,false,false,false,false,0
FRMORT003,none,,2026-08-09T09:02:15.000Z,21.39112150,-157.73710768,UAV 1,1,1:3001:1744,FRMORT003,1:1:71:10:1:0:1,0,false,false,false,false,0
ENMORT005,none,,2026-08-09T09:02:16.000Z,21.37457651,-157.73710572,UAV 1,2,1:3001:1512,ENMORT005,1:1:71:10:1:0:1,0,false,false,false,false,0
ENMORT004,none,,2026-08-09T09:02:16.000Z,21.37447596,-157.73706256,UAV 1,2,1:3001:1535,ENMORT004,1:1:71:10:1:0:1,0,false,false,false,false,0
ENMORT001,none,,2026-08-09T09:02:16.000Z,21.37443553,-157.73716992,UAV 1,2,1:3001:1694,ENMORT001,1:1:71:10:1:0:1,0,false,false,false,false,0
ENMORT002,none,,2026-08-09T09:02:16.000Z,21.37453609,-157.73721308,UAV 1,2,1:3001:1739,ENMORT002,1:1:71:10:1:0:1,0,false,false,false,false,0
ENMORT003,none,,2026-08-09T09:02:16.000Z,21.37463664,-157.73725624,UAV 1,2,1:3001:1770,ENMORT003,1:1:71:10:1:0:1,0,false,false,false,false,0
ENBTR80002,move to,LOC_적북측접근로,2026-08-09T09:02:16.000Z,21.37463736,-157.74162611,UAV 1,2,1:3001:1789,ENBTR80002,1:1:222:2:13:0:0,0,false,false,false,false,0
ENBTR80006,move to,LOC_적북측접근로,2026-08-09T09:02:16.000Z,21.37471830,-157.74161817,UAV 1,2,1:3001:1633,ENBTR80006,1:1:222:2:13:0:0,0,false,false,false,false,0
ENGAZ002,move to,LOC_적전방방어선후방,2026-08-09T09:02:16.000Z,21.37330928,-157.74367060,UAV 1,2,1:3001:1626,ENGAZ002,1:1:222:7:8:0:0,0,false,false,false,false,0
ENMORT005,none,,2026-08-09T09:02:18.000Z,21.37457651,-157.73710572,UAV 1,2,1:3001:1512,ENMORT005,1:1:71:10:1:0:1,0,false,false,false,false,0
ENMORT004,none,,2026-08-09T09:02:18.000Z,21.37447596,-157.73706256,UAV 1,2,1:3001:1535,ENMORT004,1:1:71:10:1:0:1,0,false,false,false,false,0
ENMORT001,none,,2026-08-09T09:02:18.000Z,21.37443553,-157.73716992,UAV 1,2,1:3001:1694,ENMORT001,1:1:71:10:1:0:1,0,false,false,false,false,0
ENMORT002,none,,2026-08-09T09:02:18.000Z,21.37453609,-157.73721308,UAV 1,2,1:3001:1739,ENMORT002,1:1:71:10:1:0:1,0,false,false,false,false,0
ENMORT003,none,,2026-08-09T09:02:18.000Z,21.37463664,-157.73725624,UAV 1,2,1:3001:1770,ENMORT003,1:1:71:10:1:0:1,0,false,false,false,false,0
ENBTR80002,move to,LOC_적북측접근로,2026-08-09T09:02:18.000Z,21.37463736,-157.74162611,UAV 1,2,1:3001:1789,ENBTR80002,1:1:222:2:13:0:0,0,false,false,false,false,0
ENBTR80006,move to,LOC_적북측접근로,2026-08-09T09:02:18.000Z,21.37471830,-157.74161817,UAV 1,2,1:3001:1633,ENBTR80006,1:1:222:2:13:0:0,0,false,false,false,false,0
ENGAZ002,move to,LOC_적전방방어선후방,2026-08-09T09:02:18.000Z,21.37330928,-157.74367060,UAV 1,2,1:3001:1626,ENGAZ002,1:1:222:7:8:0:0,0,false,false,false,false,0
ENMORT005,none,,2026-08-09T09:02:19.000Z,21.37457651,-157.73710572,UAV 1,2,1:3001:1512,ENMORT005,1:1:71:10:1:0:1,0,false,false,false,false,0
ENMORT004,none,,2026-08-09T09:02:19.000Z,21.37447596,-157.73706256,UAV 1,2,1:3001:1535,ENMORT004,1:1:71:10:1:0:1,0,false,false,false,false,0
ENMORT001,none,,2026-08-09T09:02:19.000Z,21.37443553,-157.73716992,UAV 1,2,1:3001:1694,ENMORT001,1:1:71:10:1:0:1,0,false,false,false,false,0
ENMORT002,none,,2026-08-09T09:02:19.000Z,21.37453609,-157.73721308,UAV 1,2,1:3001:1739,ENMORT002,1:1:71:10:1:0:1,0,false,false,false,false,0
ENMORT003,none,,2026-08-09T09:02:19.000Z,21.37463664,-157.73725624,UAV 1,2,1:3001:1770,ENMORT003,1:1:71:10:1:0:1,0,false,false,false,false,0
ENBTR80002,move to,LOC_적북측접근로,2026-08-09T09:02:19.000Z,21.37446895,-157.74163191,UAV 1,2,1:3001:1789,ENBTR80002,1:1:222:2:13:0:0,0,false,false,false,false,0
ENBTR80006,move to,LOC_적북측접근로,2026-08-09T09:02:19.000Z,21.37455011,-157.74162422,UAV 1,2,1:3001:1633,ENBTR80006,1:1:222:2:13:0:0,0,false,false,false,false,0
ENGAZ002,move to,LOC_적전방방어선후방,2026-08-09T09:02:19.000Z,21.37330204,-157.74371219,UAV 1,2,1:3001:1626,ENGAZ002,1:1:222:7:8:0:0,0,false,false,false,false,0
ENM35001,move to,LOC_적북측접근로,2026-08-09T09:02:19.000Z,21.37135660,-157.74162847,UAV 1,2,1:3001:1659,ENM35001,1:1:225:7:1:6:0,0,false,false,false,false,0
ENMORT005,none,,2026-08-09T09:02:20.000Z,21.37457651,-157.73710572,UAV 1,2,1:3001:1512,ENMORT005,1:1:71:10:1:0:1,0,false,false,false,false,0
ENMORT004,none,,2026-08-09T09:02:20.000Z,21.37447596,-157.73706256,UAV 1,2,1:3001:1535,ENMORT004,1:1:71:10:1:0:1,0,false,false,false,false,0
ENMORT001,none,,2026-08-09T09:02:20.000Z,21.37443553,-157.73716992,UAV 1,2,1:3001:1694,ENMORT001,1:1:71:10:1:0:1,0,false,false,false,false,0
ENMORT002,none,,2026-08-09T09:02:20.000Z,21.37453609,-157.73721308,UAV 1,2,1:3001:1739,ENMORT002,1:1:71:10:1:0:1,0,false,false,false,false,0
ENMORT003,none,,2026-08-09T09:02:20.000Z,21.37463664,-157.73725624,UAV 1,2,1:3001:1770,ENMORT003,1:1:71:10:1:0:1,0,false,false,false,false,0
ENBTR80002,move to,LOC_적북측접근로,2026-08-09T09:02:20.000Z,21.37446895,-157.74163191,UAV 1,2,1:3001:1789,ENBTR80002,1:1:222:2:13:0:0,0,false,false,false,false,0
ENBTR80006,move to,LOC_적북측접근로,2026-08-09T09:02:20.000Z,21.37455011,-157.74162422,UAV 1,2,1:3001:1633,ENBTR80006,1:1:222:2:13:0:0,0,false,false,false,false,0
ENGAZ002,move to,LOC_적전방방어선후방,2026-08-09T09:02:20.000Z,21.37330204,-157.74371219,UAV 1,2,1:3001:1626,ENGAZ002,1:1:222:7:8:0:0,0,false,false,false,false,0
ENM35001,move to,LOC_적북측접근로,2026-08-09T09:02:20.000Z,21.37135660,-157.74162847,UAV 1,2,1:3001:1659,ENM35001,1:1:225:7:1:6:0,0,false,false,false,false,0
ENMORT005,none,,2026-08-09T09:02:21.000Z,21.37457651,-157.73710572,UAV 1,2,1:3001:1512,ENMORT005,1:1:71:10:1:0:1,0,false,false,false,false,0
ENMORT004,none,,2026-08-09T09:02:21.000Z,21.37447596,-157.73706256,UAV 1,2,1:3001:1535,ENMORT004,1:1:71:10:1:0:1,0,false,false,false,false,0
ENMORT001,none,,2026-08-09T09:02:21.000Z,21.37443553,-157.73716992,UAV 1,2,1:3001:1694,ENMORT001,1:1:71:10:1:0:1,0,false,false,false,false,0
ENMORT002,none,,2026-08-09T09:02:21.000Z,21.37453609,-157.73721308,UAV 1,2,1:3001:1739,ENMORT002,1:1:71:10:1:0:1,0,false,false,false,false,0
ENMORT003,none,,2026-08-09T09:02:21.000Z,21.37463664,-157.73725624,UAV 1,2,1:3001:1770,ENMORT003,1:1:71:10:1:0:1,0,false,false,false,false,0
ENBTR80002,move to,LOC_적북측접근로,2026-08-09T09:02:21.000Z,21.37427730,-157.74163851,UAV 1,2,1:3001:1789,ENBTR80002,1:1:222:2:13:0:0,0,false,false,false,false,0
ENBTR80006,move to,LOC_적북측접근로,2026-08-09T09:02:21.000Z,21.37435911,-157.74163109,UAV 1,2,1:3001:1633,ENBTR80006,1:1:222:2:13:0:0,0,false,false,false,false,0
ENMORT005,none,,2026-08-09T09:02:22.000Z,21.37457651,-157.73710572,UAV 1,2,1:3001:1512,ENMORT005,1:1:71:10:1:0:1,0,false,false,false,false,0
ENMORT004,none,,2026-08-09T09:02:22.000Z,21.37447596,-157.73706256,UAV 1,2,1:3001:1535,ENMORT004,1:1:71:10:1:0:1,0,false,false,false,false,0
ENMORT001,none,,2026-08-09T09:02:22.000Z,21.37443553,-157.73716992,UAV 1,2,1:3001:1694,ENMORT001,1:1:71:10:1:0:1,0,false,false,false,false,0
ENMORT002,none,,2026-08-09T09:02:22.000Z,21.37453609,-157.73721308,UAV 1,2,1:3001:1739,ENMORT002,1:1:71:10:1:0:1,0,false,false,false,false,0
ENMORT003,none,,2026-08-09T09:02:22.000Z,21.37463664,-157.73725624,UAV 1,2,1:3001:1770,ENMORT003,1:1:71:10:1:0:1,0,false,false,false,false,0
ENBTR80002,move to,LOC_적북측접근로,2026-08-09T09:02:22.000Z,21.37427730,-157.74163851,UAV 1,2,1:3001:1789,ENBTR80002,1:1:222:2:13:0:0,0,false,false,false,false,0
ENBTR80006,move to,LOC_적북측접근로,2026-08-09T09:02:22.000Z,21.37435911,-157.74163109,UAV 1,2,1:3001:1633,ENBTR80006,1:1:222:2:13:0:0,0,false,false,false,false,0
ENMORT005,none,,2026-08-09T09:02:23.000Z,21.37457651,-157.73710572,UAV 1,2,1:3001:1512,ENMORT005,1:1:71:10:1:0:1,0,false,false,false,false,0
ENMORT004,none,,2026-08-09T09:02:23.000Z,21.37447596,-157.73706256,UAV 1,2,1:3001:1535,ENMORT004,1:1:71:10:1:0:1,0,false,false,false,false,0
ENMORT001,none,,2026-08-09T09:02:23.000Z,21.37443553,-157.73716992,UAV 1,2,1:3001:1694,ENMORT001,1:1:71:10:1:0:1,0,false,false,false,false,0
ENMORT002,none,,2026-08-09T09:02:23.000Z,21.37453609,-157.73721308,UAV 1,2,1:3001:1739,ENMORT002,1:1:71:10:1:0:1,0,false,false,false,false,0
ENMORT003,none,,2026-08-09T09:02:23.000Z,21.37463664,-157.73725624,UAV 1,2,1:3001:1770,ENMORT003,1:1:71:10:1:0:1,0,false,false,false,false,0
ENBTR80002,move to,LOC_적북측접근로,2026-08-09T09:02:23.000Z,21.37408822,-157.74164502,UAV 1,2,1:3001:1789,ENBTR80002,1:1:222:2:13:0:0,0,false,false,false,false,0
ENBTR80006,move to,LOC_적북측접근로,2026-08-09T09:02:23.000Z,21.37417077,-157.74163786,UAV 1,2,1:3001:1633,ENBTR80006,1:1:222:2:13:0:0,0,false,false,false,false,0
ENBTR60006,move to,LOC_적북측접근로,2026-08-09T09:02:23.000Z,21.37433993,-157.74162912,UAV 1,2,1:3001:1568,ENBTR60006,1:1:222:2:8:1:0,0,false,false,false,false,0
ENBTR60007,move to,LOC_북측예비방어선,2026-08-09T09:02:23.000Z,21.37469269,-157.74272556,UAV 1,2,1:3001:1720,ENBTR60007,1:1:222:2:8:1:0,0,false,false,false,false,0
ENMORT005,none,,2026-08-09T09:02:24.000Z,21.37457651,-157.73710572,UAV 1,2,1:3001:1512,ENMORT005,1:1:71:10:1:0:1,0,false,false,false,false,0
ENMORT004,none,,2026-08-09T09:02:24.000Z,21.37447596,-157.73706256,UAV 1,2,1:3001:1535,ENMORT004,1:1:71:10:1:0:1,0,false,false,false,false,0
ENMORT001,none,,2026-08-09T09:02:24.000Z,21.37443553,-157.73716992,UAV 1,2,1:3001:1694,ENMORT001,1:1:71:10:1:0:1,0,false,false,false,false,0
ENMORT002,none,,2026-08-09T09:02:24.000Z,21.37453609,-157.73721308,UAV 1,2,1:3001:1739,ENMORT002,1:1:71:10:1:0:1,0,false,false,false,false,0
ENMORT003,none,,2026-08-09T09:02:24.000Z,21.37463664,-157.73725624,UAV 1,2,1:3001:1770,ENMORT003,1:1:71:10:1:0:1,0,false,false,false,false,0
ENBTR80002,move to,LOC_적북측접근로,2026-08-09T09:02:24.000Z,21.37408822,-157.74164502,UAV 1,2,1:3001:1789,ENBTR80002,1:1:222:2:13:0:0,0,false,false,false,false,0
ENBTR80006,move to,LOC_적북측접근로,2026-08-09T09:02:24.000Z,21.37417077,-157.74163786,UAV 1,2,1:3001:1633,ENBTR80006,1:1:222:2:13:0:0,0,false,false,false,false,0
ENBTR60006,move to,LOC_적북측접근로,2026-08-09T09:02:24.000Z,21.37433993,-157.74162912,UAV 1,2,1:3001:1568,ENBTR60006,1:1:222:2:8:1:0,0,false,false,false,false,0
ENBTR60007,move to,LOC_북측예비방어선,2026-08-09T09:02:24.000Z,21.37469269,-157.74272556,UAV 1,2,1:3001:1720,ENBTR60007,1:1:222:2:8:1:0,0,false,false,false,false,0
ENMORT005,none,,2026-08-09T09:02:25.000Z,21.37457651,-157.73710572,UAV 1,2,1:3001:1512,ENMORT005,1:1:71:10:1:0:1,0,false,false,false,false,0
ENMORT004,none,,2026-08-09T09:02:25.000Z,21.37447596,-157.73706256,UAV 1,2,1:3001:1535,ENMORT004,1:1:71:10:1:0:1,0,false,false,false,false,0
ENMORT001,none,,2026-08-09T09:02:25.000Z,21.37443553,-157.73716992,UAV 1,2,1:3001:1694,ENMORT001,1:1:71:10:1:0:1,0,false,false,false,false,0
ENMORT002,none,,2026-08-09T09:02:25.000Z,21.37453609,-157.73721308,UAV 1,2,1:3001:1739,ENMORT002,1:1:71:10:1:0:1,0,false,false,false,false,0
ENMORT003,none,,2026-08-09T09:02:25.000Z,21.37463664,-157.73725624,UAV 1,2,1:3001:1770,ENMORT003,1:1:71:10:1:0:1,0,false,false,false,false,0
ENBTR80002,move to,LOC_적북측접근로,2026-08-09T09:02:25.000Z,21.37390028,-157.74165150,UAV 1,2,1:3001:1789,ENBTR80002,1:1:222:2:13:0:0,0,false,false,false,false,0
ENBTR80006,move to,LOC_적북측접근로,2026-08-09T09:02:25.000Z,21.37398353,-157.74164460,UAV 1,2,1:3001:1633,ENBTR80006,1:1:222:2:13:0:0,0,false,false,false,false,0
ENBTR60006,move to,LOC_적북측접근로,2026-08-09T09:02:25.000Z,21.37415323,-157.74163599,UAV 1,2,1:3001:1568,ENBTR60006,1:1:222:2:8:1:0,0,false,false,false,false,0
ENBTR60007,move to,LOC_북측예비방어선,2026-08-09T09:02:25.000Z,21.37451266,-157.74277780,UAV 1,2,1:3001:1720,ENBTR60007,1:1:222:2:8:1:0,0,false,false,false,false,0
FRTRK2004,move to,LOC_남측제1방어선,2026-08-09T09:02:25.000Z,21.38724392,-157.74439831,UAV 1,1,1:3001:1481,FRTRK2004,1:1:225:7:12:8:0,0,false,false,false,false,0
FRTRK1001,move to,LOC_남측제1방어선,2026-08-09T09:02:25.000Z,21.38742581,-157.74447780,UAV 1,1,1:3001:1548,FRTRK1001,1:1:225:7:12:0:0,0,false,false,false,false,0
FRTRK2002,move to,LOC_남측제1방어선,2026-08-09T09:02:25.000Z,21.38725748,-157.74452176,UAV 1,1,1:3001:1732,FRTRK2002,1:1:225:7:12:8:0,0,false,false,false,false,0
FRTRK1002,move to,LOC_남측제1방어선,2026-08-09T09:02:25.000Z,21.38737821,-157.74444868,UAV 1,1,1:3001:1758,FRTRK1002,1:1:225:7:12:0:0,0,false,false,false,false,0
ENMORT005,none,,2026-08-09T09:02:26.000Z,21.37457651,-157.73710572,UAV 1,2,1:3001:1512,ENMORT005,1:1:71:10:1:0:1,0,false,false,false,false,0
ENMORT004,none,,2026-08-09T09:02:26.000Z,21.37447596,-157.73706256,UAV 1,2,1:3001:1535,ENMORT004,1:1:71:10:1:0:1,0,false,false,false,false,0
ENMORT001,none,,2026-08-09T09:02:26.000Z,21.37443553,-157.73716992,UAV 1,2,1:3001:1694,ENMORT001,1:1:71:10:1:0:1,0,false,false,false,false,0
ENMORT002,none,,2026-08-09T09:02:26.000Z,21.37453609,-157.73721308,UAV 1,2,1:3001:1739,ENMORT002,1:1:71:10:1:0:1,0,false,false,false,false,0
ENMORT003,none,,2026-08-09T09:02:26.000Z,21.37463664,-157.73725624,UAV 1,2,1:3001:1770,ENMORT003,1:1:71:10:1:0:1,0,false,false,false,false,0
ENBTR80002,move to,LOC_적북측접근로,2026-08-09T09:02:26.000Z,21.37390028,-157.74165150,UAV 1,2,1:3001:1789,ENBTR80002,1:1:222:2:13:0:0,0,false,false,false,false,0
ENBTR80006,move to,LOC_적북측접근로,2026-08-09T09:02:26.000Z,21.37398353,-157.74164460,UAV 1,2,1:3001:1633,ENBTR80006,1:1:222:2:13:0:0,0,false,false,false,false,0
ENBTR60006,move to,LOC_적북측접근로,2026-08-09T09:02:26.000Z,21.37415323,-157.74163599,UAV 1,2,1:3001:1568,ENBTR60006,1:1:222:2:8:1:0,0,false,false,false,false,0
ENBTR60007,move to,LOC_북측예비방어선,2026-08-09T09:02:26.000Z,21.37451266,-157.74277780,UAV 1,2,1:3001:1720,ENBTR60007,1:1:222:2:8:1:0,0,false,false,false,false,0
FRTRK2004,move to,LOC_남측제1방어선,2026-08-09T09:02:26.000Z,21.38724392,-157.74439831,UAV 1,1,1:3001:1481,FRTRK2004,1:1:225:7:12:8:0,0,false,false,false,false,0
FRTRK1001,move to,LOC_남측제1방어선,2026-08-09T09:02:26.000Z,21.38742581,-157.74447780,UAV 1,1,1:3001:1548,FRTRK1001,1:1:225:7:12:0:0,0,false,false,false,false,0
FRTRK2002,move to,LOC_남측제1방어선,2026-08-09T09:02:26.000Z,21.38725748,-157.74452176,UAV 1,1,1:3001:1732,FRTRK2002,1:1:225:7:12:8:0,0,false,false,false,false,0
FRTRK1002,move to,LOC_남측제1방어선,2026-08-09T09:02:26.000Z,21.38737821,-157.74444868,UAV 1,1,1:3001:1758,FRTRK1002,1:1:225:7:12:0:0,0,false,false,false,false,0
ENMORT005,none,,2026-08-09T09:02:27.000Z,21.37457651,-157.73710572,UAV 1,2,1:3001:1512,ENMORT005,1:1:71:10:1:0:1,0,false,false,false,false,0
ENMORT004,none,,2026-08-09T09:02:27.000Z,21.37447596,-157.73706256,UAV 1,2,1:3001:1535,ENMORT004,1:1:71:10:1:0:1,0,false,false,false,false,0
ENMORT001,none,,2026-08-09T09:02:27.000Z,21.37443553,-157.73716992,UAV 1,2,1:3001:1694,ENMORT001,1:1:71:10:1:0:1,0,false,false,false,false,0
ENMORT002,none,,2026-08-09T09:02:27.000Z,21.37453609,-157.73721308,UAV 1,2,1:3001:1739,ENMORT002,1:1:71:10:1:0:1,0,false,false,false,false,0
ENMORT003,none,,2026-08-09T09:02:27.000Z,21.37463664,-157.73725624,UAV 1,2,1:3001:1770,ENMORT003,1:1:71:10:1:0:1,0,false,false,false,false,0
ENBTR80002,move to,LOC_적북측접근로,2026-08-09T09:02:27.000Z,21.37371430,-157.74165790,UAV 1,2,1:3001:1789,ENBTR80002,1:1:222:2:13:0:0,0,false,false,false,false,0
ENBTR80006,move to,LOC_적북측접근로,2026-08-09T09:02:27.000Z,21.37379737,-157.74165129,UAV 1,2,1:3001:1633,ENBTR80006,1:1:222:2:13:0:0,0,false,false,false,false,0
FRTRK2004,move to,LOC_남측제1방어선,2026-08-09T09:02:27.000Z,21.38724285,-157.74438909,UAV 1,1,1:3001:1481,FRTRK2004,1:1:225:7:12:8:0,0,false,false,false,false,0
FRTRK1001,move to,LOC_남측제1방어선,2026-08-09T09:02:27.000Z,21.38742071,-157.74444347,UAV 1,1,1:3001:1548,FRTRK1001,1:1:225:7:12:0:0,0,false,false,false,false,0
FRTRK2002,move to,LOC_남측제1방어선,2026-08-09T09:02:27.000Z,21.38725844,-157.74453004,UAV 1,1,1:3001:1732,FRTRK2002,1:1:225:7:12:8:0,0,false,false,false,false,0
FRTRK1002,move to,LOC_남측제1방어선,2026-08-09T09:02:27.000Z,21.38737723,-157.74444162,UAV 1,1,1:3001:1758,FRTRK1002,1:1:225:7:12:0:0,0,false,false,false,false,0
FRT80005,none,,2026-08-09T09:02:27.000Z,21.38083955,-157.74640867,UAV 1,1,1:3001:1570,FRT80005,1:1:222:1:1:1:0,0,false,false,false,false,0
FRTRK2001,move to,LOC_남측제1방어선,2026-08-09T09:02:27.000Z,21.38729107,-157.74444029,UAV 1,1,1:3001:1728,FRTRK2001,1:1:225:7:12:8:0,0,false,false,false,false,0
ENMORT005,none,,2026-08-09T09:02:28.000Z,21.37457651,-157.73710572,UAV 1,2,1:3001:1512,ENMORT005,1:1:71:10:1:0:1,0,false,false,false,false,0
ENMORT004,none,,2026-08-09T09:02:28.000Z,21.37447596,-157.73706256,UAV 1,2,1:3001:1535,ENMORT004,1:1:71:10:1:0:1,0,false,false,false,false,0
ENMORT001,none,,2026-08-09T09:02:28.000Z,21.37443553,-157.73716992,UAV 1,2,1:3001:1694,ENMORT001,1:1:71:10:1:0:1,0,false,false,false,false,0
ENMORT002,none,,2026-08-09T09:02:28.000Z,21.37453609,-157.73721308,UAV 1,2,1:3001:1739,ENMORT002,1:1:71:10:1:0:1,0,false,false,false,false,0
ENMORT003,none,,2026-08-09T09:02:28.000Z,21.37463664,-157.73725624,UAV 1,2,1:3001:1770,ENMORT003,1:1:71:10:1:0:1,0,false,false,false,false,0
ENBTR80002,move to,LOC_적북측접근로,2026-08-09T09:02:28.000Z,21.37371430,-157.74165790,UAV 1,2,1:3001:1789,ENBTR80002,1:1:222:2:13:0:0,0,false,false,false,false,0
ENBTR80006,move to,LOC_적북측접근로,2026-08-09T09:02:28.000Z,21.37379737,-157.74165129,UAV 1,2,1:3001:1633,ENBTR80006,1:1:222:2:13:0:0,0,false,false,false,false,0
FRTRK2004,move to,LOC_남측제1방어선,2026-08-09T09:02:28.000Z,21.38724285,-157.74438909,UAV 1,1,1:3001:1481,FRTRK2004,1:1:225:7:12:8:0,0,false,false,false,false,0
FRTRK1001,move to,LOC_남측제1방어선,2026-08-09T09:02:28.000Z,21.38742071,-157.74444347,UAV 1,1,1:3001:1548,FRTRK1001,1:1:225:7:12:0:0,0,false,false,false,false,0
FRTRK2002,move to,LOC_남측제1방어선,2026-08-09T09:02:28.000Z,21.38725844,-157.74453004,UAV 1,1,1:3001:1732,FRTRK2002,1:1:225:7:12:8:0,0,false,false,false,false,0
FRTRK1002,move to,LOC_남측제1방어선,2026-08-09T09:02:28.000Z,21.38737723,-157.74444162,UAV 1,1,1:3001:1758,FRTRK1002,1:1:225:7:12:0:0,0,false,false,false,false,0
FRT80005,none,,2026-08-09T09:02:28.000Z,21.38083955,-157.74640867,UAV 1,1,1:3001:1570,FRT80005,1:1:222:1:1:1:0,0,false,false,false,false,0
FRTRK2001,move to,LOC_남측제1방어선,2026-08-09T09:02:28.000Z,21.38729107,-157.74444029,UAV 1,1,1:3001:1728,FRTRK2001,1:1:225:7:12:8:0,0,false,false,false,false,0
ENMORT005,none,,2026-08-09T09:02:29.000Z,21.37457651,-157.73710572,UAV 1,2,1:3001:1512,ENMORT005,1:1:71:10:1:0:1,0,false,false,false,false,0
ENMORT004,none,,2026-08-09T09:02:29.000Z,21.37447596,-157.73706256,UAV 1,2,1:3001:1535,ENMORT004,1:1:71:10:1:0:1,0,false,false,false,false,0
ENMORT001,none,,2026-08-09T09:02:29.000Z,21.37443553,-157.73716992,UAV 1,2,1:3001:1694,ENMORT001,1:1:71:10:1:0:1,0,false,false,false,false,0
ENMORT002,none,,2026-08-09T09:02:29.000Z,21.37453609,-157.73721308,UAV 1,2,1:3001:1739,ENMORT002,1:1:71:10:1:0:1,0,false,false,false,false,0
ENMORT003,none,,2026-08-09T09:02:29.000Z,21.37463664,-157.73725624,UAV 1,2,1:3001:1770,ENMORT003,1:1:71:10:1:0:1,0,false,false,false,false,0
ENBTR80002,move to,LOC_적북측접근로,2026-08-09T09:02:29.000Z,21.37354057,-157.74166389,UAV 1,2,1:3001:1789,ENBTR80002,1:1:222:2:13:0:0,0,false,false,false,false,0
ENBTR80006,move to,LOC_적북측접근로,2026-08-09T09:02:29.000Z,21.37362353,-157.74165754,UAV 1,2,1:3001:1633,ENBTR80006,1:1:222:2:13:0:0,0,false,false,false,false,0
FRTRK2004,move to,LOC_남측제1방어선,2026-08-09T09:02:29.000Z,21.38724242,-157.74438542,UAV 1,1,1:3001:1481,FRTRK2004,1:1:225:7:12:8:0,0,false,false,false,false,0
FRTRK1001,move to,LOC_남측제1방어선,2026-08-09T09:02:29.000Z,21.38742036,-157.74444108,UAV 1,1,1:3001:1548,FRTRK1001,1:1:225:7:12:0:0,0,false,false,false,false,0
FRTRK2002,move to,LOC_남측제1방어선,2026-08-09T09:02:29.000Z,21.38725907,-157.74453549,UAV 1,1,1:3001:1732,FRTRK2002,1:1:225:7:12:8:0,0,false,false,false,false,0
FRTRK1002,move to,LOC_남측제1방어선,2026-08-09T09:02:29.000Z,21.38737925,-157.74445609,UAV 1,1,1:3001:1758,FRTRK1002,1:1:225:7:12:0:0,0,false,false,false,false,0
FRT80005,none,,2026-08-09T09:02:29.000Z,21.38083955,-157.74640867,UAV 1,1,1:3001:1570,FRT80005,1:1:222:1:1:1:0,0,false,false,false,false,0
FRTRK2001,move to,LOC_남측제1방어선,2026-08-09T09:02:29.000Z,21.38728915,-157.74442477,UAV 1,1,1:3001:1728,FRTRK2001,1:1:225:7:12:8:0,0,false,false,false,false,0
ENMORT005,none,,2026-08-09T09:02:30.000Z,21.37457651,-157.73710572,UAV 1,2,1:3001:1512,ENMORT005,1:1:71:10:1:0:1,0,false,false,false,false,0
ENMORT004,none,,2026-08-09T09:02:30.000Z,21.37447596,-157.73706256,UAV 1,2,1:3001:1535,ENMORT004,1:1:71:10:1:0:1,0,false,false,false,false,0
ENMORT001,none,,2026-08-09T09:02:30.000Z,21.37443553,-157.73716992,UAV 1,2,1:3001:1694,ENMORT001,1:1:71:10:1:0:1,0,false,false,false,false,0
ENMORT002,none,,2026-08-09T09:02:30.000Z,21.37453609,-157.73721308,UAV 1,2,1:3001:1739,ENMORT002,1:1:71:10:1:0:1,0,false,false,false,false,0
ENMORT003,none,,2026-08-09T09:02:30.000Z,21.37463664,-157.73725624,UAV 1,2,1:3001:1770,ENMORT003,1:1:71:10:1:0:1,0,false,false,false,false,0
ENBTR80002,move to,LOC_적북측접근로,2026-08-09T09:02:30.000Z,21.37354057,-157.74166389,UAV 1,2,1:3001:1789,ENBTR80002,1:1:222:2:13:0:0,0,false,false,false,false,0
ENBTR80006,move to,LOC_적북측접근로,2026-08-09T09:02:30.000Z,21.37362353,-157.74165754,UAV 1,2,1:3001:1633,ENBTR80006,1:1:222:2:13:0:0,0,false,false,false,false,0
FRTRK2004,move to,LOC_남측제1방어선,2026-08-09T09:02:30.000Z,21.38724242,-157.74438542,UAV 1,1,1:3001:1481,FRTRK2004,1:1:225:7:12:8:0,0,false,false,false,false,0
FRTRK1001,move to,LOC_남측제1방어선,2026-08-09T09:02:30.000Z,21.38742036,-157.74444108,UAV 1,1,1:3001:1548,FRTRK1001,1:1:225:7:12:0:0,0,false,false,false,false,0
FRTRK2002,move to,LOC_남측제1방어선,2026-08-09T09:02:30.000Z,21.38725907,-157.74453549,UAV 1,1,1:3001:1732,FRTRK2002,1:1:225:7:12:8:0,0,false,false,false,false,0
FRTRK1002,move to,LOC_남측제1방어선,2026-08-09T09:02:30.000Z,21.38737925,-157.74445609,UAV 1,1,1:3001:1758,FRTRK1002,1:1:225:7:12:0:0,0,false,false,false,false,0
FRT80005,none,,2026-08-09T09:02:30.000Z,21.38083955,-157.74640867,UAV 1,1,1:3001:1570,FRT80005,1:1:222:1:1:1:0,0,false,false,false,false,0
FRTRK2001,move to,LOC_남측제1방어선,2026-08-09T09:02:30.000Z,21.38728915,-157.74442477,UAV 1,1,1:3001:1728,FRTRK2001,1:1:225:7:12:8:0,0,false,false,false,false,0
ENMORT005,none,,2026-08-09T09:02:31.000Z,21.37457651,-157.73710572,UAV 1,2,1:3001:1512,ENMORT005,1:1:71:10:1:0:1,0,false,false,false,false,0
ENMORT004,none,,2026-08-09T09:02:31.000Z,21.37447596,-157.73706256,UAV 1,2,1:3001:1535,ENMORT004,1:1:71:10:1:0:1,0,false,false,false,false,0
ENMORT001,none,,2026-08-09T09:02:31.000Z,21.37443553,-157.73716992,UAV 1,2,1:3001:1694,ENMORT001,1:1:71:10:1:0:1,0,false,false,false,false,0
ENMORT002,none,,2026-08-09T09:02:31.000Z,21.37453609,-157.73721308,UAV 1,2,1:3001:1739,ENMORT002,1:1:71:10:1:0:1,0,false,false,false,false,0
ENMORT003,none,,2026-08-09T09:02:31.000Z,21.37463664,-157.73725624,UAV 1,2,1:3001:1770,ENMORT003,1:1:71:10:1:0:1,0,false,false,false,false,0
ENBTR80002,move to,LOC_적북측접근로,2026-08-09T09:02:31.000Z,21.37334865,-157.74167049,UAV 1,2,1:3001:1789,ENBTR80002,1:1:222:2:13:0:0,0,false,false,false,false,0
FRTRK2004,move to,LOC_남측제1방어선,2026-08-09T09:02:31.000Z,21.38724266,-157.74438746,UAV 1,1,1:3001:1481,FRTRK2004,1:1:225:7:12:8:0,0,false,false,false,false,0
FRTRK2002,move to,LOC_남측제1방어선,2026-08-09T09:02:31.000Z,21.38725912,-157.74453586,UAV 1,1,1:3001:1732,FRTRK2002,1:1:225:7:12:8:0,0,false,false,false,false,0
FRTRK1002,move to,LOC_남측제1방어선,2026-08-09T09:02:31.000Z,21.38738377,-157.74448833,UAV 1,1,1:3001:1758,FRTRK1002,1:1:225:7:12:0:0,0,false,false,false,false,0
FRT80005,none,,2026-08-09T09:02:31.000Z,21.38083955,-157.74640867,UAV 1,1,1:3001:1570,FRT80005,1:1:222:1:1:1:0,0,false,false,false,false,0
ENMORT005,none,,2026-08-09T09:02:32.000Z,21.37457651,-157.73710572,UAV 1,2,1:3001:1512,ENMORT005,1:1:71:10:1:0:1,0,false,false,false,false,0
ENMORT004,none,,2026-08-09T09:02:32.000Z,21.37447596,-157.73706256,UAV 1,2,1:3001:1535,ENMORT004,1:1:71:10:1:0:1,0,false,false,false,false,0
ENMORT001,none,,2026-08-09T09:02:32.000Z,21.37443553,-157.73716992,UAV 1,2,1:3001:1694,ENMORT001,1:1:71:10:1:0:1,0,false,false,false,false,0
ENMORT002,none,,2026-08-09T09:02:32.000Z,21.37453609,-157.73721308,UAV 1,2,1:3001:1739,ENMORT002,1:1:71:10:1:0:1,0,false,false,false,false,0
ENMORT003,none,,2026-08-09T09:02:32.000Z,21.37463664,-157.73725624,UAV 1,2,1:3001:1770,ENMORT003,1:1:71:10:1:0:1,0,false,false,false,false,0
ENBTR80002,move to,LOC_적북측접근로,2026-08-09T09:02:32.000Z,21.37334865,-157.74167049,UAV 1,2,1:3001:1789,ENBTR80002,1:1:222:2:13:0:0,0,false,false,false,false,0
FRTRK2004,move to,LOC_남측제1방어선,2026-08-09T09:02:32.000Z,21.38724266,-157.74438746,UAV 1,1,1:3001:1481,FRTRK2004,1:1:225:7:12:8:0,0,false,false,false,false,0
FRTRK2002,move to,LOC_남측제1방어선,2026-08-09T09:02:32.000Z,21.38725912,-157.74453586,UAV 1,1,1:3001:1732,FRTRK2002,1:1:225:7:12:8:0,0,false,false,false,false,0
FRTRK1002,move to,LOC_남측제1방어선,2026-08-09T09:02:32.000Z,21.38738377,-157.74448833,UAV 1,1,1:3001:1758,FRTRK1002,1:1:225:7:12:0:0,0,false,false,false,false,0
FRT80005,none,,2026-08-09T09:02:32.000Z,21.38083955,-157.74640867,UAV 1,1,1:3001:1570,FRT80005,1:1:222:1:1:1:0,0,false,false,false,false,0
ENMORT005,none,,2026-08-09T09:02:33.000Z,21.37457651,-157.73710572,UAV 1,2,1:3001:1512,ENMORT005,1:1:71:10:1:0:1,0,false,false,false,false,0
ENMORT004,none,,2026-08-09T09:02:33.000Z,21.37447596,-157.73706256,UAV 1,2,1:3001:1535,ENMORT004,1:1:71:10:1:0:1,0,false,false,false,false,0
ENMORT001,none,,2026-08-09T09:02:33.000Z,21.37443553,-157.73716992,UAV 1,2,1:3001:1694,ENMORT001,1:1:71:10:1:0:1,0,false,false,false,false,0
ENMORT002,none,,2026-08-09T09:02:33.000Z,21.37453609,-157.73721308,UAV 1,2,1:3001:1739,ENMORT002,1:1:71:10:1:0:1,0,false,false,false,false,0
ENMORT003,none,,2026-08-09T09:02:33.000Z,21.37463664,-157.73725624,UAV 1,2,1:3001:1770,ENMORT003,1:1:71:10:1:0:1,0,false,false,false,false,0
ENBTR80002,move to,LOC_적북측접근로,2026-08-09T09:02:33.000Z,21.37316388,-157.74167686,UAV 1,2,1:3001:1789,ENBTR80002,1:1:222:2:13:0:0,0,false,false,false,false,0
FRTRK2004,move to,LOC_남측제1방어선,2026-08-09T09:02:33.000Z,21.38724348,-157.74439447,UAV 1,1,1:3001:1481,FRTRK2004,1:1:225:7:12:8:0,0,false,false,false,false,0
FRTRK2002,move to,LOC_남측제1방어선,2026-08-09T09:02:33.000Z,21.38725850,-157.74453055,UAV 1,1,1:3001:1732,FRTRK2002,1:1:225:7:12:8:0,0,false,false,false,false,0
FRT80005,none,,2026-08-09T09:02:33.000Z,21.38083955,-157.74640867,UAV 1,1,1:3001:1570,FRT80005,1:1:222:1:1:1:0,0,false,false,false,false,0
ENBTR60007,move to,LOC_북측예비방어선,2026-08-09T09:02:33.000Z,21.37380325,-157.74298364,UAV 1,2,1:3001:1720,ENBTR60007,1:1:222:2:8:1:0,0,false,false,false,false,0
FRTRK2001,move to,LOC_남측제1방어선,2026-08-09T09:02:33.000Z,21.38729086,-157.74443857,UAV 1,1,1:3001:1728,FRTRK2001,1:1:225:7:12:8:0,0,false,false,false,false,0
FRT69010,move to,LOC_목표A남측,2026-08-09T09:02:33.000Z,21.38381578,-157.74941107,UAV 1,1,1:3001:1780,FRT69010,1:1:45:1:2:1:0,0,false,false,false,false,0
ENMORT005,none,,2026-08-09T09:02:34.000Z,21.37457651,-157.73710572,UAV 1,2,1:3001:1512,ENMORT005,1:1:71:10:1:0:1,0,false,false,false,false,0
ENMORT004,none,,2026-08-09T09:02:34.000Z,21.37447596,-157.73706256,UAV 1,2,1:3001:1535,ENMORT004,1:1:71:10:1:0:1,0,false,false,false,false,0
ENMORT001,none,,2026-08-09T09:02:34.000Z,21.37443553,-157.73716992,UAV 1,2,1:3001:1694,ENMORT001,1:1:71:10:1:0:1,0,false,false,false,false,0
ENMORT002,none,,2026-08-09T09:02:34.000Z,21.37453609,-157.73721308,UAV 1,2,1:3001:1739,ENMORT002,1:1:71:10:1:0:1,0,false,false,false,false,0
ENMORT003,none,,2026-08-09T09:02:34.000Z,21.37463664,-157.73725624,UAV 1,2,1:3001:1770,ENMORT003,1:1:71:10:1:0:1,0,false,false,false,false,0
ENBTR80002,move to,LOC_적북측접근로,2026-08-09T09:02:34.000Z,21.37316388,-157.74167686,UAV 1,2,1:3001:1789,ENBTR80002,1:1:222:2:13:0:0,0,false,false,false,false,0
FRTRK2004,move to,LOC_남측제1방어선,2026-08-09T09:02:34.000Z,21.38724348,-157.74439447,UAV 1,1,1:3001:1481,FRTRK2004,1:1:225:7:12:8:0,0,false,false,false,false,0
FRTRK2002,move to,LOC_남측제1방어선,2026-08-09T09:02:34.000Z,21.38725850,-157.74453055,UAV 1,1,1:3001:1732,FRTRK2002,1:1:225:7:12:8:0,0,false,false,false,false,0
FRT80005,none,,2026-08-09T09:02:34.000Z,21.38083955,-157.74640867,UAV 1,1,1:3001:1570,FRT80005,1:1:222:1:1:1:0,0,false,false,false,false,0
ENBTR60007,move to,LOC_북측예비방어선,2026-08-09T09:02:34.000Z,21.37380325,-157.74298364,UAV 1,2,1:3001:1720,ENBTR60007,1:1:222:2:8:1:0,0,false,false,false,false,0
FRTRK2001,move to,LOC_남측제1방어선,2026-08-09T09:02:34.000Z,21.38729086,-157.74443857,UAV 1,1,1:3001:1728,FRTRK2001,1:1:225:7:12:8:0,0,false,false,false,false,0
FRT69010,move to,LOC_목표A남측,2026-08-09T09:02:34.000Z,21.38381578,-157.74941107,UAV 1,1,1:3001:1780,FRT69010,1:1:45:1:2:1:0,0,false,false,false,false,0
ENMORT005,none,,2026-08-09T09:02:35.000Z,21.37457651,-157.73710572,UAV 1,2,1:3001:1512,ENMORT005,1:1:71:10:1:0:1,0,false,false,false,false,0
ENMORT004,none,,2026-08-09T09:02:35.000Z,21.37447596,-157.73706256,UAV 1,2,1:3001:1535,ENMORT004,1:1:71:10:1:0:1,0,false,false,false,false,0
ENMORT001,none,,2026-08-09T09:02:35.000Z,21.37443553,-157.73716992,UAV 1,2,1:3001:1694,ENMORT001,1:1:71:10:1:0:1,0,false,false,false,false,0
ENMORT002,none,,2026-08-09T09:02:35.000Z,21.37453609,-157.73721308,UAV 1,2,1:3001:1739,ENMORT002,1:1:71:10:1:0:1,0,false,false,false,false,0
ENMORT003,none,,2026-08-09T09:02:35.000Z,21.37463664,-157.73725624,UAV 1,2,1:3001:1770,ENMORT003,1:1:71:10:1:0:1,0,false,false,false,false,0
ENBTR80002,move to,LOC_적북측접근로,2026-08-09T09:02:35.000Z,21.37296798,-157.74168360,UAV 1,2,1:3001:1789,ENBTR80002,1:1:222:2:13:0:0,0,false,false,false,false,0
FRTRK2004,move to,LOC_남측제1방어선,2026-08-09T09:02:35.000Z,21.38724483,-157.74440612,UAV 1,1,1:3001:1481,FRTRK2004,1:1:225:7:12:8:0,0,false,false,false,false,0
FRTRK2002,move to,LOC_남측제1방어선,2026-08-09T09:02:35.000Z,21.38725759,-157.74452271,UAV 1,1,1:3001:1732,FRTRK2002,1:1:225:7:12:8:0,0,false,false,false,false,0
FRT80005,none,,2026-08-09T09:02:35.000Z,21.38083955,-157.74640867,UAV 1,1,1:3001:1570,FRT80005,1:1:222:1:1:1:0,0,false,false,false,false,0
FRTRK2001,move to,LOC_남측제1방어선,2026-08-09T09:02:35.000Z,21.38729403,-157.74446424,UAV 1,1,1:3001:1728,FRTRK2001,1:1:225:7:12:8:0,0,false,false,false,false,0
FRT69010,move to,LOC_목표A남측,2026-08-09T09:02:35.000Z,21.38396122,-157.74955231,UAV 1,1,1:3001:1780,FRT69010,1:1:45:1:2:1:0,0,false,false,false,false,0
FRM113006,move to,LOC_목표A남측,2026-08-09T09:02:35.000Z,21.38434184,-157.74995502,UAV 1,1,1:3001:1662,FRM113006,1:1:225:2:3:1:0,0,false,false,false,false,0
ENMORT005,none,,2026-08-09T09:02:37.000Z,21.37457651,-157.73710572,UAV 1,2,1:3001:1512,ENMORT005,1:1:71:10:1:0:1,0,false,false,false,false,0
ENMORT004,none,,2026-08-09T09:02:37.000Z,21.37447596,-157.73706256,UAV 1,2,1:3001:1535,ENMORT004,1:1:71:10:1:0:1,0,false,false,false,false,0
ENMORT001,none,,2026-08-09T09:02:37.000Z,21.37443553,-157.73716992,UAV 1,2,1:3001:1694,ENMORT001,1:1:71:10:1:0:1,0,false,false,false,false,0
ENMORT002,none,,2026-08-09T09:02:37.000Z,21.37453609,-157.73721308,UAV 1,2,1:3001:1739,ENMORT002,1:1:71:10:1:0:1,0,false,false,false,false,0
ENMORT003,none,,2026-08-09T09:02:37.000Z,21.37463664,-157.73725624,UAV 1,2,1:3001:1770,ENMORT003,1:1:71:10:1:0:1,0,false,false,false,false,0
ENBTR80002,move to,LOC_적북측접근로,2026-08-09T09:02:37.000Z,21.37278265,-157.74168999,UAV 1,2,1:3001:1789,ENBTR80002,1:1:222:2:13:0:0,0,false,false,false,false,0
FRTRK2004,move to,LOC_남측제1방어선,2026-08-09T09:02:37.000Z,21.38724653,-157.74442079,UAV 1,1,1:3001:1481,FRTRK2004,1:1:225:7:12:8:0,0,false,false,false,false,0
FRTRK2002,move to,LOC_남측제1방어선,2026-08-09T09:02:37.000Z,21.38725701,-157.74451769,UAV 1,1,1:3001:1732,FRTRK2002,1:1:225:7:12:8:0,0,false,false,false,false,0
FRT80005,none,,2026-08-09T09:02:37.000Z,21.38083955,-157.74640867,UAV 1,1,1:3001:1570,FRT80005,1:1:222:1:1:1:0,0,false,false,false,false,0
FRT69010,move to,LOC_목표A남측,2026-08-09T09:02:37.000Z,21.38409886,-157.74968596,UAV 1,1,1:3001:1780,FRT69010,1:1:45:1:2:1:0,0,false,false,false,false,0
FRM113006,move to,LOC_목표A남측,2026-08-09T09:02:37.000Z,21.38448671,-157.75007965,UAV 1,1,1:3001:1662,FRM113006,1:1:225:2:3:1:0,0,false,false,false,false,0
FRTRK1002,move to,LOC_남측제1방어선,2026-08-09T09:02:37.000Z,21.38738271,-157.74448083,UAV 1,1,1:3001:1758,FRTRK1002,1:1:225:7:12:0:0,0,false,false,false,false,0
ENMORT005,none,,2026-08-09T09:02:38.000Z,21.37457651,-157.73710572,UAV 1,2,1:3001:1512,ENMORT005,1:1:71:10:1:0:1,0,false,false,false,false,0
ENMORT004,none,,2026-08-09T09:02:38.000Z,21.37447596,-157.73706256,UAV 1,2,1:3001:1535,ENMORT004,1:1:71:10:1:0:1,0,false,false,false,false,0
ENMORT001,none,,2026-08-09T09:02:38.000Z,21.37443553,-157.73716992,UAV 1,2,1:3001:1694,ENMORT001,1:1:71:10:1:0:1,0,false,false,false,false,0
ENMORT002,none,,2026-08-09T09:02:38.000Z,21.37453609,-157.73721308,UAV 1,2,1:3001:1739,ENMORT002,1:1:71:10:1:0:1,0,false,false,false,false,0
ENMORT003,none,,2026-08-09T09:02:38.000Z,21.37463664,-157.73725624,UAV 1,2,1:3001:1770,ENMORT003,1:1:71:10:1:0:1,0,false,false,false,false,0
ENBTR80002,move to,LOC_적북측접근로,2026-08-09T09:02:38.000Z,21.37278265,-157.74168999,UAV 1,2,1:3001:1789,ENBTR80002,1:1:222:2:13:0:0,0,false,false,false,false,0
FRTRK2004,move to,LOC_남측제1방어선,2026-08-09T09:02:38.000Z,21.38724653,-157.74442079,UAV 1,1,1:3001:1481,FRTRK2004,1:1:225:7:12:8:0,0,false,false,false,false,0
FRTRK2002,move to,LOC_남측제1방어선,2026-08-09T09:02:38.000Z,21.38725701,-157.74451769,UAV 1,1,1:3001:1732,FRTRK2002,1:1:225:7:12:8:0,0,false,false,false,false,0
FRT80005,none,,2026-08-09T09:02:38.000Z,21.38083955,-157.74640867,UAV 1,1,1:3001:1570,FRT80005,1:1:222:1:1:1:0,0,false,false,false,false,0
FRT69010,move to,LOC_목표A남측,2026-08-09T09:02:38.000Z,21.38409886,-157.74968596,UAV 1,1,1:3001:1780,FRT69010,1:1:45:1:2:1:0,0,false,false,false,false,0
FRM113006,move to,LOC_목표A남측,2026-08-09T09:02:38.000Z,21.38448671,-157.75007965,UAV 1,1,1:3001:1662,FRM113006,1:1:225:2:3:1:0,0,false,false,false,false,0
FRTRK1002,move to,LOC_남측제1방어선,2026-08-09T09:02:38.000Z,21.38738271,-157.74448083,UAV 1,1,1:3001:1758,FRTRK1002,1:1:225:7:12:0:0,0,false,false,false,false,0
ENMORT005,none,,2026-08-09T09:02:39.000Z,21.37457651,-157.73710572,UAV 1,2,1:3001:1512,ENMORT005,1:1:71:10:1:0:1,0,false,false,false,false,0
ENMORT004,none,,2026-08-09T09:02:39.000Z,21.37447596,-157.73706256,UAV 1,2,1:3001:1535,ENMORT004,1:1:71:10:1:0:1,0,false,false,false,false,0
ENMORT001,none,,2026-08-09T09:02:39.000Z,21.37443553,-157.73716992,UAV 1,2,1:3001:1694,ENMORT001,1:1:71:10:1:0:1,0,false,false,false,false,0
ENMORT002,none,,2026-08-09T09:02:39.000Z,21.37453609,-157.73721308,UAV 1,2,1:3001:1739,ENMORT002,1:1:71:10:1:0:1,0,false,false,false,false,0
ENMORT003,none,,2026-08-09T09:02:39.000Z,21.37463664,-157.73725624,UAV 1,2,1:3001:1770,ENMORT003,1:1:71:10:1:0:1,0,false,false,false,false,0
ENBTR80002,move to,LOC_적북측접근로,2026-08-09T09:02:39.000Z,21.37258778,-157.74169670,UAV 1,2,1:3001:1789,ENBTR80002,1:1:222:2:13:0:0,0,false,false,false,false,0
FRTRK2004,move to,LOC_남측제1방어선,2026-08-09T09:02:39.000Z,21.38724869,-157.74443937,UAV 1,1,1:3001:1481,FRTRK2004,1:1:225:7:12:8:0,0,false,false,false,false,0
FRTRK2002,move to,LOC_남측제1방어선,2026-08-09T09:02:39.000Z,21.38725701,-157.74451769,UAV 1,1,1:3001:1732,FRTRK2002,1:1:225:7:12:8:0,0,false,false,false,false,0
FRT80005,none,,2026-08-09T09:02:39.000Z,21.38083955,-157.74640867,UAV 1,1,1:3001:1570,FRT80005,1:1:222:1:1:1:0,0,false,false,false,false,0
FRT69010,move to,LOC_목표A남측,2026-08-09T09:02:39.000Z,21.38424237,-157.74982533,UAV 1,1,1:3001:1780,FRT69010,1:1:45:1:2:1:0,0,false,false,false,false,0
FRTRK1002,move to,LOC_남측제1방어선,2026-08-09T09:02:39.000Z,21.38737833,-157.74444950,UAV 1,1,1:3001:1758,FRTRK1002,1:1:225:7:12:0:0,0,false,false,false,false,0
FRT80004,none,,2026-08-09T09:02:39.000Z,21.38463854,-157.75020991,UAV 1,1,1:3001:1737,FRT80004,1:1:222:1:1:1:0,0,false,false,false,false,0
ENMORT005,none,,2026-08-09T09:02:40.000Z,21.37457651,-157.73710572,UAV 1,2,1:3001:1512,ENMORT005,1:1:71:10:1:0:1,0,false,false,false,false,0
ENMORT004,none,,2026-08-09T09:02:40.000Z,21.37447596,-157.73706256,UAV 1,2,1:3001:1535,ENMORT004,1:1:71:10:1:0:1,0,false,false,false,false,0
ENMORT001,none,,2026-08-09T09:02:40.000Z,21.37443553,-157.73716992,UAV 1,2,1:3001:1694,ENMORT001,1:1:71:10:1:0:1,0,false,false,false,false,0
ENMORT002,none,,2026-08-09T09:02:40.000Z,21.37453609,-157.73721308,UAV 1,2,1:3001:1739,ENMORT002,1:1:71:10:1:0:1,0,false,false,false,false,0
ENMORT003,none,,2026-08-09T09:02:40.000Z,21.37463664,-157.73725624,UAV 1,2,1:3001:1770,ENMORT003,1:1:71:10:1:0:1,0,false,false,false,false,0
ENBTR80002,move to,LOC_적북측접근로,2026-08-09T09:02:40.000Z,21.37258778,-157.74169670,UAV 1,2,1:3001:1789,ENBTR80002,1:1:222:2:13:0:0,0,false,false,false,false,0
FRTRK2004,move to,LOC_남측제1방어선,2026-08-09T09:02:40.000Z,21.38724869,-157.74443937,UAV 1,1,1:3001:1481,FRTRK2004,1:1:225:7:12:8:0,0,false,false,false,false,0
FRTRK2002,move to,LOC_남측제1방어선,2026-08-09T09:02:40.000Z,21.38725701,-157.74451769,UAV 1,1,1:3001:1732,FRTRK2002,1:1:225:7:12:8:0,0,false,false,false,false,0
FRT80005,none,,2026-08-09T09:02:40.000Z,21.38083955,-157.74640867,UAV 1,1,1:3001:1570,FRT80005,1:1:222:1:1:1:0,0,false,false,false,false,0
FRT69010,move to,LOC_목표A남측,2026-08-09T09:02:40.000Z,21.38424237,-157.74982533,UAV 1,1,1:3001:1780,FRT69010,1:1:45:1:2:1:0,0,false,false,false,false,0
FRTRK1002,move to,LOC_남측제1방어선,2026-08-09T09:02:40.000Z,21.38737833,-157.74444950,UAV 1,1,1:3001:1758,FRTRK1002,1:1:225:7:12:0:0,0,false,false,false,false,0
FRT80004,none,,2026-08-09T09:02:40.000Z,21.38463854,-157.75020991,UAV 1,1,1:3001:1737,FRT80004,1:1:222:1:1:1:0,0,false,false,false,false,0
ENMORT005,none,,2026-08-09T09:02:41.000Z,21.37457651,-157.73710572,UAV 1,2,1:3001:1512,ENMORT005,1:1:71:10:1:0:1,0,false,false,false,false,0
ENMORT004,none,,2026-08-09T09:02:41.000Z,21.37447596,-157.73706256,UAV 1,2,1:3001:1535,ENMORT004,1:1:71:10:1:0:1,0,false,false,false,false,0
ENMORT001,none,,2026-08-09T09:02:41.000Z,21.37443553,-157.73716992,UAV 1,2,1:3001:1694,ENMORT001,1:1:71:10:1:0:1,0,false,false,false,false,0
ENMORT002,none,,2026-08-09T09:02:41.000Z,21.37453609,-157.73721308,UAV 1,2,1:3001:1739,ENMORT002,1:1:71:10:1:0:1,0,false,false,false,false,0
ENMORT003,none,,2026-08-09T09:02:41.000Z,21.37463664,-157.73725624,UAV 1,2,1:3001:1770,ENMORT003,1:1:71:10:1:0:1,0,false,false,false,false,0
ENBTR80002,move to,LOC_적북측접근로,2026-08-09T09:02:41.000Z,21.37241207,-157.74170275,UAV 1,2,1:3001:1789,ENBTR80002,1:1:222:2:13:0:0,0,false,false,false,false,0
FRTRK2004,move to,LOC_남측제1방어선,2026-08-09T09:02:41.000Z,21.38725087,-157.74445810,UAV 1,1,1:3001:1481,FRTRK2004,1:1:225:7:12:8:0,0,false,false,false,false,0
FRTRK2002,move to,LOC_남측제1방어선,2026-08-09T09:02:41.000Z,21.38725754,-157.74452221,UAV 1,1,1:3001:1732,FRTRK2002,1:1:225:7:12:8:0,0,false,false,false,false,0
FRT80005,none,,2026-08-09T09:02:41.000Z,21.38083955,-157.74640867,UAV 1,1,1:3001:1570,FRT80005,1:1:222:1:1:1:0,0,false,false,false,false,0
FRT69010,move to,LOC_목표A남측,2026-08-09T09:02:41.000Z,21.38437144,-157.74995067,UAV 1,1,1:3001:1780,FRT69010,1:1:45:1:2:1:0,0,false,false,false,false,0
FRTRK1002,move to,LOC_남측제1방어선,2026-08-09T09:02:41.000Z,21.38737813,-157.74444807,UAV 1,1,1:3001:1758,FRTRK1002,1:1:225:7:12:0:0,0,false,false,false,false,0
ENMORT005,none,,2026-08-09T09:02:43.000Z,21.37457651,-157.73710572,UAV 1,2,1:3001:1512,ENMORT005,1:1:71:10:1:0:1,0,false,false,false,false,0
ENMORT004,none,,2026-08-09T09:02:43.000Z,21.37447596,-157.73706256,UAV 1,2,1:3001:1535,ENMORT004,1:1:71:10:1:0:1,0,false,false,false,false,0
ENMORT001,none,,2026-08-09T09:02:43.000Z,21.37443553,-157.73716992,UAV 1,2,1:3001:1694,ENMORT001,1:1:71:10:1:0:1,0,false,false,false,false,0
ENMORT002,none,,2026-08-09T09:02:43.000Z,21.37453609,-157.73721308,UAV 1,2,1:3001:1739,ENMORT002,1:1:71:10:1:0:1,0,false,false,false,false,0
ENMORT003,none,,2026-08-09T09:02:43.000Z,21.37463664,-157.73725624,UAV 1,2,1:3001:1770,ENMORT003,1:1:71:10:1:0:1,0,false,false,false,false,0
ENBTR80002,move to,LOC_적북측접근로,2026-08-09T09:02:43.000Z,21.37241207,-157.74170275,UAV 1,2,1:3001:1789,ENBTR80002,1:1:222:2:13:0:0,0,false,false,false,false,0
FRTRK2004,move to,LOC_남측제1방어선,2026-08-09T09:02:43.000Z,21.38725087,-157.74445810,UAV 1,1,1:3001:1481,FRTRK2004,1:1:225:7:12:8:0,0,false,false,false,false,0
FRTRK2002,move to,LOC_남측제1방어선,2026-08-09T09:02:43.000Z,21.38725754,-157.74452221,UAV 1,1,1:3001:1732,FRTRK2002,1:1:225:7:12:8:0,0,false,false,false,false,0
FRT80005,none,,2026-08-09T09:02:43.000Z,21.38083955,-157.74640867,UAV 1,1,1:3001:1570,FRT80005,1:1:222:1:1:1:0,0,false,false,false,false,0
FRT69010,move to,LOC_목표A남측,2026-08-09T09:02:43.000Z,21.38437144,-157.74995067,UAV 1,1,1:3001:1780,FRT69010,1:1:45:1:2:1:0,0,false,false,false,false,0
FRTRK1002,move to,LOC_남측제1방어선,2026-08-09T09:02:43.000Z,21.38737813,-157.74444807,UAV 1,1,1:3001:1758,FRTRK1002,1:1:225:7:12:0:0,0,false,false,false,false,0
ENMORT005,none,,2026-08-09T09:02:44.000Z,21.37457651,-157.73710572,UAV 1,2,1:3001:1512,ENMORT005,1:1:71:10:1:0:1,0,false,false,false,false,0
ENMORT004,none,,2026-08-09T09:02:44.000Z,21.37447596,-157.73706256,UAV 1,2,1:3001:1535,ENMORT004,1:1:71:10:1:0:1,0,false,false,false,false,0
ENMORT001,none,,2026-08-09T09:02:44.000Z,21.37443553,-157.73716992,UAV 1,2,1:3001:1694,ENMORT001,1:1:71:10:1:0:1,0,false,false,false,false,0
ENMORT002,none,,2026-08-09T09:02:44.000Z,21.37453609,-157.73721308,UAV 1,2,1:3001:1739,ENMORT002,1:1:71:10:1:0:1,0,false,false,false,false,0
ENMORT003,none,,2026-08-09T09:02:44.000Z,21.37463664,-157.73725624,UAV 1,2,1:3001:1770,ENMORT003,1:1:71:10:1:0:1,0,false,false,false,false,0
ENBTR80002,move to,LOC_적북측접근로,2026-08-09T09:02:44.000Z,21.37222333,-157.74170925,UAV 1,2,1:3001:1789,ENBTR80002,1:1:222:2:13:0:0,0,false,false,false,false,0
FRTRK2004,move to,LOC_남측제1방어선,2026-08-09T09:02:44.000Z,21.38725337,-157.74447965,UAV 1,1,1:3001:1481,FRTRK2004,1:1:225:7:12:8:0,0,false,false,false,false,0
FRTRK2002,move to,LOC_남측제1방어선,2026-08-09T09:02:44.000Z,21.38725834,-157.74452911,UAV 1,1,1:3001:1732,FRTRK2002,1:1:225:7:12:8:0,0,false,false,false,false,0
FRT80005,none,,2026-08-09T09:02:44.000Z,21.38083955,-157.74640867,UAV 1,1,1:3001:1570,FRT80005,1:1:222:1:1:1:0,0,false,false,false,false,0
FRT69010,move to,LOC_목표A남측,2026-08-09T09:02:44.000Z,21.38450469,-157.75008006,UAV 1,1,1:3001:1780,FRT69010,1:1:45:1:2:1:0,0,false,false,false,false,0
FRTRK1002,move to,LOC_남측제1방어선,2026-08-09T09:02:44.000Z,21.38738094,-157.74446816,UAV 1,1,1:3001:1758,FRTRK1002,1:1:225:7:12:0:0,0,false,false,false,false,0
FRT80004,none,,2026-08-09T09:02:44.000Z,21.38463854,-157.75020991,UAV 1,1,1:3001:1737,FRT80004,1:1:222:1:1:1:0,0,false,false,false,false,0
ENMORT005,none,,2026-08-09T09:02:45.000Z,21.37457651,-157.73710572,UAV 1,2,1:3001:1512,ENMORT005,1:1:71:10:1:0:1,0,false,false,false,false,0
ENMORT004,none,,2026-08-09T09:02:45.000Z,21.37447596,-157.73706256,UAV 1,2,1:3001:1535,ENMORT004,1:1:71:10:1:0:1,0,false,false,false,false,0
ENMORT001,none,,2026-08-09T09:02:45.000Z,21.37443553,-157.73716992,UAV 1,2,1:3001:1694,ENMORT001,1:1:71:10:1:0:1,0,false,false,false,false,0
ENMORT002,none,,2026-08-09T09:02:45.000Z,21.37453609,-157.73721308,UAV 1,2,1:3001:1739,ENMORT002,1:1:71:10:1:0:1,0,false,false,false,false,0
ENMORT003,none,,2026-08-09T09:02:45.000Z,21.37463664,-157.73725624,UAV 1,2,1:3001:1770,ENMORT003,1:1:71:10:1:0:1,0,false,false,false,false,0
ENBTR80002,move to,LOC_적북측접근로,2026-08-09T09:02:45.000Z,21.37222333,-157.74170925,UAV 1,2,1:3001:1789,ENBTR80002,1:1:222:2:13:0:0,0,false,false,false,false,0
FRTRK2004,move to,LOC_남측제1방어선,2026-08-09T09:02:45.000Z,21.38725337,-157.74447965,UAV 1,1,1:3001:1481,FRTRK2004,1:1:225:7:12:8:0,0,false,false,false,false,0
FRTRK2002,move to,LOC_남측제1방어선,2026-08-09T09:02:45.000Z,21.38725834,-157.74452911,UAV 1,1,1:3001:1732,FRTRK2002,1:1:225:7:12:8:0,0,false,false,false,false,0
FRT80005,none,,2026-08-09T09:02:45.000Z,21.38083955,-157.74640867,UAV 1,1,1:3001:1570,FRT80005,1:1:222:1:1:1:0,0,false,false,false,false,0
FRT69010,move to,LOC_목표A남측,2026-08-09T09:02:45.000Z,21.38450469,-157.75008006,UAV 1,1,1:3001:1780,FRT69010,1:1:45:1:2:1:0,0,false,false,false,false,0
FRTRK1002,move to,LOC_남측제1방어선,2026-08-09T09:02:45.000Z,21.38738094,-157.74446816,UAV 1,1,1:3001:1758,FRTRK1002,1:1:225:7:12:0:0,0,false,false,false,false,0
FRT80004,none,,2026-08-09T09:02:45.000Z,21.38463854,-157.75020991,UAV 1,1,1:3001:1737,FRT80004,1:1:222:1:1:1:0,0,false,false,false,false,0
ENMORT005,none,,2026-08-09T09:02:46.000Z,21.37457651,-157.73710572,UAV 1,2,1:3001:1512,ENMORT005,1:1:71:10:1:0:1,0,false,false,false,false,0
ENMORT004,none,,2026-08-09T09:02:46.000Z,21.37447596,-157.73706256,UAV 1,2,1:3001:1535,ENMORT004,1:1:71:10:1:0:1,0,false,false,false,false,0
ENMORT001,none,,2026-08-09T09:02:46.000Z,21.37443553,-157.73716992,UAV 1,2,1:3001:1694,ENMORT001,1:1:71:10:1:0:1,0,false,false,false,false,0
ENMORT002,none,,2026-08-09T09:02:46.000Z,21.37453609,-157.73721308,UAV 1,2,1:3001:1739,ENMORT002,1:1:71:10:1:0:1,0,false,false,false,false,0
ENMORT003,none,,2026-08-09T09:02:46.000Z,21.37463664,-157.73725624,UAV 1,2,1:3001:1770,ENMORT003,1:1:71:10:1:0:1,0,false,false,false,false,0
ENBTR80002,move to,LOC_적북측접근로,2026-08-09T09:02:46.000Z,21.37203351,-157.74171579,UAV 1,2,1:3001:1789,ENBTR80002,1:1:222:2:13:0:0,0,false,false,false,false,0
FRTRK2002,move to,LOC_남측제1방어선,2026-08-09T09:02:46.000Z,21.38725891,-157.74453411,UAV 1,1,1:3001:1732,FRTRK2002,1:1:225:7:12:8:0,0,false,false,false,false,0
FRT80005,none,,2026-08-09T09:02:46.000Z,21.38083955,-157.74640867,UAV 1,1,1:3001:1570,FRT80005,1:1:222:1:1:1:0,0,false,false,false,false,0
FRT69010,move to,LOC_목표A남측,2026-08-09T09:02:46.000Z,21.38453806,-157.75011247,UAV 1,1,1:3001:1780,FRT69010,1:1:45:1:2:1:0,0,false,false,false,false,0
FRT80004,none,,2026-08-09T09:02:46.000Z,21.38463854,-157.75020991,UAV 1,1,1:3001:1737,FRT80004,1:1:222:1:1:1:0,0,false,false,false,false,0
FRTRK1001,move to,LOC_남측제1방어선,2026-08-09T09:02:46.000Z,21.38742590,-157.74447846,UAV 1,1,1:3001:1548,FRTRK1001,1:1:225:7:12:0:0,0,false,false,false,false,0
FRTRK2001,move to,LOC_남측제1방어선,2026-08-09T09:02:46.000Z,21.38729001,-157.74443174,UAV 1,1,1:3001:1728,FRTRK2001,1:1:225:7:12:8:0,0,false,false,false,false,0
ENMORT005,none,,2026-08-09T09:02:47.000Z,21.37457651,-157.73710572,UAV 1,2,1:3001:1512,ENMORT005,1:1:71:10:1:0:1,0,false,false,false,false,0
ENMORT004,none,,2026-08-09T09:02:47.000Z,21.37447596,-157.73706256,UAV 1,2,1:3001:1535,ENMORT004,1:1:71:10:1:0:1,0,false,false,false,false,0
ENMORT001,none,,2026-08-09T09:02:47.000Z,21.37443553,-157.73716992,UAV 1,2,1:3001:1694,ENMORT001,1:1:71:10:1:0:1,0,false,false,false,false,0
ENMORT002,none,,2026-08-09T09:02:47.000Z,21.37453609,-157.73721308,UAV 1,2,1:3001:1739,ENMORT002,1:1:71:10:1:0:1,0,false,false,false,false,0
ENMORT003,none,,2026-08-09T09:02:47.000Z,21.37463664,-157.73725624,UAV 1,2,1:3001:1770,ENMORT003,1:1:71:10:1:0:1,0,false,false,false,false,0
ENBTR80002,move to,LOC_적북측접근로,2026-08-09T09:02:47.000Z,21.37185409,-157.74172197,UAV 1,2,1:3001:1789,ENBTR80002,1:1:222:2:13:0:0,0,false,false,false,false,0
FRTRK2002,move to,LOC_남측제1방어선,2026-08-09T09:02:47.000Z,21.38725895,-157.74453443,UAV 1,1,1:3001:1732,FRTRK2002,1:1:225:7:12:8:0,0,false,false,false,false,0
FRT80005,none,,2026-08-09T09:02:47.000Z,21.38083955,-157.74640867,UAV 1,1,1:3001:1570,FRT80005,1:1:222:1:1:1:0,0,false,false,false,false,0
FRT69010,move to,LOC_목표A남측,2026-08-09T09:02:47.000Z,21.38456895,-157.75014247,UAV 1,1,1:3001:1780,FRT69010,1:1:45:1:2:1:0,0,false,false,false,false,0
FRT80004,none,,2026-08-09T09:02:47.000Z,21.38463854,-157.75020991,UAV 1,1,1:3001:1737,FRT80004,1:1:222:1:1:1:0,0,false,false,false,false,0
FRTRK2001,move to,LOC_남측제1방어선,2026-08-09T09:02:47.000Z,21.38728914,-157.74442465,UAV 1,1,1:3001:1728,FRTRK2001,1:1:225:7:12:8:0,0,false,false,false,false,0
ENM35003,move to,LOC_적북측접근로,2026-08-09T09:02:47.000Z,21.37135509,-157.74163482,UAV 1,2,1:3001:1799,ENM35003,1:1:225:7:1:6:0,0,false,false,false,false,0
ENMORT005,none,,2026-08-09T09:02:48.000Z,21.37457651,-157.73710572,UAV 1,2,1:3001:1512,ENMORT005,1:1:71:10:1:0:1,0,false,false,false,false,0
ENMORT004,none,,2026-08-09T09:02:48.000Z,21.37447596,-157.73706256,UAV 1,2,1:3001:1535,ENMORT004,1:1:71:10:1:0:1,0,false,false,false,false,0
ENMORT001,none,,2026-08-09T09:02:48.000Z,21.37443553,-157.73716992,UAV 1,2,1:3001:1694,ENMORT001,1:1:71:10:1:0:1,0,false,false,false,false,0
ENMORT002,none,,2026-08-09T09:02:48.000Z,21.37453609,-157.73721308,UAV 1,2,1:3001:1739,ENMORT002,1:1:71:10:1:0:1,0,false,false,false,false,0
ENMORT003,none,,2026-08-09T09:02:48.000Z,21.37463664,-157.73725624,UAV 1,2,1:3001:1770,ENMORT003,1:1:71:10:1:0:1,0,false,false,false,false,0
ENBTR80002,move to,LOC_적북측접근로,2026-08-09T09:02:48.000Z,21.37185409,-157.74172197,UAV 1,2,1:3001:1789,ENBTR80002,1:1:222:2:13:0:0,0,false,false,false,false,0
FRTRK2002,move to,LOC_남측제1방어선,2026-08-09T09:02:48.000Z,21.38725895,-157.74453443,UAV 1,1,1:3001:1732,FRTRK2002,1:1:225:7:12:8:0,0,false,false,false,false,0
FRT80005,none,,2026-08-09T09:02:48.000Z,21.38083955,-157.74640867,UAV 1,1,1:3001:1570,FRT80005,1:1:222:1:1:1:0,0,false,false,false,false,0
FRT69010,move to,LOC_목표A남측,2026-08-09T09:02:48.000Z,21.38456895,-157.75014247,UAV 1,1,1:3001:1780,FRT69010,1:1:45:1:2:1:0,0,false,false,false,false,0
FRT80004,none,,2026-08-09T09:02:48.000Z,21.38463854,-157.75020991,UAV 1,1,1:3001:1737,FRT80004,1:1:222:1:1:1:0,0,false,false,false,false,0
FRTRK2001,move to,LOC_남측제1방어선,2026-08-09T09:02:48.000Z,21.38728914,-157.74442465,UAV 1,1,1:3001:1728,FRTRK2001,1:1:225:7:12:8:0,0,false,false,false,false,0
ENM35003,move to,LOC_적북측접근로,2026-08-09T09:02:48.000Z,21.37135509,-157.74163482,UAV 1,2,1:3001:1799,ENM35003,1:1:225:7:1:6:0,0,false,false,false,false,0
ENMORT005,none,,2026-08-09T09:02:49.000Z,21.37457651,-157.73710572,UAV 1,2,1:3001:1512,ENMORT005,1:1:71:10:1:0:1,0,false,false,false,false,0
ENMORT004,none,,2026-08-09T09:02:49.000Z,21.37447596,-157.73706256,UAV 1,2,1:3001:1535,ENMORT004,1:1:71:10:1:0:1,0,false,false,false,false,0
ENMORT001,none,,2026-08-09T09:02:49.000Z,21.37443553,-157.73716992,UAV 1,2,1:3001:1694,ENMORT001,1:1:71:10:1:0:1,0,false,false,false,false,0
ENMORT002,none,,2026-08-09T09:02:49.000Z,21.37453609,-157.73721308,UAV 1,2,1:3001:1739,ENMORT002,1:1:71:10:1:0:1,0,false,false,false,false,0
ENMORT003,none,,2026-08-09T09:02:49.000Z,21.37463664,-157.73725624,UAV 1,2,1:3001:1770,ENMORT003,1:1:71:10:1:0:1,0,false,false,false,false,0
ENBTR80002,move to,LOC_적북측접근로,2026-08-09T09:02:49.000Z,21.37166706,-157.74172841,UAV 1,2,1:3001:1789,ENBTR80002,1:1:222:2:13:0:0,0,false,false,false,false,0
FRTRK2002,move to,LOC_남측제1방어선,2026-08-09T09:02:49.000Z,21.38725844,-157.74453004,UAV 1,1,1:3001:1732,FRTRK2002,1:1:225:7:12:8:0,0,false,false,false,false,0
FRT80005,none,,2026-08-09T09:02:49.000Z,21.38083955,-157.74640867,UAV 1,1,1:3001:1570,FRT80005,1:1:222:1:1:1:0,0,false,false,false,false,0
FRT69010,move to,LOC_목표A남측,2026-08-09T09:02:49.000Z,21.38459689,-157.75016960,UAV 1,1,1:3001:1780,FRT69010,1:1:45:1:2:1:0,0,false,false,false,false,0
FRTRK2001,move to,LOC_남측제1방어선,2026-08-09T09:02:49.000Z,21.38729009,-157.74443233,UAV 1,1,1:3001:1728,FRTRK2001,1:1:225:7:12:8:0,0,false,false,false,false,0
ENMORT005,none,,2026-08-09T09:02:50.000Z,21.37457651,-157.73710572,UAV 1,2,1:3001:1512,ENMORT005,1:1:71:10:1:0:1,0,false,false,false,false,0
ENMORT004,none,,2026-08-09T09:02:50.000Z,21.37447596,-157.73706256,UAV 1,2,1:3001:1535,ENMORT004,1:1:71:10:1:0:1,0,false,false,false,false,0
ENMORT001,none,,2026-08-09T09:02:50.000Z,21.37443553,-157.73716992,UAV 1,2,1:3001:1694,ENMORT001,1:1:71:10:1:0:1,0,false,false,false,false,0
ENMORT002,none,,2026-08-09T09:02:50.000Z,21.37453609,-157.73721308,UAV 1,2,1:3001:1739,ENMORT002,1:1:71:10:1:0:1,0,false,false,false,false,0
ENMORT003,none,,2026-08-09T09:02:50.000Z,21.37463664,-157.73725624,UAV 1,2,1:3001:1770,ENMORT003,1:1:71:10:1:0:1,0,false,false,false,false,0
ENBTR80002,move to,LOC_적북측접근로,2026-08-09T09:02:50.000Z,21.37166706,-157.74172841,UAV 1,2,1:3001:1789,ENBTR80002,1:1:222:2:13:0:0,0,false,false,false,false,0
FRTRK2002,move to,LOC_남측제1방어선,2026-08-09T09:02:50.000Z,21.38725844,-157.74453004,UAV 1,1,1:3001:1732,FRTRK2002,1:1:225:7:12:8:0,0,false,false,false,false,0
FRT80005,none,,2026-08-09T09:02:50.000Z,21.38083955,-157.74640867,UAV 1,1,1:3001:1570,FRT80005,1:1:222:1:1:1:0,0,false,false,false,false,0
FRT69010,move to,LOC_목표A남측,2026-08-09T09:02:50.000Z,21.38459689,-157.75016960,UAV 1,1,1:3001:1780,FRT69010,1:1:45:1:2:1:0,0,false,false,false,false,0
FRTRK2001,move to,LOC_남측제1방어선,2026-08-09T09:02:50.000Z,21.38729009,-157.74443233,UAV 1,1,1:3001:1728,FRTRK2001,1:1:225:7:12:8:0,0,false,false,false,false,0
ENMORT005,none,,2026-08-09T09:02:51.000Z,21.37457651,-157.73710572,UAV 1,2,1:3001:1512,ENMORT005,1:1:71:10:1:0:1,0,false,false,false,false,0
ENMORT004,none,,2026-08-09T09:02:51.000Z,21.37447596,-157.73706256,UAV 1,2,1:3001:1535,ENMORT004,1:1:71:10:1:0:1,0,false,false,false,false,0
ENMORT001,none,,2026-08-09T09:02:51.000Z,21.37443553,-157.73716992,UAV 1,2,1:3001:1694,ENMORT001,1:1:71:10:1:0:1,0,false,false,false,false,0
ENMORT002,none,,2026-08-09T09:02:51.000Z,21.37453609,-157.73721308,UAV 1,2,1:3001:1739,ENMORT002,1:1:71:10:1:0:1,0,false,false,false,false,0
ENMORT003,none,,2026-08-09T09:02:51.000Z,21.37463664,-157.73725624,UAV 1,2,1:3001:1770,ENMORT003,1:1:71:10:1:0:1,0,false,false,false,false,0
ENBTR80002,move to,LOC_적북측접근로,2026-08-09T09:02:51.000Z,21.37166706,-157.74172841,UAV 1,2,1:3001:1789,ENBTR80002,1:1:222:2:13:0:0,0,false,false,false,false,0
FRTRK2002,move to,LOC_남측제1방어선,2026-08-09T09:02:51.000Z,21.38725844,-157.74453004,UAV 1,1,1:3001:1732,FRTRK2002,1:1:225:7:12:8:0,0,false,false,false,false,0
FRT80005,none,,2026-08-09T09:02:51.000Z,21.38083955,-157.74640867,UAV 1,1,1:3001:1570,FRT80005,1:1:222:1:1:1:0,0,false,false,false,false,0
FRT69010,move to,LOC_목표A남측,2026-08-09T09:02:51.000Z,21.38459689,-157.75016960,UAV 1,1,1:3001:1780,FRT69010,1:1:45:1:2:1:0,0,false,false,false,false,0
FRTRK2001,move to,LOC_남측제1방어선,2026-08-09T09:02:51.000Z,21.38729009,-157.74443233,UAV 1,1,1:3001:1728,FRTRK2001,1:1:225:7:12:8:0,0,false,false,false,false,0
ENMORT005,none,,2026-08-09T09:02:51.000Z,21.37457651,-157.73710572,UAV 1,2,1:3001:1512,ENMORT005,1:1:71:10:1:0:1,0,false,false,false,false,0
ENMORT004,none,,2026-08-09T09:02:51.000Z,21.37447596,-157.73706256,UAV 1,2,1:3001:1535,ENMORT004,1:1:71:10:1:0:1,0,false,false,false,false,0
ENMORT001,none,,2026-08-09T09:02:51.000Z,21.37443553,-157.73716992,UAV 1,2,1:3001:1694,ENMORT001,1:1:71:10:1:0:1,0,false,false,false,false,0
ENMORT002,none,,2026-08-09T09:02:51.000Z,21.37453609,-157.73721308,UAV 1,2,1:3001:1739,ENMORT002,1:1:71:10:1:0:1,0,false,false,false,false,0
ENMORT003,none,,2026-08-09T09:02:51.000Z,21.37463664,-157.73725624,UAV 1,2,1:3001:1770,ENMORT003,1:1:71:10:1:0:1,0,false,false,false,false,0
ENBTR80002,move to,LOC_적북측접근로,2026-08-09T09:02:51.000Z,21.37150998,-157.74173382,UAV 1,2,1:3001:1789,ENBTR80002,1:1:222:2:13:0:0,0,false,false,false,false,0
FRTRK2002,move to,LOC_남측제1방어선,2026-08-09T09:02:51.000Z,21.38725776,-157.74452416,UAV 1,1,1:3001:1732,FRTRK2002,1:1:225:7:12:8:0,0,false,false,false,false,0
FRT80005,none,,2026-08-09T09:02:51.000Z,21.38083955,-157.74640867,UAV 1,1,1:3001:1570,FRT80005,1:1:222:1:1:1:0,0,false,false,false,false,0
FRTRK2004,move to,LOC_남측제1방어선,2026-08-09T09:02:51.000Z,21.38724816,-157.74443469,UAV 1,1,1:3001:1481,FRTRK2004,1:1:225:7:12:8:0,0,false,false,false,false,0
FRT80004,none,,2026-08-09T09:02:51.000Z,21.38463854,-157.75020991,UAV 1,1,1:3001:1737,FRT80004,1:1:222:1:1:1:0,0,false,false,false,false,0
FRTRK1002,move to,LOC_남측제1방어선,2026-08-09T09:02:51.000Z,21.38738118,-157.74446988,UAV 1,1,1:3001:1758,FRTRK1002,1:1:225:7:12:0:0,0,false,false,false,false,0
ENMORT005,none,,2026-08-09T09:02:52.000Z,21.37457651,-157.73710572,UAV 1,2,1:3001:1512,ENMORT005,1:1:71:10:1:0:1,0,false,false,false,false,0
ENMORT004,none,,2026-08-09T09:02:52.000Z,21.37447596,-157.73706256,UAV 1,2,1:3001:1535,ENMORT004,1:1:71:10:1:0:1,0,false,false,false,false,0
ENMORT001,none,,2026-08-09T09:02:52.000Z,21.37443553,-157.73716992,UAV 1,2,1:3001:1694,ENMORT001,1:1:71:10:1:0:1,0,false,false,false,false,0
ENMORT002,none,,2026-08-09T09:02:52.000Z,21.37453609,-157.73721308,UAV 1,2,1:3001:1739,ENMORT002,1:1:71:10:1:0:1,0,false,false,false,false,0
ENMORT003,none,,2026-08-09T09:02:52.000Z,21.37463664,-157.73725624,UAV 1,2,1:3001:1770,ENMORT003,1:1:71:10:1:0:1,0,false,false,false,false,0
ENBTR80002,move to,LOC_적북측접근로,2026-08-09T09:02:52.000Z,21.37150998,-157.74173382,UAV 1,2,1:3001:1789,ENBTR80002,1:1:222:2:13:0:0,0,false,false,false,false,0
FRTRK2002,move to,LOC_남측제1방어선,2026-08-09T09:02:52.000Z,21.38725776,-157.74452416,UAV 1,1,1:3001:1732,FRTRK2002,1:1:225:7:12:8:0,0,false,false,false,false,0
FRT80005,none,,2026-08-09T09:02:52.000Z,21.38083955,-157.74640867,UAV 1,1,1:3001:1570,FRT80005,1:1:222:1:1:1:0,0,false,false,false,false,0
FRTRK2004,move to,LOC_남측제1방어선,2026-08-09T09:02:52.000Z,21.38724816,-157.74443469,UAV 1,1,1:3001:1481,FRTRK2004,1:1:225:7:12:8:0,0,false,false,false,false,0
FRT80004,none,,2026-08-09T09:02:52.000Z,21.38463854,-157.75020991,UAV 1,1,1:3001:1737,FRT80004,1:1:222:1:1:1:0,0,false,false,false,false,0
FRTRK1002,move to,LOC_남측제1방어선,2026-08-09T09:02:52.000Z,21.38738118,-157.74446988,UAV 1,1,1:3001:1758,FRTRK1002,1:1:225:7:12:0:0,0,false,false,false,false,0
ENMORT005,none,,2026-08-09T09:02:52.000Z,21.37457651,-157.73710572,UAV 1,2,1:3001:1512,ENMORT005,1:1:71:10:1:0:1,0,false,false,false,false,0
ENMORT004,none,,2026-08-09T09:02:52.000Z,21.37447596,-157.73706256,UAV 1,2,1:3001:1535,ENMORT004,1:1:71:10:1:0:1,0,false,false,false,false,0
ENMORT001,none,,2026-08-09T09:02:52.000Z,21.37443553,-157.73716992,UAV 1,2,1:3001:1694,ENMORT001,1:1:71:10:1:0:1,0,false,false,false,false,0
ENMORT002,none,,2026-08-09T09:02:52.000Z,21.37453609,-157.73721308,UAV 1,2,1:3001:1739,ENMORT002,1:1:71:10:1:0:1,0,false,false,false,false,0
ENMORT003,none,,2026-08-09T09:02:52.000Z,21.37463664,-157.73725624,UAV 1,2,1:3001:1770,ENMORT003,1:1:71:10:1:0:1,0,false,false,false,false,0
ENBTR80002,move to,LOC_적북측접근로,2026-08-09T09:02:52.000Z,21.37150998,-157.74173382,UAV 1,2,1:3001:1789,ENBTR80002,1:1:222:2:13:0:0,0,false,false,false,false,0
FRTRK2002,move to,LOC_남측제1방어선,2026-08-09T09:02:52.000Z,21.38725776,-157.74452416,UAV 1,1,1:3001:1732,FRTRK2002,1:1:225:7:12:8:0,0,false,false,false,false,0
FRT80005,none,,2026-08-09T09:02:52.000Z,21.38083955,-157.74640867,UAV 1,1,1:3001:1570,FRT80005,1:1:222:1:1:1:0,0,false,false,false,false,0
FRTRK2004,move to,LOC_남측제1방어선,2026-08-09T09:02:52.000Z,21.38724816,-157.74443469,UAV 1,1,1:3001:1481,FRTRK2004,1:1:225:7:12:8:0,0,false,false,false,false,0
FRT80004,none,,2026-08-09T09:02:52.000Z,21.38463854,-157.75020991,UAV 1,1,1:3001:1737,FRT80004,1:1:222:1:1:1:0,0,false,false,false,false,0
FRTRK1002,move to,LOC_남측제1방어선,2026-08-09T09:02:52.000Z,21.38738118,-157.74446988,UAV 1,1,1:3001:1758,FRTRK1002,1:1:225:7:12:0:0,0,false,false,false,false,0
ENMORT005,none,,2026-08-09T09:02:53.000Z,21.37457651,-157.73710572,UAV 1,2,1:3001:1512,ENMORT005,1:1:71:10:1:0:1,0,false,false,false,false,0
ENMORT004,none,,2026-08-09T09:02:53.000Z,21.37447596,-157.73706256,UAV 1,2,1:3001:1535,ENMORT004,1:1:71:10:1:0:1,0,false,false,false,false,0
ENMORT001,none,,2026-08-09T09:02:53.000Z,21.37443553,-157.73716992,UAV 1,2,1:3001:1694,ENMORT001,1:1:71:10:1:0:1,0,false,false,false,false,0
ENMORT002,none,,2026-08-09T09:02:53.000Z,21.37453609,-157.73721308,UAV 1,2,1:3001:1739,ENMORT002,1:1:71:10:1:0:1,0,false,false,false,false,0
ENMORT003,none,,2026-08-09T09:02:53.000Z,21.37463664,-157.73725624,UAV 1,2,1:3001:1770,ENMORT003,1:1:71:10:1:0:1,0,false,false,false,false,0
FRTRK2002,move to,LOC_남측제1방어선,2026-08-09T09:02:53.000Z,21.38725721,-157.74451940,UAV 1,1,1:3001:1732,FRTRK2002,1:1:225:7:12:8:0,0,false,false,false,false,0
FRT80005,none,,2026-08-09T09:02:53.000Z,21.38083955,-157.74640867,UAV 1,1,1:3001:1570,FRT80005,1:1:222:1:1:1:0,0,false,false,false,false,0
FRTRK2004,move to,LOC_남측제1방어선,2026-08-09T09:02:53.000Z,21.38724488,-157.74440644,UAV 1,1,1:3001:1481,FRTRK2004,1:1:225:7:12:8:0,0,false,false,false,false,0
FRT80004,none,,2026-08-09T09:02:53.000Z,21.38463854,-157.75020991,UAV 1,1,1:3001:1737,FRT80004,1:1:222:1:1:1:0,0,false,false,false,false,0
FRTRK1002,move to,LOC_남측제1방어선,2026-08-09T09:02:53.000Z,21.38737700,-157.74444006,UAV 1,1,1:3001:1758,FRTRK1002,1:1:225:7:12:0:0,0,false,false,false,false,0
FRTRK2001,move to,LOC_남측제1방어선,2026-08-09T09:02:53.000Z,21.38729565,-157.74447736,UAV 1,1,1:3001:1728,FRTRK2001,1:1:225:7:12:8:0,0,false,false,false,false,0
ENMORT005,none,,2026-08-09T09:02:53.000Z,21.37457651,-157.73710572,UAV 1,2,1:3001:1512,ENMORT005,1:1:71:10:1:0:1,0,false,false,false,false,0
ENMORT004,none,,2026-08-09T09:02:53.000Z,21.37447596,-157.73706256,UAV 1,2,1:3001:1535,ENMORT004,1:1:71:10:1:0:1,0,false,false,false,false,0
ENMORT001,none,,2026-08-09T09:02:53.000Z,21.37443553,-157.73716992,UAV 1,2,1:3001:1694,ENMORT001,1:1:71:10:1:0:1,0,false,false,false,false,0
ENMORT002,none,,2026-08-09T09:02:53.000Z,21.37453609,-157.73721308,UAV 1,2,1:3001:1739,ENMORT002,1:1:71:10:1:0:1,0,false,false,false,false,0
ENMORT003,none,,2026-08-09T09:02:53.000Z,21.37463664,-157.73725624,UAV 1,2,1:3001:1770,ENMORT003,1:1:71:10:1:0:1,0,false,false,false,false,0
FRTRK2002,move to,LOC_남측제1방어선,2026-08-09T09:02:53.000Z,21.38725721,-157.74451940,UAV 1,1,1:3001:1732,FRTRK2002,1:1:225:7:12:8:0,0,false,false,false,false,0
FRT80005,none,,2026-08-09T09:02:53.000Z,21.38083955,-157.74640867,UAV 1,1,1:3001:1570,FRT80005,1:1:222:1:1:1:0,0,false,false,false,false,0
FRTRK2004,move to,LOC_남측제1방어선,2026-08-09T09:02:53.000Z,21.38724488,-157.74440644,UAV 1,1,1:3001:1481,FRTRK2004,1:1:225:7:12:8:0,0,false,false,false,false,0
FRT80004,none,,2026-08-09T09:02:53.000Z,21.38463854,-157.75020991,UAV 1,1,1:3001:1737,FRT80004,1:1:222:1:1:1:0,0,false,false,false,false,0
FRTRK1002,move to,LOC_남측제1방어선,2026-08-09T09:02:53.000Z,21.38737700,-157.74444006,UAV 1,1,1:3001:1758,FRTRK1002,1:1:225:7:12:0:0,0,false,false,false,false,0
FRTRK2001,move to,LOC_남측제1방어선,2026-08-09T09:02:53.000Z,21.38729565,-157.74447736,UAV 1,1,1:3001:1728,FRTRK2001,1:1:225:7:12:8:0,0,false,false,false,false,0
ENMORT005,none,,2026-08-09T09:02:54.000Z,21.37457651,-157.73710572,UAV 1,2,1:3001:1512,ENMORT005,1:1:71:10:1:0:1,0,false,false,false,false,0
ENMORT004,none,,2026-08-09T09:02:54.000Z,21.37447596,-157.73706256,UAV 1,2,1:3001:1535,ENMORT004,1:1:71:10:1:0:1,0,false,false,false,false,0
ENMORT001,none,,2026-08-09T09:02:54.000Z,21.37443553,-157.73716992,UAV 1,2,1:3001:1694,ENMORT001,1:1:71:10:1:0:1,0,false,false,false,false,0
ENMORT002,none,,2026-08-09T09:02:54.000Z,21.37453609,-157.73721308,UAV 1,2,1:3001:1739,ENMORT002,1:1:71:10:1:0:1,0,false,false,false,false,0
ENMORT003,none,,2026-08-09T09:02:54.000Z,21.37463664,-157.73725624,UAV 1,2,1:3001:1770,ENMORT003,1:1:71:10:1:0:1,0,false,false,false,false,0
FRTRK2002,move to,LOC_남측제1방어선,2026-08-09T09:02:54.000Z,21.38725721,-157.74451940,UAV 1,1,1:3001:1732,FRTRK2002,1:1:225:7:12:8:0,0,false,false,false,false,0
FRT80005,none,,2026-08-09T09:02:54.000Z,21.38083955,-157.74640867,UAV 1,1,1:3001:1570,FRT80005,1:1:222:1:1:1:0,0,false,false,false,false,0
FRTRK2004,move to,LOC_남측제1방어선,2026-08-09T09:02:54.000Z,21.38724488,-157.74440644,UAV 1,1,1:3001:1481,FRTRK2004,1:1:225:7:12:8:0,0,false,false,false,false,0
FRT80004,none,,2026-08-09T09:02:54.000Z,21.38463854,-157.75020991,UAV 1,1,1:3001:1737,FRT80004,1:1:222:1:1:1:0,0,false,false,false,false,0
FRTRK1002,move to,LOC_남측제1방어선,2026-08-09T09:02:54.000Z,21.38737700,-157.74444006,UAV 1,1,1:3001:1758,FRTRK1002,1:1:225:7:12:0:0,0,false,false,false,false,0
FRTRK2001,move to,LOC_남측제1방어선,2026-08-09T09:02:54.000Z,21.38729565,-157.74447736,UAV 1,1,1:3001:1728,FRTRK2001,1:1:225:7:12:8:0,0,false,false,false,false,0
ENMORT005,none,,2026-08-09T09:02:54.000Z,21.37457651,-157.73710572,UAV 1,2,1:3001:1512,ENMORT005,1:1:71:10:1:0:1,0,false,false,false,false,0
ENMORT004,none,,2026-08-09T09:02:54.000Z,21.37447596,-157.73706256,UAV 1,2,1:3001:1535,ENMORT004,1:1:71:10:1:0:1,0,false,false,false,false,0
ENMORT001,none,,2026-08-09T09:02:54.000Z,21.37443553,-157.73716992,UAV 1,2,1:3001:1694,ENMORT001,1:1:71:10:1:0:1,0,false,false,false,false,0
ENMORT002,none,,2026-08-09T09:02:54.000Z,21.37453609,-157.73721308,UAV 1,2,1:3001:1739,ENMORT002,1:1:71:10:1:0:1,0,false,false,false,false,0
ENMORT003,none,,2026-08-09T09:02:54.000Z,21.37463664,-157.73725624,UAV 1,2,1:3001:1770,ENMORT003,1:1:71:10:1:0:1,0,false,false,false,false,0
FRTRK2002,move to,LOC_남측제1방어선,2026-08-09T09:02:54.000Z,21.38725721,-157.74451940,UAV 1,1,1:3001:1732,FRTRK2002,1:1:225:7:12:8:0,0,false,false,false,false,0
FRT80005,none,,2026-08-09T09:02:54.000Z,21.38083955,-157.74640867,UAV 1,1,1:3001:1570,FRT80005,1:1:222:1:1:1:0,0,false,false,false,false,0
FRTRK2004,move to,LOC_남측제1방어선,2026-08-09T09:02:54.000Z,21.38724488,-157.74440644,UAV 1,1,1:3001:1481,FRTRK2004,1:1:225:7:12:8:0,0,false,false,false,false,0
FRT80004,none,,2026-08-09T09:02:54.000Z,21.38463854,-157.75020991,UAV 1,1,1:3001:1737,FRT80004,1:1:222:1:1:1:0,0,false,false,false,false,0
FRTRK1002,move to,LOC_남측제1방어선,2026-08-09T09:02:54.000Z,21.38737700,-157.74444006,UAV 1,1,1:3001:1758,FRTRK1002,1:1:225:7:12:0:0,0,false,false,false,false,0
FRTRK2001,move to,LOC_남측제1방어선,2026-08-09T09:02:54.000Z,21.38729565,-157.74447736,UAV 1,1,1:3001:1728,FRTRK2001,1:1:225:7:12:8:0,0,false,false,false,false,0
ENMORT005,none,,2026-08-09T09:02:55.000Z,21.37457651,-157.73710572,UAV 1,2,1:3001:1512,ENMORT005,1:1:71:10:1:0:1,0,false,false,false,false,0
ENMORT004,none,,2026-08-09T09:02:55.000Z,21.37447596,-157.73706256,UAV 1,2,1:3001:1535,ENMORT004,1:1:71:10:1:0:1,0,false,false,false,false,0
ENMORT001,none,,2026-08-09T09:02:55.000Z,21.37443553,-157.73716992,UAV 1,2,1:3001:1694,ENMORT001,1:1:71:10:1:0:1,0,false,false,false,false,0
ENMORT002,none,,2026-08-09T09:02:55.000Z,21.37453609,-157.73721308,UAV 1,2,1:3001:1739,ENMORT002,1:1:71:10:1:0:1,0,false,false,false,false,0
ENMORT003,none,,2026-08-09T09:02:55.000Z,21.37463664,-157.73725624,UAV 1,2,1:3001:1770,ENMORT003,1:1:71:10:1:0:1,0,false,false,false,false,0
FRTRK2002,move to,LOC_남측제1방어선,2026-08-09T09:02:55.000Z,21.38725713,-157.74451865,UAV 1,1,1:3001:1732,FRTRK2002,1:1:225:7:12:8:0,0,false,false,false,false,0
FRT80005,none,,2026-08-09T09:02:55.000Z,21.38083955,-157.74640867,UAV 1,1,1:3001:1570,FRT80005,1:1:222:1:1:1:0,0,false,false,false,false,0
FRTRK2004,move to,LOC_남측제1방어선,2026-08-09T09:02:55.000Z,21.38724301,-157.74439040,UAV 1,1,1:3001:1481,FRTRK2004,1:1:225:7:12:8:0,0,false,false,false,false,0
FRT80004,none,,2026-08-09T09:02:55.000Z,21.38463854,-157.75020991,UAV 1,1,1:3001:1737,FRT80004,1:1:222:1:1:1:0,0,false,false,false,false,0
FRTRK1002,move to,LOC_남측제1방어선,2026-08-09T09:02:55.000Z,21.38737682,-157.74443880,UAV 1,1,1:3001:1758,FRTRK1002,1:1:225:7:12:0:0,0,false,false,false,false,0
ENM35003,move to,LOC_적북측접근로,2026-08-09T09:02:55.000Z,21.37137205,-157.74156313,UAV 1,2,1:3001:1799,ENM35003,1:1:225:7:1:6:0,0,false,false,false,false,0
ENMORT005,none,,2026-08-09T09:02:55.000Z,21.37457651,-157.73710572,UAV 1,2,1:3001:1512,ENMORT005,1:1:71:10:1:0:1,0,false,false,false,false,0
ENMORT004,none,,2026-08-09T09:02:55.000Z,21.37447596,-157.73706256,UAV 1,2,1:3001:1535,ENMORT004,1:1:71:10:1:0:1,0,false,false,false,false,0
ENMORT001,none,,2026-08-09T09:02:55.000Z,21.37443553,-157.73716992,UAV 1,2,1:3001:1694,ENMORT001,1:1:71:10:1:0:1,0,false,false,false,false,0
ENMORT002,none,,2026-08-09T09:02:55.000Z,21.37453609,-157.73721308,UAV 1,2,1:3001:1739,ENMORT002,1:1:71:10:1:0:1,0,false,false,false,false,0
ENMORT003,none,,2026-08-09T09:02:55.000Z,21.37463664,-157.73725624,UAV 1,2,1:3001:1770,ENMORT003,1:1:71:10:1:0:1,0,false,false,false,false,0
FRTRK2002,move to,LOC_남측제1방어선,2026-08-09T09:02:55.000Z,21.38725713,-157.74451865,UAV 1,1,1:3001:1732,FRTRK2002,1:1:225:7:12:8:0,0,false,false,false,false,0
FRT80005,none,,2026-08-09T09:02:55.000Z,21.38083955,-157.74640867,UAV 1,1,1:3001:1570,FRT80005,1:1:222:1:1:1:0,0,false,false,false,false,0
FRTRK2004,move to,LOC_남측제1방어선,2026-08-09T09:02:55.000Z,21.38724301,-157.74439040,UAV 1,1,1:3001:1481,FRTRK2004,1:1:225:7:12:8:0,0,false,false,false,false,0
FRT80004,none,,2026-08-09T09:02:55.000Z,21.38463854,-157.75020991,UAV 1,1,1:3001:1737,FRT80004,1:1:222:1:1:1:0,0,false,false,false,false,0
FRTRK1002,move to,LOC_남측제1방어선,2026-08-09T09:02:55.000Z,21.38737682,-157.74443880,UAV 1,1,1:3001:1758,FRTRK1002,1:1:225:7:12:0:0,0,false,false,false,false,0
ENM35003,move to,LOC_적북측접근로,2026-08-09T09:02:55.000Z,21.37137205,-157.74156313,UAV 1,2,1:3001:1799,ENM35003,1:1:225:7:1:6:0,0,false,false,false,false,0
ENMORT005,none,,2026-08-09T09:02:56.000Z,21.37457651,-157.73710572,UAV 1,2,1:3001:1512,ENMORT005,1:1:71:10:1:0:1,0,false,false,false,false,0
ENMORT004,none,,2026-08-09T09:02:56.000Z,21.37447596,-157.73706256,UAV 1,2,1:3001:1535,ENMORT004,1:1:71:10:1:0:1,0,false,false,false,false,0
ENMORT001,none,,2026-08-09T09:02:56.000Z,21.37443553,-157.73716992,UAV 1,2,1:3001:1694,ENMORT001,1:1:71:10:1:0:1,0,false,false,false,false,0
ENMORT002,none,,2026-08-09T09:02:56.000Z,21.37453609,-157.73721308,UAV 1,2,1:3001:1739,ENMORT002,1:1:71:10:1:0:1,0,false,false,false,false,0
ENMORT003,none,,2026-08-09T09:02:56.000Z,21.37463664,-157.73725624,UAV 1,2,1:3001:1770,ENMORT003,1:1:71:10:1:0:1,0,false,false,false,false,0
FRTRK2002,move to,LOC_남측제1방어선,2026-08-09T09:02:56.000Z,21.38725713,-157.74451865,UAV 1,1,1:3001:1732,FRTRK2002,1:1:225:7:12:8:0,0,false,false,false,false,0
FRT80005,none,,2026-08-09T09:02:56.000Z,21.38083955,-157.74640867,UAV 1,1,1:3001:1570,FRT80005,1:1:222:1:1:1:0,0,false,false,false,false,0
FRTRK2004,move to,LOC_남측제1방어선,2026-08-09T09:02:56.000Z,21.38724301,-157.74439040,UAV 1,1,1:3001:1481,FRTRK2004,1:1:225:7:12:8:0,0,false,false,false,false,0
FRT80004,none,,2026-08-09T09:02:56.000Z,21.38463854,-157.75020991,UAV 1,1,1:3001:1737,FRT80004,1:1:222:1:1:1:0,0,false,false,false,false,0
FRTRK1002,move to,LOC_남측제1방어선,2026-08-09T09:02:56.000Z,21.38737682,-157.74443880,UAV 1,1,1:3001:1758,FRTRK1002,1:1:225:7:12:0:0,0,false,false,false,false,0
ENM35003,move to,LOC_적북측접근로,2026-08-09T09:02:56.000Z,21.37137205,-157.74156313,UAV 1,2,1:3001:1799,ENM35003,1:1:225:7:1:6:0,0,false,false,false,false,0
ENMORT005,none,,2026-08-09T09:02:56.000Z,21.37457651,-157.73710572,UAV 1,2,1:3001:1512,ENMORT005,1:1:71:10:1:0:1,0,false,false,false,false,0
ENMORT004,none,,2026-08-09T09:02:56.000Z,21.37447596,-157.73706256,UAV 1,2,1:3001:1535,ENMORT004,1:1:71:10:1:0:1,0,false,false,false,false,0
ENMORT001,none,,2026-08-09T09:02:56.000Z,21.37443553,-157.73716992,UAV 1,2,1:3001:1694,ENMORT001,1:1:71:10:1:0:1,0,false,false,false,false,0
ENMORT002,none,,2026-08-09T09:02:56.000Z,21.37453609,-157.73721308,UAV 1,2,1:3001:1739,ENMORT002,1:1:71:10:1:0:1,0,false,false,false,false,0
ENMORT003,none,,2026-08-09T09:02:56.000Z,21.37463664,-157.73725624,UAV 1,2,1:3001:1770,ENMORT003,1:1:71:10:1:0:1,0,false,false,false,false,0
FRTRK2002,move to,LOC_남측제1방어선,2026-08-09T09:02:56.000Z,21.38725713,-157.74451865,UAV 1,1,1:3001:1732,FRTRK2002,1:1:225:7:12:8:0,0,false,false,false,false,0
FRT80005,none,,2026-08-09T09:02:56.000Z,21.38083955,-157.74640867,UAV 1,1,1:3001:1570,FRT80005,1:1:222:1:1:1:0,0,false,false,false,false,0
FRTRK2004,move to,LOC_남측제1방어선,2026-08-09T09:02:56.000Z,21.38724301,-157.74439040,UAV 1,1,1:3001:1481,FRTRK2004,1:1:225:7:12:8:0,0,false,false,false,false,0
FRT80004,none,,2026-08-09T09:02:56.000Z,21.38463854,-157.75020991,UAV 1,1,1:3001:1737,FRT80004,1:1:222:1:1:1:0,0,false,false,false,false,0
FRTRK1002,move to,LOC_남측제1방어선,2026-08-09T09:02:56.000Z,21.38737682,-157.74443880,UAV 1,1,1:3001:1758,FRTRK1002,1:1:225:7:12:0:0,0,false,false,false,false,0
ENM35003,move to,LOC_적북측접근로,2026-08-09T09:02:56.000Z,21.37137205,-157.74156313,UAV 1,2,1:3001:1799,ENM35003,1:1:225:7:1:6:0,0,false,false,false,false,0
ENMORT005,none,,2026-08-09T09:02:57.000Z,21.37457651,-157.73710572,UAV 1,2,1:3001:1512,ENMORT005,1:1:71:10:1:0:1,0,false,false,false,false,0
ENMORT004,none,,2026-08-09T09:02:57.000Z,21.37447596,-157.73706256,UAV 1,2,1:3001:1535,ENMORT004,1:1:71:10:1:0:1,0,false,false,false,false,0
ENMORT001,none,,2026-08-09T09:02:57.000Z,21.37443553,-157.73716992,UAV 1,2,1:3001:1694,ENMORT001,1:1:71:10:1:0:1,0,false,false,false,false,0
ENMORT002,none,,2026-08-09T09:02:57.000Z,21.37453609,-157.73721308,UAV 1,2,1:3001:1739,ENMORT002,1:1:71:10:1:0:1,0,false,false,false,false,0
ENMORT003,none,,2026-08-09T09:02:57.000Z,21.37463664,-157.73725624,UAV 1,2,1:3001:1770,ENMORT003,1:1:71:10:1:0:1,0,false,false,false,false,0
FRTRK2002,move to,LOC_남측제1방어선,2026-08-09T09:02:57.000Z,21.38725753,-157.74452216,UAV 1,1,1:3001:1732,FRTRK2002,1:1:225:7:12:8:0,0,false,false,false,false,0
FRT80005,none,,2026-08-09T09:02:57.000Z,21.38083955,-157.74640867,UAV 1,1,1:3001:1570,FRT80005,1:1:222:1:1:1:0,0,false,false,false,false,0
FRTRK2004,move to,LOC_남측제1방어선,2026-08-09T09:02:57.000Z,21.38724199,-157.74438161,UAV 1,1,1:3001:1481,FRTRK2004,1:1:225:7:12:8:0,0,false,false,false,false,0
FRT80004,none,,2026-08-09T09:02:57.000Z,21.38463854,-157.75020991,UAV 1,1,1:3001:1737,FRT80004,1:1:222:1:1:1:0,0,false,false,false,false,0
FRTRK1002,move to,LOC_남측제1방어선,2026-08-09T09:02:57.000Z,21.38737968,-157.74445917,UAV 1,1,1:3001:1758,FRTRK1002,1:1:225:7:12:0:0,0,false,false,false,false,0
ENMORT005,none,,2026-08-09T09:02:58.000Z,21.37457651,-157.73710572,UAV 1,2,1:3001:1512,ENMORT005,1:1:71:10:1:0:1,0,false,false,false,false,0
ENMORT004,none,,2026-08-09T09:02:58.000Z,21.37447596,-157.73706256,UAV 1,2,1:3001:1535,ENMORT004,1:1:71:10:1:0:1,0,false,false,false,false,0
ENMORT001,none,,2026-08-09T09:02:58.000Z,21.37443553,-157.73716992,UAV 1,2,1:3001:1694,ENMORT001,1:1:71:10:1:0:1,0,false,false,false,false,0
ENMORT002,none,,2026-08-09T09:02:58.000Z,21.37453609,-157.73721308,UAV 1,2,1:3001:1739,ENMORT002,1:1:71:10:1:0:1,0,false,false,false,false,0
ENMORT003,none,,2026-08-09T09:02:58.000Z,21.37463664,-157.73725624,UAV 1,2,1:3001:1770,ENMORT003,1:1:71:10:1:0:1,0,false,false,false,false,0
FRTRK2002,move to,LOC_남측제1방어선,2026-08-09T09:02:58.000Z,21.38725753,-157.74452216,UAV 1,1,1:3001:1732,FRTRK2002,1:1:225:7:12:8:0,0,false,false,false,false,0
FRT80005,none,,2026-08-09T09:02:58.000Z,21.38083955,-157.74640867,UAV 1,1,1:3001:1570,FRT80005,1:1:222:1:1:1:0,0,false,false,false,false,0
FRTRK2004,move to,LOC_남측제1방어선,2026-08-09T09:02:58.000Z,21.38724199,-157.74438161,UAV 1,1,1:3001:1481,FRTRK2004,1:1:225:7:12:8:0,0,false,false,false,false,0
FRT80004,none,,2026-08-09T09:02:58.000Z,21.38463854,-157.75020991,UAV 1,1,1:3001:1737,FRT80004,1:1:222:1:1:1:0,0,false,false,false,false,0
FRTRK1002,move to,LOC_남측제1방어선,2026-08-09T09:02:58.000Z,21.38737968,-157.74445917,UAV 1,1,1:3001:1758,FRTRK1002,1:1:225:7:12:0:0,0,false,false,false,false,0
ENMORT005,none,,2026-08-09T09:02:58.000Z,21.37457651,-157.73710572,UAV 1,2,1:3001:1512,ENMORT005,1:1:71:10:1:0:1,0,false,false,false,false,0
ENMORT004,none,,2026-08-09T09:02:58.000Z,21.37447596,-157.73706256,UAV 1,2,1:3001:1535,ENMORT004,1:1:71:10:1:0:1,0,false,false,false,false,0
ENMORT001,none,,2026-08-09T09:02:58.000Z,21.37443553,-157.73716992,UAV 1,2,1:3001:1694,ENMORT001,1:1:71:10:1:0:1,0,false,false,false,false,0
ENMORT002,none,,2026-08-09T09:02:58.000Z,21.37453609,-157.73721308,UAV 1,2,1:3001:1739,ENMORT002,1:1:71:10:1:0:1,0,false,false,false,false,0
ENMORT003,none,,2026-08-09T09:02:58.000Z,21.37463664,-157.73725624,UAV 1,2,1:3001:1770,ENMORT003,1:1:71:10:1:0:1,0,false,false,false,false,0
FRTRK2002,move to,LOC_남측제1방어선,2026-08-09T09:02:58.000Z,21.38725753,-157.74452216,UAV 1,1,1:3001:1732,FRTRK2002,1:1:225:7:12:8:0,0,false,false,false,false,0
FRT80005,none,,2026-08-09T09:02:58.000Z,21.38083955,-157.74640867,UAV 1,1,1:3001:1570,FRT80005,1:1:222:1:1:1:0,0,false,false,false,false,0
FRTRK2004,move to,LOC_남측제1방어선,2026-08-09T09:02:58.000Z,21.38724199,-157.74438161,UAV 1,1,1:3001:1481,FRTRK2004,1:1:225:7:12:8:0,0,false,false,false,false,0
FRT80004,none,,2026-08-09T09:02:58.000Z,21.38463854,-157.75020991,UAV 1,1,1:3001:1737,FRT80004,1:1:222:1:1:1:0,0,false,false,false,false,0
FRTRK1002,move to,LOC_남측제1방어선,2026-08-09T09:02:58.000Z,21.38737968,-157.74445917,UAV 1,1,1:3001:1758,FRTRK1002,1:1:225:7:12:0:0,0,false,false,false,false,0
ENMORT005,none,,2026-08-09T09:02:59.000Z,21.37457651,-157.73710572,UAV 1,2,1:3001:1512,ENMORT005,1:1:71:10:1:0:1,0,false,false,false,false,0
ENMORT004,none,,2026-08-09T09:02:59.000Z,21.37447596,-157.73706256,UAV 1,2,1:3001:1535,ENMORT004,1:1:71:10:1:0:1,0,false,false,false,false,0
ENMORT001,none,,2026-08-09T09:02:59.000Z,21.37443553,-157.73716992,UAV 1,2,1:3001:1694,ENMORT001,1:1:71:10:1:0:1,0,false,false,false,false,0
ENMORT002,none,,2026-08-09T09:02:59.000Z,21.37453609,-157.73721308,UAV 1,2,1:3001:1739,ENMORT002,1:1:71:10:1:0:1,0,false,false,false,false,0
ENMORT003,none,,2026-08-09T09:02:59.000Z,21.37463664,-157.73725624,UAV 1,2,1:3001:1770,ENMORT003,1:1:71:10:1:0:1,0,false,false,false,false,0
FRTRK2002,move to,LOC_남측제1방어선,2026-08-09T09:02:59.000Z,21.38725753,-157.74452216,UAV 1,1,1:3001:1732,FRTRK2002,1:1:225:7:12:8:0,0,false,false,false,false,0
FRT80005,none,,2026-08-09T09:02:59.000Z,21.38083955,-157.74640867,UAV 1,1,1:3001:1570,FRT80005,1:1:222:1:1:1:0,0,false,false,false,false,0
FRTRK2004,move to,LOC_남측제1방어선,2026-08-09T09:02:59.000Z,21.38724199,-157.74438161,UAV 1,1,1:3001:1481,FRTRK2004,1:1:225:7:12:8:0,0,false,false,false,false,0
FRT80004,none,,2026-08-09T09:02:59.000Z,21.38463854,-157.75020991,UAV 1,1,1:3001:1737,FRT80004,1:1:222:1:1:1:0,0,false,false,false,false,0
FRTRK1002,move to,LOC_남측제1방어선,2026-08-09T09:02:59.000Z,21.38737968,-157.74445917,UAV 1,1,1:3001:1758,FRTRK1002,1:1:225:7:12:0:0,0,false,false,false,false,0
ENMORT005,none,,2026-08-09T09:02:59.000Z,21.37457651,-157.73710572,UAV 1,2,1:3001:1512,ENMORT005,1:1:71:10:1:0:1,0,false,false,false,false,0
ENMORT004,none,,2026-08-09T09:02:59.000Z,21.37447596,-157.73706256,UAV 1,2,1:3001:1535,ENMORT004,1:1:71:10:1:0:1,0,false,false,false,false,0
ENMORT001,none,,2026-08-09T09:02:59.000Z,21.37443553,-157.73716992,UAV 1,2,1:3001:1694,ENMORT001,1:1:71:10:1:0:1,0,false,false,false,false,0
ENMORT002,none,,2026-08-09T09:02:59.000Z,21.37453609,-157.73721308,UAV 1,2,1:3001:1739,ENMORT002,1:1:71:10:1:0:1,0,false,false,false,false,0
ENMORT003,none,,2026-08-09T09:02:59.000Z,21.37463664,-157.73725624,UAV 1,2,1:3001:1770,ENMORT003,1:1:71:10:1:0:1,0,false,false,false,false,0
FRTRK2002,move to,LOC_남측제1방어선,2026-08-09T09:02:59.000Z,21.38725817,-157.74452772,UAV 1,1,1:3001:1732,FRTRK2002,1:1:225:7:12:8:0,0,false,false,false,false,0
FRT80005,none,,2026-08-09T09:02:59.000Z,21.38083955,-157.74640867,UAV 1,1,1:3001:1570,FRT80005,1:1:222:1:1:1:0,0,false,false,false,false,0
FRTRK2004,move to,LOC_남측제1방어선,2026-08-09T09:02:59.000Z,21.38724200,-157.74438164,UAV 1,1,1:3001:1481,FRTRK2004,1:1:225:7:12:8:0,0,false,false,false,false,0
FRT80004,none,,2026-08-09T09:02:59.000Z,21.38463854,-157.75020991,UAV 1,1,1:3001:1737,FRT80004,1:1:222:1:1:1:0,0,false,false,false,false,0
FRTRK1001,move to,LOC_남측제1방어선,2026-08-09T09:02:59.000Z,21.38742730,-157.74448790,UAV 1,1,1:3001:1548,FRTRK1001,1:1:225:7:12:0:0,0,false,false,false,false,0
ENMORT005,none,,2026-08-09T09:03:00.000Z,21.37457651,-157.73710572,UAV 1,2,1:3001:1512,ENMORT005,1:1:71:10:1:0:1,0,false,false,false,false,0
ENMORT004,none,,2026-08-09T09:03:00.000Z,21.37447596,-157.73706256,UAV 1,2,1:3001:1535,ENMORT004,1:1:71:10:1:0:1,0,false,false,false,false,0
ENMORT001,none,,2026-08-09T09:03:00.000Z,21.37443553,-157.73716992,UAV 1,2,1:3001:1694,ENMORT001,1:1:71:10:1:0:1,0,false,false,false,false,0
ENMORT002,none,,2026-08-09T09:03:00.000Z,21.37453609,-157.73721308,UAV 1,2,1:3001:1739,ENMORT002,1:1:71:10:1:0:1,0,false,false,false,false,0
ENMORT003,none,,2026-08-09T09:03:00.000Z,21.37463664,-157.73725624,UAV 1,2,1:3001:1770,ENMORT003,1:1:71:10:1:0:1,0,false,false,false,false,0
FRTRK2002,move to,LOC_남측제1방어선,2026-08-09T09:03:00.000Z,21.38725817,-157.74452772,UAV 1,1,1:3001:1732,FRTRK2002,1:1:225:7:12:8:0,0,false,false,false,false,0
FRT80005,none,,2026-08-09T09:03:00.000Z,21.38083955,-157.74640867,UAV 1,1,1:3001:1570,FRT80005,1:1:222:1:1:1:0,0,false,false,false,false,0
FRTRK2004,move to,LOC_남측제1방어선,2026-08-09T09:03:00.000Z,21.38724200,-157.74438164,UAV 1,1,1:3001:1481,FRTRK2004,1:1:225:7:12:8:0,0,false,false,false,false,0
FRT80004,none,,2026-08-09T09:03:00.000Z,21.38463854,-157.75020991,UAV 1,1,1:3001:1737,FRT80004,1:1:222:1:1:1:0,0,false,false,false,false,0
FRTRK1001,move to,LOC_남측제1방어선,2026-08-09T09:03:00.000Z,21.38742730,-157.74448790,UAV 1,1,1:3001:1548,FRTRK1001,1:1:225:7:12:0:0,0,false,false,false,false,0
ENMORT005,none,,2026-08-09T09:03:01.000Z,21.37457651,-157.73710572,UAV 1,2,1:3001:1512,ENMORT005,1:1:71:10:1:0:1,0,false,false,false,false,0
ENMORT004,none,,2026-08-09T09:03:01.000Z,21.37447596,-157.73706256,UAV 1,2,1:3001:1535,ENMORT004,1:1:71:10:1:0:1,0,false,false,false,false,0
ENMORT001,none,,2026-08-09T09:03:01.000Z,21.37443553,-157.73716992,UAV 1,2,1:3001:1694,ENMORT001,1:1:71:10:1:0:1,0,false,false,false,false,0
ENMORT002,none,,2026-08-09T09:03:01.000Z,21.37453609,-157.73721308,UAV 1,2,1:3001:1739,ENMORT002,1:1:71:10:1:0:1,0,false,false,false,false,0
ENMORT003,none,,2026-08-09T09:03:01.000Z,21.37463664,-157.73725624,UAV 1,2,1:3001:1770,ENMORT003,1:1:71:10:1:0:1,0,false,false,false,false,0
FRTRK2002,move to,LOC_남측제1방어선,2026-08-09T09:03:01.000Z,21.38725817,-157.74452772,UAV 1,1,1:3001:1732,FRTRK2002,1:1:225:7:12:8:0,0,false,false,false,false,0
FRT80005,none,,2026-08-09T09:03:01.000Z,21.38083955,-157.74640867,UAV 1,1,1:3001:1570,FRT80005,1:1:222:1:1:1:0,0,false,false,false,false,0
FRTRK2004,move to,LOC_남측제1방어선,2026-08-09T09:03:01.000Z,21.38724200,-157.74438164,UAV 1,1,1:3001:1481,FRTRK2004,1:1:225:7:12:8:0,0,false,false,false,false,0
FRT80004,none,,2026-08-09T09:03:01.000Z,21.38463854,-157.75020991,UAV 1,1,1:3001:1737,FRT80004,1:1:222:1:1:1:0,0,false,false,false,false,0
FRTRK1001,move to,LOC_남측제1방어선,2026-08-09T09:03:01.000Z,21.38742730,-157.74448790,UAV 1,1,1:3001:1548,FRTRK1001,1:1:225:7:12:0:0,0,false,false,false,false,0
ENMORT005,none,,2026-08-09T09:03:01.000Z,21.37457651,-157.73710572,UAV 1,2,1:3001:1512,ENMORT005,1:1:71:10:1:0:1,0,false,false,false,false,0
ENMORT004,none,,2026-08-09T09:03:01.000Z,21.37447596,-157.73706256,UAV 1,2,1:3001:1535,ENMORT004,1:1:71:10:1:0:1,0,false,false,false,false,0
ENMORT001,none,,2026-08-09T09:03:01.000Z,21.37443553,-157.73716992,UAV 1,2,1:3001:1694,ENMORT001,1:1:71:10:1:0:1,0,false,false,false,false,0
ENMORT002,none,,2026-08-09T09:03:01.000Z,21.37453609,-157.73721308,UAV 1,2,1:3001:1739,ENMORT002,1:1:71:10:1:0:1,0,false,false,false,false,0
ENMORT003,none,,2026-08-09T09:03:01.000Z,21.37463664,-157.73725624,UAV 1,2,1:3001:1770,ENMORT003,1:1:71:10:1:0:1,0,false,false,false,false,0
FRTRK2002,move to,LOC_남측제1방어선,2026-08-09T09:03:01.000Z,21.38725870,-157.74453224,UAV 1,1,1:3001:1732,FRTRK2002,1:1:225:7:12:8:0,0,false,false,false,false,0
FRT80005,none,,2026-08-09T09:03:01.000Z,21.38083955,-157.74640867,UAV 1,1,1:3001:1570,FRT80005,1:1:222:1:1:1:0,0,false,false,false,false,0
FRTRK2004,move to,LOC_남측제1방어선,2026-08-09T09:03:01.000Z,21.38724291,-157.74438955,UAV 1,1,1:3001:1481,FRTRK2004,1:1:225:7:12:8:0,0,false,false,false,false,0
FRT80004,none,,2026-08-09T09:03:01.000Z,21.38463854,-157.75020991,UAV 1,1,1:3001:1737,FRT80004,1:1:222:1:1:1:0,0,false,false,false,false,0
ENMORT005,none,,2026-08-09T09:03:02.000Z,21.37457651,-157.73710572,UAV 1,2,1:3001:1512,ENMORT005,1:1:71:10:1:0:1,0,false,false,false,false,0
ENMORT004,none,,2026-08-09T09:03:02.000Z,21.37447596,-157.73706256,UAV 1,2,1:3001:1535,ENMORT004,1:1:71:10:1:0:1,0,false,false,false,false,0
ENMORT001,none,,2026-08-09T09:03:02.000Z,21.37443553,-157.73716992,UAV 1,2,1:3001:1694,ENMORT001,1:1:71:10:1:0:1,0,false,false,false,false,0
ENMORT002,none,,2026-08-09T09:03:02.000Z,21.37453609,-157.73721308,UAV 1,2,1:3001:1739,ENMORT002,1:1:71:10:1:0:1,0,false,false,false,false,0
ENMORT003,none,,2026-08-09T09:03:02.000Z,21.37463664,-157.73725624,UAV 1,2,1:3001:1770,ENMORT003,1:1:71:10:1:0:1,0,false,false,false,false,0
FRTRK2002,move to,LOC_남측제1방어선,2026-08-09T09:03:02.000Z,21.38725870,-157.74453224,UAV 1,1,1:3001:1732,FRTRK2002,1:1:225:7:12:8:0,0,false,false,false,false,0
FRT80005,none,,2026-08-09T09:03:02.000Z,21.38083955,-157.74640867,UAV 1,1,1:3001:1570,FRT80005,1:1:222:1:1:1:0,0,false,false,false,false,0
FRTRK2004,move to,LOC_남측제1방어선,2026-08-09T09:03:02.000Z,21.38724291,-157.74438955,UAV 1,1,1:3001:1481,FRTRK2004,1:1:225:7:12:8:0,0,false,false,false,false,0
FRT80004,none,,2026-08-09T09:03:02.000Z,21.38463854,-157.75020991,UAV 1,1,1:3001:1737,FRT80004,1:1:222:1:1:1:0,0,false,false,false,false,0
ENMORT005,none,,2026-08-09T09:03:02.000Z,21.37457651,-157.73710572,UAV 1,2,1:3001:1512,ENMORT005,1:1:71:10:1:0:1,0,false,false,false,false,0
ENMORT004,none,,2026-08-09T09:03:02.000Z,21.37447596,-157.73706256,UAV 1,2,1:3001:1535,ENMORT004,1:1:71:10:1:0:1,0,false,false,false,false,0
ENMORT001,none,,2026-08-09T09:03:02.000Z,21.37443553,-157.73716992,UAV 1,2,1:3001:1694,ENMORT001,1:1:71:10:1:0:1,0,false,false,false,false,0
ENMORT002,none,,2026-08-09T09:03:02.000Z,21.37453609,-157.73721308,UAV 1,2,1:3001:1739,ENMORT002,1:1:71:10:1:0:1,0,false,false,false,false,0
ENMORT003,none,,2026-08-09T09:03:02.000Z,21.37463664,-157.73725624,UAV 1,2,1:3001:1770,ENMORT003,1:1:71:10:1:0:1,0,false,false,false,false,0
FRTRK2002,move to,LOC_남측제1방어선,2026-08-09T09:03:02.000Z,21.38725870,-157.74453224,UAV 1,1,1:3001:1732,FRTRK2002,1:1:225:7:12:8:0,0,false,false,false,false,0
FRT80005,none,,2026-08-09T09:03:02.000Z,21.38083955,-157.74640867,UAV 1,1,1:3001:1570,FRT80005,1:1:222:1:1:1:0,0,false,false,false,false,0
FRTRK2004,move to,LOC_남측제1방어선,2026-08-09T09:03:02.000Z,21.38724291,-157.74438955,UAV 1,1,1:3001:1481,FRTRK2004,1:1:225:7:12:8:0,0,false,false,false,false,0
FRT80004,none,,2026-08-09T09:03:02.000Z,21.38463854,-157.75020991,UAV 1,1,1:3001:1737,FRT80004,1:1:222:1:1:1:0,0,false,false,false,false,0
ENMORT005,none,,2026-08-09T09:03:03.000Z,21.37457651,-157.73710572,UAV 1,2,1:3001:1512,ENMORT005,1:1:71:10:1:0:1,0,false,false,false,false,0
ENMORT004,none,,2026-08-09T09:03:03.000Z,21.37447596,-157.73706256,UAV 1,2,1:3001:1535,ENMORT004,1:1:71:10:1:0:1,0,false,false,false,false,0
ENMORT001,none,,2026-08-09T09:03:03.000Z,21.37443553,-157.73716992,UAV 1,2,1:3001:1694,ENMORT001,1:1:71:10:1:0:1,0,false,false,false,false,0
ENMORT002,none,,2026-08-09T09:03:03.000Z,21.37453609,-157.73721308,UAV 1,2,1:3001:1739,ENMORT002,1:1:71:10:1:0:1,0,false,false,false,false,0
ENMORT003,none,,2026-08-09T09:03:03.000Z,21.37463664,-157.73725624,UAV 1,2,1:3001:1770,ENMORT003,1:1:71:10:1:0:1,0,false,false,false,false,0
FRTRK2002,move to,LOC_남측제1방어선,2026-08-09T09:03:03.000Z,21.38725884,-157.74453348,UAV 1,1,1:3001:1732,FRTRK2002,1:1:225:7:12:8:0,0,false,false,false,false,0
FRT80005,none,,2026-08-09T09:03:03.000Z,21.38083955,-157.74640867,UAV 1,1,1:3001:1570,FRT80005,1:1:222:1:1:1:0,0,false,false,false,false,0
FRTRK2004,move to,LOC_남측제1방어선,2026-08-09T09:03:03.000Z,21.38724424,-157.74440096,UAV 1,1,1:3001:1481,FRTRK2004,1:1:225:7:12:8:0,0,false,false,false,false,0
FRT80004,none,,2026-08-09T09:03:03.000Z,21.38463854,-157.75020991,UAV 1,1,1:3001:1737,FRT80004,1:1:222:1:1:1:0,0,false,false,false,false,0
ENMORT005,none,,2026-08-09T09:03:04.000Z,21.37457651,-157.73710572,UAV 1,2,1:3001:1512,ENMORT005,1:1:71:10:1:0:1,0,false,false,false,false,0
ENMORT004,none,,2026-08-09T09:03:04.000Z,21.37447596,-157.73706256,UAV 1,2,1:3001:1535,ENMORT004,1:1:71:10:1:0:1,0,false,false,false,false,0
ENMORT001,none,,2026-08-09T09:03:04.000Z,21.37443553,-157.73716992,UAV 1,2,1:3001:1694,ENMORT001,1:1:71:10:1:0:1,0,false,false,false,false,0
ENMORT002,none,,2026-08-09T09:03:04.000Z,21.37453609,-157.73721308,UAV 1,2,1:3001:1739,ENMORT002,1:1:71:10:1:0:1,0,false,false,false,false,0
ENMORT003,none,,2026-08-09T09:03:04.000Z,21.37463664,-157.73725624,UAV 1,2,1:3001:1770,ENMORT003,1:1:71:10:1:0:1,0,false,false,false,false,0
FRTRK2002,move to,LOC_남측제1방어선,2026-08-09T09:03:04.000Z,21.38725884,-157.74453348,UAV 1,1,1:3001:1732,FRTRK2002,1:1:225:7:12:8:0,0,false,false,false,false,0
FRT80005,none,,2026-08-09T09:03:04.000Z,21.38083955,-157.74640867,UAV 1,1,1:3001:1570,FRT80005,1:1:222:1:1:1:0,0,false,false,false,false,0
FRTRK2004,move to,LOC_남측제1방어선,2026-08-09T09:03:04.000Z,21.38724424,-157.74440096,UAV 1,1,1:3001:1481,FRTRK2004,1:1:225:7:12:8:0,0,false,false,false,false,0
FRT80004,none,,2026-08-09T09:03:04.000Z,21.38463854,-157.75020991,UAV 1,1,1:3001:1737,FRT80004,1:1:222:1:1:1:0,0,false,false,false,false,0
ENMORT005,none,,2026-08-09T09:03:04.000Z,21.37457651,-157.73710572,UAV 1,2,1:3001:1512,ENMORT005,1:1:71:10:1:0:1,0,false,false,false,false,0
ENMORT004,none,,2026-08-09T09:03:04.000Z,21.37447596,-157.73706256,UAV 1,2,1:3001:1535,ENMORT004,1:1:71:10:1:0:1,0,false,false,false,false,0
ENMORT001,none,,2026-08-09T09:03:04.000Z,21.37443553,-157.73716992,UAV 1,2,1:3001:1694,ENMORT001,1:1:71:10:1:0:1,0,false,false,false,false,0
ENMORT002,none,,2026-08-09T09:03:04.000Z,21.37453609,-157.73721308,UAV 1,2,1:3001:1739,ENMORT002,1:1:71:10:1:0:1,0,false,false,false,false,0
ENMORT003,none,,2026-08-09T09:03:04.000Z,21.37463664,-157.73725624,UAV 1,2,1:3001:1770,ENMORT003,1:1:71:10:1:0:1,0,false,false,false,false,0
FRTRK2002,move to,LOC_남측제1방어선,2026-08-09T09:03:04.000Z,21.38725884,-157.74453348,UAV 1,1,1:3001:1732,FRTRK2002,1:1:225:7:12:8:0,0,false,false,false,false,0
FRT80005,none,,2026-08-09T09:03:04.000Z,21.38083955,-157.74640867,UAV 1,1,1:3001:1570,FRT80005,1:1:222:1:1:1:0,0,false,false,false,false,0
FRTRK2004,move to,LOC_남측제1방어선,2026-08-09T09:03:04.000Z,21.38724424,-157.74440096,UAV 1,1,1:3001:1481,FRTRK2004,1:1:225:7:12:8:0,0,false,false,false,false,0
FRT80004,none,,2026-08-09T09:03:04.000Z,21.38463854,-157.75020991,UAV 1,1,1:3001:1737,FRT80004,1:1:222:1:1:1:0,0,false,false,false,false,0
ENMORT005,none,,2026-08-09T09:03:05.000Z,21.37457651,-157.73710572,UAV 1,2,1:3001:1512,ENMORT005,1:1:71:10:1:0:1,0,false,false,false,false,0
ENMORT004,none,,2026-08-09T09:03:05.000Z,21.37447596,-157.73706256,UAV 1,2,1:3001:1535,ENMORT004,1:1:71:10:1:0:1,0,false,false,false,false,0
ENMORT001,none,,2026-08-09T09:03:05.000Z,21.37443553,-157.73716992,UAV 1,2,1:3001:1694,ENMORT001,1:1:71:10:1:0:1,0,false,false,false,false,0
ENMORT002,none,,2026-08-09T09:03:05.000Z,21.37453609,-157.73721308,UAV 1,2,1:3001:1739,ENMORT002,1:1:71:10:1:0:1,0,false,false,false,false,0
ENMORT003,none,,2026-08-09T09:03:05.000Z,21.37463664,-157.73725624,UAV 1,2,1:3001:1770,ENMORT003,1:1:71:10:1:0:1,0,false,false,false,false,0
FRTRK2002,move to,LOC_남측제1방어선,2026-08-09T09:03:05.000Z,21.38725884,-157.74453348,UAV 1,1,1:3001:1732,FRTRK2002,1:1:225:7:12:8:0,0,false,false,false,false,0
FRT80005,none,,2026-08-09T09:03:05.000Z,21.38083955,-157.74640867,UAV 1,1,1:3001:1570,FRT80005,1:1:222:1:1:1:0,0,false,false,false,false,0
FRTRK2004,move to,LOC_남측제1방어선,2026-08-09T09:03:05.000Z,21.38724424,-157.74440096,UAV 1,1,1:3001:1481,FRTRK2004,1:1:225:7:12:8:0,0,false,false,false,false,0
FRT80004,none,,2026-08-09T09:03:05.000Z,21.38463854,-157.75020991,UAV 1,1,1:3001:1737,FRT80004,1:1:222:1:1:1:0,0,false,false,false,false,0
ENMORT005,none,,2026-08-09T09:03:05.000Z,21.37457651,-157.73710572,UAV 1,2,1:3001:1512,ENMORT005,1:1:71:10:1:0:1,0,false,false,false,false,0
ENMORT004,none,,2026-08-09T09:03:05.000Z,21.37447596,-157.73706256,UAV 1,2,1:3001:1535,ENMORT004,1:1:71:10:1:0:1,0,false,false,false,false,0
ENMORT001,none,,2026-08-09T09:03:05.000Z,21.37443553,-157.73716992,UAV 1,2,1:3001:1694,ENMORT001,1:1:71:10:1:0:1,0,false,false,false,false,0
ENMORT002,none,,2026-08-09T09:03:05.000Z,21.37453609,-157.73721308,UAV 1,2,1:3001:1739,ENMORT002,1:1:71:10:1:0:1,0,false,false,false,false,0
ENMORT003,none,,2026-08-09T09:03:05.000Z,21.37463664,-157.73725624,UAV 1,2,1:3001:1770,ENMORT003,1:1:71:10:1:0:1,0,false,false,false,false,0
FRTRK2002,move to,LOC_남측제1방어선,2026-08-09T09:03:05.000Z,21.38725852,-157.74453071,UAV 1,1,1:3001:1732,FRTRK2002,1:1:225:7:12:8:0,0,false,false,false,false,0
FRT80005,none,,2026-08-09T09:03:05.000Z,21.38083955,-157.74640867,UAV 1,1,1:3001:1570,FRT80005,1:1:222:1:1:1:0,0,false,false,false,false,0
FRTRK2004,move to,LOC_남측제1방어선,2026-08-09T09:03:05.000Z,21.38724599,-157.74441603,UAV 1,1,1:3001:1481,FRTRK2004,1:1:225:7:12:8:0,0,false,false,false,false,0
FRT80004,none,,2026-08-09T09:03:05.000Z,21.38463854,-157.75020991,UAV 1,1,1:3001:1737,FRT80004,1:1:222:1:1:1:0,0,false,false,false,false,0
FRTRK1002,move to,LOC_남측제1방어선,2026-08-09T09:03:05.000Z,21.38738228,-157.74447775,UAV 1,1,1:3001:1758,FRTRK1002,1:1:225:7:12:0:0,0,false,false,false,false,0
ENM35003,move to,LOC_적북측접근로,2026-08-09T09:03:05.000Z,21.37135451,-157.74163727,UAV 1,2,1:3001:1799,ENM35003,1:1:225:7:1:6:0,0,false,false,false,false,0
ENMORT005,none,,2026-08-09T09:03:06.000Z,21.37457651,-157.73710572,UAV 1,2,1:3001:1512,ENMORT005,1:1:71:10:1:0:1,0,false,false,false,false,0
ENMORT004,none,,2026-08-09T09:03:06.000Z,21.37447596,-157.73706256,UAV 1,2,1:3001:1535,ENMORT004,1:1:71:10:1:0:1,0,false,false,false,false,0
ENMORT001,none,,2026-08-09T09:03:06.000Z,21.37443553,-157.73716992,UAV 1,2,1:3001:1694,ENMORT001,1:1:71:10:1:0:1,0,false,false,false,false,0
ENMORT002,none,,2026-08-09T09:03:06.000Z,21.37453609,-157.73721308,UAV 1,2,1:3001:1739,ENMORT002,1:1:71:10:1:0:1,0,false,false,false,false,0
ENMORT003,none,,2026-08-09T09:03:06.000Z,21.37463664,-157.73725624,UAV 1,2,1:3001:1770,ENMORT003,1:1:71:10:1:0:1,0,false,false,false,false,0
FRTRK2002,move to,LOC_남측제1방어선,2026-08-09T09:03:06.000Z,21.38725852,-157.74453071,UAV 1,1,1:3001:1732,FRTRK2002,1:1:225:7:12:8:0,0,false,false,false,false,0
FRT80005,none,,2026-08-09T09:03:06.000Z,21.38083955,-157.74640867,UAV 1,1,1:3001:1570,FRT80005,1:1:222:1:1:1:0,0,false,false,false,false,0
FRTRK2004,move to,LOC_남측제1방어선,2026-08-09T09:03:06.000Z,21.38724599,-157.74441603,UAV 1,1,1:3001:1481,FRTRK2004,1:1:225:7:12:8:0,0,false,false,false,false,0
FRT80004,none,,2026-08-09T09:03:06.000Z,21.38463854,-157.75020991,UAV 1,1,1:3001:1737,FRT80004,1:1:222:1:1:1:0,0,false,false,false,false,0
FRTRK1002,move to,LOC_남측제1방어선,2026-08-09T09:03:06.000Z,21.38738228,-157.74447775,UAV 1,1,1:3001:1758,FRTRK1002,1:1:225:7:12:0:0,0,false,false,false,false,0
ENM35003,move to,LOC_적북측접근로,2026-08-09T09:03:06.000Z,21.37135451,-157.74163727,UAV 1,2,1:3001:1799,ENM35003,1:1:225:7:1:6:0,0,false,false,false,false,0
ENMORT005,none,,2026-08-09T09:03:06.000Z,21.37457651,-157.73710572,UAV 1,2,1:3001:1512,ENMORT005,1:1:71:10:1:0:1,0,false,false,false,false,0
ENMORT004,none,,2026-08-09T09:03:06.000Z,21.37447596,-157.73706256,UAV 1,2,1:3001:1535,ENMORT004,1:1:71:10:1:0:1,0,false,false,false,false,0
ENMORT001,none,,2026-08-09T09:03:06.000Z,21.37443553,-157.73716992,UAV 1,2,1:3001:1694,ENMORT001,1:1:71:10:1:0:1,0,false,false,false,false,0
ENMORT002,none,,2026-08-09T09:03:06.000Z,21.37453609,-157.73721308,UAV 1,2,1:3001:1739,ENMORT002,1:1:71:10:1:0:1,0,false,false,false,false,0
ENMORT003,none,,2026-08-09T09:03:06.000Z,21.37463664,-157.73725624,UAV 1,2,1:3001:1770,ENMORT003,1:1:71:10:1:0:1,0,false,false,false,false,0
FRTRK2002,move to,LOC_남측제1방어선,2026-08-09T09:03:06.000Z,21.38725852,-157.74453071,UAV 1,1,1:3001:1732,FRTRK2002,1:1:225:7:12:8:0,0,false,false,false,false,0
FRT80005,none,,2026-08-09T09:03:06.000Z,21.38083955,-157.74640867,UAV 1,1,1:3001:1570,FRT80005,1:1:222:1:1:1:0,0,false,false,false,false,0
FRTRK2004,move to,LOC_남측제1방어선,2026-08-09T09:03:06.000Z,21.38724599,-157.74441603,UAV 1,1,1:3001:1481,FRTRK2004,1:1:225:7:12:8:0,0,false,false,false,false,0
FRT80004,none,,2026-08-09T09:03:06.000Z,21.38463854,-157.75020991,UAV 1,1,1:3001:1737,FRT80004,1:1:222:1:1:1:0,0,false,false,false,false,0
FRTRK1002,move to,LOC_남측제1방어선,2026-08-09T09:03:06.000Z,21.38738228,-157.74447775,UAV 1,1,1:3001:1758,FRTRK1002,1:1:225:7:12:0:0,0,false,false,false,false,0
ENM35003,move to,LOC_적북측접근로,2026-08-09T09:03:06.000Z,21.37135451,-157.74163727,UAV 1,2,1:3001:1799,ENM35003,1:1:225:7:1:6:0,0,false,false,false,false,0
ENMORT005,none,,2026-08-09T09:03:07.000Z,21.37457651,-157.73710572,UAV 1,2,1:3001:1512,ENMORT005,1:1:71:10:1:0:1,0,false,false,false,false,0
ENMORT004,none,,2026-08-09T09:03:07.000Z,21.37447596,-157.73706256,UAV 1,2,1:3001:1535,ENMORT004,1:1:71:10:1:0:1,0,false,false,false,false,0
ENMORT001,none,,2026-08-09T09:03:07.000Z,21.37443553,-157.73716992,UAV 1,2,1:3001:1694,ENMORT001,1:1:71:10:1:0:1,0,false,false,false,false,0
ENMORT002,none,,2026-08-09T09:03:07.000Z,21.37453609,-157.73721308,UAV 1,2,1:3001:1739,ENMORT002,1:1:71:10:1:0:1,0,false,false,false,false,0
ENMORT003,none,,2026-08-09T09:03:07.000Z,21.37463664,-157.73725624,UAV 1,2,1:3001:1770,ENMORT003,1:1:71:10:1:0:1,0,false,false,false,false,0
FRTRK2002,move to,LOC_남측제1방어선,2026-08-09T09:03:07.000Z,21.38725852,-157.74453071,UAV 1,1,1:3001:1732,FRTRK2002,1:1:225:7:12:8:0,0,false,false,false,false,0
FRT80005,none,,2026-08-09T09:03:07.000Z,21.38083955,-157.74640867,UAV 1,1,1:3001:1570,FRT80005,1:1:222:1:1:1:0,0,false,false,false,false,0
FRTRK2004,move to,LOC_남측제1방어선,2026-08-09T09:03:07.000Z,21.38724599,-157.74441603,UAV 1,1,1:3001:1481,FRTRK2004,1:1:225:7:12:8:0,0,false,false,false,false,0
FRT80004,none,,2026-08-09T09:03:07.000Z,21.38463854,-157.75020991,UAV 1,1,1:3001:1737,FRT80004,1:1:222:1:1:1:0,0,false,false,false,false,0
FRTRK1002,move to,LOC_남측제1방어선,2026-08-09T09:03:07.000Z,21.38738228,-157.74447775,UAV 1,1,1:3001:1758,FRTRK1002,1:1:225:7:12:0:0,0,false,false,false,false,0
ENM35003,move to,LOC_적북측접근로,2026-08-09T09:03:07.000Z,21.37135451,-157.74163727,UAV 1,2,1:3001:1799,ENM35003,1:1:225:7:1:6:0,0,false,false,false,false,0
ENMORT005,none,,2026-08-09T09:03:07.000Z,21.37457651,-157.73710572,UAV 1,2,1:3001:1512,ENMORT005,1:1:71:10:1:0:1,0,false,false,false,false,0
ENMORT004,none,,2026-08-09T09:03:07.000Z,21.37447596,-157.73706256,UAV 1,2,1:3001:1535,ENMORT004,1:1:71:10:1:0:1,0,false,false,false,false,0
ENMORT001,none,,2026-08-09T09:03:07.000Z,21.37443553,-157.73716992,UAV 1,2,1:3001:1694,ENMORT001,1:1:71:10:1:0:1,0,false,false,false,false,0
ENMORT002,none,,2026-08-09T09:03:07.000Z,21.37453609,-157.73721308,UAV 1,2,1:3001:1739,ENMORT002,1:1:71:10:1:0:1,0,false,false,false,false,0
ENMORT003,none,,2026-08-09T09:03:07.000Z,21.37463664,-157.73725624,UAV 1,2,1:3001:1770,ENMORT003,1:1:71:10:1:0:1,0,false,false,false,false,0
FRTRK2002,move to,LOC_남측제1방어선,2026-08-09T09:03:07.000Z,21.38725789,-157.74452529,UAV 1,1,1:3001:1732,FRTRK2002,1:1:225:7:12:8:0,0,false,false,false,false,0
FRT80005,none,,2026-08-09T09:03:07.000Z,21.38083955,-157.74640867,UAV 1,1,1:3001:1570,FRT80005,1:1:222:1:1:1:0,0,false,false,false,false,0
FRTRK2004,move to,LOC_남측제1방어선,2026-08-09T09:03:07.000Z,21.38724816,-157.74443470,UAV 1,1,1:3001:1481,FRTRK2004,1:1:225:7:12:8:0,0,false,false,false,false,0
FRT80004,none,,2026-08-09T09:03:07.000Z,21.38463854,-157.75020991,UAV 1,1,1:3001:1737,FRT80004,1:1:222:1:1:1:0,0,false,false,false,false,0
FRTRK1002,move to,LOC_남측제1방어선,2026-08-09T09:03:07.000Z,21.38737802,-157.74444740,UAV 1,1,1:3001:1758,FRTRK1002,1:1:225:7:12:0:0,0,false,false,false,false,0
ENMORT005,none,,2026-08-09T09:03:08.000Z,21.37457651,-157.73710572,UAV 1,2,1:3001:1512,ENMORT005,1:1:71:10:1:0:1,0,false,false,false,false,0
ENMORT004,none,,2026-08-09T09:03:08.000Z,21.37447596,-157.73706256,UAV 1,2,1:3001:1535,ENMORT004,1:1:71:10:1:0:1,0,false,false,false,false,0
ENMORT001,none,,2026-08-09T09:03:08.000Z,21.37443553,-157.73716992,UAV 1,2,1:3001:1694,ENMORT001,1:1:71:10:1:0:1,0,false,false,false,false,0
ENMORT002,none,,2026-08-09T09:03:08.000Z,21.37453609,-157.73721308,UAV 1,2,1:3001:1739,ENMORT002,1:1:71:10:1:0:1,0,false,false,false,false,0
ENMORT003,none,,2026-08-09T09:03:08.000Z,21.37463664,-157.73725624,UAV 1,2,1:3001:1770,ENMORT003,1:1:71:10:1:0:1,0,false,false,false,false,0
FRTRK2002,move to,LOC_남측제1방어선,2026-08-09T09:03:08.000Z,21.38725789,-157.74452529,UAV 1,1,1:3001:1732,FRTRK2002,1:1:225:7:12:8:0,0,false,false,false,false,0
FRT80005,none,,2026-08-09T09:03:08.000Z,21.38083955,-157.74640867,UAV 1,1,1:3001:1570,FRT80005,1:1:222:1:1:1:0,0,false,false,false,false,0
FRTRK2004,move to,LOC_남측제1방어선,2026-08-09T09:03:08.000Z,21.38724816,-157.74443470,UAV 1,1,1:3001:1481,FRTRK2004,1:1:225:7:12:8:0,0,false,false,false,false,0
FRT80004,none,,2026-08-09T09:03:08.000Z,21.38463854,-157.75020991,UAV 1,1,1:3001:1737,FRT80004,1:1:222:1:1:1:0,0,false,false,false,false,0
FRTRK1002,move to,LOC_남측제1방어선,2026-08-09T09:03:08.000Z,21.38737802,-157.74444740,UAV 1,1,1:3001:1758,FRTRK1002,1:1:225:7:12:0:0,0,false,false,false,false,0
ENMORT005,none,,2026-08-09T09:03:08.000Z,21.37457651,-157.73710572,UAV 1,2,1:3001:1512,ENMORT005,1:1:71:10:1:0:1,0,false,false,false,false,0
ENMORT004,none,,2026-08-09T09:03:08.000Z,21.37447596,-157.73706256,UAV 1,2,1:3001:1535,ENMORT004,1:1:71:10:1:0:1,0,false,false,false,false,0
ENMORT001,none,,2026-08-09T09:03:08.000Z,21.37443553,-157.73716992,UAV 1,2,1:3001:1694,ENMORT001,1:1:71:10:1:0:1,0,false,false,false,false,0
ENMORT002,none,,2026-08-09T09:03:08.000Z,21.37453609,-157.73721308,UAV 1,2,1:3001:1739,ENMORT002,1:1:71:10:1:0:1,0,false,false,false,false,0
ENMORT003,none,,2026-08-09T09:03:08.000Z,21.37463664,-157.73725624,UAV 1,2,1:3001:1770,ENMORT003,1:1:71:10:1:0:1,0,false,false,false,false,0
FRTRK2002,move to,LOC_남측제1방어선,2026-08-09T09:03:08.000Z,21.38725789,-157.74452529,UAV 1,1,1:3001:1732,FRTRK2002,1:1:225:7:12:8:0,0,false,false,false,false,0
FRT80005,none,,2026-08-09T09:03:08.000Z,21.38083955,-157.74640867,UAV 1,1,1:3001:1570,FRT80005,1:1:222:1:1:1:0,0,false,false,false,false,0
FRTRK2004,move to,LOC_남측제1방어선,2026-08-09T09:03:08.000Z,21.38724816,-157.74443470,UAV 1,1,1:3001:1481,FRTRK2004,1:1:225:7:12:8:0,0,false,false,false,false,0
FRT80004,none,,2026-08-09T09:03:08.000Z,21.38463854,-157.75020991,UAV 1,1,1:3001:1737,FRT80004,1:1:222:1:1:1:0,0,false,false,false,false,0
FRTRK1002,move to,LOC_남측제1방어선,2026-08-09T09:03:08.000Z,21.38737802,-157.74444740,UAV 1,1,1:3001:1758,FRTRK1002,1:1:225:7:12:0:0,0,false,false,false,false,0
ENMORT005,none,,2026-08-09T09:03:09.000Z,21.37457651,-157.73710572,UAV 1,2,1:3001:1512,ENMORT005,1:1:71:10:1:0:1,0,false,false,false,false,0
ENMORT004,none,,2026-08-09T09:03:09.000Z,21.37447596,-157.73706256,UAV 1,2,1:3001:1535,ENMORT004,1:1:71:10:1:0:1,0,false,false,false,false,0
ENMORT001,none,,2026-08-09T09:03:09.000Z,21.37443553,-157.73716992,UAV 1,2,1:3001:1694,ENMORT001,1:1:71:10:1:0:1,0,false,false,false,false,0
ENMORT002,none,,2026-08-09T09:03:09.000Z,21.37453609,-157.73721308,UAV 1,2,1:3001:1739,ENMORT002,1:1:71:10:1:0:1,0,false,false,false,false,0
ENMORT003,none,,2026-08-09T09:03:09.000Z,21.37463664,-157.73725624,UAV 1,2,1:3001:1770,ENMORT003,1:1:71:10:1:0:1,0,false,false,false,false,0
FRTRK2002,move to,LOC_남측제1방어선,2026-08-09T09:03:09.000Z,21.38725789,-157.74452529,UAV 1,1,1:3001:1732,FRTRK2002,1:1:225:7:12:8:0,0,false,false,false,false,0
FRT80005,none,,2026-08-09T09:03:09.000Z,21.38083955,-157.74640867,UAV 1,1,1:3001:1570,FRT80005,1:1:222:1:1:1:0,0,false,false,false,false,0
FRTRK2004,move to,LOC_남측제1방어선,2026-08-09T09:03:09.000Z,21.38724816,-157.74443470,UAV 1,1,1:3001:1481,FRTRK2004,1:1:225:7:12:8:0,0,false,false,false,false,0
FRT80004,none,,2026-08-09T09:03:09.000Z,21.38463854,-157.75020991,UAV 1,1,1:3001:1737,FRT80004,1:1:222:1:1:1:0,0,false,false,false,false,0
FRTRK1002,move to,LOC_남측제1방어선,2026-08-09T09:03:09.000Z,21.38737802,-157.74444740,UAV 1,1,1:3001:1758,FRTRK1002,1:1:225:7:12:0:0,0,false,false,false,false,0
ENMORT005,none,,2026-08-09T09:03:10.000Z,21.37457651,-157.73710572,UAV 1,2,1:3001:1512,ENMORT005,1:1:71:10:1:0:1,0,false,false,false,false,0
ENMORT004,none,,2026-08-09T09:03:10.000Z,21.37447596,-157.73706256,UAV 1,2,1:3001:1535,ENMORT004,1:1:71:10:1:0:1,0,false,false,false,false,0
ENMORT001,none,,2026-08-09T09:03:10.000Z,21.37443553,-157.73716992,UAV 1,2,1:3001:1694,ENMORT001,1:1:71:10:1:0:1,0,false,false,false,false,0
ENMORT002,none,,2026-08-09T09:03:10.000Z,21.37453609,-157.73721308,UAV 1,2,1:3001:1739,ENMORT002,1:1:71:10:1:0:1,0,false,false,false,false,0
ENMORT003,none,,2026-08-09T09:03:10.000Z,21.37463664,-157.73725624,UAV 1,2,1:3001:1770,ENMORT003,1:1:71:10:1:0:1,0,false,false,false,false,0
FRTRK2002,move to,LOC_남측제1방어선,2026-08-09T09:03:10.000Z,21.38725740,-157.74452106,UAV 1,1,1:3001:1732,FRTRK2002,1:1:225:7:12:8:0,0,false,false,false,false,0
FRT80005,none,,2026-08-09T09:03:10.000Z,21.38083955,-157.74640867,UAV 1,1,1:3001:1570,FRT80005,1:1:222:1:1:1:0,0,false,false,false,false,0
FRTRK2004,move to,LOC_남측제1방어선,2026-08-09T09:03:10.000Z,21.38725038,-157.74445382,UAV 1,1,1:3001:1481,FRTRK2004,1:1:225:7:12:8:0,0,false,false,false,false,0
FRT80004,none,,2026-08-09T09:03:10.000Z,21.38463854,-157.75020991,UAV 1,1,1:3001:1737,FRT80004,1:1:222:1:1:1:0,0,false,false,false,false,0
FRTRK1002,move to,LOC_남측제1방어선,2026-08-09T09:03:10.000Z,21.38737791,-157.74444654,UAV 1,1,1:3001:1758,FRTRK1002,1:1:225:7:12:0:0,0,false,false,false,false,0
ENMORT005,none,,2026-08-09T09:03:10.000Z,21.37457651,-157.73710572,UAV 1,2,1:3001:1512,ENMORT005,1:1:71:10:1:0:1,0,false,false,false,false,0
ENMORT004,none,,2026-08-09T09:03:10.000Z,21.37447596,-157.73706256,UAV 1,2,1:3001:1535,ENMORT004,1:1:71:10:1:0:1,0,false,false,false,false,0
ENMORT001,none,,2026-08-09T09:03:10.000Z,21.37443553,-157.73716992,UAV 1,2,1:3001:1694,ENMORT001,1:1:71:10:1:0:1,0,false,false,false,false,0
ENMORT002,none,,2026-08-09T09:03:10.000Z,21.37453609,-157.73721308,UAV 1,2,1:3001:1739,ENMORT002,1:1:71:10:1:0:1,0,false,false,false,false,0
ENMORT003,none,,2026-08-09T09:03:10.000Z,21.37463664,-157.73725624,UAV 1,2,1:3001:1770,ENMORT003,1:1:71:10:1:0:1,0,false,false,false,false,0
FRTRK2002,move to,LOC_남측제1방어선,2026-08-09T09:03:10.000Z,21.38725740,-157.74452106,UAV 1,1,1:3001:1732,FRTRK2002,1:1:225:7:12:8:0,0,false,false,false,false,0
FRT80005,none,,2026-08-09T09:03:10.000Z,21.38083955,-157.74640867,UAV 1,1,1:3001:1570,FRT80005,1:1:222:1:1:1:0,0,false,false,false,false,0
FRTRK2004,move to,LOC_남측제1방어선,2026-08-09T09:03:10.000Z,21.38725038,-157.74445382,UAV 1,1,1:3001:1481,FRTRK2004,1:1:225:7:12:8:0,0,false,false,false,false,0
FRT80004,none,,2026-08-09T09:03:10.000Z,21.38463854,-157.75020991,UAV 1,1,1:3001:1737,FRT80004,1:1:222:1:1:1:0,0,false,false,false,false,0
FRTRK1002,move to,LOC_남측제1방어선,2026-08-09T09:03:10.000Z,21.38737791,-157.74444654,UAV 1,1,1:3001:1758,FRTRK1002,1:1:225:7:12:0:0,0,false,false,false,false,0
ENMORT005,none,,2026-08-09T09:03:11.000Z,21.37457651,-157.73710572,UAV 1,2,1:3001:1512,ENMORT005,1:1:71:10:1:0:1,0,false,false,false,false,0
ENMORT004,none,,2026-08-09T09:03:11.000Z,21.37447596,-157.73706256,UAV 1,2,1:3001:1535,ENMORT004,1:1:71:10:1:0:1,0,false,false,false,false,0
ENMORT001,none,,2026-08-09T09:03:11.000Z,21.37443553,-157.73716992,UAV 1,2,1:3001:1694,ENMORT001,1:1:71:10:1:0:1,0,false,false,false,false,0
ENMORT002,none,,2026-08-09T09:03:11.000Z,21.37453609,-157.73721308,UAV 1,2,1:3001:1739,ENMORT002,1:1:71:10:1:0:1,0,false,false,false,false,0
ENMORT003,none,,2026-08-09T09:03:11.000Z,21.37463664,-157.73725624,UAV 1,2,1:3001:1770,ENMORT003,1:1:71:10:1:0:1,0,false,false,false,false,0
FRTRK2002,move to,LOC_남측제1방어선,2026-08-09T09:03:11.000Z,21.38725740,-157.74452106,UAV 1,1,1:3001:1732,FRTRK2002,1:1:225:7:12:8:0,0,false,false,false,false,0
FRT80005,none,,2026-08-09T09:03:11.000Z,21.38083955,-157.74640867,UAV 1,1,1:3001:1570,FRT80005,1:1:222:1:1:1:0,0,false,false,false,false,0
FRTRK2004,move to,LOC_남측제1방어선,2026-08-09T09:03:11.000Z,21.38725038,-157.74445382,UAV 1,1,1:3001:1481,FRTRK2004,1:1:225:7:12:8:0,0,false,false,false,false,0
FRT80004,none,,2026-08-09T09:03:11.000Z,21.38463854,-157.75020991,UAV 1,1,1:3001:1737,FRT80004,1:1:222:1:1:1:0,0,false,false,false,false,0
FRTRK1002,move to,LOC_남측제1방어선,2026-08-09T09:03:11.000Z,21.38737791,-157.74444654,UAV 1,1,1:3001:1758,FRTRK1002,1:1:225:7:12:0:0,0,false,false,false,false,0
ENMORT005,none,,2026-08-09T09:03:11.000Z,21.37457651,-157.73710572,UAV 1,2,1:3001:1512,ENMORT005,1:1:71:10:1:0:1,0,false,false,false,false,0
ENMORT004,none,,2026-08-09T09:03:11.000Z,21.37447596,-157.73706256,UAV 1,2,1:3001:1535,ENMORT004,1:1:71:10:1:0:1,0,false,false,false,false,0
ENMORT001,none,,2026-08-09T09:03:11.000Z,21.37443553,-157.73716992,UAV 1,2,1:3001:1694,ENMORT001,1:1:71:10:1:0:1,0,false,false,false,false,0
ENMORT002,none,,2026-08-09T09:03:11.000Z,21.37453609,-157.73721308,UAV 1,2,1:3001:1739,ENMORT002,1:1:71:10:1:0:1,0,false,false,false,false,0
ENMORT003,none,,2026-08-09T09:03:11.000Z,21.37463664,-157.73725624,UAV 1,2,1:3001:1770,ENMORT003,1:1:71:10:1:0:1,0,false,false,false,false,0
FRTRK2002,move to,LOC_남측제1방어선,2026-08-09T09:03:11.000Z,21.38725740,-157.74452106,UAV 1,1,1:3001:1732,FRTRK2002,1:1:225:7:12:8:0,0,false,false,false,false,0
FRT80005,none,,2026-08-09T09:03:11.000Z,21.38083955,-157.74640867,UAV 1,1,1:3001:1570,FRT80005,1:1:222:1:1:1:0,0,false,false,false,false,0
FRTRK2004,move to,LOC_남측제1방어선,2026-08-09T09:03:11.000Z,21.38725038,-157.74445382,UAV 1,1,1:3001:1481,FRTRK2004,1:1:225:7:12:8:0,0,false,false,false,false,0
FRT80004,none,,2026-08-09T09:03:11.000Z,21.38463854,-157.75020991,UAV 1,1,1:3001:1737,FRT80004,1:1:222:1:1:1:0,0,false,false,false,false,0
FRTRK1002,move to,LOC_남측제1방어선,2026-08-09T09:03:11.000Z,21.38737791,-157.74444654,UAV 1,1,1:3001:1758,FRTRK1002,1:1:225:7:12:0:0,0,false,false,false,false,0
ENMORT005,none,,2026-08-09T09:03:12.000Z,21.37457651,-157.73710572,UAV 1,2,1:3001:1512,ENMORT005,1:1:71:10:1:0:1,0,false,false,false,false,0
ENMORT004,none,,2026-08-09T09:03:12.000Z,21.37447596,-157.73706256,UAV 1,2,1:3001:1535,ENMORT004,1:1:71:10:1:0:1,0,false,false,false,false,0
ENMORT001,none,,2026-08-09T09:03:12.000Z,21.37443553,-157.73716992,UAV 1,2,1:3001:1694,ENMORT001,1:1:71:10:1:0:1,0,false,false,false,false,0
ENMORT002,none,,2026-08-09T09:03:12.000Z,21.37453609,-157.73721308,UAV 1,2,1:3001:1739,ENMORT002,1:1:71:10:1:0:1,0,false,false,false,false,0
ENMORT003,none,,2026-08-09T09:03:12.000Z,21.37463664,-157.73725624,UAV 1,2,1:3001:1770,ENMORT003,1:1:71:10:1:0:1,0,false,false,false,false,0
FRTRK2002,move to,LOC_남측제1방어선,2026-08-09T09:03:12.000Z,21.38725725,-157.74451972,UAV 1,1,1:3001:1732,FRTRK2002,1:1:225:7:12:8:0,0,false,false,false,false,0
FRT80005,none,,2026-08-09T09:03:12.000Z,21.38083955,-157.74640867,UAV 1,1,1:3001:1570,FRT80005,1:1:222:1:1:1:0,0,false,false,false,false,0
FRT80004,none,,2026-08-09T09:03:12.000Z,21.38463854,-157.75020991,UAV 1,1,1:3001:1737,FRT80004,1:1:222:1:1:1:0,0,false,false,false,false,0
FRTRK1002,move to,LOC_남측제1방어선,2026-08-09T09:03:12.000Z,21.38738093,-157.74446813,UAV 1,1,1:3001:1758,FRTRK1002,1:1:225:7:12:0:0,0,false,false,false,false,0
FRTRK2001,move to,LOC_남측제1방어선,2026-08-09T09:03:12.000Z,21.38729520,-157.74447370,UAV 1,1,1:3001:1728,FRTRK2001,1:1:225:7:12:8:0,0,false,false,false,false,0
ENMORT005,none,,2026-08-09T09:03:12.000Z,21.37457651,-157.73710572,UAV 1,2,1:3001:1512,ENMORT005,1:1:71:10:1:0:1,0,false,false,false,false,0
ENMORT004,none,,2026-08-09T09:03:12.000Z,21.37447596,-157.73706256,UAV 1,2,1:3001:1535,ENMORT004,1:1:71:10:1:0:1,0,false,false,false,false,0
ENMORT001,none,,2026-08-09T09:03:12.000Z,21.37443553,-157.73716992,UAV 1,2,1:3001:1694,ENMORT001,1:1:71:10:1:0:1,0,false,false,false,false,0
ENMORT002,none,,2026-08-09T09:03:12.000Z,21.37453609,-157.73721308,UAV 1,2,1:3001:1739,ENMORT002,1:1:71:10:1:0:1,0,false,false,false,false,0
ENMORT003,none,,2026-08-09T09:03:12.000Z,21.37463664,-157.73725624,UAV 1,2,1:3001:1770,ENMORT003,1:1:71:10:1:0:1,0,false,false,false,false,0
FRTRK2002,move to,LOC_남측제1방어선,2026-08-09T09:03:12.000Z,21.38725725,-157.74451972,UAV 1,1,1:3001:1732,FRTRK2002,1:1:225:7:12:8:0,0,false,false,false,false,0
FRT80005,none,,2026-08-09T09:03:12.000Z,21.38083955,-157.74640867,UAV 1,1,1:3001:1570,FRT80005,1:1:222:1:1:1:0,0,false,false,false,false,0
FRT80004,none,,2026-08-09T09:03:12.000Z,21.38463854,-157.75020991,UAV 1,1,1:3001:1737,FRT80004,1:1:222:1:1:1:0,0,false,false,false,false,0
FRTRK1002,move to,LOC_남측제1방어선,2026-08-09T09:03:12.000Z,21.38738093,-157.74446813,UAV 1,1,1:3001:1758,FRTRK1002,1:1:225:7:12:0:0,0,false,false,false,false,0
FRTRK2001,move to,LOC_남측제1방어선,2026-08-09T09:03:12.000Z,21.38729520,-157.74447370,UAV 1,1,1:3001:1728,FRTRK2001,1:1:225:7:12:8:0,0,false,false,false,false,0
ENMORT005,none,,2026-08-09T09:03:13.000Z,21.37457651,-157.73710572,UAV 1,2,1:3001:1512,ENMORT005,1:1:71:10:1:0:1,0,false,false,false,false,0
ENMORT004,none,,2026-08-09T09:03:13.000Z,21.37447596,-157.73706256,UAV 1,2,1:3001:1535,ENMORT004,1:1:71:10:1:0:1,0,false,false,false,false,0
ENMORT001,none,,2026-08-09T09:03:13.000Z,21.37443553,-157.73716992,UAV 1,2,1:3001:1694,ENMORT001,1:1:71:10:1:0:1,0,false,false,false,false,0
ENMORT002,none,,2026-08-09T09:03:13.000Z,21.37453609,-157.73721308,UAV 1,2,1:3001:1739,ENMORT002,1:1:71:10:1:0:1,0,false,false,false,false,0
ENMORT003,none,,2026-08-09T09:03:13.000Z,21.37463664,-157.73725624,UAV 1,2,1:3001:1770,ENMORT003,1:1:71:10:1:0:1,0,false,false,false,false,0
FRTRK2002,move to,LOC_남측제1방어선,2026-08-09T09:03:13.000Z,21.38725725,-157.74451972,UAV 1,1,1:3001:1732,FRTRK2002,1:1:225:7:12:8:0,0,false,false,false,false,0
FRT80005,none,,2026-08-09T09:03:13.000Z,21.38083955,-157.74640867,UAV 1,1,1:3001:1570,FRT80005,1:1:222:1:1:1:0,0,false,false,false,false,0
FRT80004,none,,2026-08-09T09:03:13.000Z,21.38463854,-157.75020991,UAV 1,1,1:3001:1737,FRT80004,1:1:222:1:1:1:0,0,false,false,false,false,0
FRTRK1002,move to,LOC_남측제1방어선,2026-08-09T09:03:13.000Z,21.38738093,-157.74446813,UAV 1,1,1:3001:1758,FRTRK1002,1:1:225:7:12:0:0,0,false,false,false,false,0
FRTRK2001,move to,LOC_남측제1방어선,2026-08-09T09:03:13.000Z,21.38729520,-157.74447370,UAV 1,1,1:3001:1728,FRTRK2001,1:1:225:7:12:8:0,0,false,false,false,false,0
ENMORT005,none,,2026-08-09T09:03:13.000Z,21.37457651,-157.73710572,UAV 1,2,1:3001:1512,ENMORT005,1:1:71:10:1:0:1,0,false,false,false,false,0
ENMORT004,none,,2026-08-09T09:03:13.000Z,21.37447596,-157.73706256,UAV 1,2,1:3001:1535,ENMORT004,1:1:71:10:1:0:1,0,false,false,false,false,0
ENMORT001,none,,2026-08-09T09:03:13.000Z,21.37443553,-157.73716992,UAV 1,2,1:3001:1694,ENMORT001,1:1:71:10:1:0:1,0,false,false,false,false,0
ENMORT002,none,,2026-08-09T09:03:13.000Z,21.37453609,-157.73721308,UAV 1,2,1:3001:1739,ENMORT002,1:1:71:10:1:0:1,0,false,false,false,false,0
ENMORT003,none,,2026-08-09T09:03:13.000Z,21.37463664,-157.73725624,UAV 1,2,1:3001:1770,ENMORT003,1:1:71:10:1:0:1,0,false,false,false,false,0
FRTRK2002,move to,LOC_남측제1방어선,2026-08-09T09:03:13.000Z,21.38725725,-157.74451972,UAV 1,1,1:3001:1732,FRTRK2002,1:1:225:7:12:8:0,0,false,false,false,false,0
FRT80005,none,,2026-08-09T09:03:13.000Z,21.38083955,-157.74640867,UAV 1,1,1:3001:1570,FRT80005,1:1:222:1:1:1:0,0,false,false,false,false,0
FRT80004,none,,2026-08-09T09:03:13.000Z,21.38463854,-157.75020991,UAV 1,1,1:3001:1737,FRT80004,1:1:222:1:1:1:0,0,false,false,false,false,0
FRTRK1002,move to,LOC_남측제1방어선,2026-08-09T09:03:13.000Z,21.38738093,-157.74446813,UAV 1,1,1:3001:1758,FRTRK1002,1:1:225:7:12:0:0,0,false,false,false,false,0
FRTRK2001,move to,LOC_남측제1방어선,2026-08-09T09:03:13.000Z,21.38729520,-157.74447370,UAV 1,1,1:3001:1728,FRTRK2001,1:1:225:7:12:8:0,0,false,false,false,false,0
ENMORT005,none,,2026-08-09T09:03:14.000Z,21.37457651,-157.73710572,UAV 1,2,1:3001:1512,ENMORT005,1:1:71:10:1:0:1,0,false,false,false,false,0
ENMORT004,none,,2026-08-09T09:03:14.000Z,21.37447596,-157.73706256,UAV 1,2,1:3001:1535,ENMORT004,1:1:71:10:1:0:1,0,false,false,false,false,0
ENMORT001,none,,2026-08-09T09:03:14.000Z,21.37443553,-157.73716992,UAV 1,2,1:3001:1694,ENMORT001,1:1:71:10:1:0:1,0,false,false,false,false,0
ENMORT002,none,,2026-08-09T09:03:14.000Z,21.37453609,-157.73721308,UAV 1,2,1:3001:1739,ENMORT002,1:1:71:10:1:0:1,0,false,false,false,false,0
ENMORT003,none,,2026-08-09T09:03:14.000Z,21.37463664,-157.73725624,UAV 1,2,1:3001:1770,ENMORT003,1:1:71:10:1:0:1,0,false,false,false,false,0
FRTRK2002,move to,LOC_남측제1방어선,2026-08-09T09:03:14.000Z,21.38725754,-157.74452225,UAV 1,1,1:3001:1732,FRTRK2002,1:1:225:7:12:8:0,0,false,false,false,false,0
FRT80005,none,,2026-08-09T09:03:14.000Z,21.38083955,-157.74640867,UAV 1,1,1:3001:1570,FRT80005,1:1:222:1:1:1:0,0,false,false,false,false,0
FRT80004,none,,2026-08-09T09:03:14.000Z,21.38463854,-157.75020991,UAV 1,1,1:3001:1737,FRT80004,1:1:222:1:1:1:0,0,false,false,false,false,0
FRTRK1001,move to,LOC_남측제1방어선,2026-08-09T09:03:14.000Z,21.38742828,-157.74449456,UAV 1,1,1:3001:1548,FRTRK1001,1:1:225:7:12:0:0,0,false,false,false,false,0
ENM35003,move to,LOC_적북측접근로,2026-08-09T09:03:14.000Z,21.37137218,-157.74156258,UAV 1,2,1:3001:1799,ENM35003,1:1:225:7:1:6:0,0,false,false,false,false,0
ENMORT005,none,,2026-08-09T09:03:14.000Z,21.37457651,-157.73710572,UAV 1,2,1:3001:1512,ENMORT005,1:1:71:10:1:0:1,0,false,false,false,false,0
ENMORT004,none,,2026-08-09T09:03:14.000Z,21.37447596,-157.73706256,UAV 1,2,1:3001:1535,ENMORT004,1:1:71:10:1:0:1,0,false,false,false,false,0
ENMORT001,none,,2026-08-09T09:03:14.000Z,21.37443553,-157.73716992,UAV 1,2,1:3001:1694,ENMORT001,1:1:71:10:1:0:1,0,false,false,false,false,0
ENMORT002,none,,2026-08-09T09:03:14.000Z,21.37453609,-157.73721308,UAV 1,2,1:3001:1739,ENMORT002,1:1:71:10:1:0:1,0,false,false,false,false,0
ENMORT003,none,,2026-08-09T09:03:14.000Z,21.37463664,-157.73725624,UAV 1,2,1:3001:1770,ENMORT003,1:1:71:10:1:0:1,0,false,false,false,false,0
FRTRK2002,move to,LOC_남측제1방어선,2026-08-09T09:03:14.000Z,21.38725754,-157.74452225,UAV 1,1,1:3001:1732,FRTRK2002,1:1:225:7:12:8:0,0,false,false,false,false,0
FRT80005,none,,2026-08-09T09:03:14.000Z,21.38083955,-157.74640867,UAV 1,1,1:3001:1570,FRT80005,1:1:222:1:1:1:0,0,false,false,false,false,0
FRT80004,none,,2026-08-09T09:03:14.000Z,21.38463854,-157.75020991,UAV 1,1,1:3001:1737,FRT80004,1:1:222:1:1:1:0,0,false,false,false,false,0
FRTRK1001,move to,LOC_남측제1방어선,2026-08-09T09:03:14.000Z,21.38742828,-157.74449456,UAV 1,1,1:3001:1548,FRTRK1001,1:1:225:7:12:0:0,0,false,false,false,false,0
ENM35003,move to,LOC_적북측접근로,2026-08-09T09:03:14.000Z,21.37137218,-157.74156258,UAV 1,2,1:3001:1799,ENM35003,1:1:225:7:1:6:0,0,false,false,false,false,0
ENMORT005,none,,2026-08-09T09:03:15.000Z,21.37457651,-157.73710572,UAV 1,2,1:3001:1512,ENMORT005,1:1:71:10:1:0:1,0,false,false,false,false,0
ENMORT004,none,,2026-08-09T09:03:15.000Z,21.37447596,-157.73706256,UAV 1,2,1:3001:1535,ENMORT004,1:1:71:10:1:0:1,0,false,false,false,false,0
ENMORT001,none,,2026-08-09T09:03:15.000Z,21.37443553,-157.73716992,UAV 1,2,1:3001:1694,ENMORT001,1:1:71:10:1:0:1,0,false,false,false,false,0
ENMORT002,none,,2026-08-09T09:03:15.000Z,21.37453609,-157.73721308,UAV 1,2,1:3001:1739,ENMORT002,1:1:71:10:1:0:1,0,false,false,false,false,0
ENMORT003,none,,2026-08-09T09:03:15.000Z,21.37463664,-157.73725624,UAV 1,2,1:3001:1770,ENMORT003,1:1:71:10:1:0:1,0,false,false,false,false,0
FRTRK2002,move to,LOC_남측제1방어선,2026-08-09T09:03:15.000Z,21.38725754,-157.74452225,UAV 1,1,1:3001:1732,FRTRK2002,1:1:225:7:12:8:0,0,false,false,false,false,0
FRT80005,none,,2026-08-09T09:03:15.000Z,21.38083955,-157.74640867,UAV 1,1,1:3001:1570,FRT80005,1:1:222:1:1:1:0,0,false,false,false,false,0
FRT80004,none,,2026-08-09T09:03:15.000Z,21.38463854,-157.75020991,UAV 1,1,1:3001:1737,FRT80004,1:1:222:1:1:1:0,0,false,false,false,false,0
FRTRK1001,move to,LOC_남측제1방어선,2026-08-09T09:03:15.000Z,21.38742828,-157.74449456,UAV 1,1,1:3001:1548,FRTRK1001,1:1:225:7:12:0:0,0,false,false,false,false,0
ENM35003,move to,LOC_적북측접근로,2026-08-09T09:03:15.000Z,21.37137218,-157.74156258,UAV 1,2,1:3001:1799,ENM35003,1:1:225:7:1:6:0,0,false,false,false,false,0
ENMORT005,none,,2026-08-09T09:03:15.000Z,21.37457651,-157.73710572,UAV 1,2,1:3001:1512,ENMORT005,1:1:71:10:1:0:1,0,false,false,false,false,0
ENMORT004,none,,2026-08-09T09:03:15.000Z,21.37447596,-157.73706256,UAV 1,2,1:3001:1535,ENMORT004,1:1:71:10:1:0:1,0,false,false,false,false,0
ENMORT001,none,,2026-08-09T09:03:15.000Z,21.37443553,-157.73716992,UAV 1,2,1:3001:1694,ENMORT001,1:1:71:10:1:0:1,0,false,false,false,false,0
ENMORT002,none,,2026-08-09T09:03:15.000Z,21.37453609,-157.73721308,UAV 1,2,1:3001:1739,ENMORT002,1:1:71:10:1:0:1,0,false,false,false,false,0
ENMORT003,none,,2026-08-09T09:03:15.000Z,21.37463664,-157.73725624,UAV 1,2,1:3001:1770,ENMORT003,1:1:71:10:1:0:1,0,false,false,false,false,0
FRTRK2002,move to,LOC_남측제1방어선,2026-08-09T09:03:15.000Z,21.38725754,-157.74452225,UAV 1,1,1:3001:1732,FRTRK2002,1:1:225:7:12:8:0,0,false,false,false,false,0
FRT80005,none,,2026-08-09T09:03:15.000Z,21.38083955,-157.74640867,UAV 1,1,1:3001:1570,FRT80005,1:1:222:1:1:1:0,0,false,false,false,false,0
FRT80004,none,,2026-08-09T09:03:15.000Z,21.38463854,-157.75020991,UAV 1,1,1:3001:1737,FRT80004,1:1:222:1:1:1:0,0,false,false,false,false,0
FRTRK1001,move to,LOC_남측제1방어선,2026-08-09T09:03:15.000Z,21.38742828,-157.74449456,UAV 1,1,1:3001:1548,FRTRK1001,1:1:225:7:12:0:0,0,false,false,false,false,0
ENM35003,move to,LOC_적북측접근로,2026-08-09T09:03:15.000Z,21.37137218,-157.74156258,UAV 1,2,1:3001:1799,ENM35003,1:1:225:7:1:6:0,0,false,false,false,false,0
ENMORT001,none,,2026-08-09T09:03:16.000Z,21.37443553,-157.73716992,UAV 1,2,1:3001:1694,ENMORT001,1:1:71:10:1:0:1,0,false,false,false,false,0
ENMORT002,none,,2026-08-09T09:03:16.000Z,21.37453609,-157.73721308,UAV 1,2,1:3001:1739,ENMORT002,1:1:71:10:1:0:1,0,false,false,false,false,0
ENMORT003,none,,2026-08-09T09:03:16.000Z,21.37463664,-157.73725624,UAV 1,2,1:3001:1770,ENMORT003,1:1:71:10:1:0:1,0,false,false,false,false,0
FRT80005,none,,2026-08-09T09:03:16.000Z,21.38083955,-157.74640867,UAV 1,1,1:3001:1570,FRT80005,1:1:222:1:1:1:0,0,false,false,false,false,0
FRT80004,none,,2026-08-09T09:03:16.000Z,21.38463854,-157.75020991,UAV 1,1,1:3001:1737,FRT80004,1:1:222:1:1:1:0,0,false,false,false,false,0
ENMORT001,none,,2026-08-09T09:03:16.000Z,21.37443553,-157.73716992,UAV 1,2,1:3001:1694,ENMORT001,1:1:71:10:1:0:1,0,false,false,false,false,0
ENMORT002,none,,2026-08-09T09:03:16.000Z,21.37453609,-157.73721308,UAV 1,2,1:3001:1739,ENMORT002,1:1:71:10:1:0:1,0,false,false,false,false,0
ENMORT003,none,,2026-08-09T09:03:16.000Z,21.37463664,-157.73725624,UAV 1,2,1:3001:1770,ENMORT003,1:1:71:10:1:0:1,0,false,false,false,false,0
FRT80005,none,,2026-08-09T09:03:16.000Z,21.38083955,-157.74640867,UAV 1,1,1:3001:1570,FRT80005,1:1:222:1:1:1:0,0,false,false,false,false,0
FRT80004,none,,2026-08-09T09:03:16.000Z,21.38463854,-157.75020991,UAV 1,1,1:3001:1737,FRT80004,1:1:222:1:1:1:0,0,false,false,false,false,0
ENMORT001,none,,2026-08-09T09:03:17.000Z,21.37443553,-157.73716992,UAV 1,2,1:3001:1694,ENMORT001,1:1:71:10:1:0:1,0,false,false,false,false,0
ENMORT002,none,,2026-08-09T09:03:17.000Z,21.37453609,-157.73721308,UAV 1,2,1:3001:1739,ENMORT002,1:1:71:10:1:0:1,0,false,false,false,false,0
ENMORT003,none,,2026-08-09T09:03:17.000Z,21.37463664,-157.73725624,UAV 1,2,1:3001:1770,ENMORT003,1:1:71:10:1:0:1,0,false,false,false,false,0
FRT80005,none,,2026-08-09T09:03:17.000Z,21.38083955,-157.74640867,UAV 1,1,1:3001:1570,FRT80005,1:1:222:1:1:1:0,0,false,false,false,false,0
FRT80004,none,,2026-08-09T09:03:17.000Z,21.38463854,-157.75020991,UAV 1,1,1:3001:1737,FRT80004,1:1:222:1:1:1:0,0,false,false,false,false,0
ENMORT001,none,,2026-08-09T09:03:17.000Z,21.37443553,-157.73716992,UAV 1,2,1:3001:1694,ENMORT001,1:1:71:10:1:0:1,0,false,false,false,false,0
ENMORT002,none,,2026-08-09T09:03:17.000Z,21.37453609,-157.73721308,UAV 1,2,1:3001:1739,ENMORT002,1:1:71:10:1:0:1,0,false,false,false,false,0
ENMORT003,none,,2026-08-09T09:03:17.000Z,21.37463664,-157.73725624,UAV 1,2,1:3001:1770,ENMORT003,1:1:71:10:1:0:1,0,false,false,false,false,0
FRT80005,none,,2026-08-09T09:03:17.000Z,21.38083955,-157.74640867,UAV 1,1,1:3001:1570,FRT80005,1:1:222:1:1:1:0,0,false,false,false,false,0
FRT80004,none,,2026-08-09T09:03:17.000Z,21.38463854,-157.75020991,UAV 1,1,1:3001:1737,FRT80004,1:1:222:1:1:1:0,0,false,false,false,false,0
FRT80005,none,,2026-08-09T09:03:18.000Z,21.38083955,-157.74640867,UAV 1,1,1:3001:1570,FRT80005,1:1:222:1:1:1:0,0,false,false,false,false,0
FRT80004,none,,2026-08-09T09:03:18.000Z,21.38463854,-157.75020991,UAV 1,1,1:3001:1737,FRT80004,1:1:222:1:1:1:0,0,false,false,false,false,0
ENM1A2003,move to,LOC_중앙계곡,2026-08-09T09:03:49.000Z,21.37337901,-157.74310663,UAV 1,2,1:3001:1834,ENM1A2003,1:1:225:1:1:3:0,0,false,false,false,false,0
FRTRK2004,move to,LOC_남측제1방어선,2026-08-09T09:03:49.000Z,21.38795805,-157.75056245,UAV 1,1,1:3001:1846,FRTRK2004,1:1:225:7:12:8:0,0,false,false,false,false,0
ENCAESAR002,FFE-on-Location,LOC_아군포병진지,2026-08-09T09:03:49.000Z,21.37011579,-157.73488768,UAV 1,2,1:3001:1864,ENCAESAR002,1:1:71:4:0:0:0,0,false,false,false,false,0
ENT72012,move to,LOC_중앙계곡,2026-08-09T09:03:49.000Z,21.37110216,-157.74171347,UAV 1,2,1:3001:1865,ENT72012,1:1:222:1:2:1:0,0,false,false,false,false,0
ENBTR60001,move to,LOC_중앙계곡,2026-08-09T09:03:49.000Z,21.36882494,-157.74059709,UAV 1,2,1:3001:1872,ENBTR60001,1:1:222:2:8:1:0,0,false,false,false,false,0
ENMORT005,FFE-on-Location,LOC_중앙킬존,2026-08-09T09:03:49.000Z,21.37457651,-157.73710572,UAV 1,2,1:3001:1877,ENMORT005,1:1:71:10:1:0:1,0,false,false,false,false,0
ENM1A2001,move to,LOC_중앙계곡,2026-08-09T09:03:49.000Z,21.37343757,-157.74328906,UAV 1,2,1:3001:1878,ENM1A2001,1:1:225:1:1:3:0,0,false,false,false,false,0
FRTRK1003,move to,LOC_남측제1방어선,2026-08-09T09:03:49.000Z,21.38812433,-157.75044009,UAV 1,1,1:3001:1884,FRTRK1003,1:1:225:7:12:0:0,0,false,false,false,false,0
ENM1A2005,move to,LOC_중앙계곡,2026-08-09T09:03:49.000Z,21.37332046,-157.74292420,UAV 1,2,1:3001:1891,ENM1A2005,1:1:225:1:1:3:0,0,false,false,false,false,0
FRT69001,move to,LOC_중앙킬존남측,2026-08-09T09:03:49.000Z,21.38691354,-157.73533465,UAV 1,1,1:3001:1895,FRT69001,1:1:45:1:2:1:0,0,false,false,false,false,0
ENMORT004,FFE-on-Location,LOC_아군박격포진지,2026-08-09T09:03:49.000Z,21.37447596,-157.73706256,UAV 1,2,1:3001:1900,ENMORT004,1:1:71:10:1:0:1,0,false,false,false,false,0
FRTRK1001,move to,LOC_남측제1방어선,2026-08-09T09:03:49.000Z,21.38830321,-157.75041322,UAV 1,1,1:3001:1913,FRTRK1001,1:1:225:7:12:0:0,0,false,false,false,false,0
ENGAZ001,move to,LOC_적북측접근로,2026-08-09T09:03:49.000Z,21.37319419,-157.73304052,UAV 1,2,1:3001:1924,ENGAZ001,1:1:222:7:8:0:0,0,false,false,false,false,0
ENBTR60006,move to,LOC_중앙계곡,2026-08-09T09:03:49.000Z,21.36886550,-157.74038588,UAV 1,2,1:3001:1933,ENBTR60006,1:1:222:2:8:1:0,0,false,false,false,false,0
ENBTR80004,move to,LOC_중앙계곡,2026-08-09T09:03:49.000Z,21.36892129,-157.74031006,UAV 1,2,1:3001:1949,ENBTR80004,1:1:222:2:13:0:0,0,false,false,false,false,0
ENBTR60003,move to,LOC_중앙계곡,2026-08-09T09:03:49.000Z,21.36893652,-157.74044544,UAV 1,2,1:3001:1955,ENBTR60003,1:1:222:2:8:1:0,0,false,false,false,false,0
ENM1A2002,move to,LOC_중앙계곡,2026-08-09T09:03:49.000Z,21.37340829,-157.74319785,UAV 1,2,1:3001:1963,ENM1A2002,1:1:225:1:1:3:0,0,false,false,false,false,0
ENBTR80001,move to,LOC_중앙계곡,2026-08-09T09:03:49.000Z,21.36899232,-157.74036962,UAV 1,2,1:3001:1967,ENBTR80001,1:1:222:2:13:0:0,0,false,false,false,false,0
ENCAESAR004,move to,LOC_북측예비방어선,2026-08-09T09:03:49.000Z,21.37005657,-157.73475759,UAV 1,2,1:3001:1968,ENCAESAR004,1:1:71:4:0:0:0,0,false,false,false,false,0
ENGAZ002,move to,LOC_적북측접근로,2026-08-09T09:03:49.000Z,21.37328190,-157.73306355,UAV 1,2,1:3001:1991,ENGAZ002,1:1:222:7:8:0:0,0,false,false,false,false,0
ENBTR80006,move to,LOC_중앙계곡,2026-08-09T09:03:49.000Z,21.36903287,-157.74015841,UAV 1,2,1:3001:1998,ENBTR80006,1:1:222:2:13:0:0,0,false,false,false,false,0
ENT72011,move to,LOC_중앙계곡,2026-08-09T09:03:49.000Z,21.37111025,-157.74180950,UAV 1,2,1:3001:2002,ENT72011,1:1:222:1:2:1:0,0,false,false,false,false,0
ENM35002,move to,LOC_적북측접근로,2026-08-09T09:03:49.000Z,21.37345732,-157.73310954,UAV 1,2,1:3001:2010,ENM35002,1:1:225:7:1:6:0,0,false,false,false,false,0
ENGAZ003,move to,LOC_적북측접근로,2026-08-09T09:03:49.000Z,21.37321576,-157.73294689,UAV 1,2,1:3001:2019,ENGAZ003,1:1:222:7:8:0:0,0,false,false,false,false,0
ENBTR80003,move to,LOC_중앙계곡,2026-08-09T09:03:49.000Z,21.36910390,-157.74021797,UAV 1,2,1:3001:2023,ENBTR80003,1:1:222:2:13:0:0,0,false,false,false,false,0
ENM35001,move to,LOC_적북측접근로,2026-08-09T09:03:49.000Z,21.37336961,-157.73308652,UAV 1,2,1:3001:2024,ENM35001,1:1:225:7:1:6:0,0,false,false,false,false,0
FRT80008,move to,LOC_중앙킬존남측,2026-08-09T09:03:49.000Z,21.38272998,-157.75083058,UAV 1,1,1:3001:2026,FRT80008,1:1:222:1:1:1:0,0,false,false,false,false,0
ENCAESAR003,FFE-on-Location,LOC_아군박격포진지,2026-08-09T09:03:49.000Z,21.36993473,-157.73482081,UAV 1,2,1:3001:2052,ENCAESAR003,1:1:71:4:0:0:0,0,false,false,false,false,0
ENBTR60002,move to,LOC_중앙계곡,2026-08-09T09:03:49.000Z,21.36888073,-157.74052127,UAV 1,2,1:3001:2058,ENBTR60002,1:1:222:2:8:1:0,0,false,false,false,false,0
ENMORT001,FFE-on-Location,LOC_중앙킬존,2026-08-09T09:03:49.000Z,21.37443553,-157.73716992,UAV 1,2,1:3001:2059,ENMORT001,1:1:71:10:1:0:1,0,false,false,false,false,0
ENBTR60007,move to,LOC_중앙계곡,2026-08-09T09:03:49.000Z,21.36868289,-157.74047797,UAV 1,2,1:3001:2085,ENBTR60007,1:1:222:2:8:1:0,0,false,false,false,false,0
ENBTR60008,move to,LOC_중앙계곡,2026-08-09T09:03:49.000Z,21.36873868,-157.74040214,UAV 1,2,1:3001:2096,ENBTR60008,1:1:222:2:8:1:0,0,false,false,false,false,0
FRTRK2002,move to,LOC_남측제1방어선,2026-08-09T09:03:49.000Z,21.38794546,-157.75046696,UAV 1,1,1:3001:2097,FRTRK2002,1:1:225:7:12:8:0,0,false,false,false,false,0
ENBTR80007,move to,LOC_중앙계곡,2026-08-09T09:03:49.000Z,21.36885027,-157.74025050,UAV 1,2,1:3001:2098,ENBTR80007,1:1:222:2:13:0:0,0,false,false,false,false,0
ENMORT002,FFE-on-Location,LOC_남측제1방어선,2026-08-09T09:03:49.000Z,21.37453609,-157.73721308,UAV 1,2,1:3001:2104,ENMORT002,1:1:71:10:1:0:1,0,false,false,false,false,0
ENGAZ004,move to,LOC_적북측접근로,2026-08-09T09:03:49.000Z,21.37330346,-157.73296991,UAV 1,2,1:3001:2108,ENGAZ004,1:1:222:7:8:0:0,0,false,false,false,false,0
ENBTR80005,move to,LOC_중앙계곡,2026-08-09T09:03:49.000Z,21.36897708,-157.74023423,UAV 1,2,1:3001:2116,ENBTR80005,1:1:222:2:13:0:0,0,false,false,false,false,0
FRTRK1002,move to,LOC_남측제1방어선,2026-08-09T09:03:49.000Z,21.38821377,-157.75042665,UAV 1,1,1:3001:2123,FRTRK1002,1:1:225:7:12:0:0,0,false,false,false,false,0
ENMIM001,move to,LOC_적북측접근로,2026-08-09T09:03:49.000Z,21.36971526,-157.73688576,UAV 1,2,1:3001:2125,ENMIM001,1:1:225:28:2:0:0,0,false,false,false,false,0
ENCAESAR001,move to,LOC_적북측접근로,2026-08-09T09:03:49.000Z,21.36999394,-157.73495090,UAV 1,2,1:3001:2130,ENCAESAR001,1:1:71:4:0:0:0,0,false,false,false,false,0
FRTRK2003,move to,LOC_남측제1방어선,2026-08-09T09:03:49.000Z,21.38804748,-157.75054901,UAV 1,1,1:3001:2133,FRTRK2003,1:1:225:7:12:8:0,0,false,false,false,false,0
ENMORT003,FFE-on-Location,LOC_아군포병진지,2026-08-09T09:03:49.000Z,21.37463664,-157.73725624,UAV 1,2,1:3001:2135,ENMORT003,1:1:71:10:1:0:1,0,false,false,false,false,0
ENBTR60004,move to,LOC_중앙계곡,2026-08-09T09:03:49.000Z,21.36875392,-157.74053753,UAV 1,2,1:3001:2142,ENBTR60004,1:1:222:2:8:1:0,0,false,false,false,false,0
ENBTR80002,move to,LOC_중앙계곡,2026-08-09T09:03:49.000Z,21.36904811,-157.74029380,UAV 1,2,1:3001:2154,ENBTR80002,1:1:222:2:13:0:0,0,false,false,false,false,0
ENM1A2004,move to,LOC_중앙계곡,2026-08-09T09:03:49.000Z,21.37334974,-157.74301541,UAV 1,2,1:3001:2156,ENM1A2004,1:1:225:1:1:3:0,0,false,false,false,false,0
ENBTR60005,move to,LOC_중앙계곡,2026-08-09T09:03:49.000Z,21.36880971,-157.74046170,UAV 1,2,1:3001:2172,ENBTR60005,1:1:222:2:8:1:0,0,false,false,false,false,0
ENM1A2003,move to,LOC_중앙계곡,2026-08-09T09:03:50.000Z,21.37337901,-157.74310663,UAV 1,2,1:3001:1834,ENM1A2003,1:1:225:1:1:3:0,0,false,false,false,false,0
FRTRK2004,move to,LOC_남측제1방어선,2026-08-09T09:03:50.000Z,21.38795805,-157.75056245,UAV 1,1,1:3001:1846,FRTRK2004,1:1:225:7:12:8:0,0,false,false,false,false,0
ENCAESAR002,FFE-on-Location,LOC_아군포병진지,2026-08-09T09:03:50.000Z,21.37011579,-157.73488768,UAV 1,2,1:3001:1864,ENCAESAR002,1:1:71:4:0:0:0,0,false,false,false,false,0
ENT72012,move to,LOC_중앙계곡,2026-08-09T09:03:50.000Z,21.37110216,-157.74171347,UAV 1,2,1:3001:1865,ENT72012,1:1:222:1:2:1:0,0,false,false,false,false,0
ENBTR60001,move to,LOC_중앙계곡,2026-08-09T09:03:50.000Z,21.36882494,-157.74059709,UAV 1,2,1:3001:1872,ENBTR60001,1:1:222:2:8:1:0,0,false,false,false,false,0
ENMORT005,FFE-on-Location,LOC_중앙킬존,2026-08-09T09:03:50.000Z,21.37457651,-157.73710572,UAV 1,2,1:3001:1877,ENMORT005,1:1:71:10:1:0:1,0,false,false,false,false,0
ENM1A2001,move to,LOC_중앙계곡,2026-08-09T09:03:50.000Z,21.37343757,-157.74328906,UAV 1,2,1:3001:1878,ENM1A2001,1:1:225:1:1:3:0,0,false,false,false,false,0
FRTRK1003,move to,LOC_남측제1방어선,2026-08-09T09:03:50.000Z,21.38812433,-157.75044009,UAV 1,1,1:3001:1884,FRTRK1003,1:1:225:7:12:0:0,0,false,false,false,false,0
ENM1A2005,move to,LOC_중앙계곡,2026-08-09T09:03:50.000Z,21.37332046,-157.74292420,UAV 1,2,1:3001:1891,ENM1A2005,1:1:225:1:1:3:0,0,false,false,false,false,0
FRT69001,move to,LOC_중앙킬존남측,2026-08-09T09:03:50.000Z,21.38691354,-157.73533465,UAV 1,1,1:3001:1895,FRT69001,1:1:45:1:2:1:0,0,false,false,false,false,0
ENMORT004,FFE-on-Location,LOC_아군박격포진지,2026-08-09T09:03:50.000Z,21.37447596,-157.73706256,UAV 1,2,1:3001:1900,ENMORT004,1:1:71:10:1:0:1,0,false,false,false,false,0
FRTRK1001,move to,LOC_남측제1방어선,2026-08-09T09:03:50.000Z,21.38830321,-157.75041322,UAV 1,1,1:3001:1913,FRTRK1001,1:1:225:7:12:0:0,0,false,false,false,false,0
ENGAZ001,move to,LOC_적북측접근로,2026-08-09T09:03:50.000Z,21.37319419,-157.73304052,UAV 1,2,1:3001:1924,ENGAZ001,1:1:222:7:8:0:0,0,false,false,false,false,0
ENBTR60006,move to,LOC_중앙계곡,2026-08-09T09:03:50.000Z,21.36886550,-157.74038588,UAV 1,2,1:3001:1933,ENBTR60006,1:1:222:2:8:1:0,0,false,false,false,false,0
ENBTR80004,move to,LOC_중앙계곡,2026-08-09T09:03:50.000Z,21.36892129,-157.74031006,UAV 1,2,1:3001:1949,ENBTR80004,1:1:222:2:13:0:0,0,false,false,false,false,0
ENBTR60003,move to,LOC_중앙계곡,2026-08-09T09:03:50.000Z,21.36893652,-157.74044544,UAV 1,2,1:3001:1955,ENBTR60003,1:1:222:2:8:1:0,0,false,false,false,false,0
ENM1A2002,move to,LOC_중앙계곡,2026-08-09T09:03:50.000Z,21.37340829,-157.74319785,UAV 1,2,1:3001:1963,ENM1A2002,1:1:225:1:1:3:0,0,false,false,false,false,0
ENBTR80001,move to,LOC_중앙계곡,2026-08-09T09:03:50.000Z,21.36899232,-157.74036962,UAV 1,2,1:3001:1967,ENBTR80001,1:1:222:2:13:0:0,0,false,false,false,false,0
ENCAESAR004,move to,LOC_북측예비방어선,2026-08-09T09:03:50.000Z,21.37005657,-157.73475759,UAV 1,2,1:3001:1968,ENCAESAR004,1:1:71:4:0:0:0,0,false,false,false,false,0
ENGAZ002,move to,LOC_적북측접근로,2026-08-09T09:03:50.000Z,21.37328190,-157.73306355,UAV 1,2,1:3001:1991,ENGAZ002,1:1:222:7:8:0:0,0,false,false,false,false,0
ENBTR80006,move to,LOC_중앙계곡,2026-08-09T09:03:50.000Z,21.36903287,-157.74015841,UAV 1,2,1:3001:1998,ENBTR80006,1:1:222:2:13:0:0,0,false,false,false,false,0
ENT72011,move to,LOC_중앙계곡,2026-08-09T09:03:50.000Z,21.37111025,-157.74180950,UAV 1,2,1:3001:2002,ENT72011,1:1:222:1:2:1:0,0,false,false,false,false,0
ENM35002,move to,LOC_적북측접근로,2026-08-09T09:03:50.000Z,21.37345732,-157.73310954,UAV 1,2,1:3001:2010,ENM35002,1:1:225:7:1:6:0,0,false,false,false,false,0
ENGAZ003,move to,LOC_적북측접근로,2026-08-09T09:03:50.000Z,21.37321576,-157.73294689,UAV 1,2,1:3001:2019,ENGAZ003,1:1:222:7:8:0:0,0,false,false,false,false,0
ENBTR80003,move to,LOC_중앙계곡,2026-08-09T09:03:50.000Z,21.36910390,-157.74021797,UAV 1,2,1:3001:2023,ENBTR80003,1:1:222:2:13:0:0,0,false,false,false,false,0
ENM35001,move to,LOC_적북측접근로,2026-08-09T09:03:50.000Z,21.37336961,-157.73308652,UAV 1,2,1:3001:2024,ENM35001,1:1:225:7:1:6:0,0,false,false,false,false,0
FRT80008,move to,LOC_중앙킬존남측,2026-08-09T09:03:50.000Z,21.38272998,-157.75083058,UAV 1,1,1:3001:2026,FRT80008,1:1:222:1:1:1:0,0,false,false,false,false,0
ENCAESAR003,FFE-on-Location,LOC_아군박격포진지,2026-08-09T09:03:50.000Z,21.36993473,-157.73482081,UAV 1,2,1:3001:2052,ENCAESAR003,1:1:71:4:0:0:0,0,false,false,false,false,0
ENBTR60002,move to,LOC_중앙계곡,2026-08-09T09:03:50.000Z,21.36888073,-157.74052127,UAV 1,2,1:3001:2058,ENBTR60002,1:1:222:2:8:1:0,0,false,false,false,false,0
ENMORT001,FFE-on-Location,LOC_중앙킬존,2026-08-09T09:03:50.000Z,21.37443553,-157.73716992,UAV 1,2,1:3001:2059,ENMORT001,1:1:71:10:1:0:1,0,false,false,false,false,0
ENBTR60007,move to,LOC_중앙계곡,2026-08-09T09:03:50.000Z,21.36868289,-157.74047797,UAV 1,2,1:3001:2085,ENBTR60007,1:1:222:2:8:1:0,0,false,false,false,false,0
ENBTR60008,move to,LOC_중앙계곡,2026-08-09T09:03:50.000Z,21.36873868,-157.74040214,UAV 1,2,1:3001:2096,ENBTR60008,1:1:222:2:8:1:0,0,false,false,false,false,0
FRTRK2002,move to,LOC_남측제1방어선,2026-08-09T09:03:50.000Z,21.38794546,-157.75046696,UAV 1,1,1:3001:2097,FRTRK2002,1:1:225:7:12:8:0,0,false,false,false,false,0
ENBTR80007,move to,LOC_중앙계곡,2026-08-09T09:03:50.000Z,21.36885027,-157.74025050,UAV 1,2,1:3001:2098,ENBTR80007,1:1:222:2:13:0:0,0,false,false,false,false,0
ENMORT002,FFE-on-Location,LOC_남측제1방어선,2026-08-09T09:03:50.000Z,21.37453609,-157.73721308,UAV 1,2,1:3001:2104,ENMORT002,1:1:71:10:1:0:1,0,false,false,false,false,0
ENGAZ004,move to,LOC_적북측접근로,2026-08-09T09:03:50.000Z,21.37330346,-157.73296991,UAV 1,2,1:3001:2108,ENGAZ004,1:1:222:7:8:0:0,0,false,false,false,false,0
ENBTR80005,move to,LOC_중앙계곡,2026-08-09T09:03:50.000Z,21.36897708,-157.74023423,UAV 1,2,1:3001:2116,ENBTR80005,1:1:222:2:13:0:0,0,false,false,false,false,0
FRTRK1002,move to,LOC_남측제1방어선,2026-08-09T09:03:50.000Z,21.38821377,-157.75042665,UAV 1,1,1:3001:2123,FRTRK1002,1:1:225:7:12:0:0,0,false,false,false,false,0
ENMIM001,move to,LOC_적북측접근로,2026-08-09T09:03:50.000Z,21.36971526,-157.73688576,UAV 1,2,1:3001:2125,ENMIM001,1:1:225:28:2:0:0,0,false,false,false,false,0
ENCAESAR001,move to,LOC_적북측접근로,2026-08-09T09:03:50.000Z,21.36999394,-157.73495090,UAV 1,2,1:3001:2130,ENCAESAR001,1:1:71:4:0:0:0,0,false,false,false,false,0
FRTRK2003,move to,LOC_남측제1방어선,2026-08-09T09:03:50.000Z,21.38804748,-157.75054901,UAV 1,1,1:3001:2133,FRTRK2003,1:1:225:7:12:8:0,0,false,false,false,false,0
ENMORT003,FFE-on-Location,LOC_아군포병진지,2026-08-09T09:03:50.000Z,21.37463664,-157.73725624,UAV 1,2,1:3001:2135,ENMORT003,1:1:71:10:1:0:1,0,false,false,false,false,0
ENBTR60004,move to,LOC_중앙계곡,2026-08-09T09:03:50.000Z,21.36875392,-157.74053753,UAV 1,2,1:3001:2142,ENBTR60004,1:1:222:2:8:1:0,0,false,false,false,false,0
ENBTR80002,move to,LOC_중앙계곡,2026-08-09T09:03:50.000Z,21.36904811,-157.74029380,UAV 1,2,1:3001:2154,ENBTR80002,1:1:222:2:13:0:0,0,false,false,false,false,0
ENM1A2004,move to,LOC_중앙계곡,2026-08-09T09:03:50.000Z,21.37334974,-157.74301541,UAV 1,2,1:3001:2156,ENM1A2004,1:1:225:1:1:3:0,0,false,false,false,false,0
ENBTR60005,move to,LOC_중앙계곡,2026-08-09T09:03:50.000Z,21.36880971,-157.74046170,UAV 1,2,1:3001:2172,ENBTR60005,1:1:222:2:8:1:0,0,false,false,false,false,0
ENM1A2003,move to,LOC_중앙계곡,2026-08-09T09:03:50.000Z,21.37350514,-157.74306049,UAV 1,2,1:3001:1834,ENM1A2003,1:1:225:1:1:3:0,0,false,false,false,false,0
FRTRK2004,move to,LOC_남측제1방어선,2026-08-09T09:03:50.000Z,21.38795210,-157.75051116,UAV 1,1,1:3001:1846,FRTRK2004,1:1:225:7:12:8:0,0,false,false,false,false,0
ENCAESAR002,FFE-on-Location,LOC_아군포병진지,2026-08-09T09:03:50.000Z,21.37011579,-157.73488768,UAV 1,2,1:3001:1864,ENCAESAR002,1:1:71:4:0:0:0,0,false,false,false,false,0
ENT72012,move to,LOC_중앙계곡,2026-08-09T09:03:50.000Z,21.37122554,-157.74170238,UAV 1,2,1:3001:1865,ENT72012,1:1:222:1:2:1:0,0,false,false,false,false,0
ENBTR60001,move to,LOC_중앙계곡,2026-08-09T09:03:50.000Z,21.36893093,-157.74060109,UAV 1,2,1:3001:1872,ENBTR60001,1:1:222:2:8:1:0,0,false,false,false,false,0
ENMORT005,FFE-on-Location,LOC_중앙킬존,2026-08-09T09:03:50.000Z,21.37457651,-157.73710572,UAV 1,2,1:3001:1877,ENMORT005,1:1:71:10:1:0:1,0,false,false,false,false,0
ENM1A2001,move to,LOC_중앙계곡,2026-08-09T09:03:50.000Z,21.37356605,-157.74323749,UAV 1,2,1:3001:1878,ENM1A2001,1:1:225:1:1:3:0,0,false,false,false,false,0
ENM1A2005,move to,LOC_중앙계곡,2026-08-09T09:03:50.000Z,21.37344283,-157.74288369,UAV 1,2,1:3001:1891,ENM1A2005,1:1:225:1:1:3:0,0,false,false,false,false,0
FRT69001,move to,LOC_중앙킬존남측,2026-08-09T09:03:50.000Z,21.38687995,-157.73540919,UAV 1,1,1:3001:1895,FRT69001,1:1:45:1:2:1:0,0,false,false,false,false,0
ENMORT004,FFE-on-Location,LOC_아군박격포진지,2026-08-09T09:03:50.000Z,21.37447596,-157.73706256,UAV 1,2,1:3001:1900,ENMORT004,1:1:71:10:1:0:1,0,false,false,false,false,0
FRTRK1001,move to,LOC_남측제1방어선,2026-08-09T09:03:50.000Z,21.38829763,-157.75037552,UAV 1,1,1:3001:1913,FRTRK1001,1:1:225:7:12:0:0,0,false,false,false,false,0
ENGAZ001,move to,LOC_적북측접근로,2026-08-09T09:03:50.000Z,21.37317663,-157.73312249,UAV 1,2,1:3001:1924,ENGAZ001,1:1:222:7:8:0:0,0,false,false,false,false,0
ENBTR60006,move to,LOC_중앙계곡,2026-08-09T09:03:50.000Z,21.36897860,-157.74039249,UAV 1,2,1:3001:1933,ENBTR60006,1:1:222:2:8:1:0,0,false,false,false,false,0
ENBTR80004,move to,LOC_중앙계곡,2026-08-09T09:03:50.000Z,21.36904426,-157.74031819,UAV 1,2,1:3001:1949,ENBTR80004,1:1:222:2:13:0:0,0,false,false,false,false,0
ENBTR60003,move to,LOC_중앙계곡,2026-08-09T09:03:50.000Z,21.36905356,-157.74045165,UAV 1,2,1:3001:1955,ENBTR60003,1:1:222:2:8:1:0,0,false,false,false,false,0
ENM1A2002,move to,LOC_중앙계곡,2026-08-09T09:03:50.000Z,21.37353644,-157.74314870,UAV 1,2,1:3001:1963,ENM1A2002,1:1:225:1:1:3:0,0,false,false,false,false,0
ENBTR80001,move to,LOC_중앙계곡,2026-08-09T09:03:50.000Z,21.36912386,-157.74037761,UAV 1,2,1:3001:1967,ENBTR80001,1:1:222:2:13:0:0,0,false,false,false,false,0
ENCAESAR004,move to,LOC_북측예비방어선,2026-08-09T09:03:50.000Z,21.37008148,-157.73481906,UAV 1,2,1:3001:1968,ENCAESAR004,1:1:71:4:0:0:0,0,false,false,false,false,0
ENGAZ002,move to,LOC_적북측접근로,2026-08-09T09:03:50.000Z,21.37326362,-157.73314481,UAV 1,2,1:3001:1991,ENGAZ002,1:1:222:7:8:0:0,0,false,false,false,false,0
ENBTR80006,move to,LOC_중앙계곡,2026-08-09T09:03:50.000Z,21.36916292,-157.74016905,UAV 1,2,1:3001:1998,ENBTR80006,1:1:222:2:13:0:0,0,false,false,false,false,0
ENT72011,move to,LOC_중앙계곡,2026-08-09T09:03:50.000Z,21.37123958,-157.74179632,UAV 1,2,1:3001:2002,ENT72011,1:1:222:1:2:1:0,0,false,false,false,false,0
ENM35002,move to,LOC_적북측접근로,2026-08-09T09:03:50.000Z,21.37344354,-157.73316545,UAV 1,2,1:3001:2010,ENM35002,1:1:225:7:1:6:0,0,false,false,false,false,0
ENGAZ003,move to,LOC_적북측접근로,2026-08-09T09:03:50.000Z,21.37319827,-157.73302846,UAV 1,2,1:3001:2019,ENGAZ003,1:1:222:7:8:0:0,0,false,false,false,false,0
ENBTR80003,move to,LOC_중앙계곡,2026-08-09T09:03:50.000Z,21.36924273,-157.74022859,UAV 1,2,1:3001:2023,ENBTR80003,1:1:222:2:13:0:0,0,false,false,false,false,0
ENM35001,move to,LOC_적북측접근로,2026-08-09T09:03:50.000Z,21.37335636,-157.73314274,UAV 1,2,1:3001:2024,ENM35001,1:1:225:7:1:6:0,0,false,false,false,false,0
FRT80008,move to,LOC_중앙킬존남측,2026-08-09T09:03:50.000Z,21.38273244,-157.75073843,UAV 1,1,1:3001:2026,FRT80008,1:1:222:1:1:1:0,0,false,false,false,false,0
ENCAESAR003,FFE-on-Location,LOC_아군박격포진지,2026-08-09T09:03:50.000Z,21.36993473,-157.73482081,UAV 1,2,1:3001:2052,ENCAESAR003,1:1:71:4:0:0:0,0,false,false,false,false,0
ENBTR60002,move to,LOC_중앙계곡,2026-08-09T09:03:50.000Z,21.36899304,-157.74052636,UAV 1,2,1:3001:2058,ENBTR60002,1:1:222:2:8:1:0,0,false,false,false,false,0
ENMORT001,FFE-on-Location,LOC_중앙킬존,2026-08-09T09:03:50.000Z,21.37443553,-157.73716992,UAV 1,2,1:3001:2059,ENMORT001,1:1:71:10:1:0:1,0,false,false,false,false,0
ENBTR60007,move to,LOC_중앙계곡,2026-08-09T09:03:50.000Z,21.36878506,-157.74048292,UAV 1,2,1:3001:2085,ENBTR60007,1:1:222:2:8:1:0,0,false,false,false,false,0
ENBTR60008,move to,LOC_중앙계곡,2026-08-09T09:03:50.000Z,21.36884076,-157.74040787,UAV 1,2,1:3001:2096,ENBTR60008,1:1:222:2:8:1:0,0,false,false,false,false,0
FRTRK2002,move to,LOC_남측제1방어선,2026-08-09T09:03:50.000Z,21.38793953,-157.75041570,UAV 1,1,1:3001:2097,FRTRK2002,1:1:225:7:12:8:0,0,false,false,false,false,0
ENBTR80007,move to,LOC_중앙계곡,2026-08-09T09:03:50.000Z,21.36897018,-157.74025906,UAV 1,2,1:3001:2098,ENBTR80007,1:1:222:2:13:0:0,0,false,false,false,false,0
ENMORT002,FFE-on-Location,LOC_남측제1방어선,2026-08-09T09:03:50.000Z,21.37453609,-157.73721308,UAV 1,2,1:3001:2104,ENMORT002,1:1:71:10:1:0:1,0,false,false,false,false,0
ENGAZ004,move to,LOC_적북측접근로,2026-08-09T09:03:50.000Z,21.37328523,-157.73305094,UAV 1,2,1:3001:2108,ENGAZ004,1:1:222:7:8:0:0,0,false,false,false,false,0
ENBTR80005,move to,LOC_중앙계곡,2026-08-09T09:03:50.000Z,21.36910067,-157.74024337,UAV 1,2,1:3001:2116,ENBTR80005,1:1:222:2:13:0:0,0,false,false,false,false,0
FRTRK1002,move to,LOC_남측제1방어선,2026-08-09T09:03:50.000Z,21.38820813,-157.75038627,UAV 1,1,1:3001:2123,FRTRK1002,1:1:225:7:12:0:0,0,false,false,false,false,0
ENMIM001,move to,LOC_적북측접근로,2026-08-09T09:03:50.000Z,21.36973292,-157.73693860,UAV 1,2,1:3001:2125,ENMIM001,1:1:225:28:2:0:0,0,false,false,false,false,0
ENCAESAR001,move to,LOC_적북측접근로,2026-08-09T09:03:50.000Z,21.37001101,-157.73503219,UAV 1,2,1:3001:2130,ENCAESAR001,1:1:71:4:0:0:0,0,false,false,false,false,0
ENMORT003,FFE-on-Location,LOC_아군포병진지,2026-08-09T09:03:50.000Z,21.37463664,-157.73725624,UAV 1,2,1:3001:2135,ENMORT003,1:1:71:10:1:0:1,0,false,false,false,false,0
ENBTR60004,move to,LOC_중앙계곡,2026-08-09T09:03:50.000Z,21.36885547,-157.74054192,UAV 1,2,1:3001:2142,ENBTR60004,1:1:222:2:8:1:0,0,false,false,false,false,0
ENBTR80002,move to,LOC_중앙계곡,2026-08-09T09:03:50.000Z,21.36918765,-157.74030336,UAV 1,2,1:3001:2154,ENBTR80002,1:1:222:2:13:0:0,0,false,false,false,false,0
ENM1A2004,move to,LOC_중앙계곡,2026-08-09T09:03:50.000Z,21.37347478,-157.74297186,UAV 1,2,1:3001:2156,ENM1A2004,1:1:225:1:1:3:0,0,false,false,false,false,0
ENBTR60005,move to,LOC_중앙계곡,2026-08-09T09:03:50.000Z,21.36891386,-157.74046699,UAV 1,2,1:3001:2172,ENBTR60005,1:1:222:2:8:1:0,0,false,false,false,false,0
ENT72010,move to,LOC_중앙계곡,2026-08-09T09:03:50.000Z,21.37131384,-157.74169390,UAV 1,2,1:3001:2031,ENT72010,1:1:222:1:2:1:0,0,false,false,false,false,0
ENT72006,move to,LOC_중앙계곡,2026-08-09T09:03:50.000Z,21.37150225,-157.74167590,UAV 1,2,1:3001:2048,ENT72006,1:1:222:1:2:1:0,0,false,false,false,false,0
ENM1A2003,move to,LOC_중앙계곡,2026-08-09T09:03:51.000Z,21.37350514,-157.74306049,UAV 1,2,1:3001:1834,ENM1A2003,1:1:225:1:1:3:0,0,false,false,false,false,0
FRTRK2004,move to,LOC_남측제1방어선,2026-08-09T09:03:51.000Z,21.38795210,-157.75051116,UAV 1,1,1:3001:1846,FRTRK2004,1:1:225:7:12:8:0,0,false,false,false,false,0
ENCAESAR002,FFE-on-Location,LOC_아군포병진지,2026-08-09T09:03:51.000Z,21.37011579,-157.73488768,UAV 1,2,1:3001:1864,ENCAESAR002,1:1:71:4:0:0:0,0,false,false,false,false,0
ENT72012,move to,LOC_중앙계곡,2026-08-09T09:03:51.000Z,21.37122554,-157.74170238,UAV 1,2,1:3001:1865,ENT72012,1:1:222:1:2:1:0,0,false,false,false,false,0
ENBTR60001,move to,LOC_중앙계곡,2026-08-09T09:03:51.000Z,21.36893093,-157.74060109,UAV 1,2,1:3001:1872,ENBTR60001,1:1:222:2:8:1:0,0,false,false,false,false,0
ENMORT005,FFE-on-Location,LOC_중앙킬존,2026-08-09T09:03:51.000Z,21.37457651,-157.73710572,UAV 1,2,1:3001:1877,ENMORT005,1:1:71:10:1:0:1,0,false,false,false,false,0
ENM1A2001,move to,LOC_중앙계곡,2026-08-09T09:03:51.000Z,21.37356605,-157.74323749,UAV 1,2,1:3001:1878,ENM1A2001,1:1:225:1:1:3:0,0,false,false,false,false,0
ENM1A2005,move to,LOC_중앙계곡,2026-08-09T09:03:51.000Z,21.37344283,-157.74288369,UAV 1,2,1:3001:1891,ENM1A2005,1:1:225:1:1:3:0,0,false,false,false,false,0
FRT69001,move to,LOC_중앙킬존남측,2026-08-09T09:03:51.000Z,21.38687995,-157.73540919,UAV 1,1,1:3001:1895,FRT69001,1:1:45:1:2:1:0,0,false,false,false,false,0
ENMORT004,FFE-on-Location,LOC_아군박격포진지,2026-08-09T09:03:51.000Z,21.37447596,-157.73706256,UAV 1,2,1:3001:1900,ENMORT004,1:1:71:10:1:0:1,0,false,false,false,false,0
FRTRK1001,move to,LOC_남측제1방어선,2026-08-09T09:03:51.000Z,21.38829763,-157.75037552,UAV 1,1,1:3001:1913,FRTRK1001,1:1:225:7:12:0:0,0,false,false,false,false,0
ENGAZ001,move to,LOC_적북측접근로,2026-08-09T09:03:51.000Z,21.37317663,-157.73312249,UAV 1,2,1:3001:1924,ENGAZ001,1:1:222:7:8:0:0,0,false,false,false,false,0
ENBTR60006,move to,LOC_중앙계곡,2026-08-09T09:03:51.000Z,21.36897860,-157.74039249,UAV 1,2,1:3001:1933,ENBTR60006,1:1:222:2:8:1:0,0,false,false,false,false,0
ENBTR80004,move to,LOC_중앙계곡,2026-08-09T09:03:51.000Z,21.36904426,-157.74031819,UAV 1,2,1:3001:1949,ENBTR80004,1:1:222:2:13:0:0,0,false,false,false,false,0
ENBTR60003,move to,LOC_중앙계곡,2026-08-09T09:03:51.000Z,21.36905356,-157.74045165,UAV 1,2,1:3001:1955,ENBTR60003,1:1:222:2:8:1:0,0,false,false,false,false,0
ENM1A2002,move to,LOC_중앙계곡,2026-08-09T09:03:51.000Z,21.37353644,-157.74314870,UAV 1,2,1:3001:1963,ENM1A2002,1:1:225:1:1:3:0,0,false,false,false,false,0
ENBTR80001,move to,LOC_중앙계곡,2026-08-09T09:03:51.000Z,21.36912386,-157.74037761,UAV 1,2,1:3001:1967,ENBTR80001,1:1:222:2:13:0:0,0,false,false,false,false,0
ENCAESAR004,move to,LOC_북측예비방어선,2026-08-09T09:03:51.000Z,21.37008148,-157.73481906,UAV 1,2,1:3001:1968,ENCAESAR004,1:1:71:4:0:0:0,0,false,false,false,false,0
ENGAZ002,move to,LOC_적북측접근로,2026-08-09T09:03:51.000Z,21.37326362,-157.73314481,UAV 1,2,1:3001:1991,ENGAZ002,1:1:222:7:8:0:0,0,false,false,false,false,0
ENBTR80006,move to,LOC_중앙계곡,2026-08-09T09:03:51.000Z,21.36916292,-157.74016905,UAV 1,2,1:3001:1998,ENBTR80006,1:1:222:2:13:0:0,0,false,false,false,false,0
ENT72011,move to,LOC_중앙계곡,2026-08-09T09:03:51.000Z,21.37123958,-157.74179632,UAV 1,2,1:3001:2002,ENT72011,1:1:222:1:2:1:0,0,false,false,false,false,0
ENM35002,move to,LOC_적북측접근로,2026-08-09T09:03:51.000Z,21.37344354,-157.73316545,UAV 1,2,1:3001:2010,ENM35002,1:1:225:7:1:6:0,0,false,false,false,false,0
ENGAZ003,move to,LOC_적북측접근로,2026-08-09T09:03:51.000Z,21.37319827,-157.73302846,UAV 1,2,1:3001:2019,ENGAZ003,1:1:222:7:8:0:0,0,false,false,false,false,0
ENBTR80003,move to,LOC_중앙계곡,2026-08-09T09:03:51.000Z,21.36924273,-157.74022859,UAV 1,2,1:3001:2023,ENBTR80003,1:1:222:2:13:0:0,0,false,false,false,false,0
ENM35001,move to,LOC_적북측접근로,2026-08-09T09:03:51.000Z,21.37335636,-157.73314274,UAV 1,2,1:3001:2024,ENM35001,1:1:225:7:1:6:0,0,false,false,false,false,0
FRT80008,move to,LOC_중앙킬존남측,2026-08-09T09:03:51.000Z,21.38273244,-157.75073843,UAV 1,1,1:3001:2026,FRT80008,1:1:222:1:1:1:0,0,false,false,false,false,0
ENCAESAR003,FFE-on-Location,LOC_아군박격포진지,2026-08-09T09:03:51.000Z,21.36993473,-157.73482081,UAV 1,2,1:3001:2052,ENCAESAR003,1:1:71:4:0:0:0,0,false,false,false,false,0
ENBTR60002,move to,LOC_중앙계곡,2026-08-09T09:03:51.000Z,21.36899304,-157.74052636,UAV 1,2,1:3001:2058,ENBTR60002,1:1:222:2:8:1:0,0,false,false,false,false,0
ENMORT001,FFE-on-Location,LOC_중앙킬존,2026-08-09T09:03:51.000Z,21.37443553,-157.73716992,UAV 1,2,1:3001:2059,ENMORT001,1:1:71:10:1:0:1,0,false,false,false,false,0
ENBTR60007,move to,LOC_중앙계곡,2026-08-09T09:03:51.000Z,21.36878506,-157.74048292,UAV 1,2,1:3001:2085,ENBTR60007,1:1:222:2:8:1:0,0,false,false,false,false,0
ENBTR60008,move to,LOC_중앙계곡,2026-08-09T09:03:51.000Z,21.36884076,-157.74040787,UAV 1,2,1:3001:2096,ENBTR60008,1:1:222:2:8:1:0,0,false,false,false,false,0
FRTRK2002,move to,LOC_남측제1방어선,2026-08-09T09:03:51.000Z,21.38793953,-157.75041570,UAV 1,1,1:3001:2097,FRTRK2002,1:1:225:7:12:8:0,0,false,false,false,false,0
ENBTR80007,move to,LOC_중앙계곡,2026-08-09T09:03:51.000Z,21.36897018,-157.74025906,UAV 1,2,1:3001:2098,ENBTR80007,1:1:222:2:13:0:0,0,false,false,false,false,0
ENMORT002,FFE-on-Location,LOC_남측제1방어선,2026-08-09T09:03:51.000Z,21.37453609,-157.73721308,UAV 1,2,1:3001:2104,ENMORT002,1:1:71:10:1:0:1,0,false,false,false,false,0
ENGAZ004,move to,LOC_적북측접근로,2026-08-09T09:03:51.000Z,21.37328523,-157.73305094,UAV 1,2,1:3001:2108,ENGAZ004,1:1:222:7:8:0:0,0,false,false,false,false,0
ENBTR80005,move to,LOC_중앙계곡,2026-08-09T09:03:51.000Z,21.36910067,-157.74024337,UAV 1,2,1:3001:2116,ENBTR80005,1:1:222:2:13:0:0,0,false,false,false,false,0
FRTRK1002,move to,LOC_남측제1방어선,2026-08-09T09:03:51.000Z,21.38820813,-157.75038627,UAV 1,1,1:3001:2123,FRTRK1002,1:1:225:7:12:0:0,0,false,false,false,false,0
ENMIM001,move to,LOC_적북측접근로,2026-08-09T09:03:51.000Z,21.36973292,-157.73693860,UAV 1,2,1:3001:2125,ENMIM001,1:1:225:28:2:0:0,0,false,false,false,false,0
ENCAESAR001,move to,LOC_적북측접근로,2026-08-09T09:03:51.000Z,21.37001101,-157.73503219,UAV 1,2,1:3001:2130,ENCAESAR001,1:1:71:4:0:0:0,0,false,false,false,false,0
ENMORT003,FFE-on-Location,LOC_아군포병진지,2026-08-09T09:03:51.000Z,21.37463664,-157.73725624,UAV 1,2,1:3001:2135,ENMORT003,1:1:71:10:1:0:1,0,false,false,false,false,0
ENBTR60004,move to,LOC_중앙계곡,2026-08-09T09:03:51.000Z,21.36885547,-157.74054192,UAV 1,2,1:3001:2142,ENBTR60004,1:1:222:2:8:1:0,0,false,false,false,false,0
ENBTR80002,move to,LOC_중앙계곡,2026-08-09T09:03:51.000Z,21.36918765,-157.74030336,UAV 1,2,1:3001:2154,ENBTR80002,1:1:222:2:13:0:0,0,false,false,false,false,0
ENM1A2004,move to,LOC_중앙계곡,2026-08-09T09:03:51.000Z,21.37347478,-157.74297186,UAV 1,2,1:3001:2156,ENM1A2004,1:1:225:1:1:3:0,0,false,false,false,false,0
ENBTR60005,move to,LOC_중앙계곡,2026-08-09T09:03:51.000Z,21.36891386,-157.74046699,UAV 1,2,1:3001:2172,ENBTR60005,1:1:222:2:8:1:0,0,false,false,false,false,0
ENT72010,move to,LOC_중앙계곡,2026-08-09T09:03:51.000Z,21.37131384,-157.74169390,UAV 1,2,1:3001:2031,ENT72010,1:1:222:1:2:1:0,0,false,false,false,false,0
ENT72006,move to,LOC_중앙계곡,2026-08-09T09:03:51.000Z,21.37150225,-157.74167590,UAV 1,2,1:3001:2048,ENT72006,1:1:222:1:2:1:0,0,false,false,false,false,0
ENM1A2003,move to,LOC_중앙계곡,2026-08-09T09:03:52.000Z,21.37369447,-157.74299123,UAV 1,2,1:3001:1834,ENM1A2003,1:1:225:1:1:3:0,0,false,false,false,false,0
FRTRK2004,move to,LOC_남측제1방어선,2026-08-09T09:03:52.000Z,21.38793423,-157.75035685,UAV 1,1,1:3001:1846,FRTRK2004,1:1:225:7:12:8:0,0,false,false,false,false,0
ENCAESAR002,FFE-on-Location,LOC_아군포병진지,2026-08-09T09:03:52.000Z,21.37011579,-157.73488768,UAV 1,2,1:3001:1864,ENCAESAR002,1:1:71:4:0:0:0,0,false,false,false,false,0
ENT72012,move to,LOC_중앙계곡,2026-08-09T09:03:52.000Z,21.37142471,-157.74168446,UAV 1,2,1:3001:1865,ENT72012,1:1:222:1:2:1:0,0,false,false,false,false,0
ENBTR60001,move to,LOC_중앙계곡,2026-08-09T09:03:52.000Z,21.36912943,-157.74060859,UAV 1,2,1:3001:1872,ENBTR60001,1:1:222:2:8:1:0,0,false,false,false,false,0
ENMORT005,FFE-on-Location,LOC_중앙킬존,2026-08-09T09:03:52.000Z,21.37457651,-157.73710572,UAV 1,2,1:3001:1877,ENMORT005,1:1:71:10:1:0:1,0,false,false,false,false,0
ENM1A2001,move to,LOC_중앙계곡,2026-08-09T09:03:52.000Z,21.37375227,-157.74316275,UAV 1,2,1:3001:1878,ENM1A2001,1:1:225:1:1:3:0,0,false,false,false,false,0
ENM1A2005,move to,LOC_중앙계곡,2026-08-09T09:03:52.000Z,21.37363400,-157.74282042,UAV 1,2,1:3001:1891,ENM1A2005,1:1:225:1:1:3:0,0,false,false,false,false,0
FRT69001,move to,LOC_중앙킬존남측,2026-08-09T09:03:52.000Z,21.38678220,-157.73558735,UAV 1,1,1:3001:1895,FRT69001,1:1:45:1:2:1:0,0,false,false,false,false,0
ENMORT004,FFE-on-Location,LOC_아군박격포진지,2026-08-09T09:03:52.000Z,21.37447596,-157.73706256,UAV 1,2,1:3001:1900,ENMORT004,1:1:71:10:1:0:1,0,false,false,false,false,0
ENGAZ001,move to,LOC_적북측접근로,2026-08-09T09:03:52.000Z,21.37313428,-157.73332019,UAV 1,2,1:3001:1924,ENGAZ001,1:1:222:7:8:0:0,0,false,false,false,false,0
ENBTR60006,move to,LOC_중앙계곡,2026-08-09T09:03:52.000Z,21.36917849,-157.74040416,UAV 1,2,1:3001:1933,ENBTR60006,1:1:222:2:8:1:0,0,false,false,false,false,0
ENBTR80004,move to,LOC_중앙계곡,2026-08-09T09:03:52.000Z,21.36924848,-157.74033170,UAV 1,2,1:3001:1949,ENBTR80004,1:1:222:2:13:0:0,0,false,false,false,false,0
ENM1A2002,move to,LOC_중앙계곡,2026-08-09T09:03:52.000Z,21.37372319,-157.74307708,UAV 1,2,1:3001:1963,ENM1A2002,1:1:225:1:1:3:0,0,false,false,false,false,0
ENBTR80001,move to,LOC_중앙계곡,2026-08-09T09:03:52.000Z,21.36932786,-157.74039000,UAV 1,2,1:3001:1967,ENBTR80001,1:1:222:2:13:0:0,0,false,false,false,false,0
ENCAESAR004,move to,LOC_북측예비방어선,2026-08-09T09:03:52.000Z,21.37015568,-157.73500559,UAV 1,2,1:3001:1968,ENCAESAR004,1:1:71:4:0:0:0,0,false,false,false,false,0
ENGAZ002,move to,LOC_적북측접근로,2026-08-09T09:03:52.000Z,21.37321933,-157.73334172,UAV 1,2,1:3001:1991,ENGAZ002,1:1:222:7:8:0:0,0,false,false,false,false,0
ENBTR80006,move to,LOC_중앙계곡,2026-08-09T09:03:52.000Z,21.36936440,-157.74018554,UAV 1,2,1:3001:1998,ENBTR80006,1:1:222:2:13:0:0,0,false,false,false,false,0
ENT72011,move to,LOC_중앙계곡,2026-08-09T09:03:52.000Z,21.37144296,-157.74177559,UAV 1,2,1:3001:2002,ENT72011,1:1:222:1:2:1:0,0,false,false,false,false,0
ENM35002,move to,LOC_적북측접근로,2026-08-09T09:03:52.000Z,21.37340225,-157.73333300,UAV 1,2,1:3001:2010,ENM35002,1:1:225:7:1:6:0,0,false,false,false,false,0
ENGAZ003,move to,LOC_적북측접근로,2026-08-09T09:03:52.000Z,21.37315590,-157.73322607,UAV 1,2,1:3001:2019,ENGAZ003,1:1:222:7:8:0:0,0,false,false,false,false,0
ENBTR80003,move to,LOC_중앙계곡,2026-08-09T09:03:52.000Z,21.36943791,-157.74024352,UAV 1,2,1:3001:2023,ENBTR80003,1:1:222:2:13:0:0,0,false,false,false,false,0
ENM35001,move to,LOC_적북측접근로,2026-08-09T09:03:52.000Z,21.37331662,-157.73331141,UAV 1,2,1:3001:2024,ENM35001,1:1:225:7:1:6:0,0,false,false,false,false,0
FRT80008,move to,LOC_중앙킬존남측,2026-08-09T09:03:52.000Z,21.38265268,-157.75055186,UAV 1,1,1:3001:2026,FRT80008,1:1:222:1:1:1:0,0,false,false,false,false,0
ENCAESAR003,FFE-on-Location,LOC_아군박격포진지,2026-08-09T09:03:52.000Z,21.36993473,-157.73482081,UAV 1,2,1:3001:2052,ENCAESAR003,1:1:71:4:0:0:0,0,false,false,false,false,0
ENMORT001,FFE-on-Location,LOC_중앙킬존,2026-08-09T09:03:52.000Z,21.37443553,-157.73716992,UAV 1,2,1:3001:2059,ENMORT001,1:1:71:10:1:0:1,0,false,false,false,false,0
ENBTR60007,move to,LOC_중앙계곡,2026-08-09T09:03:52.000Z,21.36898075,-157.74049242,UAV 1,2,1:3001:2085,ENBTR60007,1:1:222:2:8:1:0,0,false,false,false,false,0
ENBTR60008,move to,LOC_중앙계곡,2026-08-09T09:03:52.000Z,21.36903677,-157.74041888,UAV 1,2,1:3001:2096,ENBTR60008,1:1:222:2:8:1:0,0,false,false,false,false,0
FRTRK2002,move to,LOC_남측제1방어선,2026-08-09T09:03:52.000Z,21.38792157,-157.75026050,UAV 1,1,1:3001:2097,FRTRK2002,1:1:225:7:12:8:0,0,false,false,false,false,0
ENBTR80007,move to,LOC_중앙계곡,2026-08-09T09:03:52.000Z,21.36917192,-157.74027348,UAV 1,2,1:3001:2098,ENBTR80007,1:1:222:2:13:0:0,0,false,false,false,false,0
ENMORT002,FFE-on-Location,LOC_남측제1방어선,2026-08-09T09:03:52.000Z,21.37453609,-157.73721308,UAV 1,2,1:3001:2104,ENMORT002,1:1:71:10:1:0:1,0,false,false,false,false,0
ENGAZ004,move to,LOC_적북측접근로,2026-08-09T09:03:52.000Z,21.37324095,-157.73324777,UAV 1,2,1:3001:2108,ENGAZ004,1:1:222:7:8:0:0,0,false,false,false,false,0
ENBTR80005,move to,LOC_중앙계곡,2026-08-09T09:03:52.000Z,21.36930567,-157.74025853,UAV 1,2,1:3001:2116,ENBTR80005,1:1:222:2:13:0:0,0,false,false,false,false,0
ENMIM001,move to,LOC_적북측접근로,2026-08-09T09:03:52.000Z,21.36978601,-157.73709816,UAV 1,2,1:3001:2125,ENMIM001,1:1:225:28:2:0:0,0,false,false,false,false,0
ENCAESAR001,move to,LOC_적북측접근로,2026-08-09T09:03:52.000Z,21.37005080,-157.73523448,UAV 1,2,1:3001:2130,ENCAESAR001,1:1:71:4:0:0:0,0,false,false,false,false,0
ENMORT003,FFE-on-Location,LOC_아군포병진지,2026-08-09T09:03:52.000Z,21.37463664,-157.73725624,UAV 1,2,1:3001:2135,ENMORT003,1:1:71:10:1:0:1,0,false,false,false,false,0
ENBTR60004,move to,LOC_중앙계곡,2026-08-09T09:03:52.000Z,21.36905193,-157.74055041,UAV 1,2,1:3001:2142,ENBTR60004,1:1:222:2:8:1:0,0,false,false,false,false,0
ENM1A2004,move to,LOC_중앙계곡,2026-08-09T09:03:52.000Z,21.37366520,-157.74290554,UAV 1,2,1:3001:2156,ENM1A2004,1:1:225:1:1:3:0,0,false,false,false,false,0
ENBTR60005,move to,LOC_중앙계곡,2026-08-09T09:03:52.000Z,21.36911342,-157.74047713,UAV 1,2,1:3001:2172,ENBTR60005,1:1:222:2:8:1:0,0,false,false,false,false,0
ENT72010,move to,LOC_중앙계곡,2026-08-09T09:03:52.000Z,21.37151445,-157.74167588,UAV 1,2,1:3001:2031,ENT72010,1:1:222:1:2:1:0,0,false,false,false,false,0
ENT72008,move to,LOC_중앙계곡,2026-08-09T09:03:52.000Z,21.37161408,-157.74166640,UAV 1,2,1:3001:1885,ENT72008,1:1:222:1:2:1:0,0,false,false,false,false,0
ENM35004,move to,LOC_적북측접근로,2026-08-09T09:03:52.000Z,21.37342484,-157.73323533,UAV 1,2,1:3001:1920,ENM35004,1:1:225:7:1:6:0,0,false,false,false,false,0
ENM35003,move to,LOC_적북측접근로,2026-08-09T09:03:52.000Z,21.37333864,-157.73321587,UAV 1,2,1:3001:2164,ENM35003,1:1:225:7:1:6:0,0,false,false,false,false,0
ENM1A2003,move to,LOC_중앙계곡,2026-08-09T09:03:53.000Z,21.37369447,-157.74299123,UAV 1,2,1:3001:1834,ENM1A2003,1:1:225:1:1:3:0,0,false,false,false,false,0
FRTRK2004,move to,LOC_남측제1방어선,2026-08-09T09:03:53.000Z,21.38793423,-157.75035685,UAV 1,1,1:3001:1846,FRTRK2004,1:1:225:7:12:8:0,0,false,false,false,false,0
ENCAESAR002,FFE-on-Location,LOC_아군포병진지,2026-08-09T09:03:53.000Z,21.37011579,-157.73488768,UAV 1,2,1:3001:1864,ENCAESAR002,1:1:71:4:0:0:0,0,false,false,false,false,0
ENT72012,move to,LOC_중앙계곡,2026-08-09T09:03:53.000Z,21.37142471,-157.74168446,UAV 1,2,1:3001:1865,ENT72012,1:1:222:1:2:1:0,0,false,false,false,false,0
ENBTR60001,move to,LOC_중앙계곡,2026-08-09T09:03:53.000Z,21.36912943,-157.74060859,UAV 1,2,1:3001:1872,ENBTR60001,1:1:222:2:8:1:0,0,false,false,false,false,0
ENMORT005,FFE-on-Location,LOC_중앙킬존,2026-08-09T09:03:53.000Z,21.37457651,-157.73710572,UAV 1,2,1:3001:1877,ENMORT005,1:1:71:10:1:0:1,0,false,false,false,false,0
ENM1A2001,move to,LOC_중앙계곡,2026-08-09T09:03:53.000Z,21.37375227,-157.74316275,UAV 1,2,1:3001:1878,ENM1A2001,1:1:225:1:1:3:0,0,false,false,false,false,0
ENM1A2005,move to,LOC_중앙계곡,2026-08-09T09:03:53.000Z,21.37363400,-157.74282042,UAV 1,2,1:3001:1891,ENM1A2005,1:1:225:1:1:3:0,0,false,false,false,false,0
FRT69001,move to,LOC_중앙킬존남측,2026-08-09T09:03:53.000Z,21.38678220,-157.73558735,UAV 1,1,1:3001:1895,FRT69001,1:1:45:1:2:1:0,0,false,false,false,false,0
ENMORT004,FFE-on-Location,LOC_아군박격포진지,2026-08-09T09:03:53.000Z,21.37447596,-157.73706256,UAV 1,2,1:3001:1900,ENMORT004,1:1:71:10:1:0:1,0,false,false,false,false,0
ENGAZ001,move to,LOC_적북측접근로,2026-08-09T09:03:53.000Z,21.37313428,-157.73332019,UAV 1,2,1:3001:1924,ENGAZ001,1:1:222:7:8:0:0,0,false,false,false,false,0
ENBTR60006,move to,LOC_중앙계곡,2026-08-09T09:03:53.000Z,21.36917849,-157.74040416,UAV 1,2,1:3001:1933,ENBTR60006,1:1:222:2:8:1:0,0,false,false,false,false,0
ENBTR80004,move to,LOC_중앙계곡,2026-08-09T09:03:53.000Z,21.36924848,-157.74033170,UAV 1,2,1:3001:1949,ENBTR80004,1:1:222:2:13:0:0,0,false,false,false,false,0
ENM1A2002,move to,LOC_중앙계곡,2026-08-09T09:03:53.000Z,21.37372319,-157.74307708,UAV 1,2,1:3001:1963,ENM1A2002,1:1:225:1:1:3:0,0,false,false,false,false,0
ENBTR80001,move to,LOC_중앙계곡,2026-08-09T09:03:53.000Z,21.36932786,-157.74039000,UAV 1,2,1:3001:1967,ENBTR80001,1:1:222:2:13:0:0,0,false,false,false,false,0
ENCAESAR004,move to,LOC_북측예비방어선,2026-08-09T09:03:53.000Z,21.37015568,-157.73500559,UAV 1,2,1:3001:1968,ENCAESAR004,1:1:71:4:0:0:0,0,false,false,false,false,0
ENGAZ002,move to,LOC_적북측접근로,2026-08-09T09:03:53.000Z,21.37321933,-157.73334172,UAV 1,2,1:3001:1991,ENGAZ002,1:1:222:7:8:0:0,0,false,false,false,false,0
ENBTR80006,move to,LOC_중앙계곡,2026-08-09T09:03:53.000Z,21.36936440,-157.74018554,UAV 1,2,1:3001:1998,ENBTR80006,1:1:222:2:13:0:0,0,false,false,false,false,0
ENT72011,move to,LOC_중앙계곡,2026-08-09T09:03:53.000Z,21.37144296,-157.74177559,UAV 1,2,1:3001:2002,ENT72011,1:1:222:1:2:1:0,0,false,false,false,false,0
ENM35002,move to,LOC_적북측접근로,2026-08-09T09:03:53.000Z,21.37340225,-157.73333300,UAV 1,2,1:3001:2010,ENM35002,1:1:225:7:1:6:0,0,false,false,false,false,0
ENGAZ003,move to,LOC_적북측접근로,2026-08-09T09:03:53.000Z,21.37315590,-157.73322607,UAV 1,2,1:3001:2019,ENGAZ003,1:1:222:7:8:0:0,0,false,false,false,false,0
ENBTR80003,move to,LOC_중앙계곡,2026-08-09T09:03:53.000Z,21.36943791,-157.74024352,UAV 1,2,1:3001:2023,ENBTR80003,1:1:222:2:13:0:0,0,false,false,false,false,0
ENM35001,move to,LOC_적북측접근로,2026-08-09T09:03:53.000Z,21.37331662,-157.73331141,UAV 1,2,1:3001:2024,ENM35001,1:1:225:7:1:6:0,0,false,false,false,false,0
FRT80008,move to,LOC_중앙킬존남측,2026-08-09T09:03:53.000Z,21.38265268,-157.75055186,UAV 1,1,1:3001:2026,FRT80008,1:1:222:1:1:1:0,0,false,false,false,false,0
ENCAESAR003,FFE-on-Location,LOC_아군박격포진지,2026-08-09T09:03:53.000Z,21.36993473,-157.73482081,UAV 1,2,1:3001:2052,ENCAESAR003,1:1:71:4:0:0:0,0,false,false,false,false,0
ENMORT001,FFE-on-Location,LOC_중앙킬존,2026-08-09T09:03:53.000Z,21.37443553,-157.73716992,UAV 1,2,1:3001:2059,ENMORT001,1:1:71:10:1:0:1,0,false,false,false,false,0
ENBTR60007,move to,LOC_중앙계곡,2026-08-09T09:03:53.000Z,21.36898075,-157.74049242,UAV 1,2,1:3001:2085,ENBTR60007,1:1:222:2:8:1:0,0,false,false,false,false,0
ENBTR60008,move to,LOC_중앙계곡,2026-08-09T09:03:53.000Z,21.36903677,-157.74041888,UAV 1,2,1:3001:2096,ENBTR60008,1:1:222:2:8:1:0,0,false,false,false,false,0
FRTRK2002,move to,LOC_남측제1방어선,2026-08-09T09:03:53.000Z,21.38792157,-157.75026050,UAV 1,1,1:3001:2097,FRTRK2002,1:1:225:7:12:8:0,0,false,false,false,false,0
ENBTR80007,move to,LOC_중앙계곡,2026-08-09T09:03:53.000Z,21.36917192,-157.74027348,UAV 1,2,1:3001:2098,ENBTR80007,1:1:222:2:13:0:0,0,false,false,false,false,0
ENMORT002,FFE-on-Location,LOC_남측제1방어선,2026-08-09T09:03:53.000Z,21.37453609,-157.73721308,UAV 1,2,1:3001:2104,ENMORT002,1:1:71:10:1:0:1,0,false,false,false,false,0
ENGAZ004,move to,LOC_적북측접근로,2026-08-09T09:03:53.000Z,21.37324095,-157.73324777,UAV 1,2,1:3001:2108,ENGAZ004,1:1:222:7:8:0:0,0,false,false,false,false,0
ENBTR80005,move to,LOC_중앙계곡,2026-08-09T09:03:53.000Z,21.36930567,-157.74025853,UAV 1,2,1:3001:2116,ENBTR80005,1:1:222:2:13:0:0,0,false,false,false,false,0
ENMIM001,move to,LOC_적북측접근로,2026-08-09T09:03:53.000Z,21.36978601,-157.73709816,UAV 1,2,1:3001:2125,ENMIM001,1:1:225:28:2:0:0,0,false,false,false,false,0
ENCAESAR001,move to,LOC_적북측접근로,2026-08-09T09:03:53.000Z,21.37005080,-157.73523448,UAV 1,2,1:3001:2130,ENCAESAR001,1:1:71:4:0:0:0,0,false,false,false,false,0
ENMORT003,FFE-on-Location,LOC_아군포병진지,2026-08-09T09:03:53.000Z,21.37463664,-157.73725624,UAV 1,2,1:3001:2135,ENMORT003,1:1:71:10:1:0:1,0,false,false,false,false,0
ENBTR60004,move to,LOC_중앙계곡,2026-08-09T09:03:53.000Z,21.36905193,-157.74055041,UAV 1,2,1:3001:2142,ENBTR60004,1:1:222:2:8:1:0,0,false,false,false,false,0
ENM1A2004,move to,LOC_중앙계곡,2026-08-09T09:03:53.000Z,21.37366520,-157.74290554,UAV 1,2,1:3001:2156,ENM1A2004,1:1:225:1:1:3:0,0,false,false,false,false,0
ENBTR60005,move to,LOC_중앙계곡,2026-08-09T09:03:53.000Z,21.36911342,-157.74047713,UAV 1,2,1:3001:2172,ENBTR60005,1:1:222:2:8:1:0,0,false,false,false,false,0
ENT72010,move to,LOC_중앙계곡,2026-08-09T09:03:53.000Z,21.37151445,-157.74167588,UAV 1,2,1:3001:2031,ENT72010,1:1:222:1:2:1:0,0,false,false,false,false,0
ENT72008,move to,LOC_중앙계곡,2026-08-09T09:03:53.000Z,21.37161408,-157.74166640,UAV 1,2,1:3001:1885,ENT72008,1:1:222:1:2:1:0,0,false,false,false,false,0
ENM35004,move to,LOC_적북측접근로,2026-08-09T09:03:53.000Z,21.37342484,-157.73323533,UAV 1,2,1:3001:1920,ENM35004,1:1:225:7:1:6:0,0,false,false,false,false,0
ENM35003,move to,LOC_적북측접근로,2026-08-09T09:03:53.000Z,21.37333864,-157.73321587,UAV 1,2,1:3001:2164,ENM35003,1:1:225:7:1:6:0,0,false,false,false,false,0
ENM1A2003,move to,LOC_중앙계곡,2026-08-09T09:03:54.000Z,21.37369447,-157.74299123,UAV 1,2,1:3001:1834,ENM1A2003,1:1:225:1:1:3:0,0,false,false,false,false,0
FRTRK2004,move to,LOC_남측제1방어선,2026-08-09T09:03:54.000Z,21.38793423,-157.75035685,UAV 1,1,1:3001:1846,FRTRK2004,1:1:225:7:12:8:0,0,false,false,false,false,0
ENCAESAR002,FFE-on-Location,LOC_아군포병진지,2026-08-09T09:03:54.000Z,21.37011579,-157.73488768,UAV 1,2,1:3001:1864,ENCAESAR002,1:1:71:4:0:0:0,0,false,false,false,false,0
ENT72012,move to,LOC_중앙계곡,2026-08-09T09:03:54.000Z,21.37142471,-157.74168446,UAV 1,2,1:3001:1865,ENT72012,1:1:222:1:2:1:0,0,false,false,false,false,0
ENBTR60001,move to,LOC_중앙계곡,2026-08-09T09:03:54.000Z,21.36912943,-157.74060859,UAV 1,2,1:3001:1872,ENBTR60001,1:1:222:2:8:1:0,0,false,false,false,false,0
ENMORT005,FFE-on-Location,LOC_중앙킬존,2026-08-09T09:03:54.000Z,21.37457651,-157.73710572,UAV 1,2,1:3001:1877,ENMORT005,1:1:71:10:1:0:1,0,false,false,false,false,0
ENM1A2001,move to,LOC_중앙계곡,2026-08-09T09:03:54.000Z,21.37375227,-157.74316275,UAV 1,2,1:3001:1878,ENM1A2001,1:1:225:1:1:3:0,0,false,false,false,false,0
ENM1A2005,move to,LOC_중앙계곡,2026-08-09T09:03:54.000Z,21.37363400,-157.74282042,UAV 1,2,1:3001:1891,ENM1A2005,1:1:225:1:1:3:0,0,false,false,false,false,0
FRT69001,move to,LOC_중앙킬존남측,2026-08-09T09:03:54.000Z,21.38678220,-157.73558735,UAV 1,1,1:3001:1895,FRT69001,1:1:45:1:2:1:0,0,false,false,false,false,0
ENMORT004,FFE-on-Location,LOC_아군박격포진지,2026-08-09T09:03:54.000Z,21.37447596,-157.73706256,UAV 1,2,1:3001:1900,ENMORT004,1:1:71:10:1:0:1,0,false,false,false,false,0
ENGAZ001,move to,LOC_적북측접근로,2026-08-09T09:03:54.000Z,21.37313428,-157.73332019,UAV 1,2,1:3001:1924,ENGAZ001,1:1:222:7:8:0:0,0,false,false,false,false,0
ENBTR60006,move to,LOC_중앙계곡,2026-08-09T09:03:54.000Z,21.36917849,-157.74040416,UAV 1,2,1:3001:1933,ENBTR60006,1:1:222:2:8:1:0,0,false,false,false,false,0
ENBTR80004,move to,LOC_중앙계곡,2026-08-09T09:03:54.000Z,21.36924848,-157.74033170,UAV 1,2,1:3001:1949,ENBTR80004,1:1:222:2:13:0:0,0,false,false,false,false,0
ENM1A2002,move to,LOC_중앙계곡,2026-08-09T09:03:54.000Z,21.37372319,-157.74307708,UAV 1,2,1:3001:1963,ENM1A2002,1:1:225:1:1:3:0,0,false,false,false,false,0
ENBTR80001,move to,LOC_중앙계곡,2026-08-09T09:03:54.000Z,21.36932786,-157.74039000,UAV 1,2,1:3001:1967,ENBTR80001,1:1:222:2:13:0:0,0,false,false,false,false,0
ENCAESAR004,move to,LOC_북측예비방어선,2026-08-09T09:03:54.000Z,21.37015568,-157.73500559,UAV 1,2,1:3001:1968,ENCAESAR004,1:1:71:4:0:0:0,0,false,false,false,false,0
ENGAZ002,move to,LOC_적북측접근로,2026-08-09T09:03:54.000Z,21.37321933,-157.73334172,UAV 1,2,1:3001:1991,ENGAZ002,1:1:222:7:8:0:0,0,false,false,false,false,0
ENBTR80006,move to,LOC_중앙계곡,2026-08-09T09:03:54.000Z,21.36936440,-157.74018554,UAV 1,2,1:3001:1998,ENBTR80006,1:1:222:2:13:0:0,0,false,false,false,false,0
ENT72011,move to,LOC_중앙계곡,2026-08-09T09:03:54.000Z,21.37144296,-157.74177559,UAV 1,2,1:3001:2002,ENT72011,1:1:222:1:2:1:0,0,false,false,false,false,0
ENM35002,move to,LOC_적북측접근로,2026-08-09T09:03:54.000Z,21.37340225,-157.73333300,UAV 1,2,1:3001:2010,ENM35002,1:1:225:7:1:6:0,0,false,false,false,false,0
ENGAZ003,move to,LOC_적북측접근로,2026-08-09T09:03:54.000Z,21.37315590,-157.73322607,UAV 1,2,1:3001:2019,ENGAZ003,1:1:222:7:8:0:0,0,false,false,false,false,0
ENBTR80003,move to,LOC_중앙계곡,2026-08-09T09:03:54.000Z,21.36943791,-157.74024352,UAV 1,2,1:3001:2023,ENBTR80003,1:1:222:2:13:0:0,0,false,false,false,false,0
ENM35001,move to,LOC_적북측접근로,2026-08-09T09:03:54.000Z,21.37331662,-157.73331141,UAV 1,2,1:3001:2024,ENM35001,1:1:225:7:1:6:0,0,false,false,false,false,0
FRT80008,move to,LOC_중앙킬존남측,2026-08-09T09:03:54.000Z,21.38265268,-157.75055186,UAV 1,1,1:3001:2026,FRT80008,1:1:222:1:1:1:0,0,false,false,false,false,0
ENCAESAR003,FFE-on-Location,LOC_아군박격포진지,2026-08-09T09:03:54.000Z,21.36993473,-157.73482081,UAV 1,2,1:3001:2052,ENCAESAR003,1:1:71:4:0:0:0,0,false,false,false,false,0
ENMORT001,FFE-on-Location,LOC_중앙킬존,2026-08-09T09:03:54.000Z,21.37443553,-157.73716992,UAV 1,2,1:3001:2059,ENMORT001,1:1:71:10:1:0:1,0,false,false,false,false,0
ENBTR60007,move to,LOC_중앙계곡,2026-08-09T09:03:54.000Z,21.36898075,-157.74049242,UAV 1,2,1:3001:2085,ENBTR60007,1:1:222:2:8:1:0,0,false,false,false,false,0
ENBTR60008,move to,LOC_중앙계곡,2026-08-09T09:03:54.000Z,21.36903677,-157.74041888,UAV 1,2,1:3001:2096,ENBTR60008,1:1:222:2:8:1:0,0,false,false,false,false,0
FRTRK2002,move to,LOC_남측제1방어선,2026-08-09T09:03:54.000Z,21.38792157,-157.75026050,UAV 1,1,1:3001:2097,FRTRK2002,1:1:225:7:12:8:0,0,false,false,false,false,0
ENBTR80007,move to,LOC_중앙계곡,2026-08-09T09:03:54.000Z,21.36917192,-157.74027348,UAV 1,2,1:3001:2098,ENBTR80007,1:1:222:2:13:0:0,0,false,false,false,false,0
ENMORT002,FFE-on-Location,LOC_남측제1방어선,2026-08-09T09:03:54.000Z,21.37453609,-157.73721308,UAV 1,2,1:3001:2104,ENMORT002,1:1:71:10:1:0:1,0,false,false,false,false,0
ENGAZ004,move to,LOC_적북측접근로,2026-08-09T09:03:54.000Z,21.37324095,-157.73324777,UAV 1,2,1:3001:2108,ENGAZ004,1:1:222:7:8:0:0,0,false,false,false,false,0
ENBTR80005,move to,LOC_중앙계곡,2026-08-09T09:03:54.000Z,21.36930567,-157.74025853,UAV 1,2,1:3001:2116,ENBTR80005,1:1:222:2:13:0:0,0,false,false,false,false,0
ENMIM001,move to,LOC_적북측접근로,2026-08-09T09:03:54.000Z,21.36978601,-157.73709816,UAV 1,2,1:3001:2125,ENMIM001,1:1:225:28:2:0:0,0,false,false,false,false,0
ENCAESAR001,move to,LOC_적북측접근로,2026-08-09T09:03:54.000Z,21.37005080,-157.73523448,UAV 1,2,1:3001:2130,ENCAESAR001,1:1:71:4:0:0:0,0,false,false,false,false,0
ENMORT003,FFE-on-Location,LOC_아군포병진지,2026-08-09T09:03:54.000Z,21.37463664,-157.73725624,UAV 1,2,1:3001:2135,ENMORT003,1:1:71:10:1:0:1,0,false,false,false,false,0
ENBTR60004,move to,LOC_중앙계곡,2026-08-09T09:03:54.000Z,21.36905193,-157.74055041,UAV 1,2,1:3001:2142,ENBTR60004,1:1:222:2:8:1:0,0,false,false,false,false,0
ENM1A2004,move to,LOC_중앙계곡,2026-08-09T09:03:54.000Z,21.37366520,-157.74290554,UAV 1,2,1:3001:2156,ENM1A2004,1:1:225:1:1:3:0,0,false,false,false,false,0
ENBTR60005,move to,LOC_중앙계곡,2026-08-09T09:03:54.000Z,21.36911342,-157.74047713,UAV 1,2,1:3001:2172,ENBTR60005,1:1:222:2:8:1:0,0,false,false,false,false,0
ENT72010,move to,LOC_중앙계곡,2026-08-09T09:03:54.000Z,21.37151445,-157.74167588,UAV 1,2,1:3001:2031,ENT72010,1:1:222:1:2:1:0,0,false,false,false,false,0
ENT72008,move to,LOC_중앙계곡,2026-08-09T09:03:54.000Z,21.37161408,-157.74166640,UAV 1,2,1:3001:1885,ENT72008,1:1:222:1:2:1:0,0,false,false,false,false,0
ENM35004,move to,LOC_적북측접근로,2026-08-09T09:03:54.000Z,21.37342484,-157.73323533,UAV 1,2,1:3001:1920,ENM35004,1:1:225:7:1:6:0,0,false,false,false,false,0
ENM35003,move to,LOC_적북측접근로,2026-08-09T09:03:54.000Z,21.37333864,-157.73321587,UAV 1,2,1:3001:2164,ENM35003,1:1:225:7:1:6:0,0,false,false,false,false,0
ENM1A2003,move to,LOC_중앙계곡,2026-08-09T09:03:55.000Z,21.37386195,-157.74292996,UAV 1,2,1:3001:1834,ENM1A2003,1:1:225:1:1:3:0,0,false,false,false,false,0
FRTRK2004,move to,LOC_남측제1방어선,2026-08-09T09:03:55.000Z,21.38791235,-157.75016799,UAV 1,1,1:3001:1846,FRTRK2004,1:1:225:7:12:8:0,0,false,false,false,false,0
ENCAESAR002,FFE-on-Location,LOC_아군포병진지,2026-08-09T09:03:55.000Z,21.37011579,-157.73488768,UAV 1,2,1:3001:1864,ENCAESAR002,1:1:71:4:0:0:0,0,false,false,false,false,0
ENT72012,move to,LOC_중앙계곡,2026-08-09T09:03:55.000Z,21.37160162,-157.74166856,UAV 1,2,1:3001:1865,ENT72012,1:1:222:1:2:1:0,0,false,false,false,false,0
ENBTR60001,move to,LOC_중앙계곡,2026-08-09T09:03:55.000Z,21.36930649,-157.74061528,UAV 1,2,1:3001:1872,ENBTR60001,1:1:222:2:8:1:0,0,false,false,false,false,0
ENMORT005,FFE-on-Location,LOC_중앙킬존,2026-08-09T09:03:55.000Z,21.37457651,-157.73710572,UAV 1,2,1:3001:1877,ENMORT005,1:1:71:10:1:0:1,0,false,false,false,false,0
ENM1A2001,move to,LOC_중앙계곡,2026-08-09T09:03:55.000Z,21.37391913,-157.74309578,UAV 1,2,1:3001:1878,ENM1A2001,1:1:225:1:1:3:0,0,false,false,false,false,0
ENM1A2005,move to,LOC_중앙계곡,2026-08-09T09:03:55.000Z,21.37380335,-157.74276438,UAV 1,2,1:3001:1891,ENM1A2005,1:1:225:1:1:3:0,0,false,false,false,false,0
FRT69001,move to,LOC_중앙킬존남측,2026-08-09T09:03:55.000Z,21.38669394,-157.73574823,UAV 1,1,1:3001:1895,FRT69001,1:1:45:1:2:1:0,0,false,false,false,false,0
ENMORT004,FFE-on-Location,LOC_아군박격포진지,2026-08-09T09:03:55.000Z,21.37447596,-157.73706256,UAV 1,2,1:3001:1900,ENMORT004,1:1:71:10:1:0:1,0,false,false,false,false,0
ENGAZ001,move to,LOC_적북측접근로,2026-08-09T09:03:55.000Z,21.37309538,-157.73350174,UAV 1,2,1:3001:1924,ENGAZ001,1:1:222:7:8:0:0,0,false,false,false,false,0
ENBTR60006,move to,LOC_중앙계곡,2026-08-09T09:03:55.000Z,21.36935606,-157.74041454,UAV 1,2,1:3001:1933,ENBTR60006,1:1:222:2:8:1:0,0,false,false,false,false,0
ENBTR80004,move to,LOC_중앙계곡,2026-08-09T09:03:55.000Z,21.36942422,-157.74034332,UAV 1,2,1:3001:1949,ENBTR80004,1:1:222:2:13:0:0,0,false,false,false,false,0
ENM1A2002,move to,LOC_중앙계곡,2026-08-09T09:03:55.000Z,21.37388904,-157.74301348,UAV 1,2,1:3001:1963,ENM1A2002,1:1:225:1:1:3:0,0,false,false,false,false,0
ENBTR80001,move to,LOC_중앙계곡,2026-08-09T09:03:55.000Z,21.36950536,-157.74040078,UAV 1,2,1:3001:1967,ENBTR80001,1:1:222:2:13:0:0,0,false,false,false,false,0
ENCAESAR004,move to,LOC_북측예비방어선,2026-08-09T09:03:55.000Z,21.37022317,-157.73517525,UAV 1,2,1:3001:1968,ENCAESAR004,1:1:71:4:0:0:0,0,false,false,false,false,0
ENGAZ002,move to,LOC_적북측접근로,2026-08-09T09:03:55.000Z,21.37317862,-157.73352273,UAV 1,2,1:3001:1991,ENGAZ002,1:1:222:7:8:0:0,0,false,false,false,false,0
ENBTR80006,move to,LOC_중앙계곡,2026-08-09T09:03:55.000Z,21.36954256,-157.74020011,UAV 1,2,1:3001:1998,ENBTR80006,1:1:222:2:13:0:0,0,false,false,false,false,0
ENT72011,move to,LOC_중앙계곡,2026-08-09T09:03:55.000Z,21.37161744,-157.74175781,UAV 1,2,1:3001:2002,ENT72011,1:1:222:1:2:1:0,0,false,false,false,false,0
ENM35002,move to,LOC_적북측접근로,2026-08-09T09:03:55.000Z,21.37335617,-157.73351998,UAV 1,2,1:3001:2010,ENM35002,1:1:225:7:1:6:0,0,false,false,false,false,0
ENGAZ003,move to,LOC_적북측접근로,2026-08-09T09:03:55.000Z,21.37311699,-157.73340756,UAV 1,2,1:3001:2019,ENGAZ003,1:1:222:7:8:0:0,0,false,false,false,false,0
ENBTR80003,move to,LOC_중앙계곡,2026-08-09T09:03:55.000Z,21.36961387,-157.74025697,UAV 1,2,1:3001:2023,ENBTR80003,1:1:222:2:13:0:0,0,false,false,false,false,0
ENM35001,move to,LOC_적북측접근로,2026-08-09T09:03:55.000Z,21.37327239,-157.73349907,UAV 1,2,1:3001:2024,ENM35001,1:1:225:7:1:6:0,0,false,false,false,false,0
FRT80008,move to,LOC_중앙킬존남측,2026-08-09T09:03:55.000Z,21.38257864,-157.75038269,UAV 1,1,1:3001:2026,FRT80008,1:1:222:1:1:1:0,0,false,false,false,false,0
ENCAESAR003,FFE-on-Location,LOC_아군박격포진지,2026-08-09T09:03:55.000Z,21.36993473,-157.73482081,UAV 1,2,1:3001:2052,ENCAESAR003,1:1:71:4:0:0:0,0,false,false,false,false,0
ENMORT001,FFE-on-Location,LOC_중앙킬존,2026-08-09T09:03:55.000Z,21.37443553,-157.73716992,UAV 1,2,1:3001:2059,ENMORT001,1:1:71:10:1:0:1,0,false,false,false,false,0
ENBTR60007,move to,LOC_중앙계곡,2026-08-09T09:03:55.000Z,21.36915812,-157.74050102,UAV 1,2,1:3001:2085,ENBTR60007,1:1:222:2:8:1:0,0,false,false,false,false,0
ENBTR60008,move to,LOC_중앙계곡,2026-08-09T09:03:55.000Z,21.36921614,-157.74042895,UAV 1,2,1:3001:2096,ENBTR60008,1:1:222:2:8:1:0,0,false,false,false,false,0
FRTRK2002,move to,LOC_남측제1방어선,2026-08-09T09:03:55.000Z,21.38789971,-157.75007154,UAV 1,1,1:3001:2097,FRTRK2002,1:1:225:7:12:8:0,0,false,false,false,false,0
ENBTR80007,move to,LOC_중앙계곡,2026-08-09T09:03:55.000Z,21.36935039,-157.74028623,UAV 1,2,1:3001:2098,ENBTR80007,1:1:222:2:13:0:0,0,false,false,false,false,0
ENMORT002,FFE-on-Location,LOC_남측제1방어선,2026-08-09T09:03:55.000Z,21.37453609,-157.73721308,UAV 1,2,1:3001:2104,ENMORT002,1:1:71:10:1:0:1,0,false,false,false,false,0
ENGAZ004,move to,LOC_적북측접근로,2026-08-09T09:03:55.000Z,21.37320023,-157.73342876,UAV 1,2,1:3001:2108,ENGAZ004,1:1:222:7:8:0:0,0,false,false,false,false,0
ENBTR80005,move to,LOC_중앙계곡,2026-08-09T09:03:55.000Z,21.36948333,-157.74027166,UAV 1,2,1:3001:2116,ENBTR80005,1:1:222:2:13:0:0,0,false,false,false,false,0
ENMIM001,move to,LOC_적북측접근로,2026-08-09T09:03:55.000Z,21.36984618,-157.73727902,UAV 1,2,1:3001:2125,ENMIM001,1:1:225:28:2:0:0,0,false,false,false,false,0
ENCAESAR001,move to,LOC_적북측접근로,2026-08-09T09:03:55.000Z,21.37008690,-157.73541804,UAV 1,2,1:3001:2130,ENCAESAR001,1:1:71:4:0:0:0,0,false,false,false,false,0
ENMORT003,FFE-on-Location,LOC_아군포병진지,2026-08-09T09:03:55.000Z,21.37463664,-157.73725624,UAV 1,2,1:3001:2135,ENMORT003,1:1:71:10:1:0:1,0,false,false,false,false,0
ENBTR60004,move to,LOC_중앙계곡,2026-08-09T09:03:55.000Z,21.36923142,-157.74055817,UAV 1,2,1:3001:2142,ENBTR60004,1:1:222:2:8:1:0,0,false,false,false,false,0
ENM1A2004,move to,LOC_중앙계곡,2026-08-09T09:03:55.000Z,21.37383442,-157.74284660,UAV 1,2,1:3001:2156,ENM1A2004,1:1:225:1:1:3:0,0,false,false,false,false,0
ENBTR60005,move to,LOC_중앙계곡,2026-08-09T09:03:55.000Z,21.36929103,-157.74048615,UAV 1,2,1:3001:2172,ENBTR60005,1:1:222:2:8:1:0,0,false,false,false,false,0
ENT72010,move to,LOC_중앙계곡,2026-08-09T09:03:55.000Z,21.37168883,-157.74166021,UAV 1,2,1:3001:2031,ENT72010,1:1:222:1:2:1:0,0,false,false,false,false,0
ENT72008,move to,LOC_중앙계곡,2026-08-09T09:03:55.000Z,21.37179087,-157.74165053,UAV 1,2,1:3001:1885,ENT72008,1:1:222:1:2:1:0,0,false,false,false,false,0
ENM35004,move to,LOC_적북측접근로,2026-08-09T09:03:55.000Z,21.37337879,-157.73342233,UAV 1,2,1:3001:1920,ENM35004,1:1:225:7:1:6:0,0,false,false,false,false,0
ENM35003,move to,LOC_적북측접근로,2026-08-09T09:03:55.000Z,21.37329440,-157.73340365,UAV 1,2,1:3001:2164,ENM35003,1:1:225:7:1:6:0,0,false,false,false,false,0
ENT72007,move to,LOC_중앙계곡,2026-08-09T09:03:55.000Z,21.37180051,-157.74174016,UAV 1,2,1:3001:1857,ENT72007,1:1:222:1:2:1:0,0,false,false,false,false,0
ENT72009,move to,LOC_중앙계곡,2026-08-09T09:03:55.000Z,21.37171306,-157.74174857,UAV 1,2,1:3001:1997,ENT72009,1:1:222:1:2:1:0,0,false,false,false,false,0
ENBTR80002,move to,LOC_중앙계곡,2026-08-09T09:03:55.000Z,21.36956103,-157.74032897,UAV 1,2,1:3001:2154,ENBTR80002,1:1:222:2:13:0:0,0,false,false,false,false,0
ENM1A2003,move to,LOC_중앙계곡,2026-08-09T09:03:55.000Z,21.37386195,-157.74292996,UAV 1,2,1:3001:1834,ENM1A2003,1:1:225:1:1:3:0,0,false,false,false,false,0
FRTRK2004,move to,LOC_남측제1방어선,2026-08-09T09:03:55.000Z,21.38791235,-157.75016799,UAV 1,1,1:3001:1846,FRTRK2004,1:1:225:7:12:8:0,0,false,false,false,false,0
ENCAESAR002,FFE-on-Location,LOC_아군포병진지,2026-08-09T09:03:55.000Z,21.37011579,-157.73488768,UAV 1,2,1:3001:1864,ENCAESAR002,1:1:71:4:0:0:0,0,false,false,false,false,0
ENT72012,move to,LOC_중앙계곡,2026-08-09T09:03:55.000Z,21.37160162,-157.74166856,UAV 1,2,1:3001:1865,ENT72012,1:1:222:1:2:1:0,0,false,false,false,false,0
ENBTR60001,move to,LOC_중앙계곡,2026-08-09T09:03:55.000Z,21.36930649,-157.74061528,UAV 1,2,1:3001:1872,ENBTR60001,1:1:222:2:8:1:0,0,false,false,false,false,0
ENMORT005,FFE-on-Location,LOC_중앙킬존,2026-08-09T09:03:55.000Z,21.37457651,-157.73710572,UAV 1,2,1:3001:1877,ENMORT005,1:1:71:10:1:0:1,0,false,false,false,false,0
ENM1A2001,move to,LOC_중앙계곡,2026-08-09T09:03:55.000Z,21.37391913,-157.74309578,UAV 1,2,1:3001:1878,ENM1A2001,1:1:225:1:1:3:0,0,false,false,false,false,0
ENM1A2005,move to,LOC_중앙계곡,2026-08-09T09:03:55.000Z,21.37380335,-157.74276438,UAV 1,2,1:3001:1891,ENM1A2005,1:1:225:1:1:3:0,0,false,false,false,false,0
FRT69001,move to,LOC_중앙킬존남측,2026-08-09T09:03:55.000Z,21.38669394,-157.73574823,UAV 1,1,1:3001:1895,FRT69001,1:1:45:1:2:1:0,0,false,false,false,false,0
ENMORT004,FFE-on-Location,LOC_아군박격포진지,2026-08-09T09:03:55.000Z,21.37447596,-157.73706256,UAV 1,2,1:3001:1900,ENMORT004,1:1:71:10:1:0:1,0,false,false,false,false,0
ENGAZ001,move to,LOC_적북측접근로,2026-08-09T09:03:55.000Z,21.37309538,-157.73350174,UAV 1,2,1:3001:1924,ENGAZ001,1:1:222:7:8:0:0,0,false,false,false,false,0
ENBTR60006,move to,LOC_중앙계곡,2026-08-09T09:03:55.000Z,21.36935606,-157.74041454,UAV 1,2,1:3001:1933,ENBTR60006,1:1:222:2:8:1:0,0,false,false,false,false,0
ENBTR80004,move to,LOC_중앙계곡,2026-08-09T09:03:55.000Z,21.36942422,-157.74034332,UAV 1,2,1:3001:1949,ENBTR80004,1:1:222:2:13:0:0,0,false,false,false,false,0
ENM1A2002,move to,LOC_중앙계곡,2026-08-09T09:03:55.000Z,21.37388904,-157.74301348,UAV 1,2,1:3001:1963,ENM1A2002,1:1:225:1:1:3:0,0,false,false,false,false,0
ENBTR80001,move to,LOC_중앙계곡,2026-08-09T09:03:55.000Z,21.36950536,-157.74040078,UAV 1,2,1:3001:1967,ENBTR80001,1:1:222:2:13:0:0,0,false,false,false,false,0
ENCAESAR004,move to,LOC_북측예비방어선,2026-08-09T09:03:55.000Z,21.37022317,-157.73517525,UAV 1,2,1:3001:1968,ENCAESAR004,1:1:71:4:0:0:0,0,false,false,false,false,0
ENGAZ002,move to,LOC_적북측접근로,2026-08-09T09:03:55.000Z,21.37317862,-157.73352273,UAV 1,2,1:3001:1991,ENGAZ002,1:1:222:7:8:0:0,0,false,false,false,false,0
ENBTR80006,move to,LOC_중앙계곡,2026-08-09T09:03:55.000Z,21.36954256,-157.74020011,UAV 1,2,1:3001:1998,ENBTR80006,1:1:222:2:13:0:0,0,false,false,false,false,0
ENT72011,move to,LOC_중앙계곡,2026-08-09T09:03:55.000Z,21.37161744,-157.74175781,UAV 1,2,1:3001:2002,ENT72011,1:1:222:1:2:1:0,0,false,false,false,false,0
ENM35002,move to,LOC_적북측접근로,2026-08-09T09:03:55.000Z,21.37335617,-157.73351998,UAV 1,2,1:3001:2010,ENM35002,1:1:225:7:1:6:0,0,false,false,false,false,0
ENGAZ003,move to,LOC_적북측접근로,2026-08-09T09:03:55.000Z,21.37311699,-157.73340756,UAV 1,2,1:3001:2019,ENGAZ003,1:1:222:7:8:0:0,0,false,false,false,false,0
ENBTR80003,move to,LOC_중앙계곡,2026-08-09T09:03:55.000Z,21.36961387,-157.74025697,UAV 1,2,1:3001:2023,ENBTR80003,1:1:222:2:13:0:0,0,false,false,false,false,0
ENM35001,move to,LOC_적북측접근로,2026-08-09T09:03:55.000Z,21.37327239,-157.73349907,UAV 1,2,1:3001:2024,ENM35001,1:1:225:7:1:6:0,0,false,false,false,false,0
FRT80008,move to,LOC_중앙킬존남측,2026-08-09T09:03:55.000Z,21.38257864,-157.75038269,UAV 1,1,1:3001:2026,FRT80008,1:1:222:1:1:1:0,0,false,false,false,false,0
ENCAESAR003,FFE-on-Location,LOC_아군박격포진지,2026-08-09T09:03:55.000Z,21.36993473,-157.73482081,UAV 1,2,1:3001:2052,ENCAESAR003,1:1:71:4:0:0:0,0,false,false,false,false,0
ENMORT001,FFE-on-Location,LOC_중앙킬존,2026-08-09T09:03:55.000Z,21.37443553,-157.73716992,UAV 1,2,1:3001:2059,ENMORT001,1:1:71:10:1:0:1,0,false,false,false,false,0
ENBTR60007,move to,LOC_중앙계곡,2026-08-09T09:03:55.000Z,21.36915812,-157.74050102,UAV 1,2,1:3001:2085,ENBTR60007,1:1:222:2:8:1:0,0,false,false,false,false,0
ENBTR60008,move to,LOC_중앙계곡,2026-08-09T09:03:55.000Z,21.36921614,-157.74042895,UAV 1,2,1:3001:2096,ENBTR60008,1:1:222:2:8:1:0,0,false,false,false,false,0
FRTRK2002,move to,LOC_남측제1방어선,2026-08-09T09:03:55.000Z,21.38789971,-157.75007154,UAV 1,1,1:3001:2097,FRTRK2002,1:1:225:7:12:8:0,0,false,false,false,false,0
ENBTR80007,move to,LOC_중앙계곡,2026-08-09T09:03:55.000Z,21.36935039,-157.74028623,UAV 1,2,1:3001:2098,ENBTR80007,1:1:222:2:13:0:0,0,false,false,false,false,0
ENMORT002,FFE-on-Location,LOC_남측제1방어선,2026-08-09T09:03:55.000Z,21.37453609,-157.73721308,UAV 1,2,1:3001:2104,ENMORT002,1:1:71:10:1:0:1,0,false,false,false,false,0
ENGAZ004,move to,LOC_적북측접근로,2026-08-09T09:03:55.000Z,21.37320023,-157.73342876,UAV 1,2,1:3001:2108,ENGAZ004,1:1:222:7:8:0:0,0,false,false,false,false,0
ENBTR80005,move to,LOC_중앙계곡,2026-08-09T09:03:55.000Z,21.36948333,-157.74027166,UAV 1,2,1:3001:2116,ENBTR80005,1:1:222:2:13:0:0,0,false,false,false,false,0
ENMIM001,move to,LOC_적북측접근로,2026-08-09T09:03:55.000Z,21.36984618,-157.73727902,UAV 1,2,1:3001:2125,ENMIM001,1:1:225:28:2:0:0,0,false,false,false,false,0
ENCAESAR001,move to,LOC_적북측접근로,2026-08-09T09:03:55.000Z,21.37008690,-157.73541804,UAV 1,2,1:3001:2130,ENCAESAR001,1:1:71:4:0:0:0,0,false,false,false,false,0
ENMORT003,FFE-on-Location,LOC_아군포병진지,2026-08-09T09:03:55.000Z,21.37463664,-157.73725624,UAV 1,2,1:3001:2135,ENMORT003,1:1:71:10:1:0:1,0,false,false,false,false,0
ENBTR60004,move to,LOC_중앙계곡,2026-08-09T09:03:55.000Z,21.36923142,-157.74055817,UAV 1,2,1:3001:2142,ENBTR60004,1:1:222:2:8:1:0,0,false,false,false,false,0
ENM1A2004,move to,LOC_중앙계곡,2026-08-09T09:03:55.000Z,21.37383442,-157.74284660,UAV 1,2,1:3001:2156,ENM1A2004,1:1:225:1:1:3:0,0,false,false,false,false,0
ENBTR60005,move to,LOC_중앙계곡,2026-08-09T09:03:55.000Z,21.36929103,-157.74048615,UAV 1,2,1:3001:2172,ENBTR60005,1:1:222:2:8:1:0,0,false,false,false,false,0
ENT72010,move to,LOC_중앙계곡,2026-08-09T09:03:55.000Z,21.37168883,-157.74166021,UAV 1,2,1:3001:2031,ENT72010,1:1:222:1:2:1:0,0,false,false,false,false,0
ENT72008,move to,LOC_중앙계곡,2026-08-09T09:03:55.000Z,21.37179087,-157.74165053,UAV 1,2,1:3001:1885,ENT72008,1:1:222:1:2:1:0,0,false,false,false,false,0
ENM35004,move to,LOC_적북측접근로,2026-08-09T09:03:55.000Z,21.37337879,-157.73342233,UAV 1,2,1:3001:1920,ENM35004,1:1:225:7:1:6:0,0,false,false,false,false,0
ENM35003,move to,LOC_적북측접근로,2026-08-09T09:03:55.000Z,21.37329440,-157.73340365,UAV 1,2,1:3001:2164,ENM35003,1:1:225:7:1:6:0,0,false,false,false,false,0
ENT72007,move to,LOC_중앙계곡,2026-08-09T09:03:55.000Z,21.37180051,-157.74174016,UAV 1,2,1:3001:1857,ENT72007,1:1:222:1:2:1:0,0,false,false,false,false,0
ENT72009,move to,LOC_중앙계곡,2026-08-09T09:03:55.000Z,21.37171306,-157.74174857,UAV 1,2,1:3001:1997,ENT72009,1:1:222:1:2:1:0,0,false,false,false,false,0
ENBTR80002,move to,LOC_중앙계곡,2026-08-09T09:03:55.000Z,21.36956103,-157.74032897,UAV 1,2,1:3001:2154,ENBTR80002,1:1:222:2:13:0:0,0,false,false,false,false,0
ENM1A2003,move to,LOC_중앙계곡,2026-08-09T09:03:56.000Z,21.37402611,-157.74286991,UAV 1,2,1:3001:1834,ENM1A2003,1:1:225:1:1:3:0,0,false,false,false,false,0
FRTRK2004,move to,LOC_남측제1방어선,2026-08-09T09:03:56.000Z,21.38789118,-157.74998530,UAV 1,1,1:3001:1846,FRTRK2004,1:1:225:7:12:8:0,0,false,false,false,false,0
ENCAESAR002,FFE-on-Location,LOC_아군포병진지,2026-08-09T09:03:56.000Z,21.37011579,-157.73488768,UAV 1,2,1:3001:1864,ENCAESAR002,1:1:71:4:0:0:0,0,false,false,false,false,0
ENT72012,move to,LOC_중앙계곡,2026-08-09T09:03:56.000Z,21.37177176,-157.74165326,UAV 1,2,1:3001:1865,ENT72012,1:1:222:1:2:1:0,0,false,false,false,false,0
ENBTR60001,move to,LOC_중앙계곡,2026-08-09T09:03:56.000Z,21.36947948,-157.74062181,UAV 1,2,1:3001:1872,ENBTR60001,1:1:222:2:8:1:0,0,false,false,false,false,0
ENMORT005,FFE-on-Location,LOC_중앙킬존,2026-08-09T09:03:56.000Z,21.37457651,-157.73710572,UAV 1,2,1:3001:1877,ENMORT005,1:1:71:10:1:0:1,0,false,false,false,false,0
ENM1A2001,move to,LOC_중앙계곡,2026-08-09T09:03:56.000Z,21.37408270,-157.74303012,UAV 1,2,1:3001:1878,ENM1A2001,1:1:225:1:1:3:0,0,false,false,false,false,0
ENM1A2005,move to,LOC_중앙계곡,2026-08-09T09:03:56.000Z,21.37396922,-157.74270948,UAV 1,2,1:3001:1891,ENM1A2005,1:1:225:1:1:3:0,0,false,false,false,false,0
FRT69001,move to,LOC_중앙킬존남측,2026-08-09T09:03:56.000Z,21.38660596,-157.73590858,UAV 1,1,1:3001:1895,FRT69001,1:1:45:1:2:1:0,0,false,false,false,false,0
ENMORT004,FFE-on-Location,LOC_아군박격포진지,2026-08-09T09:03:56.000Z,21.37447596,-157.73706256,UAV 1,2,1:3001:1900,ENMORT004,1:1:71:10:1:0:1,0,false,false,false,false,0
ENGAZ001,move to,LOC_적북측접근로,2026-08-09T09:03:56.000Z,21.37305664,-157.73368256,UAV 1,2,1:3001:1924,ENGAZ001,1:1:222:7:8:0:0,0,false,false,false,false,0
ENBTR60006,move to,LOC_중앙계곡,2026-08-09T09:03:56.000Z,21.36952877,-157.74042463,UAV 1,2,1:3001:1933,ENBTR60006,1:1:222:2:8:1:0,0,false,false,false,false,0
ENBTR80004,move to,LOC_중앙계곡,2026-08-09T09:03:56.000Z,21.36959753,-157.74035478,UAV 1,2,1:3001:1949,ENBTR80004,1:1:222:2:13:0:0,0,false,false,false,false,0
ENM1A2002,move to,LOC_중앙계곡,2026-08-09T09:03:56.000Z,21.37405289,-157.74295064,UAV 1,2,1:3001:1963,ENM1A2002,1:1:225:1:1:3:0,0,false,false,false,false,0
ENBTR80001,move to,LOC_중앙계곡,2026-08-09T09:03:56.000Z,21.36967882,-157.74041132,UAV 1,2,1:3001:1967,ENBTR80001,1:1:222:2:13:0:0,0,false,false,false,false,0
ENCAESAR004,move to,LOC_북측예비방어선,2026-08-09T09:03:56.000Z,21.37029079,-157.73534527,UAV 1,2,1:3001:1968,ENCAESAR004,1:1:71:4:0:0:0,0,false,false,false,false,0
ENGAZ002,move to,LOC_적북측접근로,2026-08-09T09:03:56.000Z,21.37313805,-157.73370309,UAV 1,2,1:3001:1991,ENGAZ002,1:1:222:7:8:0:0,0,false,false,false,false,0
ENBTR80006,move to,LOC_중앙계곡,2026-08-09T09:03:56.000Z,21.36971633,-157.74021433,UAV 1,2,1:3001:1998,ENBTR80006,1:1:222:2:13:0:0,0,false,false,false,false,0
ENT72011,move to,LOC_중앙계곡,2026-08-09T09:03:56.000Z,21.37178890,-157.74174033,UAV 1,2,1:3001:2002,ENT72011,1:1:222:1:2:1:0,0,false,false,false,false,0
ENM35002,move to,LOC_적북측접근로,2026-08-09T09:03:56.000Z,21.37331223,-157.73369826,UAV 1,2,1:3001:2010,ENM35002,1:1:225:7:1:6:0,0,false,false,false,false,0
ENGAZ003,move to,LOC_적북측접근로,2026-08-09T09:03:56.000Z,21.37307821,-157.73358840,UAV 1,2,1:3001:2019,ENGAZ003,1:1:222:7:8:0:0,0,false,false,false,false,0
ENBTR80003,move to,LOC_중앙계곡,2026-08-09T09:03:56.000Z,21.36978734,-157.74027024,UAV 1,2,1:3001:2023,ENBTR80003,1:1:222:2:13:0:0,0,false,false,false,false,0
ENM35001,move to,LOC_적북측접근로,2026-08-09T09:03:56.000Z,21.37323026,-157.73367787,UAV 1,2,1:3001:2024,ENM35001,1:1:225:7:1:6:0,0,false,false,false,false,0
FRT80008,move to,LOC_중앙킬존남측,2026-08-09T09:03:56.000Z,21.38250496,-157.75021432,UAV 1,1,1:3001:2026,FRT80008,1:1:222:1:1:1:0,0,false,false,false,false,0
ENCAESAR003,FFE-on-Location,LOC_아군박격포진지,2026-08-09T09:03:56.000Z,21.36993473,-157.73482081,UAV 1,2,1:3001:2052,ENCAESAR003,1:1:71:4:0:0:0,0,false,false,false,false,0
ENMORT001,FFE-on-Location,LOC_중앙킬존,2026-08-09T09:03:56.000Z,21.37443553,-157.73716992,UAV 1,2,1:3001:2059,ENMORT001,1:1:71:10:1:0:1,0,false,false,false,false,0
ENBTR60007,move to,LOC_중앙계곡,2026-08-09T09:03:56.000Z,21.36933189,-157.74050945,UAV 1,2,1:3001:2085,ENBTR60007,1:1:222:2:8:1:0,0,false,false,false,false,0
ENBTR60008,move to,LOC_중앙계곡,2026-08-09T09:03:56.000Z,21.36938905,-157.74043866,UAV 1,2,1:3001:2096,ENBTR60008,1:1:222:2:8:1:0,0,false,false,false,false,0
FRTRK2002,move to,LOC_남측제1방어선,2026-08-09T09:03:56.000Z,21.38787858,-157.74988894,UAV 1,1,1:3001:2097,FRTRK2002,1:1:225:7:12:8:0,0,false,false,false,false,0
ENBTR80007,move to,LOC_중앙계곡,2026-08-09T09:03:56.000Z,21.36952314,-157.74029857,UAV 1,2,1:3001:2098,ENBTR80007,1:1:222:2:13:0:0,0,false,false,false,false,0
ENMORT002,FFE-on-Location,LOC_남측제1방어선,2026-08-09T09:03:56.000Z,21.37453609,-157.73721308,UAV 1,2,1:3001:2104,ENMORT002,1:1:71:10:1:0:1,0,false,false,false,false,0
ENGAZ004,move to,LOC_적북측접근로,2026-08-09T09:03:56.000Z,21.37315965,-157.73360914,UAV 1,2,1:3001:2108,ENGAZ004,1:1:222:7:8:0:0,0,false,false,false,false,0
ENBTR80005,move to,LOC_중앙계곡,2026-08-09T09:03:56.000Z,21.36965693,-157.74028450,UAV 1,2,1:3001:2116,ENBTR80005,1:1:222:2:13:0:0,0,false,false,false,false,0
ENMIM001,move to,LOC_적북측접근로,2026-08-09T09:03:56.000Z,21.36990442,-157.73745408,UAV 1,2,1:3001:2125,ENMIM001,1:1:225:28:2:0:0,0,false,false,false,false,0
ENCAESAR001,move to,LOC_적북측접근로,2026-08-09T09:03:56.000Z,21.37012267,-157.73559992,UAV 1,2,1:3001:2130,ENCAESAR001,1:1:71:4:0:0:0,0,false,false,false,false,0
ENMORT003,FFE-on-Location,LOC_아군포병진지,2026-08-09T09:03:56.000Z,21.37463664,-157.73725624,UAV 1,2,1:3001:2135,ENMORT003,1:1:71:10:1:0:1,0,false,false,false,false,0
ENBTR60004,move to,LOC_중앙계곡,2026-08-09T09:03:56.000Z,21.36940424,-157.74056564,UAV 1,2,1:3001:2142,ENBTR60004,1:1:222:2:8:1:0,0,false,false,false,false,0
ENM1A2004,move to,LOC_중앙계곡,2026-08-09T09:03:56.000Z,21.37399901,-157.74278927,UAV 1,2,1:3001:2156,ENM1A2004,1:1:225:1:1:3:0,0,false,false,false,false,0
ENBTR60005,move to,LOC_중앙계곡,2026-08-09T09:03:56.000Z,21.36946368,-157.74049492,UAV 1,2,1:3001:2172,ENBTR60005,1:1:222:2:8:1:0,0,false,false,false,false,0
ENT72010,move to,LOC_중앙계곡,2026-08-09T09:03:56.000Z,21.37186013,-157.74164482,UAV 1,2,1:3001:2031,ENT72010,1:1:222:1:2:1:0,0,false,false,false,false,0
ENT72008,move to,LOC_중앙계곡,2026-08-09T09:03:56.000Z,21.37196211,-157.74163515,UAV 1,2,1:3001:1885,ENT72008,1:1:222:1:2:1:0,0,false,false,false,false,0
ENM35004,move to,LOC_적북측접근로,2026-08-09T09:03:56.000Z,21.37333492,-157.73360050,UAV 1,2,1:3001:1920,ENM35004,1:1:225:7:1:6:0,0,false,false,false,false,0
ENM35003,move to,LOC_적북측접근로,2026-08-09T09:03:56.000Z,21.37325230,-157.73358238,UAV 1,2,1:3001:2164,ENM35003,1:1:225:7:1:6:0,0,false,false,false,false,0
ENT72007,move to,LOC_중앙계곡,2026-08-09T09:03:56.000Z,21.37197400,-157.74172245,UAV 1,2,1:3001:1857,ENT72007,1:1:222:1:2:1:0,0,false,false,false,false,0
ENT72009,move to,LOC_중앙계곡,2026-08-09T09:03:56.000Z,21.37188581,-157.74173095,UAV 1,2,1:3001:1997,ENT72009,1:1:222:1:2:1:0,0,false,false,false,false,0
ENBTR80002,move to,LOC_중앙계곡,2026-08-09T09:03:56.000Z,21.36973460,-157.74034087,UAV 1,2,1:3001:2154,ENBTR80002,1:1:222:2:13:0:0,0,false,false,false,false,0
ENBTR60003,move to,LOC_중앙계곡,2026-08-09T09:03:56.000Z,21.36960491,-157.74048087,UAV 1,2,1:3001:1955,ENBTR60003,1:1:222:2:8:1:0,0,false,false,false,false,0
ENBTR60002,move to,LOC_중앙계곡,2026-08-09T09:03:56.000Z,21.36954328,-157.74055131,UAV 1,2,1:3001:2058,ENBTR60002,1:1:222:2:8:1:0,0,false,false,false,false,0
ENM1A2003,move to,LOC_중앙계곡,2026-08-09T09:03:57.000Z,21.37402611,-157.74286991,UAV 1,2,1:3001:1834,ENM1A2003,1:1:225:1:1:3:0,0,false,false,false,false,0
FRTRK2004,move to,LOC_남측제1방어선,2026-08-09T09:03:57.000Z,21.38789118,-157.74998530,UAV 1,1,1:3001:1846,FRTRK2004,1:1:225:7:12:8:0,0,false,false,false,false,0
ENCAESAR002,FFE-on-Location,LOC_아군포병진지,2026-08-09T09:03:57.000Z,21.37011579,-157.73488768,UAV 1,2,1:3001:1864,ENCAESAR002,1:1:71:4:0:0:0,0,false,false,false,false,0
ENT72012,move to,LOC_중앙계곡,2026-08-09T09:03:57.000Z,21.37177176,-157.74165326,UAV 1,2,1:3001:1865,ENT72012,1:1:222:1:2:1:0,0,false,false,false,false,0
ENBTR60001,move to,LOC_중앙계곡,2026-08-09T09:03:57.000Z,21.36947948,-157.74062181,UAV 1,2,1:3001:1872,ENBTR60001,1:1:222:2:8:1:0,0,false,false,false,false,0
ENMORT005,FFE-on-Location,LOC_중앙킬존,2026-08-09T09:03:57.000Z,21.37457651,-157.73710572,UAV 1,2,1:3001:1877,ENMORT005,1:1:71:10:1:0:1,0,false,false,false,false,0
ENM1A2001,move to,LOC_중앙계곡,2026-08-09T09:03:57.000Z,21.37408270,-157.74303012,UAV 1,2,1:3001:1878,ENM1A2001,1:1:225:1:1:3:0,0,false,false,false,false,0
ENM1A2005,move to,LOC_중앙계곡,2026-08-09T09:03:57.000Z,21.37396922,-157.74270948,UAV 1,2,1:3001:1891,ENM1A2005,1:1:225:1:1:3:0,0,false,false,false,false,0
FRT69001,move to,LOC_중앙킬존남측,2026-08-09T09:03:57.000Z,21.38660596,-157.73590858,UAV 1,1,1:3001:1895,FRT69001,1:1:45:1:2:1:0,0,false,false,false,false,0
ENMORT004,FFE-on-Location,LOC_아군박격포진지,2026-08-09T09:03:57.000Z,21.37447596,-157.73706256,UAV 1,2,1:3001:1900,ENMORT004,1:1:71:10:1:0:1,0,false,false,false,false,0
ENGAZ001,move to,LOC_적북측접근로,2026-08-09T09:03:57.000Z,21.37305664,-157.73368256,UAV 1,2,1:3001:1924,ENGAZ001,1:1:222:7:8:0:0,0,false,false,false,false,0
ENBTR60006,move to,LOC_중앙계곡,2026-08-09T09:03:57.000Z,21.36952877,-157.74042463,UAV 1,2,1:3001:1933,ENBTR60006,1:1:222:2:8:1:0,0,false,false,false,false,0
ENBTR80004,move to,LOC_중앙계곡,2026-08-09T09:03:57.000Z,21.36959753,-157.74035478,UAV 1,2,1:3001:1949,ENBTR80004,1:1:222:2:13:0:0,0,false,false,false,false,0
ENM1A2002,move to,LOC_중앙계곡,2026-08-09T09:03:57.000Z,21.37405289,-157.74295064,UAV 1,2,1:3001:1963,ENM1A2002,1:1:225:1:1:3:0,0,false,false,false,false,0
ENBTR80001,move to,LOC_중앙계곡,2026-08-09T09:03:57.000Z,21.36967882,-157.74041132,UAV 1,2,1:3001:1967,ENBTR80001,1:1:222:2:13:0:0,0,false,false,false,false,0
ENCAESAR004,move to,LOC_북측예비방어선,2026-08-09T09:03:57.000Z,21.37029079,-157.73534527,UAV 1,2,1:3001:1968,ENCAESAR004,1:1:71:4:0:0:0,0,false,false,false,false,0
ENGAZ002,move to,LOC_적북측접근로,2026-08-09T09:03:57.000Z,21.37313805,-157.73370309,UAV 1,2,1:3001:1991,ENGAZ002,1:1:222:7:8:0:0,0,false,false,false,false,0
ENBTR80006,move to,LOC_중앙계곡,2026-08-09T09:03:57.000Z,21.36971633,-157.74021433,UAV 1,2,1:3001:1998,ENBTR80006,1:1:222:2:13:0:0,0,false,false,false,false,0
ENT72011,move to,LOC_중앙계곡,2026-08-09T09:03:57.000Z,21.37178890,-157.74174033,UAV 1,2,1:3001:2002,ENT72011,1:1:222:1:2:1:0,0,false,false,false,false,0
ENM35002,move to,LOC_적북측접근로,2026-08-09T09:03:57.000Z,21.37331223,-157.73369826,UAV 1,2,1:3001:2010,ENM35002,1:1:225:7:1:6:0,0,false,false,false,false,0
ENGAZ003,move to,LOC_적북측접근로,2026-08-09T09:03:57.000Z,21.37307821,-157.73358840,UAV 1,2,1:3001:2019,ENGAZ003,1:1:222:7:8:0:0,0,false,false,false,false,0
ENBTR80003,move to,LOC_중앙계곡,2026-08-09T09:03:57.000Z,21.36978734,-157.74027024,UAV 1,2,1:3001:2023,ENBTR80003,1:1:222:2:13:0:0,0,false,false,false,false,0
ENM35001,move to,LOC_적북측접근로,2026-08-09T09:03:57.000Z,21.37323026,-157.73367787,UAV 1,2,1:3001:2024,ENM35001,1:1:225:7:1:6:0,0,false,false,false,false,0
FRT80008,move to,LOC_중앙킬존남측,2026-08-09T09:03:57.000Z,21.38250496,-157.75021432,UAV 1,1,1:3001:2026,FRT80008,1:1:222:1:1:1:0,0,false,false,false,false,0
ENCAESAR003,FFE-on-Location,LOC_아군박격포진지,2026-08-09T09:03:57.000Z,21.36993473,-157.73482081,UAV 1,2,1:3001:2052,ENCAESAR003,1:1:71:4:0:0:0,0,false,false,false,false,0
ENMORT001,FFE-on-Location,LOC_중앙킬존,2026-08-09T09:03:57.000Z,21.37443553,-157.73716992,UAV 1,2,1:3001:2059,ENMORT001,1:1:71:10:1:0:1,0,false,false,false,false,0
ENBTR60007,move to,LOC_중앙계곡,2026-08-09T09:03:57.000Z,21.36933189,-157.74050945,UAV 1,2,1:3001:2085,ENBTR60007,1:1:222:2:8:1:0,0,false,false,false,false,0
ENBTR60008,move to,LOC_중앙계곡,2026-08-09T09:03:57.000Z,21.36938905,-157.74043866,UAV 1,2,1:3001:2096,ENBTR60008,1:1:222:2:8:1:0,0,false,false,false,false,0
FRTRK2002,move to,LOC_남측제1방어선,2026-08-09T09:03:57.000Z,21.38787858,-157.74988894,UAV 1,1,1:3001:2097,FRTRK2002,1:1:225:7:12:8:0,0,false,false,false,false,0
ENBTR80007,move to,LOC_중앙계곡,2026-08-09T09:03:57.000Z,21.36952314,-157.74029857,UAV 1,2,1:3001:2098,ENBTR80007,1:1:222:2:13:0:0,0,false,false,false,false,0
ENMORT002,FFE-on-Location,LOC_남측제1방어선,2026-08-09T09:03:57.000Z,21.37453609,-157.73721308,UAV 1,2,1:3001:2104,ENMORT002,1:1:71:10:1:0:1,0,false,false,false,false,0
ENGAZ004,move to,LOC_적북측접근로,2026-08-09T09:03:57.000Z,21.37315965,-157.73360914,UAV 1,2,1:3001:2108,ENGAZ004,1:1:222:7:8:0:0,0,false,false,false,false,0
ENBTR80005,move to,LOC_중앙계곡,2026-08-09T09:03:57.000Z,21.36965693,-157.74028450,UAV 1,2,1:3001:2116,ENBTR80005,1:1:222:2:13:0:0,0,false,false,false,false,0
ENMIM001,move to,LOC_적북측접근로,2026-08-09T09:03:57.000Z,21.36990442,-157.73745408,UAV 1,2,1:3001:2125,ENMIM001,1:1:225:28:2:0:0,0,false,false,false,false,0
ENCAESAR001,move to,LOC_적북측접근로,2026-08-09T09:03:57.000Z,21.37012267,-157.73559992,UAV 1,2,1:3001:2130,ENCAESAR001,1:1:71:4:0:0:0,0,false,false,false,false,0
ENMORT003,FFE-on-Location,LOC_아군포병진지,2026-08-09T09:03:57.000Z,21.37463664,-157.73725624,UAV 1,2,1:3001:2135,ENMORT003,1:1:71:10:1:0:1,0,false,false,false,false,0
ENBTR60004,move to,LOC_중앙계곡,2026-08-09T09:03:57.000Z,21.36940424,-157.74056564,UAV 1,2,1:3001:2142,ENBTR60004,1:1:222:2:8:1:0,0,false,false,false,false,0
ENM1A2004,move to,LOC_중앙계곡,2026-08-09T09:03:57.000Z,21.37399901,-157.74278927,UAV 1,2,1:3001:2156,ENM1A2004,1:1:225:1:1:3:0,0,false,false,false,false,0
ENBTR60005,move to,LOC_중앙계곡,2026-08-09T09:03:57.000Z,21.36946368,-157.74049492,UAV 1,2,1:3001:2172,ENBTR60005,1:1:222:2:8:1:0,0,false,false,false,false,0
ENT72010,move to,LOC_중앙계곡,2026-08-09T09:03:57.000Z,21.37186013,-157.74164482,UAV 1,2,1:3001:2031,ENT72010,1:1:222:1:2:1:0,0,false,false,false,false,0
ENT72008,move to,LOC_중앙계곡,2026-08-09T09:03:57.000Z,21.37196211,-157.74163515,UAV 1,2,1:3001:1885,ENT72008,1:1:222:1:2:1:0,0,false,false,false,false,0
ENM35004,move to,LOC_적북측접근로,2026-08-09T09:03:57.000Z,21.37333492,-157.73360050,UAV 1,2,1:3001:1920,ENM35004,1:1:225:7:1:6:0,0,false,false,false,false,0
ENM35003,move to,LOC_적북측접근로,2026-08-09T09:03:57.000Z,21.37325230,-157.73358238,UAV 1,2,1:3001:2164,ENM35003,1:1:225:7:1:6:0,0,false,false,false,false,0
ENT72007,move to,LOC_중앙계곡,2026-08-09T09:03:57.000Z,21.37197400,-157.74172245,UAV 1,2,1:3001:1857,ENT72007,1:1:222:1:2:1:0,0,false,false,false,false,0
ENT72009,move to,LOC_중앙계곡,2026-08-09T09:03:57.000Z,21.37188581,-157.74173095,UAV 1,2,1:3001:1997,ENT72009,1:1:222:1:2:1:0,0,false,false,false,false,0
ENBTR80002,move to,LOC_중앙계곡,2026-08-09T09:03:57.000Z,21.36973460,-157.74034087,UAV 1,2,1:3001:2154,ENBTR80002,1:1:222:2:13:0:0,0,false,false,false,false,0
ENBTR60003,move to,LOC_중앙계곡,2026-08-09T09:03:57.000Z,21.36960491,-157.74048087,UAV 1,2,1:3001:1955,ENBTR60003,1:1:222:2:8:1:0,0,false,false,false,false,0
ENBTR60002,move to,LOC_중앙계곡,2026-08-09T09:03:57.000Z,21.36954328,-157.74055131,UAV 1,2,1:3001:2058,ENBTR60002,1:1:222:2:8:1:0,0,false,false,false,false,0
ENM1A2003,move to,LOC_중앙계곡,2026-08-09T09:03:58.000Z,21.37421776,-157.74279980,UAV 1,2,1:3001:1834,ENM1A2003,1:1:225:1:1:3:0,0,false,false,false,false,0
FRTRK2004,move to,LOC_남측제1방어선,2026-08-09T09:03:58.000Z,21.38786629,-157.74977042,UAV 1,1,1:3001:1846,FRTRK2004,1:1:225:7:12:8:0,0,false,false,false,false,0
ENCAESAR002,FFE-on-Location,LOC_아군포병진지,2026-08-09T09:03:58.000Z,21.37011579,-157.73488768,UAV 1,2,1:3001:1864,ENCAESAR002,1:1:71:4:0:0:0,0,false,false,false,false,0
ENT72012,move to,LOC_중앙계곡,2026-08-09T09:03:58.000Z,21.37197574,-157.74163492,UAV 1,2,1:3001:1865,ENT72012,1:1:222:1:2:1:0,0,false,false,false,false,0
ENBTR60001,move to,LOC_중앙계곡,2026-08-09T09:03:58.000Z,21.36968387,-157.74062953,UAV 1,2,1:3001:1872,ENBTR60001,1:1:222:2:8:1:0,0,false,false,false,false,0
ENMORT005,none,,2026-08-09T09:03:58.000Z,21.37457651,-157.73710572,UAV 1,2,1:3001:1877,ENMORT005,1:1:71:10:1:0:1,0,false,false,false,false,0
ENM1A2001,move to,LOC_중앙계곡,2026-08-09T09:03:58.000Z,21.37427391,-157.74295338,UAV 1,2,1:3001:1878,ENM1A2001,1:1:225:1:1:3:0,0,false,false,false,false,0
ENM1A2005,move to,LOC_중앙계곡,2026-08-09T09:03:58.000Z,21.37416422,-157.74264494,UAV 1,2,1:3001:1891,ENM1A2005,1:1:225:1:1:3:0,0,false,false,false,false,0
FRT69001,move to,LOC_중앙킬존남측,2026-08-09T09:03:58.000Z,21.38650242,-157.73609730,UAV 1,1,1:3001:1895,FRT69001,1:1:45:1:2:1:0,0,false,false,false,false,0
ENMORT004,none,,2026-08-09T09:03:58.000Z,21.37447596,-157.73706256,UAV 1,2,1:3001:1900,ENMORT004,1:1:71:10:1:0:1,0,false,false,false,false,0
ENGAZ001,move to,LOC_적북측접근로,2026-08-09T09:03:58.000Z,21.37301107,-157.73389531,UAV 1,2,1:3001:1924,ENGAZ001,1:1:222:7:8:0:0,0,false,false,false,false,0
ENBTR60006,move to,LOC_중앙계곡,2026-08-09T09:03:58.000Z,21.36973255,-157.74043653,UAV 1,2,1:3001:1933,ENBTR60006,1:1:222:2:8:1:0,0,false,false,false,false,0
ENBTR80004,move to,LOC_중앙계곡,2026-08-09T09:03:58.000Z,21.36980121,-157.74036825,UAV 1,2,1:3001:1949,ENBTR80004,1:1:222:2:13:0:0,0,false,false,false,false,0
ENM1A2002,move to,LOC_중앙계곡,2026-08-09T09:03:58.000Z,21.37424542,-157.74287681,UAV 1,2,1:3001:1963,ENM1A2002,1:1:225:1:1:3:0,0,false,false,false,false,0
ENBTR80001,move to,LOC_중앙계곡,2026-08-09T09:03:58.000Z,21.36988260,-157.74042370,UAV 1,2,1:3001:1967,ENBTR80001,1:1:222:2:13:0:0,0,false,false,false,false,0
ENCAESAR004,move to,LOC_북측예비방어선,2026-08-09T09:03:58.000Z,21.37037089,-157.73554662,UAV 1,2,1:3001:1968,ENCAESAR004,1:1:71:4:0:0:0,0,false,false,false,false,0
ENGAZ002,move to,LOC_적북측접근로,2026-08-09T09:03:58.000Z,21.37309033,-157.73391529,UAV 1,2,1:3001:1991,ENGAZ002,1:1:222:7:8:0:0,0,false,false,false,false,0
ENBTR80006,move to,LOC_중앙계곡,2026-08-09T09:03:58.000Z,21.36991975,-157.74023097,UAV 1,2,1:3001:1998,ENBTR80006,1:1:222:2:13:0:0,0,false,false,false,false,0
ENT72011,move to,LOC_중앙계곡,2026-08-09T09:03:58.000Z,21.37199360,-157.74171947,UAV 1,2,1:3001:2002,ENT72011,1:1:222:1:2:1:0,0,false,false,false,false,0
ENM35002,move to,LOC_적북측접근로,2026-08-09T09:03:58.000Z,21.37326087,-157.73390668,UAV 1,2,1:3001:2010,ENM35002,1:1:225:7:1:6:0,0,false,false,false,false,0
ENGAZ003,move to,LOC_적북측접근로,2026-08-09T09:03:58.000Z,21.37303259,-157.73380120,UAV 1,2,1:3001:2019,ENGAZ003,1:1:222:7:8:0:0,0,false,false,false,false,0
ENBTR80003,move to,LOC_중앙계곡,2026-08-09T09:03:58.000Z,21.36998954,-157.74028571,UAV 1,2,1:3001:2023,ENBTR80003,1:1:222:2:13:0:0,0,false,false,false,false,0
ENM35001,move to,LOC_적북측접근로,2026-08-09T09:03:58.000Z,21.37318101,-157.73388689,UAV 1,2,1:3001:2024,ENM35001,1:1:225:7:1:6:0,0,false,false,false,false,0
FRT80008,move to,LOC_중앙킬존남측,2026-08-09T09:03:58.000Z,21.38241845,-157.75001663,UAV 1,1,1:3001:2026,FRT80008,1:1:222:1:1:1:0,0,false,false,false,false,0
ENCAESAR003,FFE-on-Location,LOC_아군박격포진지,2026-08-09T09:03:58.000Z,21.36993473,-157.73482081,UAV 1,2,1:3001:2052,ENCAESAR003,1:1:71:4:0:0:0,0,false,false,false,false,0
ENMORT001,none,,2026-08-09T09:03:58.000Z,21.37443553,-157.73716992,UAV 1,2,1:3001:2059,ENMORT001,1:1:71:10:1:0:1,0,false,false,false,false,0
ENBTR60007,move to,LOC_중앙계곡,2026-08-09T09:03:58.000Z,21.36953555,-157.74051933,UAV 1,2,1:3001:2085,ENBTR60007,1:1:222:2:8:1:0,0,false,false,false,false,0
ENBTR60008,move to,LOC_중앙계곡,2026-08-09T09:03:58.000Z,21.36959156,-157.74045003,UAV 1,2,1:3001:2096,ENBTR60008,1:1:222:2:8:1:0,0,false,false,false,false,0
FRTRK2002,move to,LOC_남측제1방어선,2026-08-09T09:03:58.000Z,21.38785452,-157.74968105,UAV 1,1,1:3001:2097,FRTRK2002,1:1:225:7:12:8:0,0,false,false,false,false,0
ENBTR80007,move to,LOC_중앙계곡,2026-08-09T09:03:58.000Z,21.36972713,-157.74031314,UAV 1,2,1:3001:2098,ENBTR80007,1:1:222:2:13:0:0,0,false,false,false,false,0
ENMORT002,none,,2026-08-09T09:03:58.000Z,21.37453609,-157.73721308,UAV 1,2,1:3001:2104,ENMORT002,1:1:71:10:1:0:1,0,false,false,false,false,0
ENGAZ004,move to,LOC_적북측접근로,2026-08-09T09:03:58.000Z,21.37311191,-157.73382135,UAV 1,2,1:3001:2108,ENGAZ004,1:1:222:7:8:0:0,0,false,false,false,false,0
ENBTR80005,move to,LOC_중앙계곡,2026-08-09T09:03:58.000Z,21.36986072,-157.74029956,UAV 1,2,1:3001:2116,ENBTR80005,1:1:222:2:13:0:0,0,false,false,false,false,0
ENMIM001,move to,LOC_적북측접근로,2026-08-09T09:03:58.000Z,21.36997171,-157.73765635,UAV 1,2,1:3001:2125,ENMIM001,1:1:225:28:2:0:0,0,false,false,false,false,0
ENCAESAR001,move to,LOC_적북측접근로,2026-08-09T09:03:58.000Z,21.37016456,-157.73581286,UAV 1,2,1:3001:2130,ENCAESAR001,1:1:71:4:0:0:0,0,false,false,false,false,0
ENMORT003,none,,2026-08-09T09:03:58.000Z,21.37463664,-157.73725624,UAV 1,2,1:3001:2135,ENMORT003,1:1:71:10:1:0:1,0,false,false,false,false,0
ENBTR60004,move to,LOC_중앙계곡,2026-08-09T09:03:58.000Z,21.36960704,-157.74057441,UAV 1,2,1:3001:2142,ENBTR60004,1:1:222:2:8:1:0,0,false,false,false,false,0
ENM1A2004,move to,LOC_중앙계곡,2026-08-09T09:03:58.000Z,21.37419169,-157.74272216,UAV 1,2,1:3001:2156,ENM1A2004,1:1:225:1:1:3:0,0,false,false,false,false,0
ENBTR60005,move to,LOC_중앙계곡,2026-08-09T09:03:58.000Z,21.36966814,-157.74050530,UAV 1,2,1:3001:2172,ENBTR60005,1:1:222:2:8:1:0,0,false,false,false,false,0
ENT72010,move to,LOC_중앙계곡,2026-08-09T09:03:58.000Z,21.37206374,-157.74162652,UAV 1,2,1:3001:2031,ENT72010,1:1:222:1:2:1:0,0,false,false,false,false,0
ENT72008,move to,LOC_중앙계곡,2026-08-09T09:03:58.000Z,21.37216826,-157.74161664,UAV 1,2,1:3001:1885,ENT72008,1:1:222:1:2:1:0,0,false,false,false,false,0
ENM35004,move to,LOC_적북측접근로,2026-08-09T09:03:58.000Z,21.37328355,-157.73380908,UAV 1,2,1:3001:1920,ENM35004,1:1:225:7:1:6:0,0,false,false,false,false,0
ENM35003,move to,LOC_적북측접근로,2026-08-09T09:03:58.000Z,21.37320302,-157.73379156,UAV 1,2,1:3001:2164,ENM35003,1:1:225:7:1:6:0,0,false,false,false,false,0
ENT72007,move to,LOC_중앙계곡,2026-08-09T09:03:58.000Z,21.37217541,-157.74170189,UAV 1,2,1:3001:1857,ENT72007,1:1:222:1:2:1:0,0,false,false,false,false,0
ENT72009,move to,LOC_중앙계곡,2026-08-09T09:03:58.000Z,21.37209066,-157.74171005,UAV 1,2,1:3001:1997,ENT72009,1:1:222:1:2:1:0,0,false,false,false,false,0
ENBTR80002,move to,LOC_중앙계곡,2026-08-09T09:03:58.000Z,21.36993717,-157.74035476,UAV 1,2,1:3001:2154,ENBTR80002,1:1:222:2:13:0:0,0,false,false,false,false,0
ENBTR60003,move to,LOC_중앙계곡,2026-08-09T09:03:58.000Z,21.36980862,-157.74049167,UAV 1,2,1:3001:1955,ENBTR60003,1:1:222:2:8:1:0,0,false,false,false,false,0
ENBTR60002,move to,LOC_중앙계곡,2026-08-09T09:03:58.000Z,21.36974674,-157.74056054,UAV 1,2,1:3001:2058,ENBTR60002,1:1:222:2:8:1:0,0,false,false,false,false,0
ENT72003,move to,LOC_중앙계곡,2026-08-09T09:03:58.000Z,21.37234331,-157.74168574,UAV 1,2,1:3001:1860,ENT72003,1:1:222:1:2:1:0,0,false,false,false,false,0
ENT72005,move to,LOC_중앙계곡,2026-08-09T09:03:58.000Z,21.37225987,-157.74169376,UAV 1,2,1:3001:1918,ENT72005,1:1:222:1:2:1:0,0,false,false,false,false,0
ENT72006,move to,LOC_중앙계곡,2026-08-09T09:03:58.000Z,21.37225209,-157.74160863,UAV 1,2,1:3001:2048,ENT72006,1:1:222:1:2:1:0,0,false,false,false,false,0
ENM1A2003,move to,LOC_중앙계곡,2026-08-09T09:03:59.000Z,21.37421776,-157.74279980,UAV 1,2,1:3001:1834,ENM1A2003,1:1:225:1:1:3:0,0,false,false,false,false,0
FRTRK2004,move to,LOC_남측제1방어선,2026-08-09T09:03:59.000Z,21.38786629,-157.74977042,UAV 1,1,1:3001:1846,FRTRK2004,1:1:225:7:12:8:0,0,false,false,false,false,0
ENCAESAR002,FFE-on-Location,LOC_아군포병진지,2026-08-09T09:03:59.000Z,21.37011579,-157.73488768,UAV 1,2,1:3001:1864,ENCAESAR002,1:1:71:4:0:0:0,0,false,false,false,false,0
ENT72012,move to,LOC_중앙계곡,2026-08-09T09:03:59.000Z,21.37197574,-157.74163492,UAV 1,2,1:3001:1865,ENT72012,1:1:222:1:2:1:0,0,false,false,false,false,0
ENBTR60001,move to,LOC_중앙계곡,2026-08-09T09:03:59.000Z,21.36968387,-157.74062953,UAV 1,2,1:3001:1872,ENBTR60001,1:1:222:2:8:1:0,0,false,false,false,false,0
ENMORT005,none,,2026-08-09T09:03:59.000Z,21.37457651,-157.73710572,UAV 1,2,1:3001:1877,ENMORT005,1:1:71:10:1:0:1,0,false,false,false,false,0
ENM1A2001,move to,LOC_중앙계곡,2026-08-09T09:03:59.000Z,21.37427391,-157.74295338,UAV 1,2,1:3001:1878,ENM1A2001,1:1:225:1:1:3:0,0,false,false,false,false,0
ENM1A2005,move to,LOC_중앙계곡,2026-08-09T09:03:59.000Z,21.37416422,-157.74264494,UAV 1,2,1:3001:1891,ENM1A2005,1:1:225:1:1:3:0,0,false,false,false,false,0
FRT69001,move to,LOC_중앙킬존남측,2026-08-09T09:03:59.000Z,21.38650242,-157.73609730,UAV 1,1,1:3001:1895,FRT69001,1:1:45:1:2:1:0,0,false,false,false,false,0
ENMORT004,none,,2026-08-09T09:03:59.000Z,21.37447596,-157.73706256,UAV 1,2,1:3001:1900,ENMORT004,1:1:71:10:1:0:1,0,false,false,false,false,0
ENGAZ001,move to,LOC_적북측접근로,2026-08-09T09:03:59.000Z,21.37301107,-157.73389531,UAV 1,2,1:3001:1924,ENGAZ001,1:1:222:7:8:0:0,0,false,false,false,false,0
ENBTR60006,move to,LOC_중앙계곡,2026-08-09T09:03:59.000Z,21.36973255,-157.74043653,UAV 1,2,1:3001:1933,ENBTR60006,1:1:222:2:8:1:0,0,false,false,false,false,0
ENBTR80004,move to,LOC_중앙계곡,2026-08-09T09:03:59.000Z,21.36980121,-157.74036825,UAV 1,2,1:3001:1949,ENBTR80004,1:1:222:2:13:0:0,0,false,false,false,false,0
ENM1A2002,move to,LOC_중앙계곡,2026-08-09T09:03:59.000Z,21.37424542,-157.74287681,UAV 1,2,1:3001:1963,ENM1A2002,1:1:225:1:1:3:0,0,false,false,false,false,0
ENBTR80001,move to,LOC_중앙계곡,2026-08-09T09:03:59.000Z,21.36988260,-157.74042370,UAV 1,2,1:3001:1967,ENBTR80001,1:1:222:2:13:0:0,0,false,false,false,false,0
ENCAESAR004,move to,LOC_북측예비방어선,2026-08-09T09:03:59.000Z,21.37037089,-157.73554662,UAV 1,2,1:3001:1968,ENCAESAR004,1:1:71:4:0:0:0,0,false,false,false,false,0
ENGAZ002,move to,LOC_적북측접근로,2026-08-09T09:03:59.000Z,21.37309033,-157.73391529,UAV 1,2,1:3001:1991,ENGAZ002,1:1:222:7:8:0:0,0,false,false,false,false,0
ENBTR80006,move to,LOC_중앙계곡,2026-08-09T09:03:59.000Z,21.36991975,-157.74023097,UAV 1,2,1:3001:1998,ENBTR80006,1:1:222:2:13:0:0,0,false,false,false,false,0
ENT72011,move to,LOC_중앙계곡,2026-08-09T09:03:59.000Z,21.37199360,-157.74171947,UAV 1,2,1:3001:2002,ENT72011,1:1:222:1:2:1:0,0,false,false,false,false,0
ENM35002,move to,LOC_적북측접근로,2026-08-09T09:03:59.000Z,21.37326087,-157.73390668,UAV 1,2,1:3001:2010,ENM35002,1:1:225:7:1:6:0,0,false,false,false,false,0
ENGAZ003,move to,LOC_적북측접근로,2026-08-09T09:03:59.000Z,21.37303259,-157.73380120,UAV 1,2,1:3001:2019,ENGAZ003,1:1:222:7:8:0:0,0,false,false,false,false,0
ENBTR80003,move to,LOC_중앙계곡,2026-08-09T09:03:59.000Z,21.36998954,-157.74028571,UAV 1,2,1:3001:2023,ENBTR80003,1:1:222:2:13:0:0,0,false,false,false,false,0
ENM35001,move to,LOC_적북측접근로,2026-08-09T09:03:59.000Z,21.37318101,-157.73388689,UAV 1,2,1:3001:2024,ENM35001,1:1:225:7:1:6:0,0,false,false,false,false,0
FRT80008,move to,LOC_중앙킬존남측,2026-08-09T09:03:59.000Z,21.38241845,-157.75001663,UAV 1,1,1:3001:2026,FRT80008,1:1:222:1:1:1:0,0,false,false,false,false,0
ENCAESAR003,FFE-on-Location,LOC_아군박격포진지,2026-08-09T09:03:59.000Z,21.36993473,-157.73482081,UAV 1,2,1:3001:2052,ENCAESAR003,1:1:71:4:0:0:0,0,false,false,false,false,0
ENMORT001,none,,2026-08-09T09:03:59.000Z,21.37443553,-157.73716992,UAV 1,2,1:3001:2059,ENMORT001,1:1:71:10:1:0:1,0,false,false,false,false,0
ENBTR60007,move to,LOC_중앙계곡,2026-08-09T09:03:59.000Z,21.36953555,-157.74051933,UAV 1,2,1:3001:2085,ENBTR60007,1:1:222:2:8:1:0,0,false,false,false,false,0
ENBTR60008,move to,LOC_중앙계곡,2026-08-09T09:03:59.000Z,21.36959156,-157.74045003,UAV 1,2,1:3001:2096,ENBTR60008,1:1:222:2:8:1:0,0,false,false,false,false,0
FRTRK2002,move to,LOC_남측제1방어선,2026-08-09T09:03:59.000Z,21.38785452,-157.74968105,UAV 1,1,1:3001:2097,FRTRK2002,1:1:225:7:12:8:0,0,false,false,false,false,0
ENBTR80007,move to,LOC_중앙계곡,2026-08-09T09:03:59.000Z,21.36972713,-157.74031314,UAV 1,2,1:3001:2098,ENBTR80007,1:1:222:2:13:0:0,0,false,false,false,false,0
ENMORT002,none,,2026-08-09T09:03:59.000Z,21.37453609,-157.73721308,UAV 1,2,1:3001:2104,ENMORT002,1:1:71:10:1:0:1,0,false,false,false,false,0
ENGAZ004,move to,LOC_적북측접근로,2026-08-09T09:03:59.000Z,21.37311191,-157.73382135,UAV 1,2,1:3001:2108,ENGAZ004,1:1:222:7:8:0:0,0,false,false,false,false,0
ENBTR80005,move to,LOC_중앙계곡,2026-08-09T09:03:59.000Z,21.36986072,-157.74029956,UAV 1,2,1:3001:2116,ENBTR80005,1:1:222:2:13:0:0,0,false,false,false,false,0
ENMIM001,move to,LOC_적북측접근로,2026-08-09T09:03:59.000Z,21.36997171,-157.73765635,UAV 1,2,1:3001:2125,ENMIM001,1:1:225:28:2:0:0,0,false,false,false,false,0
ENCAESAR001,move to,LOC_적북측접근로,2026-08-09T09:03:59.000Z,21.37016456,-157.73581286,UAV 1,2,1:3001:2130,ENCAESAR001,1:1:71:4:0:0:0,0,false,false,false,false,0
ENMORT003,none,,2026-08-09T09:03:59.000Z,21.37463664,-157.73725624,UAV 1,2,1:3001:2135,ENMORT003,1:1:71:10:1:0:1,0,false,false,false,false,0
ENBTR60004,move to,LOC_중앙계곡,2026-08-09T09:03:59.000Z,21.36960704,-157.74057441,UAV 1,2,1:3001:2142,ENBTR60004,1:1:222:2:8:1:0,0,false,false,false,false,0
ENM1A2004,move to,LOC_중앙계곡,2026-08-09T09:03:59.000Z,21.37419169,-157.74272216,UAV 1,2,1:3001:2156,ENM1A2004,1:1:225:1:1:3:0,0,false,false,false,false,0
ENBTR60005,move to,LOC_중앙계곡,2026-08-09T09:03:59.000Z,21.36966814,-157.74050530,UAV 1,2,1:3001:2172,ENBTR60005,1:1:222:2:8:1:0,0,false,false,false,false,0
ENT72010,move to,LOC_중앙계곡,2026-08-09T09:03:59.000Z,21.37206374,-157.74162652,UAV 1,2,1:3001:2031,ENT72010,1:1:222:1:2:1:0,0,false,false,false,false,0
ENT72008,move to,LOC_중앙계곡,2026-08-09T09:03:59.000Z,21.37216826,-157.74161664,UAV 1,2,1:3001:1885,ENT72008,1:1:222:1:2:1:0,0,false,false,false,false,0
ENM35004,move to,LOC_적북측접근로,2026-08-09T09:03:59.000Z,21.37328355,-157.73380908,UAV 1,2,1:3001:1920,ENM35004,1:1:225:7:1:6:0,0,false,false,false,false,0
ENM35003,move to,LOC_적북측접근로,2026-08-09T09:03:59.000Z,21.37320302,-157.73379156,UAV 1,2,1:3001:2164,ENM35003,1:1:225:7:1:6:0,0,false,false,false,false,0
ENT72007,move to,LOC_중앙계곡,2026-08-09T09:03:59.000Z,21.37217541,-157.74170189,UAV 1,2,1:3001:1857,ENT72007,1:1:222:1:2:1:0,0,false,false,false,false,0
ENT72009,move to,LOC_중앙계곡,2026-08-09T09:03:59.000Z,21.37209066,-157.74171005,UAV 1,2,1:3001:1997,ENT72009,1:1:222:1:2:1:0,0,false,false,false,false,0
ENBTR80002,move to,LOC_중앙계곡,2026-08-09T09:03:59.000Z,21.36993717,-157.74035476,UAV 1,2,1:3001:2154,ENBTR80002,1:1:222:2:13:0:0,0,false,false,false,false,0
ENBTR60003,move to,LOC_중앙계곡,2026-08-09T09:03:59.000Z,21.36980862,-157.74049167,UAV 1,2,1:3001:1955,ENBTR60003,1:1:222:2:8:1:0,0,false,false,false,false,0
ENBTR60002,move to,LOC_중앙계곡,2026-08-09T09:03:59.000Z,21.36974674,-157.74056054,UAV 1,2,1:3001:2058,ENBTR60002,1:1:222:2:8:1:0,0,false,false,false,false,0
ENT72003,move to,LOC_중앙계곡,2026-08-09T09:03:59.000Z,21.37234331,-157.74168574,UAV 1,2,1:3001:1860,ENT72003,1:1:222:1:2:1:0,0,false,false,false,false,0
ENT72005,move to,LOC_중앙계곡,2026-08-09T09:03:59.000Z,21.37225987,-157.74169376,UAV 1,2,1:3001:1918,ENT72005,1:1:222:1:2:1:0,0,false,false,false,false,0
ENT72006,move to,LOC_중앙계곡,2026-08-09T09:03:59.000Z,21.37225209,-157.74160863,UAV 1,2,1:3001:2048,ENT72006,1:1:222:1:2:1:0,0,false,false,false,false,0
ENM1A2003,move to,LOC_중앙계곡,2026-08-09T09:04:00.000Z,21.37421776,-157.74279980,UAV 1,2,1:3001:1834,ENM1A2003,1:1:225:1:1:3:0,0,false,false,false,false,0
FRTRK2004,move to,LOC_남측제1방어선,2026-08-09T09:04:00.000Z,21.38786629,-157.74977042,UAV 1,1,1:3001:1846,FRTRK2004,1:1:225:7:12:8:0,0,false,false,false,false,0
ENCAESAR002,FFE-on-Location,LOC_아군포병진지,2026-08-09T09:04:00.000Z,21.37011579,-157.73488768,UAV 1,2,1:3001:1864,ENCAESAR002,1:1:71:4:0:0:0,0,false,false,false,false,0
ENT72012,move to,LOC_중앙계곡,2026-08-09T09:04:00.000Z,21.37197574,-157.74163492,UAV 1,2,1:3001:1865,ENT72012,1:1:222:1:2:1:0,0,false,false,false,false,0
ENBTR60001,move to,LOC_중앙계곡,2026-08-09T09:04:00.000Z,21.36968387,-157.74062953,UAV 1,2,1:3001:1872,ENBTR60001,1:1:222:2:8:1:0,0,false,false,false,false,0
ENMORT005,none,,2026-08-09T09:04:00.000Z,21.37457651,-157.73710572,UAV 1,2,1:3001:1877,ENMORT005,1:1:71:10:1:0:1,0,false,false,false,false,0
ENM1A2001,move to,LOC_중앙계곡,2026-08-09T09:04:00.000Z,21.37427391,-157.74295338,UAV 1,2,1:3001:1878,ENM1A2001,1:1:225:1:1:3:0,0,false,false,false,false,0
ENM1A2005,move to,LOC_중앙계곡,2026-08-09T09:04:00.000Z,21.37416422,-157.74264494,UAV 1,2,1:3001:1891,ENM1A2005,1:1:225:1:1:3:0,0,false,false,false,false,0
FRT69001,move to,LOC_중앙킬존남측,2026-08-09T09:04:00.000Z,21.38650242,-157.73609730,UAV 1,1,1:3001:1895,FRT69001,1:1:45:1:2:1:0,0,false,false,false,false,0
ENMORT004,none,,2026-08-09T09:04:00.000Z,21.37447596,-157.73706256,UAV 1,2,1:3001:1900,ENMORT004,1:1:71:10:1:0:1,0,false,false,false,false,0
ENGAZ001,move to,LOC_적북측접근로,2026-08-09T09:04:00.000Z,21.37301107,-157.73389531,UAV 1,2,1:3001:1924,ENGAZ001,1:1:222:7:8:0:0,0,false,false,false,false,0
ENBTR60006,move to,LOC_중앙계곡,2026-08-09T09:04:00.000Z,21.36973255,-157.74043653,UAV 1,2,1:3001:1933,ENBTR60006,1:1:222:2:8:1:0,0,false,false,false,false,0
ENBTR80004,move to,LOC_중앙계곡,2026-08-09T09:04:00.000Z,21.36980121,-157.74036825,UAV 1,2,1:3001:1949,ENBTR80004,1:1:222:2:13:0:0,0,false,false,false,false,0
ENM1A2002,move to,LOC_중앙계곡,2026-08-09T09:04:00.000Z,21.37424542,-157.74287681,UAV 1,2,1:3001:1963,ENM1A2002,1:1:225:1:1:3:0,0,false,false,false,false,0
ENBTR80001,move to,LOC_중앙계곡,2026-08-09T09:04:00.000Z,21.36988260,-157.74042370,UAV 1,2,1:3001:1967,ENBTR80001,1:1:222:2:13:0:0,0,false,false,false,false,0
ENCAESAR004,move to,LOC_북측예비방어선,2026-08-09T09:04:00.000Z,21.37037089,-157.73554662,UAV 1,2,1:3001:1968,ENCAESAR004,1:1:71:4:0:0:0,0,false,false,false,false,0
ENGAZ002,move to,LOC_적북측접근로,2026-08-09T09:04:00.000Z,21.37309033,-157.73391529,UAV 1,2,1:3001:1991,ENGAZ002,1:1:222:7:8:0:0,0,false,false,false,false,0
ENBTR80006,move to,LOC_중앙계곡,2026-08-09T09:04:00.000Z,21.36991975,-157.74023097,UAV 1,2,1:3001:1998,ENBTR80006,1:1:222:2:13:0:0,0,false,false,false,false,0
ENT72011,move to,LOC_중앙계곡,2026-08-09T09:04:00.000Z,21.37199360,-157.74171947,UAV 1,2,1:3001:2002,ENT72011,1:1:222:1:2:1:0,0,false,false,false,false,0
ENM35002,move to,LOC_적북측접근로,2026-08-09T09:04:00.000Z,21.37326087,-157.73390668,UAV 1,2,1:3001:2010,ENM35002,1:1:225:7:1:6:0,0,false,false,false,false,0
ENGAZ003,move to,LOC_적북측접근로,2026-08-09T09:04:00.000Z,21.37303259,-157.73380120,UAV 1,2,1:3001:2019,ENGAZ003,1:1:222:7:8:0:0,0,false,false,false,false,0
ENBTR80003,move to,LOC_중앙계곡,2026-08-09T09:04:00.000Z,21.36998954,-157.74028571,UAV 1,2,1:3001:2023,ENBTR80003,1:1:222:2:13:0:0,0,false,false,false,false,0
ENM35001,move to,LOC_적북측접근로,2026-08-09T09:04:00.000Z,21.37318101,-157.73388689,UAV 1,2,1:3001:2024,ENM35001,1:1:225:7:1:6:0,0,false,false,false,false,0
FRT80008,move to,LOC_중앙킬존남측,2026-08-09T09:04:00.000Z,21.38241845,-157.75001663,UAV 1,1,1:3001:2026,FRT80008,1:1:222:1:1:1:0,0,false,false,false,false,0
ENCAESAR003,FFE-on-Location,LOC_아군박격포진지,2026-08-09T09:04:00.000Z,21.36993473,-157.73482081,UAV 1,2,1:3001:2052,ENCAESAR003,1:1:71:4:0:0:0,0,false,false,false,false,0
ENMORT001,none,,2026-08-09T09:04:00.000Z,21.37443553,-157.73716992,UAV 1,2,1:3001:2059,ENMORT001,1:1:71:10:1:0:1,0,false,false,false,false,0
ENBTR60007,move to,LOC_중앙계곡,2026-08-09T09:04:00.000Z,21.36953555,-157.74051933,UAV 1,2,1:3001:2085,ENBTR60007,1:1:222:2:8:1:0,0,false,false,false,false,0
ENBTR60008,move to,LOC_중앙계곡,2026-08-09T09:04:00.000Z,21.36959156,-157.74045003,UAV 1,2,1:3001:2096,ENBTR60008,1:1:222:2:8:1:0,0,false,false,false,false,0
FRTRK2002,move to,LOC_남측제1방어선,2026-08-09T09:04:00.000Z,21.38785452,-157.74968105,UAV 1,1,1:3001:2097,FRTRK2002,1:1:225:7:12:8:0,0,false,false,false,false,0
ENBTR80007,move to,LOC_중앙계곡,2026-08-09T09:04:00.000Z,21.36972713,-157.74031314,UAV 1,2,1:3001:2098,ENBTR80007,1:1:222:2:13:0:0,0,false,false,false,false,0
ENMORT002,none,,2026-08-09T09:04:00.000Z,21.37453609,-157.73721308,UAV 1,2,1:3001:2104,ENMORT002,1:1:71:10:1:0:1,0,false,false,false,false,0
ENGAZ004,move to,LOC_적북측접근로,2026-08-09T09:04:00.000Z,21.37311191,-157.73382135,UAV 1,2,1:3001:2108,ENGAZ004,1:1:222:7:8:0:0,0,false,false,false,false,0
ENBTR80005,move to,LOC_중앙계곡,2026-08-09T09:04:00.000Z,21.36986072,-157.74029956,UAV 1,2,1:3001:2116,ENBTR80005,1:1:222:2:13:0:0,0,false,false,false,false,0
ENMIM001,move to,LOC_적북측접근로,2026-08-09T09:04:00.000Z,21.36997171,-157.73765635,UAV 1,2,1:3001:2125,ENMIM001,1:1:225:28:2:0:0,0,false,false,false,false,0
ENCAESAR001,move to,LOC_적북측접근로,2026-08-09T09:04:00.000Z,21.37016456,-157.73581286,UAV 1,2,1:3001:2130,ENCAESAR001,1:1:71:4:0:0:0,0,false,false,false,false,0
ENMORT003,none,,2026-08-09T09:04:00.000Z,21.37463664,-157.73725624,UAV 1,2,1:3001:2135,ENMORT003,1:1:71:10:1:0:1,0,false,false,false,false,0
ENBTR60004,move to,LOC_중앙계곡,2026-08-09T09:04:00.000Z,21.36960704,-157.74057441,UAV 1,2,1:3001:2142,ENBTR60004,1:1:222:2:8:1:0,0,false,false,false,false,0
ENM1A2004,move to,LOC_중앙계곡,2026-08-09T09:04:00.000Z,21.37419169,-157.74272216,UAV 1,2,1:3001:2156,ENM1A2004,1:1:225:1:1:3:0,0,false,false,false,false,0
ENBTR60005,move to,LOC_중앙계곡,2026-08-09T09:04:00.000Z,21.36966814,-157.74050530,UAV 1,2,1:3001:2172,ENBTR60005,1:1:222:2:8:1:0,0,false,false,false,false,0
ENT72010,move to,LOC_중앙계곡,2026-08-09T09:04:00.000Z,21.37206374,-157.74162652,UAV 1,2,1:3001:2031,ENT72010,1:1:222:1:2:1:0,0,false,false,false,false,0
ENT72008,move to,LOC_중앙계곡,2026-08-09T09:04:00.000Z,21.37216826,-157.74161664,UAV 1,2,1:3001:1885,ENT72008,1:1:222:1:2:1:0,0,false,false,false,false,0
ENM35004,move to,LOC_적북측접근로,2026-08-09T09:04:00.000Z,21.37328355,-157.73380908,UAV 1,2,1:3001:1920,ENM35004,1:1:225:7:1:6:0,0,false,false,false,false,0
ENM35003,move to,LOC_적북측접근로,2026-08-09T09:04:00.000Z,21.37320302,-157.73379156,UAV 1,2,1:3001:2164,ENM35003,1:1:225:7:1:6:0,0,false,false,false,false,0
ENT72007,move to,LOC_중앙계곡,2026-08-09T09:04:00.000Z,21.37217541,-157.74170189,UAV 1,2,1:3001:1857,ENT72007,1:1:222:1:2:1:0,0,false,false,false,false,0
ENT72009,move to,LOC_중앙계곡,2026-08-09T09:04:00.000Z,21.37209066,-157.74171005,UAV 1,2,1:3001:1997,ENT72009,1:1:222:1:2:1:0,0,false,false,false,false,0
ENBTR80002,move to,LOC_중앙계곡,2026-08-09T09:04:00.000Z,21.36993717,-157.74035476,UAV 1,2,1:3001:2154,ENBTR80002,1:1:222:2:13:0:0,0,false,false,false,false,0
ENBTR60003,move to,LOC_중앙계곡,2026-08-09T09:04:00.000Z,21.36980862,-157.74049167,UAV 1,2,1:3001:1955,ENBTR60003,1:1:222:2:8:1:0,0,false,false,false,false,0
ENBTR60002,move to,LOC_중앙계곡,2026-08-09T09:04:00.000Z,21.36974674,-157.74056054,UAV 1,2,1:3001:2058,ENBTR60002,1:1:222:2:8:1:0,0,false,false,false,false,0
ENT72003,move to,LOC_중앙계곡,2026-08-09T09:04:00.000Z,21.37234331,-157.74168574,UAV 1,2,1:3001:1860,ENT72003,1:1:222:1:2:1:0,0,false,false,false,false,0
ENT72005,move to,LOC_중앙계곡,2026-08-09T09:04:00.000Z,21.37225987,-157.74169376,UAV 1,2,1:3001:1918,ENT72005,1:1:222:1:2:1:0,0,false,false,false,false,0
ENT72006,move to,LOC_중앙계곡,2026-08-09T09:04:00.000Z,21.37225209,-157.74160863,UAV 1,2,1:3001:2048,ENT72006,1:1:222:1:2:1:0,0,false,false,false,false,0
ENM1A2003,move to,LOC_중앙계곡,2026-08-09T09:04:01.000Z,21.37438422,-157.74273890,UAV 1,2,1:3001:1834,ENM1A2003,1:1:225:1:1:3:0,0,false,false,false,false,0
FRTRK2004,move to,LOC_남측제1방어선,2026-08-09T09:04:01.000Z,21.38784659,-157.74960040,UAV 1,1,1:3001:1846,FRTRK2004,1:1:225:7:12:8:0,0,false,false,false,false,0
ENCAESAR002,FFE-on-Location,LOC_아군포병진지,2026-08-09T09:04:01.000Z,21.37011579,-157.73488768,UAV 1,2,1:3001:1864,ENCAESAR002,1:1:71:4:0:0:0,0,false,false,false,false,0
ENT72012,move to,LOC_중앙계곡,2026-08-09T09:04:01.000Z,21.37215335,-157.74161894,UAV 1,2,1:3001:1865,ENT72012,1:1:222:1:2:1:0,0,false,false,false,false,0
ENBTR60001,move to,LOC_중앙계곡,2026-08-09T09:04:01.000Z,21.36985947,-157.74063617,UAV 1,2,1:3001:1872,ENBTR60001,1:1:222:2:8:1:0,0,false,false,false,false,0
ENMORT005,none,,2026-08-09T09:04:01.000Z,21.37457651,-157.73710572,UAV 1,2,1:3001:1877,ENMORT005,1:1:71:10:1:0:1,0,false,false,false,false,0
ENM1A2001,move to,LOC_중앙계곡,2026-08-09T09:04:01.000Z,21.37443718,-157.74288785,UAV 1,2,1:3001:1878,ENM1A2001,1:1:225:1:1:3:0,0,false,false,false,false,0
ENM1A2005,move to,LOC_중앙계곡,2026-08-09T09:04:01.000Z,21.37433309,-157.74258905,UAV 1,2,1:3001:1891,ENM1A2005,1:1:225:1:1:3:0,0,false,false,false,false,0
FRT69001,move to,LOC_중앙킬존남측,2026-08-09T09:04:01.000Z,21.38641284,-157.73626058,UAV 1,1,1:3001:1895,FRT69001,1:1:45:1:2:1:0,0,false,false,false,false,0
ENMORT004,none,,2026-08-09T09:04:01.000Z,21.37447596,-157.73706256,UAV 1,2,1:3001:1900,ENMORT004,1:1:71:10:1:0:1,0,false,false,false,false,0
ENGAZ001,move to,LOC_적북측접근로,2026-08-09T09:04:01.000Z,21.37297143,-157.73408030,UAV 1,2,1:3001:1924,ENGAZ001,1:1:222:7:8:0:0,0,false,false,false,false,0
ENBTR60006,move to,LOC_중앙계곡,2026-08-09T09:04:01.000Z,21.36990826,-157.74044679,UAV 1,2,1:3001:1933,ENBTR60006,1:1:222:2:8:1:0,0,false,false,false,false,0
ENBTR80004,move to,LOC_중앙계곡,2026-08-09T09:04:01.000Z,21.36997737,-157.74037990,UAV 1,2,1:3001:1949,ENBTR80004,1:1:222:2:13:0:0,0,false,false,false,false,0
ENM1A2002,move to,LOC_중앙계곡,2026-08-09T09:04:01.000Z,21.37441052,-157.74281349,UAV 1,2,1:3001:1963,ENM1A2002,1:1:225:1:1:3:0,0,false,false,false,false,0
ENBTR80001,move to,LOC_중앙계곡,2026-08-09T09:04:01.000Z,21.37005653,-157.74043426,UAV 1,2,1:3001:1967,ENBTR80001,1:1:222:2:13:0:0,0,false,false,false,false,0
ENCAESAR004,move to,LOC_북측예비방어선,2026-08-09T09:04:01.000Z,21.37044022,-157.73572091,UAV 1,2,1:3001:1968,ENCAESAR004,1:1:71:4:0:0:0,0,false,false,false,false,0
ENGAZ002,move to,LOC_적북측접근로,2026-08-09T09:04:01.000Z,21.37304883,-157.73409981,UAV 1,2,1:3001:1991,ENGAZ002,1:1:222:7:8:0:0,0,false,false,false,false,0
ENBTR80006,move to,LOC_중앙계곡,2026-08-09T09:04:01.000Z,21.37009404,-157.74024523,UAV 1,2,1:3001:1998,ENBTR80006,1:1:222:2:13:0:0,0,false,false,false,false,0
ENT72011,move to,LOC_중앙계곡,2026-08-09T09:04:01.000Z,21.37216882,-157.74170161,UAV 1,2,1:3001:2002,ENT72011,1:1:222:1:2:1:0,0,false,false,false,false,0
ENM35002,move to,LOC_적북측접근로,2026-08-09T09:04:01.000Z,21.37321531,-157.73409155,UAV 1,2,1:3001:2010,ENM35002,1:1:225:7:1:6:0,0,false,false,false,false,0
ENGAZ003,move to,LOC_적북측접근로,2026-08-09T09:04:01.000Z,21.37299298,-157.73398590,UAV 1,2,1:3001:2019,ENGAZ003,1:1:222:7:8:0:0,0,false,false,false,false,0
ENBTR80003,move to,LOC_중앙계곡,2026-08-09T09:04:01.000Z,21.37016428,-157.74029907,UAV 1,2,1:3001:2023,ENBTR80003,1:1:222:2:13:0:0,0,false,false,false,false,0
ENM35001,move to,LOC_적북측접근로,2026-08-09T09:04:01.000Z,21.37313733,-157.73407223,UAV 1,2,1:3001:2024,ENM35001,1:1:225:7:1:6:0,0,false,false,false,false,0
FRT80008,move to,LOC_중앙킬존남측,2026-08-09T09:04:01.000Z,21.38234327,-157.74984486,UAV 1,1,1:3001:2026,FRT80008,1:1:222:1:1:1:0,0,false,false,false,false,0
ENCAESAR003,FFE-on-Location,LOC_아군박격포진지,2026-08-09T09:04:01.000Z,21.36993473,-157.73482081,UAV 1,2,1:3001:2052,ENCAESAR003,1:1:71:4:0:0:0,0,false,false,false,false,0
ENMORT001,none,,2026-08-09T09:04:01.000Z,21.37443553,-157.73716992,UAV 1,2,1:3001:2059,ENMORT001,1:1:71:10:1:0:1,0,false,false,false,false,0
ENBTR60007,move to,LOC_중앙계곡,2026-08-09T09:04:01.000Z,21.36971259,-157.74052792,UAV 1,2,1:3001:2085,ENBTR60007,1:1:222:2:8:1:0,0,false,false,false,false,0
ENBTR60008,move to,LOC_중앙계곡,2026-08-09T09:04:01.000Z,21.36976803,-157.74045994,UAV 1,2,1:3001:2096,ENBTR60008,1:1:222:2:8:1:0,0,false,false,false,false,0
FRTRK2002,move to,LOC_남측제1방어선,2026-08-09T09:04:01.000Z,21.38783413,-157.74950489,UAV 1,1,1:3001:2097,FRTRK2002,1:1:225:7:12:8:0,0,false,false,false,false,0
ENBTR80007,move to,LOC_중앙계곡,2026-08-09T09:04:01.000Z,21.36990365,-157.74032576,UAV 1,2,1:3001:2098,ENBTR80007,1:1:222:2:13:0:0,0,false,false,false,false,0
ENMORT002,none,,2026-08-09T09:04:01.000Z,21.37453609,-157.73721308,UAV 1,2,1:3001:2104,ENMORT002,1:1:71:10:1:0:1,0,false,false,false,false,0
ENGAZ004,move to,LOC_적북측접근로,2026-08-09T09:04:01.000Z,21.37307045,-157.73400563,UAV 1,2,1:3001:2108,ENGAZ004,1:1:222:7:8:0:0,0,false,false,false,false,0
ENBTR80005,move to,LOC_중앙계곡,2026-08-09T09:04:01.000Z,21.37003607,-157.74031253,UAV 1,2,1:3001:2116,ENBTR80005,1:1:222:2:13:0:0,0,false,false,false,false,0
ENMIM001,move to,LOC_적북측접근로,2026-08-09T09:04:01.000Z,21.37003152,-157.73783615,UAV 1,2,1:3001:2125,ENMIM001,1:1:225:28:2:0:0,0,false,false,false,false,0
ENCAESAR001,move to,LOC_적북측접근로,2026-08-09T09:04:01.000Z,21.37020122,-157.73599925,UAV 1,2,1:3001:2130,ENCAESAR001,1:1:71:4:0:0:0,0,false,false,false,false,0
ENMORT003,none,,2026-08-09T09:04:01.000Z,21.37463664,-157.73725624,UAV 1,2,1:3001:2135,ENMORT003,1:1:71:10:1:0:1,0,false,false,false,false,0
ENBTR60004,move to,LOC_중앙계곡,2026-08-09T09:04:01.000Z,21.36978359,-157.74058204,UAV 1,2,1:3001:2142,ENBTR60004,1:1:222:2:8:1:0,0,false,false,false,false,0
ENM1A2004,move to,LOC_중앙계곡,2026-08-09T09:04:01.000Z,21.37436173,-157.74266293,UAV 1,2,1:3001:2156,ENM1A2004,1:1:225:1:1:3:0,0,false,false,false,false,0
ENBTR60005,move to,LOC_중앙계곡,2026-08-09T09:04:01.000Z,21.36984524,-157.74051429,UAV 1,2,1:3001:2172,ENBTR60005,1:1:222:2:8:1:0,0,false,false,false,false,0
ENT72010,move to,LOC_중앙계곡,2026-08-09T09:04:01.000Z,21.37224102,-157.74161059,UAV 1,2,1:3001:2031,ENT72010,1:1:222:1:2:1:0,0,false,false,false,false,0
ENT72008,move to,LOC_중앙계곡,2026-08-09T09:04:01.000Z,21.37234677,-157.74160062,UAV 1,2,1:3001:1885,ENT72008,1:1:222:1:2:1:0,0,false,false,false,false,0
ENM35004,move to,LOC_적북측접근로,2026-08-09T09:04:01.000Z,21.37323825,-157.73399301,UAV 1,2,1:3001:1920,ENM35004,1:1:225:7:1:6:0,0,false,false,false,false,0
ENM35003,move to,LOC_적북측접근로,2026-08-09T09:04:01.000Z,21.37315954,-157.73397609,UAV 1,2,1:3001:2164,ENM35003,1:1:225:7:1:6:0,0,false,false,false,false,0
ENT72007,move to,LOC_중앙계곡,2026-08-09T09:04:01.000Z,21.37234971,-157.74168410,UAV 1,2,1:3001:1857,ENT72007,1:1:222:1:2:1:0,0,false,false,false,false,0
ENT72009,move to,LOC_중앙계곡,2026-08-09T09:04:01.000Z,21.37226387,-157.74169239,UAV 1,2,1:3001:1997,ENT72009,1:1:222:1:2:1:0,0,false,false,false,false,0
ENBTR80002,move to,LOC_중앙계곡,2026-08-09T09:04:01.000Z,21.37011047,-157.74036664,UAV 1,2,1:3001:2154,ENBTR80002,1:1:222:2:13:0:0,0,false,false,false,false,0
ENBTR60003,move to,LOC_중앙계곡,2026-08-09T09:04:01.000Z,21.36998402,-157.74050096,UAV 1,2,1:3001:1955,ENBTR60003,1:1:222:2:8:1:0,0,false,false,false,false,0
ENBTR60002,move to,LOC_중앙계곡,2026-08-09T09:04:01.000Z,21.36992098,-157.74056844,UAV 1,2,1:3001:2058,ENBTR60002,1:1:222:2:8:1:0,0,false,false,false,false,0
ENT72003,move to,LOC_중앙계곡,2026-08-09T09:04:01.000Z,21.37252382,-157.74166729,UAV 1,2,1:3001:1860,ENT72003,1:1:222:1:2:1:0,0,false,false,false,false,0
ENT72005,move to,LOC_중앙계곡,2026-08-09T09:04:01.000Z,21.37243757,-157.74167561,UAV 1,2,1:3001:1918,ENT72005,1:1:222:1:2:1:0,0,false,false,false,false,0
ENT72006,move to,LOC_중앙계곡,2026-08-09T09:04:01.000Z,21.37243061,-157.74159261,UAV 1,2,1:3001:2048,ENT72006,1:1:222:1:2:1:0,0,false,false,false,false,0
ENT72002,move to,LOC_중앙계곡,2026-08-09T09:04:01.000Z,21.37259116,-157.74157724,UAV 1,2,1:3001:1898,ENT72002,1:1:222:1:2:1:0,0,false,false,false,false,0
FRTRK2001,move to,LOC_남측제1방어선,2026-08-09T09:04:01.000Z,21.38791531,-157.74948686,UAV 1,1,1:3001:2093,FRTRK2001,1:1:225:7:12:8:0,0,false,false,false,false,0
M933HE 1,fired_by,,2026-08-09T09:04:01.000Z,21.37521699,-157.73764516,UAV 1,2,1:3001:2182,M933HE 1,2:9:225:2:11:1:0,0,false,false,false,false,0
M933HE 2,fired_by,,2026-08-09T09:04:01.000Z,21.37550551,-157.73712561,UAV 1,2,1:3001:2183,M933HE 2,2:9:225:2:11:1:0,0,false,false,false,false,0
M933HE 3,fired_by,,2026-08-09T09:04:01.000Z,21.39005857,-157.73727158,UAV 1,1,1:3001:2184,M933HE 3,2:9:225:2:11:1:0,0,false,false,false,false,0
M933HE 4,fired_by,,2026-08-09T09:04:01.000Z,21.38960652,-157.73682365,UAV 1,1,1:3001:2185,M933HE 4,2:9:225:2:11:1:0,0,false,false,false,false,0
M933HE 5,fired_by,,2026-08-09T09:04:01.000Z,21.37507354,-157.73768386,UAV 1,2,1:3001:2186,M933HE 5,2:9:225:2:11:1:0,0,false,false,false,false,0
M933HE 6,fired_by,,2026-08-09T09:04:01.000Z,21.37534867,-157.73734481,UAV 1,2,1:3001:2187,M933HE 6,2:9:225:2:11:1:0,0,false,false,false,false,0
M933HE 7,fired_by,,2026-08-09T09:04:01.000Z,21.38988669,-157.73738109,UAV 1,1,1:3001:2188,M933HE 7,2:9:225:2:11:1:0,0,false,false,false,false,0
M933HE 8,fired_by,,2026-08-09T09:04:01.000Z,21.37594721,-157.73725613,UAV 1,2,1:3001:2189,M933HE 8,2:9:225:2:11:1:0,0,false,false,false,false,0
ENM1A2003,move to,LOC_중앙계곡,2026-08-09T09:04:02.000Z,21.37438422,-157.74273890,UAV 1,2,1:3001:1834,ENM1A2003,1:1:225:1:1:3:0,0,false,false,false,false,0
FRTRK2004,move to,LOC_남측제1방어선,2026-08-09T09:04:02.000Z,21.38784659,-157.74960040,UAV 1,1,1:3001:1846,FRTRK2004,1:1:225:7:12:8:0,0,false,false,false,false,0
ENCAESAR002,FFE-on-Location,LOC_아군포병진지,2026-08-09T09:04:02.000Z,21.37011579,-157.73488768,UAV 1,2,1:3001:1864,ENCAESAR002,1:1:71:4:0:0:0,0,false,false,false,false,0
ENT72012,move to,LOC_중앙계곡,2026-08-09T09:04:02.000Z,21.37215335,-157.74161894,UAV 1,2,1:3001:1865,ENT72012,1:1:222:1:2:1:0,0,false,false,false,false,0
ENBTR60001,move to,LOC_중앙계곡,2026-08-09T09:04:02.000Z,21.36985947,-157.74063617,UAV 1,2,1:3001:1872,ENBTR60001,1:1:222:2:8:1:0,0,false,false,false,false,0
ENMORT005,none,,2026-08-09T09:04:02.000Z,21.37457651,-157.73710572,UAV 1,2,1:3001:1877,ENMORT005,1:1:71:10:1:0:1,0,false,false,false,false,0
ENM1A2001,move to,LOC_중앙계곡,2026-08-09T09:04:02.000Z,21.37443718,-157.74288785,UAV 1,2,1:3001:1878,ENM1A2001,1:1:225:1:1:3:0,0,false,false,false,false,0
ENM1A2005,move to,LOC_중앙계곡,2026-08-09T09:04:02.000Z,21.37433309,-157.74258905,UAV 1,2,1:3001:1891,ENM1A2005,1:1:225:1:1:3:0,0,false,false,false,false,0
FRT69001,move to,LOC_중앙킬존남측,2026-08-09T09:04:02.000Z,21.38641284,-157.73626058,UAV 1,1,1:3001:1895,FRT69001,1:1:45:1:2:1:0,0,false,false,false,false,0
ENMORT004,none,,2026-08-09T09:04:02.000Z,21.37447596,-157.73706256,UAV 1,2,1:3001:1900,ENMORT004,1:1:71:10:1:0:1,0,false,false,false,false,0
ENGAZ001,move to,LOC_적북측접근로,2026-08-09T09:04:02.000Z,21.37297143,-157.73408030,UAV 1,2,1:3001:1924,ENGAZ001,1:1:222:7:8:0:0,0,false,false,false,false,0
ENBTR60006,move to,LOC_중앙계곡,2026-08-09T09:04:02.000Z,21.36990826,-157.74044679,UAV 1,2,1:3001:1933,ENBTR60006,1:1:222:2:8:1:0,0,false,false,false,false,0
ENBTR80004,move to,LOC_중앙계곡,2026-08-09T09:04:02.000Z,21.36997737,-157.74037990,UAV 1,2,1:3001:1949,ENBTR80004,1:1:222:2:13:0:0,0,false,false,false,false,0
ENM1A2002,move to,LOC_중앙계곡,2026-08-09T09:04:02.000Z,21.37441052,-157.74281349,UAV 1,2,1:3001:1963,ENM1A2002,1:1:225:1:1:3:0,0,false,false,false,false,0
ENBTR80001,move to,LOC_중앙계곡,2026-08-09T09:04:02.000Z,21.37005653,-157.74043426,UAV 1,2,1:3001:1967,ENBTR80001,1:1:222:2:13:0:0,0,false,false,false,false,0
ENCAESAR004,move to,LOC_북측예비방어선,2026-08-09T09:04:02.000Z,21.37044022,-157.73572091,UAV 1,2,1:3001:1968,ENCAESAR004,1:1:71:4:0:0:0,0,false,false,false,false,0
ENGAZ002,move to,LOC_적북측접근로,2026-08-09T09:04:02.000Z,21.37304883,-157.73409981,UAV 1,2,1:3001:1991,ENGAZ002,1:1:222:7:8:0:0,0,false,false,false,false,0
ENBTR80006,move to,LOC_중앙계곡,2026-08-09T09:04:02.000Z,21.37009404,-157.74024523,UAV 1,2,1:3001:1998,ENBTR80006,1:1:222:2:13:0:0,0,false,false,false,false,0
ENT72011,move to,LOC_중앙계곡,2026-08-09T09:04:02.000Z,21.37216882,-157.74170161,UAV 1,2,1:3001:2002,ENT72011,1:1:222:1:2:1:0,0,false,false,false,false,0
ENM35002,move to,LOC_적북측접근로,2026-08-09T09:04:02.000Z,21.37321531,-157.73409155,UAV 1,2,1:3001:2010,ENM35002,1:1:225:7:1:6:0,0,false,false,false,false,0
ENGAZ003,move to,LOC_적북측접근로,2026-08-09T09:04:02.000Z,21.37299298,-157.73398590,UAV 1,2,1:3001:2019,ENGAZ003,1:1:222:7:8:0:0,0,false,false,false,false,0
ENBTR80003,move to,LOC_중앙계곡,2026-08-09T09:04:02.000Z,21.37016428,-157.74029907,UAV 1,2,1:3001:2023,ENBTR80003,1:1:222:2:13:0:0,0,false,false,false,false,0
ENM35001,move to,LOC_적북측접근로,2026-08-09T09:04:02.000Z,21.37313733,-157.73407223,UAV 1,2,1:3001:2024,ENM35001,1:1:225:7:1:6:0,0,false,false,false,false,0
FRT80008,move to,LOC_중앙킬존남측,2026-08-09T09:04:02.000Z,21.38234327,-157.74984486,UAV 1,1,1:3001:2026,FRT80008,1:1:222:1:1:1:0,0,false,false,false,false,0
ENCAESAR003,FFE-on-Location,LOC_아군박격포진지,2026-08-09T09:04:02.000Z,21.36993473,-157.73482081,UAV 1,2,1:3001:2052,ENCAESAR003,1:1:71:4:0:0:0,0,false,false,false,false,0
ENMORT001,none,,2026-08-09T09:04:02.000Z,21.37443553,-157.73716992,UAV 1,2,1:3001:2059,ENMORT001,1:1:71:10:1:0:1,0,false,false,false,false,0
ENBTR60007,move to,LOC_중앙계곡,2026-08-09T09:04:02.000Z,21.36971259,-157.74052792,UAV 1,2,1:3001:2085,ENBTR60007,1:1:222:2:8:1:0,0,false,false,false,false,0
ENBTR60008,move to,LOC_중앙계곡,2026-08-09T09:04:02.000Z,21.36976803,-157.74045994,UAV 1,2,1:3001:2096,ENBTR60008,1:1:222:2:8:1:0,0,false,false,false,false,0
FRTRK2002,move to,LOC_남측제1방어선,2026-08-09T09:04:02.000Z,21.38783413,-157.74950489,UAV 1,1,1:3001:2097,FRTRK2002,1:1:225:7:12:8:0,0,false,false,false,false,0
ENBTR80007,move to,LOC_중앙계곡,2026-08-09T09:04:02.000Z,21.36990365,-157.74032576,UAV 1,2,1:3001:2098,ENBTR80007,1:1:222:2:13:0:0,0,false,false,false,false,0
ENMORT002,none,,2026-08-09T09:04:02.000Z,21.37453609,-157.73721308,UAV 1,2,1:3001:2104,ENMORT002,1:1:71:10:1:0:1,0,false,false,false,false,0
ENGAZ004,move to,LOC_적북측접근로,2026-08-09T09:04:02.000Z,21.37307045,-157.73400563,UAV 1,2,1:3001:2108,ENGAZ004,1:1:222:7:8:0:0,0,false,false,false,false,0
ENBTR80005,move to,LOC_중앙계곡,2026-08-09T09:04:02.000Z,21.37003607,-157.74031253,UAV 1,2,1:3001:2116,ENBTR80005,1:1:222:2:13:0:0,0,false,false,false,false,0
ENMIM001,move to,LOC_적북측접근로,2026-08-09T09:04:02.000Z,21.37003152,-157.73783615,UAV 1,2,1:3001:2125,ENMIM001,1:1:225:28:2:0:0,0,false,false,false,false,0
ENCAESAR001,move to,LOC_적북측접근로,2026-08-09T09:04:02.000Z,21.37020122,-157.73599925,UAV 1,2,1:3001:2130,ENCAESAR001,1:1:71:4:0:0:0,0,false,false,false,false,0
ENMORT003,none,,2026-08-09T09:04:02.000Z,21.37463664,-157.73725624,UAV 1,2,1:3001:2135,ENMORT003,1:1:71:10:1:0:1,0,false,false,false,false,0
ENBTR60004,move to,LOC_중앙계곡,2026-08-09T09:04:02.000Z,21.36978359,-157.74058204,UAV 1,2,1:3001:2142,ENBTR60004,1:1:222:2:8:1:0,0,false,false,false,false,0
ENM1A2004,move to,LOC_중앙계곡,2026-08-09T09:04:02.000Z,21.37436173,-157.74266293,UAV 1,2,1:3001:2156,ENM1A2004,1:1:225:1:1:3:0,0,false,false,false,false,0
ENBTR60005,move to,LOC_중앙계곡,2026-08-09T09:04:02.000Z,21.36984524,-157.74051429,UAV 1,2,1:3001:2172,ENBTR60005,1:1:222:2:8:1:0,0,false,false,false,false,0
ENT72010,move to,LOC_중앙계곡,2026-08-09T09:04:02.000Z,21.37224102,-157.74161059,UAV 1,2,1:3001:2031,ENT72010,1:1:222:1:2:1:0,0,false,false,false,false,0
ENT72008,move to,LOC_중앙계곡,2026-08-09T09:04:02.000Z,21.37234677,-157.74160062,UAV 1,2,1:3001:1885,ENT72008,1:1:222:1:2:1:0,0,false,false,false,false,0
ENM35004,move to,LOC_적북측접근로,2026-08-09T09:04:02.000Z,21.37323825,-157.73399301,UAV 1,2,1:3001:1920,ENM35004,1:1:225:7:1:6:0,0,false,false,false,false,0
ENM35003,move to,LOC_적북측접근로,2026-08-09T09:04:02.000Z,21.37315954,-157.73397609,UAV 1,2,1:3001:2164,ENM35003,1:1:225:7:1:6:0,0,false,false,false,false,0
ENT72007,move to,LOC_중앙계곡,2026-08-09T09:04:02.000Z,21.37234971,-157.74168410,UAV 1,2,1:3001:1857,ENT72007,1:1:222:1:2:1:0,0,false,false,false,false,0
ENT72009,move to,LOC_중앙계곡,2026-08-09T09:04:02.000Z,21.37226387,-157.74169239,UAV 1,2,1:3001:1997,ENT72009,1:1:222:1:2:1:0,0,false,false,false,false,0
ENBTR80002,move to,LOC_중앙계곡,2026-08-09T09:04:02.000Z,21.37011047,-157.74036664,UAV 1,2,1:3001:2154,ENBTR80002,1:1:222:2:13:0:0,0,false,false,false,false,0
ENBTR60003,move to,LOC_중앙계곡,2026-08-09T09:04:02.000Z,21.36998402,-157.74050096,UAV 1,2,1:3001:1955,ENBTR60003,1:1:222:2:8:1:0,0,false,false,false,false,0
ENBTR60002,move to,LOC_중앙계곡,2026-08-09T09:04:02.000Z,21.36992098,-157.74056844,UAV 1,2,1:3001:2058,ENBTR60002,1:1:222:2:8:1:0,0,false,false,false,false,0
ENT72003,move to,LOC_중앙계곡,2026-08-09T09:04:02.000Z,21.37252382,-157.74166729,UAV 1,2,1:3001:1860,ENT72003,1:1:222:1:2:1:0,0,false,false,false,false,0
ENT72005,move to,LOC_중앙계곡,2026-08-09T09:04:02.000Z,21.37243757,-157.74167561,UAV 1,2,1:3001:1918,ENT72005,1:1:222:1:2:1:0,0,false,false,false,false,0
ENT72006,move to,LOC_중앙계곡,2026-08-09T09:04:02.000Z,21.37243061,-157.74159261,UAV 1,2,1:3001:2048,ENT72006,1:1:222:1:2:1:0,0,false,false,false,false,0
ENT72002,move to,LOC_중앙계곡,2026-08-09T09:04:02.000Z,21.37259116,-157.74157724,UAV 1,2,1:3001:1898,ENT72002,1:1:222:1:2:1:0,0,false,false,false,false,0
FRTRK2001,move to,LOC_남측제1방어선,2026-08-09T09:04:02.000Z,21.38791531,-157.74948686,UAV 1,1,1:3001:2093,FRTRK2001,1:1:225:7:12:8:0,0,false,false,false,false,0
M933HE 1,fired_by,,2026-08-09T09:04:02.000Z,21.37521699,-157.73764516,UAV 1,2,1:3001:2182,M933HE 1,2:9:225:2:11:1:0,0,false,false,false,false,0
M933HE 2,fired_by,,2026-08-09T09:04:02.000Z,21.37550551,-157.73712561,UAV 1,2,1:3001:2183,M933HE 2,2:9:225:2:11:1:0,0,false,false,false,false,0
M933HE 3,fired_by,,2026-08-09T09:04:02.000Z,21.39005857,-157.73727158,UAV 1,1,1:3001:2184,M933HE 3,2:9:225:2:11:1:0,0,false,false,false,false,0
M933HE 4,fired_by,,2026-08-09T09:04:02.000Z,21.38960652,-157.73682365,UAV 1,1,1:3001:2185,M933HE 4,2:9:225:2:11:1:0,0,false,false,false,false,0
M933HE 5,fired_by,,2026-08-09T09:04:02.000Z,21.37507354,-157.73768386,UAV 1,2,1:3001:2186,M933HE 5,2:9:225:2:11:1:0,0,false,false,false,false,0
M933HE 6,fired_by,,2026-08-09T09:04:02.000Z,21.37534867,-157.73734481,UAV 1,2,1:3001:2187,M933HE 6,2:9:225:2:11:1:0,0,false,false,false,false,0
M933HE 7,fired_by,,2026-08-09T09:04:02.000Z,21.38988669,-157.73738109,UAV 1,1,1:3001:2188,M933HE 7,2:9:225:2:11:1:0,0,false,false,false,false,0
M933HE 8,fired_by,,2026-08-09T09:04:02.000Z,21.37594721,-157.73725613,UAV 1,2,1:3001:2189,M933HE 8,2:9:225:2:11:1:0,0,false,false,false,false,0
ENM1A2003,move to,LOC_중앙계곡,2026-08-09T09:04:03.000Z,21.37455945,-157.74267480,UAV 1,2,1:3001:1834,ENM1A2003,1:1:225:1:1:3:0,0,false,false,false,false,0
FRTRK2004,move to,LOC_남측제1방어선,2026-08-09T09:04:03.000Z,21.38782346,-157.74940074,UAV 1,1,1:3001:1846,FRTRK2004,1:1:225:7:12:8:0,0,false,false,false,false,0
ENCAESAR002,move to,LOC_북측예비방어선,2026-08-09T09:04:03.000Z,21.37011579,-157.73488768,UAV 1,2,1:3001:1864,ENCAESAR002,1:1:71:4:0:0:0,0,false,false,false,false,0
ENT72012,move to,LOC_중앙계곡,2026-08-09T09:04:03.000Z,21.37234132,-157.74160204,UAV 1,2,1:3001:1865,ENT72012,1:1:222:1:2:1:0,0,false,false,false,false,0
ENBTR60001,move to,LOC_중앙계곡,2026-08-09T09:04:03.000Z,21.37003994,-157.74064298,UAV 1,2,1:3001:1872,ENBTR60001,1:1:222:2:8:1:0,0,false,false,false,false,0
ENMORT005,none,,2026-08-09T09:04:03.000Z,21.37457651,-157.73710572,UAV 1,2,1:3001:1877,ENMORT005,1:1:71:10:1:0:1,0,false,false,false,false,0
ENM1A2001,move to,LOC_중앙계곡,2026-08-09T09:04:03.000Z,21.37461274,-157.74281738,UAV 1,2,1:3001:1878,ENM1A2001,1:1:225:1:1:3:0,0,false,false,false,false,0
ENM1A2005,move to,LOC_중앙계곡,2026-08-09T09:04:03.000Z,21.37451247,-157.74252968,UAV 1,2,1:3001:1891,ENM1A2005,1:1:225:1:1:3:0,0,false,false,false,false,0
FRT69001,move to,LOC_중앙킬존남측,2026-08-09T09:04:03.000Z,21.38631965,-157.73643043,UAV 1,1,1:3001:1895,FRT69001,1:1:45:1:2:1:0,0,false,false,false,false,0
ENMORT004,none,,2026-08-09T09:04:03.000Z,21.37447596,-157.73706256,UAV 1,2,1:3001:1900,ENMORT004,1:1:71:10:1:0:1,0,false,false,false,false,0
ENGAZ001,move to,LOC_적북측접근로,2026-08-09T09:04:03.000Z,21.37293431,-157.73425359,UAV 1,2,1:3001:1924,ENGAZ001,1:1:222:7:8:0:0,0,false,false,false,false,0
ENBTR60006,move to,LOC_중앙계곡,2026-08-09T09:04:03.000Z,21.37008629,-157.74045719,UAV 1,2,1:3001:1933,ENBTR60006,1:1:222:2:8:1:0,0,false,false,false,false,0
ENBTR80004,move to,LOC_중앙계곡,2026-08-09T09:04:03.000Z,21.37016010,-157.74039198,UAV 1,2,1:3001:1949,ENBTR80004,1:1:222:2:13:0:0,0,false,false,false,false,0
ENM1A2002,move to,LOC_중앙계곡,2026-08-09T09:04:03.000Z,21.37458675,-157.74274590,UAV 1,2,1:3001:1963,ENM1A2002,1:1:225:1:1:3:0,0,false,false,false,false,0
ENBTR80001,move to,LOC_중앙계곡,2026-08-09T09:04:03.000Z,21.37023870,-157.74044533,UAV 1,2,1:3001:1967,ENBTR80001,1:1:222:2:13:0:0,0,false,false,false,false,0
ENCAESAR004,move to,LOC_북측예비방어선,2026-08-09T09:04:03.000Z,21.37051245,-157.73590250,UAV 1,2,1:3001:1968,ENCAESAR004,1:1:71:4:0:0:0,0,false,false,false,false,0
ENGAZ002,move to,LOC_적북측접근로,2026-08-09T09:04:03.000Z,21.37300587,-157.73429079,UAV 1,2,1:3001:1991,ENGAZ002,1:1:222:7:8:0:0,0,false,false,false,false,0
ENBTR80006,move to,LOC_중앙계곡,2026-08-09T09:04:03.000Z,21.37027713,-157.74026021,UAV 1,2,1:3001:1998,ENBTR80006,1:1:222:2:13:0:0,0,false,false,false,false,0
ENT72011,move to,LOC_중앙계곡,2026-08-09T09:04:03.000Z,21.37235708,-157.74168242,UAV 1,2,1:3001:2002,ENT72011,1:1:222:1:2:1:0,0,false,false,false,false,0
ENGAZ003,move to,LOC_적북측접근로,2026-08-09T09:04:03.000Z,21.37295192,-157.73417740,UAV 1,2,1:3001:2019,ENGAZ003,1:1:222:7:8:0:0,0,false,false,false,false,0
ENBTR80003,move to,LOC_중앙계곡,2026-08-09T09:04:03.000Z,21.37034709,-157.74031305,UAV 1,2,1:3001:2023,ENBTR80003,1:1:222:2:13:0:0,0,false,false,false,false,0
FRT80008,move to,LOC_중앙킬존남측,2026-08-09T09:04:03.000Z,21.38226527,-157.74966661,UAV 1,1,1:3001:2026,FRT80008,1:1:222:1:1:1:0,0,false,false,false,false,0
ENCAESAR003,move to,LOC_적북측접근로,2026-08-09T09:04:03.000Z,21.36993473,-157.73482081,UAV 1,2,1:3001:2052,ENCAESAR003,1:1:71:4:0:0:0,0,false,false,false,false,0
ENMORT001,none,,2026-08-09T09:04:03.000Z,21.37443553,-157.73716992,UAV 1,2,1:3001:2059,ENMORT001,1:1:71:10:1:0:1,0,false,false,false,false,0
ENBTR60007,move to,LOC_중앙계곡,2026-08-09T09:04:03.000Z,21.36989485,-157.74053676,UAV 1,2,1:3001:2085,ENBTR60007,1:1:222:2:8:1:0,0,false,false,false,false,0
ENBTR60008,move to,LOC_중앙계곡,2026-08-09T09:04:03.000Z,21.36994886,-157.74047009,UAV 1,2,1:3001:2096,ENBTR60008,1:1:222:2:8:1:0,0,false,false,false,false,0
FRTRK2002,move to,LOC_남측제1방어선,2026-08-09T09:04:03.000Z,21.38781136,-157.74930806,UAV 1,1,1:3001:2097,FRTRK2002,1:1:225:7:12:8:0,0,false,false,false,false,0
ENBTR80007,move to,LOC_중앙계곡,2026-08-09T09:04:03.000Z,21.37008403,-157.74033864,UAV 1,2,1:3001:2098,ENBTR80007,1:1:222:2:13:0:0,0,false,false,false,false,0
ENMORT002,none,,2026-08-09T09:04:03.000Z,21.37453609,-157.73721308,UAV 1,2,1:3001:2104,ENMORT002,1:1:71:10:1:0:1,0,false,false,false,false,0
ENGAZ004,move to,LOC_적북측접근로,2026-08-09T09:04:03.000Z,21.37302751,-157.73419651,UAV 1,2,1:3001:2108,ENGAZ004,1:1:222:7:8:0:0,0,false,false,false,false,0
ENBTR80005,move to,LOC_중앙계곡,2026-08-09T09:04:03.000Z,21.37021788,-157.74032597,UAV 1,2,1:3001:2116,ENBTR80005,1:1:222:2:13:0:0,0,false,false,false,false,0
ENMIM001,move to,LOC_적북측접근로,2026-08-09T09:04:03.000Z,21.37009182,-157.73801739,UAV 1,2,1:3001:2125,ENMIM001,1:1:225:28:2:0:0,0,false,false,false,false,0
ENCAESAR001,move to,LOC_적북측접근로,2026-08-09T09:04:03.000Z,21.37023856,-157.73618911,UAV 1,2,1:3001:2130,ENCAESAR001,1:1:71:4:0:0:0,0,false,false,false,false,0
ENMORT003,none,,2026-08-09T09:04:03.000Z,21.37463664,-157.73725624,UAV 1,2,1:3001:2135,ENMORT003,1:1:71:10:1:0:1,0,false,false,false,false,0
ENBTR60004,move to,LOC_중앙계곡,2026-08-09T09:04:03.000Z,21.36996001,-157.74058967,UAV 1,2,1:3001:2142,ENBTR60004,1:1:222:2:8:1:0,0,false,false,false,false,0
ENM1A2004,move to,LOC_중앙계곡,2026-08-09T09:04:03.000Z,21.37453963,-157.74260097,UAV 1,2,1:3001:2156,ENM1A2004,1:1:225:1:1:3:0,0,false,false,false,false,0
ENBTR60005,move to,LOC_중앙계곡,2026-08-09T09:04:03.000Z,21.37002078,-157.74052321,UAV 1,2,1:3001:2172,ENBTR60005,1:1:222:2:8:1:0,0,false,false,false,false,0
ENT72010,move to,LOC_중앙계곡,2026-08-09T09:04:03.000Z,21.37242639,-157.74159393,UAV 1,2,1:3001:2031,ENT72010,1:1:222:1:2:1:0,0,false,false,false,false,0
ENT72008,move to,LOC_중앙계곡,2026-08-09T09:04:03.000Z,21.37253122,-157.74158406,UAV 1,2,1:3001:1885,ENT72008,1:1:222:1:2:1:0,0,false,false,false,false,0
ENM35004,move to,LOC_적북측접근로,2026-08-09T09:04:03.000Z,21.37319124,-157.73418391,UAV 1,2,1:3001:1920,ENM35004,1:1:225:7:1:6:0,0,false,false,false,false,0
ENT72007,move to,LOC_중앙계곡,2026-08-09T09:04:03.000Z,21.37253218,-157.74166548,UAV 1,2,1:3001:1857,ENT72007,1:1:222:1:2:1:0,0,false,false,false,false,0
ENT72009,move to,LOC_중앙계곡,2026-08-09T09:04:03.000Z,21.37244732,-157.74167368,UAV 1,2,1:3001:1997,ENT72009,1:1:222:1:2:1:0,0,false,false,false,false,0
ENBTR80002,move to,LOC_중앙계곡,2026-08-09T09:04:03.000Z,21.37029348,-157.74037919,UAV 1,2,1:3001:2154,ENBTR80002,1:1:222:2:13:0:0,0,false,false,false,false,0
ENBTR60003,move to,LOC_중앙계곡,2026-08-09T09:04:03.000Z,21.37016638,-157.74051063,UAV 1,2,1:3001:1955,ENBTR60003,1:1:222:2:8:1:0,0,false,false,false,false,0
ENBTR60002,move to,LOC_중앙계곡,2026-08-09T09:04:03.000Z,21.37010414,-157.74057674,UAV 1,2,1:3001:2058,ENBTR60002,1:1:222:2:8:1:0,0,false,false,false,false,0
ENT72003,move to,LOC_중앙계곡,2026-08-09T09:04:03.000Z,21.37270859,-157.74164840,UAV 1,2,1:3001:1860,ENT72003,1:1:222:1:2:1:0,0,false,false,false,false,0
ENT72005,move to,LOC_중앙계곡,2026-08-09T09:04:03.000Z,21.37262163,-157.74165682,UAV 1,2,1:3001:1918,ENT72005,1:1:222:1:2:1:0,0,false,false,false,false,0
ENT72006,move to,LOC_중앙계곡,2026-08-09T09:04:03.000Z,21.37261478,-157.74157609,UAV 1,2,1:3001:2048,ENT72006,1:1:222:1:2:1:0,0,false,false,false,false,0
ENT72002,move to,LOC_중앙계곡,2026-08-09T09:04:03.000Z,21.37277534,-157.74156075,UAV 1,2,1:3001:1898,ENT72002,1:1:222:1:2:1:0,0,false,false,false,false,0
FRTRK2001,move to,LOC_남측제1방어선,2026-08-09T09:04:03.000Z,21.38789119,-157.74929192,UAV 1,1,1:3001:2093,FRTRK2001,1:1:225:7:12:8:0,0,false,false,false,false,0
M933HE 3,fired_by,,2026-08-09T09:04:03.000Z,21.38889167,-157.73727202,UAV 1,1,1:3001:2184,M933HE 3,2:9:225:2:11:1:0,0,false,false,false,false,0
M933HE 4,fired_by,,2026-08-09T09:04:03.000Z,21.38803163,-157.73642212,UAV 1,1,1:3001:2185,M933HE 4,2:9:225:2:11:1:0,0,false,false,false,false,0
M933HE 7,fired_by,,2026-08-09T09:04:03.000Z,21.38853514,-157.73768052,UAV 1,1,1:3001:2188,M933HE 7,2:9:225:2:11:1:0,0,false,false,false,false,0
ENT72004,move to,LOC_중앙계곡,2026-08-09T09:04:03.000Z,21.37269308,-157.74156859,UAV 1,2,1:3001:2008,ENT72004,1:1:222:1:2:1:0,0,false,false,false,false,0
ENM1A2003,move to,LOC_중앙계곡,2026-08-09T09:04:05.000Z,21.37473012,-157.74261236,UAV 1,2,1:3001:1834,ENM1A2003,1:1:225:1:1:3:0,0,false,false,false,false,0
FRTRK2004,move to,LOC_남측제1방어선,2026-08-09T09:04:05.000Z,21.38780029,-157.74920078,UAV 1,1,1:3001:1846,FRTRK2004,1:1:225:7:12:8:0,0,false,false,false,false,0
ENCAESAR002,move to,LOC_북측예비방어선,2026-08-09T09:04:05.000Z,21.37012856,-157.73491891,UAV 1,2,1:3001:1864,ENCAESAR002,1:1:71:4:0:0:0,0,false,false,false,false,0
ENT72012,move to,LOC_중앙계곡,2026-08-09T09:04:05.000Z,21.37253316,-157.74158479,UAV 1,2,1:3001:1865,ENT72012,1:1:222:1:2:1:0,0,false,false,false,false,0
ENBTR60001,move to,LOC_중앙계곡,2026-08-09T09:04:05.000Z,21.37023352,-157.74065030,UAV 1,2,1:3001:1872,ENBTR60001,1:1:222:2:8:1:0,0,false,false,false,false,0
ENMORT005,none,,2026-08-09T09:04:05.000Z,21.37457651,-157.73710572,UAV 1,2,1:3001:1877,ENMORT005,1:1:71:10:1:0:1,0,false,false,false,false,0
ENM1A2001,move to,LOC_중앙계곡,2026-08-09T09:04:05.000Z,21.37478166,-157.74274958,UAV 1,2,1:3001:1878,ENM1A2001,1:1:225:1:1:3:0,0,false,false,false,false,0
ENM1A2005,move to,LOC_중앙계곡,2026-08-09T09:04:05.000Z,21.37468805,-157.74247157,UAV 1,2,1:3001:1891,ENM1A2005,1:1:225:1:1:3:0,0,false,false,false,false,0
FRT69001,move to,LOC_중앙킬존남측,2026-08-09T09:04:05.000Z,21.38622286,-157.73660684,UAV 1,1,1:3001:1895,FRT69001,1:1:45:1:2:1:0,0,false,false,false,false,0
ENMORT004,none,,2026-08-09T09:04:05.000Z,21.37447596,-157.73706256,UAV 1,2,1:3001:1900,ENMORT004,1:1:71:10:1:0:1,0,false,false,false,false,0
ENGAZ001,move to,LOC_적북측접근로,2026-08-09T09:04:05.000Z,21.37291018,-157.73436620,UAV 1,2,1:3001:1924,ENGAZ001,1:1:222:7:8:0:0,0,false,false,false,false,0
ENBTR60006,move to,LOC_중앙계곡,2026-08-09T09:04:05.000Z,21.37027896,-157.74046845,UAV 1,2,1:3001:1933,ENBTR60006,1:1:222:2:8:1:0,0,false,false,false,false,0
ENBTR80004,move to,LOC_중앙계곡,2026-08-09T09:04:05.000Z,21.37035111,-157.74040461,UAV 1,2,1:3001:1949,ENBTR80004,1:1:222:2:13:0:0,0,false,false,false,false,0
ENM1A2002,move to,LOC_중앙계곡,2026-08-09T09:04:05.000Z,21.37475575,-157.74268109,UAV 1,2,1:3001:1963,ENM1A2002,1:1:225:1:1:3:0,0,false,false,false,false,0
ENBTR80001,move to,LOC_중앙계곡,2026-08-09T09:04:05.000Z,21.37042823,-157.74045684,UAV 1,2,1:3001:1967,ENBTR80001,1:1:222:2:13:0:0,0,false,false,false,false,0
ENCAESAR004,move to,LOC_북측예비방어선,2026-08-09T09:04:05.000Z,21.37058758,-157.73609136,UAV 1,2,1:3001:1968,ENCAESAR004,1:1:71:4:0:0:0,0,false,false,false,false,0
ENGAZ002,move to,LOC_적북측접근로,2026-08-09T09:04:05.000Z,21.37297457,-157.73442997,UAV 1,2,1:3001:1991,ENGAZ002,1:1:222:7:8:0:0,0,false,false,false,false,0
ENBTR80006,move to,LOC_중앙계곡,2026-08-09T09:04:05.000Z,21.37046397,-157.74027550,UAV 1,2,1:3001:1998,ENBTR80006,1:1:222:2:13:0:0,0,false,false,false,false,0
ENT72011,move to,LOC_중앙계곡,2026-08-09T09:04:05.000Z,21.37255140,-157.74166261,UAV 1,2,1:3001:2002,ENT72011,1:1:222:1:2:1:0,0,false,false,false,false,0
ENGAZ003,move to,LOC_적북측접근로,2026-08-09T09:04:05.000Z,21.37292183,-157.73431776,UAV 1,2,1:3001:2019,ENGAZ003,1:1:222:7:8:0:0,0,false,false,false,false,0
ENBTR80003,move to,LOC_중앙계곡,2026-08-09T09:04:05.000Z,21.37053353,-157.74032731,UAV 1,2,1:3001:2023,ENBTR80003,1:1:222:2:13:0:0,0,false,false,false,false,0
FRT80008,move to,LOC_중앙킬존남측,2026-08-09T09:04:05.000Z,21.38218407,-157.74948109,UAV 1,1,1:3001:2026,FRT80008,1:1:222:1:1:1:0,0,false,false,false,false,0
ENCAESAR003,move to,LOC_적북측접근로,2026-08-09T09:04:05.000Z,21.36994253,-157.73485585,UAV 1,2,1:3001:2052,ENCAESAR003,1:1:71:4:0:0:0,0,false,false,false,false,0
ENMORT001,none,,2026-08-09T09:04:05.000Z,21.37443553,-157.73716992,UAV 1,2,1:3001:2059,ENMORT001,1:1:71:10:1:0:1,0,false,false,false,false,0
ENBTR60007,move to,LOC_중앙계곡,2026-08-09T09:04:05.000Z,21.37006940,-157.74054523,UAV 1,2,1:3001:2085,ENBTR60007,1:1:222:2:8:1:0,0,false,false,false,false,0
ENBTR60008,move to,LOC_중앙계곡,2026-08-09T09:04:05.000Z,21.37012448,-157.74047995,UAV 1,2,1:3001:2096,ENBTR60008,1:1:222:2:8:1:0,0,false,false,false,false,0
FRTRK2002,move to,LOC_남측제1방어선,2026-08-09T09:04:05.000Z,21.38778816,-157.74910759,UAV 1,1,1:3001:2097,FRTRK2002,1:1:225:7:12:8:0,0,false,false,false,false,0
ENBTR80007,move to,LOC_중앙계곡,2026-08-09T09:04:05.000Z,21.37027438,-157.74035224,UAV 1,2,1:3001:2098,ENBTR80007,1:1:222:2:13:0:0,0,false,false,false,false,0
ENMORT002,none,,2026-08-09T09:04:05.000Z,21.37453609,-157.73721308,UAV 1,2,1:3001:2104,ENMORT002,1:1:71:10:1:0:1,0,false,false,false,false,0
ENGAZ004,move to,LOC_적북측접근로,2026-08-09T09:04:05.000Z,21.37298757,-157.73437405,UAV 1,2,1:3001:2108,ENGAZ004,1:1:222:7:8:0:0,0,false,false,false,false,0
ENBTR80005,move to,LOC_중앙계곡,2026-08-09T09:04:05.000Z,21.37040795,-157.74034002,UAV 1,2,1:3001:2116,ENBTR80005,1:1:222:2:13:0:0,0,false,false,false,false,0
ENMIM001,move to,LOC_적북측접근로,2026-08-09T09:04:05.000Z,21.37015555,-157.73820894,UAV 1,2,1:3001:2125,ENMIM001,1:1:225:28:2:0:0,0,false,false,false,false,0
ENCAESAR001,move to,LOC_적북측접근로,2026-08-09T09:04:05.000Z,21.37027753,-157.73638724,UAV 1,2,1:3001:2130,ENCAESAR001,1:1:71:4:0:0:0,0,false,false,false,false,0
ENMORT003,none,,2026-08-09T09:04:05.000Z,21.37463664,-157.73725624,UAV 1,2,1:3001:2135,ENMORT003,1:1:71:10:1:0:1,0,false,false,false,false,0
ENBTR60004,move to,LOC_중앙계곡,2026-08-09T09:04:05.000Z,21.37014541,-157.74059769,UAV 1,2,1:3001:2142,ENBTR60004,1:1:222:2:8:1:0,0,false,false,false,false,0
ENM1A2004,move to,LOC_중앙계곡,2026-08-09T09:04:05.000Z,21.37471169,-157.74254104,UAV 1,2,1:3001:2156,ENM1A2004,1:1:225:1:1:3:0,0,false,false,false,false,0
ENBTR60005,move to,LOC_중앙계곡,2026-08-09T09:04:05.000Z,21.37021408,-157.74053302,UAV 1,2,1:3001:2172,ENBTR60005,1:1:222:2:8:1:0,0,false,false,false,false,0
ENT72010,move to,LOC_중앙계곡,2026-08-09T09:04:05.000Z,21.37261691,-157.74157682,UAV 1,2,1:3001:2031,ENT72010,1:1:222:1:2:1:0,0,false,false,false,false,0
ENT72008,move to,LOC_중앙계곡,2026-08-09T09:04:05.000Z,21.37272244,-157.74156689,UAV 1,2,1:3001:1885,ENT72008,1:1:222:1:2:1:0,0,false,false,false,false,0
ENT72007,move to,LOC_중앙계곡,2026-08-09T09:04:05.000Z,21.37272626,-157.74164567,UAV 1,2,1:3001:1857,ENT72007,1:1:222:1:2:1:0,0,false,false,false,false,0
ENT72009,move to,LOC_중앙계곡,2026-08-09T09:04:05.000Z,21.37263881,-157.74165415,UAV 1,2,1:3001:1997,ENT72009,1:1:222:1:2:1:0,0,false,false,false,false,0
ENBTR80002,move to,LOC_중앙계곡,2026-08-09T09:04:05.000Z,21.37047982,-157.74039196,UAV 1,2,1:3001:2154,ENBTR80002,1:1:222:2:13:0:0,0,false,false,false,false,0
ENBTR60003,move to,LOC_중앙계곡,2026-08-09T09:04:05.000Z,21.37036064,-157.74052092,UAV 1,2,1:3001:1955,ENBTR60003,1:1:222:2:8:1:0,0,false,false,false,false,0
ENBTR60002,move to,LOC_중앙계곡,2026-08-09T09:04:05.000Z,21.37029353,-157.74058533,UAV 1,2,1:3001:2058,ENBTR60002,1:1:222:2:8:1:0,0,false,false,false,false,0
ENT72003,move to,LOC_중앙계곡,2026-08-09T09:04:05.000Z,21.37289862,-157.74162898,UAV 1,2,1:3001:1860,ENT72003,1:1:222:1:2:1:0,0,false,false,false,false,0
ENT72005,move to,LOC_중앙계곡,2026-08-09T09:04:05.000Z,21.37281296,-157.74163727,UAV 1,2,1:3001:1918,ENT72005,1:1:222:1:2:1:0,0,false,false,false,false,0
ENT72006,move to,LOC_중앙계곡,2026-08-09T09:04:05.000Z,21.37280594,-157.74155894,UAV 1,2,1:3001:2048,ENT72006,1:1:222:1:2:1:0,0,false,false,false,false,0
ENT72002,move to,LOC_중앙계곡,2026-08-09T09:04:05.000Z,21.37296455,-157.74154380,UAV 1,2,1:3001:1898,ENT72002,1:1:222:1:2:1:0,0,false,false,false,false,0
FRTRK2001,move to,LOC_남측제1방어선,2026-08-09T09:04:05.000Z,21.38786600,-157.74908828,UAV 1,1,1:3001:2093,FRTRK2001,1:1:225:7:12:8:0,0,false,false,false,false,0
ENT72004,move to,LOC_중앙계곡,2026-08-09T09:04:05.000Z,21.37288321,-157.74155155,UAV 1,2,1:3001:2008,ENT72004,1:1:222:1:2:1:0,0,false,false,false,false,0
ENT72001,move to,LOC_중앙계곡,2026-08-09T09:04:05.000Z,21.37297251,-157.74162189,UAV 1,2,1:3001:1951,ENT72001,1:1:222:1:2:1:0,0,false,false,false,false,0
M107 1,fired_by,,2026-08-09T09:04:05.000Z,21.37101718,-157.73494181,UAV 1,2,1:3001:2190,M107 1,2:9:225:2:14:2:0,0,false,false,false,false,0
M107 2,fired_by,,2026-08-09T09:04:05.000Z,21.37075014,-157.73488168,UAV 1,2,1:3001:2191,M107 2,2:9:225:2:14:2:0,0,false,false,false,false,0
M107 3,fired_by,,2026-08-09T09:04:05.000Z,21.39452079,-157.73748329,UAV 1,1,1:3001:2192,M107 3,2:9:225:2:14:2:0,0,false,false,false,false,0
M107 4,fired_by,,2026-08-09T09:04:05.000Z,21.39468960,-157.73747635,UAV 1,1,1:3001:2193,M107 4,2:9:225:2:14:2:0,0,false,false,false,false,0
M107 5,fired_by,,2026-08-09T09:04:05.000Z,21.39430844,-157.73714596,UAV 1,1,1:3001:2194,M107 5,2:9:225:2:14:2:0,0,false,false,false,false,0
ENM1A2003,move to,LOC_중앙계곡,2026-08-09T09:04:07.000Z,21.37491881,-157.74254334,UAV 1,2,1:3001:1834,ENM1A2003,1:1:225:1:1:3:0,0,false,false,false,false,0
FRTRK2004,move to,LOC_남측제1방어선,2026-08-09T09:04:07.000Z,21.38777677,-157.74899778,UAV 1,1,1:3001:1846,FRTRK2004,1:1:225:7:12:8:0,0,false,false,false,false,0
ENCAESAR002,move to,LOC_북측예비방어선,2026-08-09T09:04:07.000Z,21.37020236,-157.73510487,UAV 1,2,1:3001:1864,ENCAESAR002,1:1:71:4:0:0:0,0,false,false,false,false,0
ENT72012,move to,LOC_중앙계곡,2026-08-09T09:04:07.000Z,21.37272177,-157.74156783,UAV 1,2,1:3001:1865,ENT72012,1:1:222:1:2:1:0,0,false,false,false,false,0
ENBTR60001,move to,LOC_중앙계곡,2026-08-09T09:04:07.000Z,21.37041988,-157.74065734,UAV 1,2,1:3001:1872,ENBTR60001,1:1:222:2:8:1:0,0,false,false,false,false,0
ENMORT005,none,,2026-08-09T09:04:07.000Z,21.37457651,-157.73710572,UAV 1,2,1:3001:1877,ENMORT005,1:1:71:10:1:0:1,0,false,false,false,false,0
ENM1A2001,move to,LOC_중앙계곡,2026-08-09T09:04:07.000Z,21.37497174,-157.74267329,UAV 1,2,1:3001:1878,ENM1A2001,1:1:225:1:1:3:0,0,false,false,false,false,0
ENM1A2005,move to,LOC_중앙계곡,2026-08-09T09:04:07.000Z,21.37487274,-157.74241044,UAV 1,2,1:3001:1891,ENM1A2005,1:1:225:1:1:3:0,0,false,false,false,false,0
FRT69001,move to,LOC_중앙킬존남측,2026-08-09T09:04:07.000Z,21.38612804,-157.73677968,UAV 1,1,1:3001:1895,FRT69001,1:1:45:1:2:1:0,0,false,false,false,false,0
ENMORT004,none,,2026-08-09T09:04:07.000Z,21.37447596,-157.73706256,UAV 1,2,1:3001:1900,ENMORT004,1:1:71:10:1:0:1,0,false,false,false,false,0
ENGAZ001,move to,LOC_적북측접근로,2026-08-09T09:04:07.000Z,21.37288735,-157.73447278,UAV 1,2,1:3001:1924,ENGAZ001,1:1:222:7:8:0:0,0,false,false,false,false,0
ENBTR60006,move to,LOC_중앙계곡,2026-08-09T09:04:07.000Z,21.37046208,-157.74047915,UAV 1,2,1:3001:1933,ENBTR60006,1:1:222:2:8:1:0,0,false,false,false,false,0
ENBTR80004,move to,LOC_중앙계곡,2026-08-09T09:04:07.000Z,21.37053090,-157.74041650,UAV 1,2,1:3001:1949,ENBTR80004,1:1:222:2:13:0:0,0,false,false,false,false,0
ENM1A2002,move to,LOC_중앙계곡,2026-08-09T09:04:07.000Z,21.37494582,-157.74260820,UAV 1,2,1:3001:1963,ENM1A2002,1:1:225:1:1:3:0,0,false,false,false,false,0
ENBTR80001,move to,LOC_중앙계곡,2026-08-09T09:04:07.000Z,21.37061580,-157.74046823,UAV 1,2,1:3001:1967,ENBTR80001,1:1:222:2:13:0:0,0,false,false,false,false,0
ENCAESAR004,move to,LOC_북측예비방어선,2026-08-09T09:04:07.000Z,21.37066269,-157.73628018,UAV 1,2,1:3001:1968,ENCAESAR004,1:1:71:4:0:0:0,0,false,false,false,false,0
ENGAZ002,move to,LOC_적북측접근로,2026-08-09T09:04:07.000Z,21.37295094,-157.73453504,UAV 1,2,1:3001:1991,ENGAZ002,1:1:222:7:8:0:0,0,false,false,false,false,0
ENBTR80006,move to,LOC_중앙계곡,2026-08-09T09:04:07.000Z,21.37065278,-157.74029095,UAV 1,2,1:3001:1998,ENBTR80006,1:1:222:2:13:0:0,0,false,false,false,false,0
ENT72011,move to,LOC_중앙계곡,2026-08-09T09:04:07.000Z,21.37274050,-157.74164334,UAV 1,2,1:3001:2002,ENT72011,1:1:222:1:2:1:0,0,false,false,false,false,0
ENGAZ003,move to,LOC_적북측접근로,2026-08-09T09:04:07.000Z,21.37289883,-157.73442506,UAV 1,2,1:3001:2019,ENGAZ003,1:1:222:7:8:0:0,0,false,false,false,false,0
ENBTR80003,move to,LOC_중앙계곡,2026-08-09T09:04:07.000Z,21.37073618,-157.74034281,UAV 1,2,1:3001:2023,ENBTR80003,1:1:222:2:13:0:0,0,false,false,false,false,0
FRT80008,move to,LOC_중앙킬존남측,2026-08-09T09:04:07.000Z,21.38210487,-157.74930010,UAV 1,1,1:3001:2026,FRT80008,1:1:222:1:1:1:0,0,false,false,false,false,0
ENCAESAR003,move to,LOC_적북측접근로,2026-08-09T09:04:07.000Z,21.36998407,-157.73506194,UAV 1,2,1:3001:2052,ENCAESAR003,1:1:71:4:0:0:0,0,false,false,false,false,0
ENMORT001,none,,2026-08-09T09:04:07.000Z,21.37443553,-157.73716992,UAV 1,2,1:3001:2059,ENMORT001,1:1:71:10:1:0:1,0,false,false,false,false,0
ENBTR60007,move to,LOC_중앙계곡,2026-08-09T09:04:07.000Z,21.37026206,-157.74055457,UAV 1,2,1:3001:2085,ENBTR60007,1:1:222:2:8:1:0,0,false,false,false,false,0
ENBTR60008,move to,LOC_중앙계곡,2026-08-09T09:04:07.000Z,21.37031663,-157.74049074,UAV 1,2,1:3001:2096,ENBTR60008,1:1:222:2:8:1:0,0,false,false,false,false,0
FRTRK2002,move to,LOC_남측제1방어선,2026-08-09T09:04:07.000Z,21.38776646,-157.74892013,UAV 1,1,1:3001:2097,FRTRK2002,1:1:225:7:12:8:0,0,false,false,false,false,0
ENBTR80007,move to,LOC_중앙계곡,2026-08-09T09:04:07.000Z,21.37045701,-157.74036529,UAV 1,2,1:3001:2098,ENBTR80007,1:1:222:2:13:0:0,0,false,false,false,false,0
ENMORT002,none,,2026-08-09T09:04:07.000Z,21.37453609,-157.73721308,UAV 1,2,1:3001:2104,ENMORT002,1:1:71:10:1:0:1,0,false,false,false,false,0
ENGAZ004,move to,LOC_적북측접근로,2026-08-09T09:04:07.000Z,21.37296328,-157.73448202,UAV 1,2,1:3001:2108,ENGAZ004,1:1:222:7:8:0:0,0,false,false,false,false,0
ENBTR80005,move to,LOC_중앙계곡,2026-08-09T09:04:07.000Z,21.37058787,-157.74035332,UAV 1,2,1:3001:2116,ENBTR80005,1:1:222:2:13:0:0,0,false,false,false,false,0
ENMIM001,move to,LOC_적북측접근로,2026-08-09T09:04:07.000Z,21.37022525,-157.73841844,UAV 1,2,1:3001:2125,ENMIM001,1:1:225:28:2:0:0,0,false,false,false,false,0
ENCAESAR001,move to,LOC_적북측접근로,2026-08-09T09:04:07.000Z,21.37031536,-157.73657959,UAV 1,2,1:3001:2130,ENCAESAR001,1:1:71:4:0:0:0,0,false,false,false,false,0
ENMORT003,none,,2026-08-09T09:04:07.000Z,21.37463664,-157.73725624,UAV 1,2,1:3001:2135,ENMORT003,1:1:71:10:1:0:1,0,false,false,false,false,0
ENBTR60004,move to,LOC_중앙계곡,2026-08-09T09:04:07.000Z,21.37033448,-157.74060586,UAV 1,2,1:3001:2142,ENBTR60004,1:1:222:2:8:1:0,0,false,false,false,false,0
ENM1A2004,move to,LOC_중앙계곡,2026-08-09T09:04:07.000Z,21.37490087,-157.74247514,UAV 1,2,1:3001:2156,ENM1A2004,1:1:225:1:1:3:0,0,false,false,false,false,0
ENBTR60005,move to,LOC_중앙계곡,2026-08-09T09:04:07.000Z,21.37040007,-157.74054247,UAV 1,2,1:3001:2172,ENBTR60005,1:1:222:2:8:1:0,0,false,false,false,false,0
ENT72010,move to,LOC_중앙계곡,2026-08-09T09:04:07.000Z,21.37280419,-157.74155999,UAV 1,2,1:3001:2031,ENT72010,1:1:222:1:2:1:0,0,false,false,false,false,0
ENT72008,move to,LOC_중앙계곡,2026-08-09T09:04:07.000Z,21.37290799,-157.74155023,UAV 1,2,1:3001:1885,ENT72008,1:1:222:1:2:1:0,0,false,false,false,false,0
ENT72007,move to,LOC_중앙계곡,2026-08-09T09:04:07.000Z,21.37291038,-157.74162688,UAV 1,2,1:3001:1857,ENT72007,1:1:222:1:2:1:0,0,false,false,false,false,0
ENT72009,move to,LOC_중앙계곡,2026-08-09T09:04:07.000Z,21.37282773,-157.74163488,UAV 1,2,1:3001:1997,ENT72009,1:1:222:1:2:1:0,0,false,false,false,false,0
ENBTR80002,move to,LOC_중앙계곡,2026-08-09T09:04:07.000Z,21.37067837,-157.74040558,UAV 1,2,1:3001:2154,ENBTR80002,1:1:222:2:13:0:0,0,false,false,false,false,0
ENBTR60003,move to,LOC_중앙계곡,2026-08-09T09:04:07.000Z,21.37054223,-157.74053055,UAV 1,2,1:3001:1955,ENBTR60003,1:1:222:2:8:1:0,0,false,false,false,false,0
ENBTR60002,move to,LOC_중앙계곡,2026-08-09T09:04:07.000Z,21.37048464,-157.74059400,UAV 1,2,1:3001:2058,ENBTR60002,1:1:222:2:8:1:0,0,false,false,false,false,0
ENT72003,move to,LOC_중앙계곡,2026-08-09T09:04:07.000Z,21.37308387,-157.74161005,UAV 1,2,1:3001:1860,ENT72003,1:1:222:1:2:1:0,0,false,false,false,false,0
ENT72005,move to,LOC_중앙계곡,2026-08-09T09:04:07.000Z,21.37299775,-157.74161840,UAV 1,2,1:3001:1918,ENT72005,1:1:222:1:2:1:0,0,false,false,false,false,0
ENT72006,move to,LOC_중앙계곡,2026-08-09T09:04:07.000Z,21.37299042,-157.74154239,UAV 1,2,1:3001:2048,ENT72006,1:1:222:1:2:1:0,0,false,false,false,false,0
ENT72002,move to,LOC_중앙계곡,2026-08-09T09:04:07.000Z,21.37314993,-157.74152720,UAV 1,2,1:3001:1898,ENT72002,1:1:222:1:2:1:0,0,false,false,false,false,0
ENT72004,move to,LOC_중앙계곡,2026-08-09T09:04:07.000Z,21.37306884,-157.74153491,UAV 1,2,1:3001:2008,ENT72004,1:1:222:1:2:1:0,0,false,false,false,false,0
ENT72001,move to,LOC_중앙계곡,2026-08-09T09:04:07.000Z,21.37315541,-157.74160318,UAV 1,2,1:3001:1951,ENT72001,1:1:222:1:2:1:0,0,false,false,false,false,0
M107 3,fired_by,,2026-08-09T09:04:07.000Z,21.39281153,-157.73778148,UAV 1,1,1:3001:2192,M107 3,2:9:225:2:14:2:0,0,false,false,false,false,0
M107 4,fired_by,,2026-08-09T09:04:07.000Z,21.39334624,-157.73738186,UAV 1,1,1:3001:2193,M107 4,2:9:225:2:14:2:0,0,false,false,false,false,0
M107 5,fired_by,,2026-08-09T09:04:07.000Z,21.39240368,-157.73665352,UAV 1,1,1:3001:2194,M107 5,2:9:225:2:14:2:0,0,false,false,false,false,0
ENM35001,move to,LOC_적북측접근로,2026-08-09T09:04:07.000Z,21.37300044,-157.73465315,UAV 1,2,1:3001:2024,ENM35001,1:1:225:7:1:6:0,0,false,false,false,false,0
ENM1A2003,move to,LOC_중앙계곡,2026-08-09T09:04:08.000Z,21.37491881,-157.74254334,UAV 1,2,1:3001:1834,ENM1A2003,1:1:225:1:1:3:0,0,false,false,false,false,0
FRTRK2004,move to,LOC_남측제1방어선,2026-08-09T09:04:08.000Z,21.38777677,-157.74899778,UAV 1,1,1:3001:1846,FRTRK2004,1:1:225:7:12:8:0,0,false,false,false,false,0
ENCAESAR002,move to,LOC_북측예비방어선,2026-08-09T09:04:08.000Z,21.37020236,-157.73510487,UAV 1,2,1:3001:1864,ENCAESAR002,1:1:71:4:0:0:0,0,false,false,false,false,0
ENT72012,move to,LOC_중앙계곡,2026-08-09T09:04:08.000Z,21.37272177,-157.74156783,UAV 1,2,1:3001:1865,ENT72012,1:1:222:1:2:1:0,0,false,false,false,false,0
ENBTR60001,move to,LOC_중앙계곡,2026-08-09T09:04:08.000Z,21.37041988,-157.74065734,UAV 1,2,1:3001:1872,ENBTR60001,1:1:222:2:8:1:0,0,false,false,false,false,0
ENMORT005,none,,2026-08-09T09:04:08.000Z,21.37457651,-157.73710572,UAV 1,2,1:3001:1877,ENMORT005,1:1:71:10:1:0:1,0,false,false,false,false,0
ENM1A2001,move to,LOC_중앙계곡,2026-08-09T09:04:08.000Z,21.37497174,-157.74267329,UAV 1,2,1:3001:1878,ENM1A2001,1:1:225:1:1:3:0,0,false,false,false,false,0
ENM1A2005,move to,LOC_중앙계곡,2026-08-09T09:04:08.000Z,21.37487274,-157.74241044,UAV 1,2,1:3001:1891,ENM1A2005,1:1:225:1:1:3:0,0,false,false,false,false,0
FRT69001,move to,LOC_중앙킬존남측,2026-08-09T09:04:08.000Z,21.38612804,-157.73677968,UAV 1,1,1:3001:1895,FRT69001,1:1:45:1:2:1:0,0,false,false,false,false,0
ENMORT004,none,,2026-08-09T09:04:08.000Z,21.37447596,-157.73706256,UAV 1,2,1:3001:1900,ENMORT004,1:1:71:10:1:0:1,0,false,false,false,false,0
ENGAZ001,move to,LOC_적북측접근로,2026-08-09T09:04:08.000Z,21.37288735,-157.73447278,UAV 1,2,1:3001:1924,ENGAZ001,1:1:222:7:8:0:0,0,false,false,false,false,0
ENBTR60006,move to,LOC_중앙계곡,2026-08-09T09:04:08.000Z,21.37046208,-157.74047915,UAV 1,2,1:3001:1933,ENBTR60006,1:1:222:2:8:1:0,0,false,false,false,false,0
ENBTR80004,move to,LOC_중앙계곡,2026-08-09T09:04:08.000Z,21.37053090,-157.74041650,UAV 1,2,1:3001:1949,ENBTR80004,1:1:222:2:13:0:0,0,false,false,false,false,0
ENM1A2002,move to,LOC_중앙계곡,2026-08-09T09:04:08.000Z,21.37494582,-157.74260820,UAV 1,2,1:3001:1963,ENM1A2002,1:1:225:1:1:3:0,0,false,false,false,false,0
ENBTR80001,move to,LOC_중앙계곡,2026-08-09T09:04:08.000Z,21.37061580,-157.74046823,UAV 1,2,1:3001:1967,ENBTR80001,1:1:222:2:13:0:0,0,false,false,false,false,0
ENCAESAR004,move to,LOC_북측예비방어선,2026-08-09T09:04:08.000Z,21.37066269,-157.73628018,UAV 1,2,1:3001:1968,ENCAESAR004,1:1:71:4:0:0:0,0,false,false,false,false,0
ENGAZ002,move to,LOC_적북측접근로,2026-08-09T09:04:08.000Z,21.37295094,-157.73453504,UAV 1,2,1:3001:1991,ENGAZ002,1:1:222:7:8:0:0,0,false,false,false,false,0
ENBTR80006,move to,LOC_중앙계곡,2026-08-09T09:04:08.000Z,21.37065278,-157.74029095,UAV 1,2,1:3001:1998,ENBTR80006,1:1:222:2:13:0:0,0,false,false,false,false,0
ENT72011,move to,LOC_중앙계곡,2026-08-09T09:04:08.000Z,21.37274050,-157.74164334,UAV 1,2,1:3001:2002,ENT72011,1:1:222:1:2:1:0,0,false,false,false,false,0
ENGAZ003,move to,LOC_적북측접근로,2026-08-09T09:04:08.000Z,21.37289883,-157.73442506,UAV 1,2,1:3001:2019,ENGAZ003,1:1:222:7:8:0:0,0,false,false,false,false,0
ENBTR80003,move to,LOC_중앙계곡,2026-08-09T09:04:08.000Z,21.37073618,-157.74034281,UAV 1,2,1:3001:2023,ENBTR80003,1:1:222:2:13:0:0,0,false,false,false,false,0
FRT80008,move to,LOC_중앙킬존남측,2026-08-09T09:04:08.000Z,21.38210487,-157.74930010,UAV 1,1,1:3001:2026,FRT80008,1:1:222:1:1:1:0,0,false,false,false,false,0
ENCAESAR003,move to,LOC_적북측접근로,2026-08-09T09:04:08.000Z,21.36998407,-157.73506194,UAV 1,2,1:3001:2052,ENCAESAR003,1:1:71:4:0:0:0,0,false,false,false,false,0
ENMORT001,none,,2026-08-09T09:04:08.000Z,21.37443553,-157.73716992,UAV 1,2,1:3001:2059,ENMORT001,1:1:71:10:1:0:1,0,false,false,false,false,0
ENBTR60007,move to,LOC_중앙계곡,2026-08-09T09:04:08.000Z,21.37026206,-157.74055457,UAV 1,2,1:3001:2085,ENBTR60007,1:1:222:2:8:1:0,0,false,false,false,false,0
ENBTR60008,move to,LOC_중앙계곡,2026-08-09T09:04:08.000Z,21.37031663,-157.74049074,UAV 1,2,1:3001:2096,ENBTR60008,1:1:222:2:8:1:0,0,false,false,false,false,0
FRTRK2002,move to,LOC_남측제1방어선,2026-08-09T09:04:08.000Z,21.38776646,-157.74892013,UAV 1,1,1:3001:2097,FRTRK2002,1:1:225:7:12:8:0,0,false,false,false,false,0
ENBTR80007,move to,LOC_중앙계곡,2026-08-09T09:04:08.000Z,21.37045701,-157.74036529,UAV 1,2,1:3001:2098,ENBTR80007,1:1:222:2:13:0:0,0,false,false,false,false,0
ENMORT002,none,,2026-08-09T09:04:08.000Z,21.37453609,-157.73721308,UAV 1,2,1:3001:2104,ENMORT002,1:1:71:10:1:0:1,0,false,false,false,false,0
ENGAZ004,move to,LOC_적북측접근로,2026-08-09T09:04:08.000Z,21.37296328,-157.73448202,UAV 1,2,1:3001:2108,ENGAZ004,1:1:222:7:8:0:0,0,false,false,false,false,0
ENBTR80005,move to,LOC_중앙계곡,2026-08-09T09:04:08.000Z,21.37058787,-157.74035332,UAV 1,2,1:3001:2116,ENBTR80005,1:1:222:2:13:0:0,0,false,false,false,false,0
ENMIM001,move to,LOC_적북측접근로,2026-08-09T09:04:08.000Z,21.37022525,-157.73841844,UAV 1,2,1:3001:2125,ENMIM001,1:1:225:28:2:0:0,0,false,false,false,false,0
ENCAESAR001,move to,LOC_적북측접근로,2026-08-09T09:04:08.000Z,21.37031536,-157.73657959,UAV 1,2,1:3001:2130,ENCAESAR001,1:1:71:4:0:0:0,0,false,false,false,false,0
ENMORT003,none,,2026-08-09T09:04:08.000Z,21.37463664,-157.73725624,UAV 1,2,1:3001:2135,ENMORT003,1:1:71:10:1:0:1,0,false,false,false,false,0
ENBTR60004,move to,LOC_중앙계곡,2026-08-09T09:04:08.000Z,21.37033448,-157.74060586,UAV 1,2,1:3001:2142,ENBTR60004,1:1:222:2:8:1:0,0,false,false,false,false,0
ENM1A2004,move to,LOC_중앙계곡,2026-08-09T09:04:08.000Z,21.37490087,-157.74247514,UAV 1,2,1:3001:2156,ENM1A2004,1:1:225:1:1:3:0,0,false,false,false,false,0
ENBTR60005,move to,LOC_중앙계곡,2026-08-09T09:04:08.000Z,21.37040007,-157.74054247,UAV 1,2,1:3001:2172,ENBTR60005,1:1:222:2:8:1:0,0,false,false,false,false,0
ENT72010,move to,LOC_중앙계곡,2026-08-09T09:04:08.000Z,21.37280419,-157.74155999,UAV 1,2,1:3001:2031,ENT72010,1:1:222:1:2:1:0,0,false,false,false,false,0
ENT72008,move to,LOC_중앙계곡,2026-08-09T09:04:08.000Z,21.37290799,-157.74155023,UAV 1,2,1:3001:1885,ENT72008,1:1:222:1:2:1:0,0,false,false,false,false,0
ENT72007,move to,LOC_중앙계곡,2026-08-09T09:04:08.000Z,21.37291038,-157.74162688,UAV 1,2,1:3001:1857,ENT72007,1:1:222:1:2:1:0,0,false,false,false,false,0
ENT72009,move to,LOC_중앙계곡,2026-08-09T09:04:08.000Z,21.37282773,-157.74163488,UAV 1,2,1:3001:1997,ENT72009,1:1:222:1:2:1:0,0,false,false,false,false,0
ENBTR80002,move to,LOC_중앙계곡,2026-08-09T09:04:08.000Z,21.37067837,-157.74040558,UAV 1,2,1:3001:2154,ENBTR80002,1:1:222:2:13:0:0,0,false,false,false,false,0
ENBTR60003,move to,LOC_중앙계곡,2026-08-09T09:04:08.000Z,21.37054223,-157.74053055,UAV 1,2,1:3001:1955,ENBTR60003,1:1:222:2:8:1:0,0,false,false,false,false,0
ENBTR60002,move to,LOC_중앙계곡,2026-08-09T09:04:08.000Z,21.37048464,-157.74059400,UAV 1,2,1:3001:2058,ENBTR60002,1:1:222:2:8:1:0,0,false,false,false,false,0
ENT72003,move to,LOC_중앙계곡,2026-08-09T09:04:08.000Z,21.37308387,-157.74161005,UAV 1,2,1:3001:1860,ENT72003,1:1:222:1:2:1:0,0,false,false,false,false,0
ENT72005,move to,LOC_중앙계곡,2026-08-09T09:04:08.000Z,21.37299775,-157.74161840,UAV 1,2,1:3001:1918,ENT72005,1:1:222:1:2:1:0,0,false,false,false,false,0
ENT72006,move to,LOC_중앙계곡,2026-08-09T09:04:08.000Z,21.37299042,-157.74154239,UAV 1,2,1:3001:2048,ENT72006,1:1:222:1:2:1:0,0,false,false,false,false,0
ENT72002,move to,LOC_중앙계곡,2026-08-09T09:04:08.000Z,21.37314993,-157.74152720,UAV 1,2,1:3001:1898,ENT72002,1:1:222:1:2:1:0,0,false,false,false,false,0
ENT72004,move to,LOC_중앙계곡,2026-08-09T09:04:08.000Z,21.37306884,-157.74153491,UAV 1,2,1:3001:2008,ENT72004,1:1:222:1:2:1:0,0,false,false,false,false,0
ENT72001,move to,LOC_중앙계곡,2026-08-09T09:04:08.000Z,21.37315541,-157.74160318,UAV 1,2,1:3001:1951,ENT72001,1:1:222:1:2:1:0,0,false,false,false,false,0
M107 3,fired_by,,2026-08-09T09:04:08.000Z,21.39281153,-157.73778148,UAV 1,1,1:3001:2192,M107 3,2:9:225:2:14:2:0,0,false,false,false,false,0
M107 4,fired_by,,2026-08-09T09:04:08.000Z,21.39334624,-157.73738186,UAV 1,1,1:3001:2193,M107 4,2:9:225:2:14:2:0,0,false,false,false,false,0
M107 5,fired_by,,2026-08-09T09:04:08.000Z,21.39240368,-157.73665352,UAV 1,1,1:3001:2194,M107 5,2:9:225:2:14:2:0,0,false,false,false,false,0
ENM35001,move to,LOC_적북측접근로,2026-08-09T09:04:08.000Z,21.37300044,-157.73465315,UAV 1,2,1:3001:2024,ENM35001,1:1:225:7:1:6:0,0,false,false,false,false,0
ENM1A2003,move to,LOC_중앙계곡,2026-08-09T09:04:10.000Z,21.37510418,-157.74247552,UAV 1,2,1:3001:1834,ENM1A2003,1:1:225:1:1:3:0,0,false,false,false,false,0
ENCAESAR002,move to,LOC_북측예비방어선,2026-08-09T09:04:10.000Z,21.37028378,-157.73531002,UAV 1,2,1:3001:1864,ENCAESAR002,1:1:71:4:0:0:0,0,false,false,false,false,0
ENT72012,move to,LOC_중앙계곡,2026-08-09T09:04:10.000Z,21.37290409,-157.74155144,UAV 1,2,1:3001:1865,ENT72012,1:1:222:1:2:1:0,0,false,false,false,false,0
ENBTR60001,move to,LOC_중앙계곡,2026-08-09T09:04:10.000Z,21.37061531,-157.74066472,UAV 1,2,1:3001:1872,ENBTR60001,1:1:222:2:8:1:0,0,false,false,false,false,0
ENMORT005,none,,2026-08-09T09:04:10.000Z,21.37457651,-157.73710572,UAV 1,2,1:3001:1877,ENMORT005,1:1:71:10:1:0:1,0,false,false,false,false,0
ENM1A2005,move to,LOC_중앙계곡,2026-08-09T09:04:10.000Z,21.37505871,-157.74234889,UAV 1,2,1:3001:1891,ENM1A2005,1:1:225:1:1:3:0,0,false,false,false,false,0
FRT69001,move to,LOC_중앙킬존남측,2026-08-09T09:04:10.000Z,21.38603455,-157.73695008,UAV 1,1,1:3001:1895,FRT69001,1:1:45:1:2:1:0,0,false,false,false,false,0
ENMORT004,none,,2026-08-09T09:04:10.000Z,21.37447596,-157.73706256,UAV 1,2,1:3001:1900,ENMORT004,1:1:71:10:1:0:1,0,false,false,false,false,0
ENGAZ001,move to,LOC_적북측접근로,2026-08-09T09:04:10.000Z,21.37286270,-157.73458784,UAV 1,2,1:3001:1924,ENGAZ001,1:1:222:7:8:0:0,0,false,false,false,false,0
ENBTR60006,move to,LOC_중앙계곡,2026-08-09T09:04:10.000Z,21.37065153,-157.74049021,UAV 1,2,1:3001:1933,ENBTR60006,1:1:222:2:8:1:0,0,false,false,false,false,0
ENBTR80004,move to,LOC_중앙계곡,2026-08-09T09:04:10.000Z,21.37073454,-157.74042997,UAV 1,2,1:3001:1949,ENBTR80004,1:1:222:2:13:0:0,0,false,false,false,false,0
ENBTR80001,move to,LOC_중앙계곡,2026-08-09T09:04:10.000Z,21.37082463,-157.74048092,UAV 1,2,1:3001:1967,ENBTR80001,1:1:222:2:13:0:0,0,false,false,false,false,0
ENCAESAR004,move to,LOC_북측예비방어선,2026-08-09T09:04:10.000Z,21.37073136,-157.73645283,UAV 1,2,1:3001:1968,ENCAESAR004,1:1:71:4:0:0:0,0,false,false,false,false,0
ENGAZ002,move to,LOC_적북측접근로,2026-08-09T09:04:10.000Z,21.37292289,-157.73465973,UAV 1,2,1:3001:1991,ENGAZ002,1:1:222:7:8:0:0,0,false,false,false,false,0
ENBTR80006,move to,LOC_중앙계곡,2026-08-09T09:04:10.000Z,21.37084894,-157.74030700,UAV 1,2,1:3001:1998,ENBTR80006,1:1:222:2:13:0:0,0,false,false,false,false,0
ENT72011,move to,LOC_중앙계곡,2026-08-09T09:04:10.000Z,21.37292347,-157.74162469,UAV 1,2,1:3001:2002,ENT72011,1:1:222:1:2:1:0,0,false,false,false,false,0
ENGAZ003,move to,LOC_적북측접근로,2026-08-09T09:04:10.000Z,21.37287645,-157.73452942,UAV 1,2,1:3001:2019,ENGAZ003,1:1:222:7:8:0:0,0,false,false,false,false,0
ENBTR80003,move to,LOC_중앙계곡,2026-08-09T09:04:10.000Z,21.37091388,-157.74035640,UAV 1,2,1:3001:2023,ENBTR80003,1:1:222:2:13:0:0,0,false,false,false,false,0
FRT80008,move to,LOC_중앙킬존남측,2026-08-09T09:04:10.000Z,21.38202538,-157.74911846,UAV 1,1,1:3001:2026,FRT80008,1:1:222:1:1:1:0,0,false,false,false,false,0
ENCAESAR003,move to,LOC_적북측접근로,2026-08-09T09:04:10.000Z,21.37002810,-157.73528031,UAV 1,2,1:3001:2052,ENCAESAR003,1:1:71:4:0:0:0,0,false,false,false,false,0
ENMORT001,none,,2026-08-09T09:04:10.000Z,21.37443553,-157.73716992,UAV 1,2,1:3001:2059,ENMORT001,1:1:71:10:1:0:1,0,false,false,false,false,0
ENBTR60007,move to,LOC_중앙계곡,2026-08-09T09:04:10.000Z,21.37044371,-157.74056339,UAV 1,2,1:3001:2085,ENBTR60007,1:1:222:2:8:1:0,0,false,false,false,false,0
ENBTR60008,move to,LOC_중앙계곡,2026-08-09T09:04:10.000Z,21.37049688,-157.74050086,UAV 1,2,1:3001:2096,ENBTR60008,1:1:222:2:8:1:0,0,false,false,false,false,0
FRTRK2002,move to,LOC_남측제1방어선,2026-08-09T09:04:10.000Z,21.38775618,-157.74883123,UAV 1,1,1:3001:2097,FRTRK2002,1:1:225:7:12:8:0,0,false,false,false,false,0
ENBTR80007,move to,LOC_중앙계곡,2026-08-09T09:04:10.000Z,21.37063930,-157.74037832,UAV 1,2,1:3001:2098,ENBTR80007,1:1:222:2:13:0:0,0,false,false,false,false,0
ENMORT002,none,,2026-08-09T09:04:10.000Z,21.37453609,-157.73721308,UAV 1,2,1:3001:2104,ENMORT002,1:1:71:10:1:0:1,0,false,false,false,false,0
ENGAZ004,move to,LOC_적북측접근로,2026-08-09T09:04:10.000Z,21.37293907,-157.73458965,UAV 1,2,1:3001:2108,ENGAZ004,1:1:222:7:8:0:0,0,false,false,false,false,0
ENBTR80005,move to,LOC_중앙계곡,2026-08-09T09:04:10.000Z,21.37080172,-157.74036913,UAV 1,2,1:3001:2116,ENBTR80005,1:1:222:2:13:0:0,0,false,false,false,false,0
ENMIM001,move to,LOC_적북측접근로,2026-08-09T09:04:10.000Z,21.37028825,-157.73860782,UAV 1,2,1:3001:2125,ENMIM001,1:1:225:28:2:0:0,0,false,false,false,false,0
ENCAESAR001,move to,LOC_적북측접근로,2026-08-09T09:04:10.000Z,21.37035484,-157.73678033,UAV 1,2,1:3001:2130,ENCAESAR001,1:1:71:4:0:0:0,0,false,false,false,false,0
ENMORT003,none,,2026-08-09T09:04:10.000Z,21.37463664,-157.73725624,UAV 1,2,1:3001:2135,ENMORT003,1:1:71:10:1:0:1,0,false,false,false,false,0
ENBTR60004,move to,LOC_중앙계곡,2026-08-09T09:04:10.000Z,21.37052376,-157.74061404,UAV 1,2,1:3001:2142,ENBTR60004,1:1:222:2:8:1:0,0,false,false,false,false,0
ENBTR60005,move to,LOC_중앙계곡,2026-08-09T09:04:10.000Z,21.37058813,-157.74055202,UAV 1,2,1:3001:2172,ENBTR60005,1:1:222:2:8:1:0,0,false,false,false,false,0
ENT72010,move to,LOC_중앙계곡,2026-08-09T09:04:10.000Z,21.37298619,-157.74154363,UAV 1,2,1:3001:2031,ENT72010,1:1:222:1:2:1:0,0,false,false,false,false,0
ENT72008,move to,LOC_중앙계곡,2026-08-09T09:04:10.000Z,21.37309097,-157.74153380,UAV 1,2,1:3001:1885,ENT72008,1:1:222:1:2:1:0,0,false,false,false,false,0
ENT72007,move to,LOC_중앙계곡,2026-08-09T09:04:10.000Z,21.37309504,-157.74160803,UAV 1,2,1:3001:1857,ENT72007,1:1:222:1:2:1:0,0,false,false,false,false,0
ENT72009,move to,LOC_중앙계곡,2026-08-09T09:04:10.000Z,21.37300822,-157.74161647,UAV 1,2,1:3001:1997,ENT72009,1:1:222:1:2:1:0,0,false,false,false,false,0
ENBTR80002,move to,LOC_중앙계곡,2026-08-09T09:04:10.000Z,21.37087216,-157.74041886,UAV 1,2,1:3001:2154,ENBTR80002,1:1:222:2:13:0:0,0,false,false,false,false,0
ENBTR60003,move to,LOC_중앙계곡,2026-08-09T09:04:10.000Z,21.37073952,-157.74054101,UAV 1,2,1:3001:1955,ENBTR60003,1:1:222:2:8:1:0,0,false,false,false,false,0
ENBTR60002,move to,LOC_중앙계곡,2026-08-09T09:04:10.000Z,21.37067764,-157.74060275,UAV 1,2,1:3001:2058,ENBTR60002,1:1:222:2:8:1:0,0,false,false,false,false,0
ENT72003,move to,LOC_중앙계곡,2026-08-09T09:04:10.000Z,21.37326576,-157.74159146,UAV 1,2,1:3001:1860,ENT72003,1:1:222:1:2:1:0,0,false,false,false,false,0
ENT72005,move to,LOC_중앙계곡,2026-08-09T09:04:10.000Z,21.37317921,-157.74159987,UAV 1,2,1:3001:1918,ENT72005,1:1:222:1:2:1:0,0,false,false,false,false,0
ENT72006,move to,LOC_중앙계곡,2026-08-09T09:04:10.000Z,21.37317411,-157.74152591,UAV 1,2,1:3001:2048,ENT72006,1:1:222:1:2:1:0,0,false,false,false,false,0
ENT72002,move to,LOC_중앙계곡,2026-08-09T09:04:10.000Z,21.37333496,-157.74151062,UAV 1,2,1:3001:1898,ENT72002,1:1:222:1:2:1:0,0,false,false,false,false,0
ENT72004,move to,LOC_중앙계곡,2026-08-09T09:04:10.000Z,21.37325202,-157.74151849,UAV 1,2,1:3001:2008,ENT72004,1:1:222:1:2:1:0,0,false,false,false,false,0
ENT72001,move to,LOC_중앙계곡,2026-08-09T09:04:10.000Z,21.37333890,-157.74158441,UAV 1,2,1:3001:1951,ENT72001,1:1:222:1:2:1:0,0,false,false,false,false,0
M107 4,fired_by,,2026-08-09T09:04:10.000Z,21.39192441,-157.73728186,UAV 1,1,1:3001:2193,M107 4,2:9:225:2:14:2:0,0,false,false,false,false,0
ENM35001,move to,LOC_적북측접근로,2026-08-09T09:04:10.000Z,21.37295461,-157.73484762,UAV 1,2,1:3001:2024,ENM35001,1:1:225:7:1:6:0,0,false,false,false,false,0
FRMORT001,none,,2026-08-09T09:04:10.000Z,21.39104607,-157.73719078,UAV 1,1,1:3001:1953,FRMORT001,1:1:71:10:1:0:1,0,false,false,false,false,0
FRTRK1002,move to,LOC_남측제1방어선,2026-08-09T09:04:10.000Z,21.38798362,-157.74877993,UAV 1,1,1:3001:2123,FRTRK1002,1:1:225:7:12:0:0,0,false,false,false,false,0
ENM35003,move to,LOC_적북측접근로,2026-08-09T09:04:10.000Z,21.37297759,-157.73474844,UAV 1,2,1:3001:2164,ENM35003,1:1:225:7:1:6:0,0,false,false,false,false,0
ENCAESAR002,move to,LOC_북측예비방어선,2026-08-09T09:04:12.000Z,21.37034409,-157.73546198,UAV 1,2,1:3001:1864,ENCAESAR002,1:1:71:4:0:0:0,0,false,false,false,false,0
ENT72012,move to,LOC_중앙계곡,2026-08-09T09:04:12.000Z,21.37307087,-157.74153644,UAV 1,2,1:3001:1865,ENT72012,1:1:222:1:2:1:0,0,false,false,false,false,0
ENBTR60001,move to,LOC_중앙계곡,2026-08-09T09:04:12.000Z,21.37078179,-157.74067101,UAV 1,2,1:3001:1872,ENBTR60001,1:1:222:2:8:1:0,0,false,false,false,false,0
ENMORT005,none,,2026-08-09T09:04:12.000Z,21.37457651,-157.73710572,UAV 1,2,1:3001:1877,ENMORT005,1:1:71:10:1:0:1,0,false,false,false,false,0
ENM1A2005,move to,LOC_중앙계곡,2026-08-09T09:04:12.000Z,21.37521725,-157.74229641,UAV 1,2,1:3001:1891,ENM1A2005,1:1:225:1:1:3:0,0,false,false,false,false,0
FRT69001,move to,LOC_중앙킬존남측,2026-08-09T09:04:12.000Z,21.38594952,-157.73710507,UAV 1,1,1:3001:1895,FRT69001,1:1:45:1:2:1:0,0,false,false,false,false,0
ENMORT004,none,,2026-08-09T09:04:12.000Z,21.37447596,-157.73706256,UAV 1,2,1:3001:1900,ENMORT004,1:1:71:10:1:0:1,0,false,false,false,false,0
ENGAZ001,move to,LOC_적북측접근로,2026-08-09T09:04:12.000Z,21.37282314,-157.73477251,UAV 1,2,1:3001:1924,ENGAZ001,1:1:222:7:8:0:0,0,false,false,false,false,0
ENBTR60006,move to,LOC_중앙계곡,2026-08-09T09:04:12.000Z,21.37082757,-157.74050050,UAV 1,2,1:3001:1933,ENBTR60006,1:1:222:2:8:1:0,0,false,false,false,false,0
ENBTR80004,move to,LOC_중앙계곡,2026-08-09T09:04:12.000Z,21.37089380,-157.74044050,UAV 1,2,1:3001:1949,ENBTR80004,1:1:222:2:13:0:0,0,false,false,false,false,0
ENBTR80001,move to,LOC_중앙계곡,2026-08-09T09:04:12.000Z,21.37098236,-157.74049050,UAV 1,2,1:3001:1967,ENBTR80001,1:1:222:2:13:0:0,0,false,false,false,false,0
ENCAESAR004,move to,LOC_북측예비방어선,2026-08-09T09:04:12.000Z,21.37079802,-157.73662040,UAV 1,2,1:3001:1968,ENCAESAR004,1:1:71:4:0:0:0,0,false,false,false,false,0
ENGAZ002,move to,LOC_적북측접근로,2026-08-09T09:04:12.000Z,21.37288108,-157.73484564,UAV 1,2,1:3001:1991,ENGAZ002,1:1:222:7:8:0:0,0,false,false,false,false,0
ENBTR80006,move to,LOC_중앙계곡,2026-08-09T09:04:12.000Z,21.37101334,-157.74032045,UAV 1,2,1:3001:1998,ENBTR80006,1:1:222:2:13:0:0,0,false,false,false,false,0
ENT72011,move to,LOC_중앙계곡,2026-08-09T09:04:12.000Z,21.37308980,-157.74160773,UAV 1,2,1:3001:2002,ENT72011,1:1:222:1:2:1:0,0,false,false,false,false,0
ENGAZ003,move to,LOC_적북측접근로,2026-08-09T09:04:12.000Z,21.37284827,-157.73466086,UAV 1,2,1:3001:2019,ENGAZ003,1:1:222:7:8:0:0,0,false,false,false,false,0
ENBTR80003,move to,LOC_중앙계곡,2026-08-09T09:04:12.000Z,21.37108352,-157.74036937,UAV 1,2,1:3001:2023,ENBTR80003,1:1:222:2:13:0:0,0,false,false,false,false,0
FRT80008,move to,LOC_중앙킬존남측,2026-08-09T09:04:12.000Z,21.38195372,-157.74895472,UAV 1,1,1:3001:2026,FRT80008,1:1:222:1:1:1:0,0,false,false,false,false,0
ENCAESAR003,move to,LOC_적북측접근로,2026-08-09T09:04:12.000Z,21.37005991,-157.73543814,UAV 1,2,1:3001:2052,ENCAESAR003,1:1:71:4:0:0:0,0,false,false,false,false,0
ENMORT001,none,,2026-08-09T09:04:12.000Z,21.37443553,-157.73716992,UAV 1,2,1:3001:2059,ENMORT001,1:1:71:10:1:0:1,0,false,false,false,false,0
ENBTR60007,move to,LOC_중앙계곡,2026-08-09T09:04:12.000Z,21.37061589,-157.74057174,UAV 1,2,1:3001:2085,ENBTR60007,1:1:222:2:8:1:0,0,false,false,false,false,0
ENBTR60008,move to,LOC_중앙계곡,2026-08-09T09:04:12.000Z,21.37067141,-157.74051066,UAV 1,2,1:3001:2096,ENBTR60008,1:1:222:2:8:1:0,0,false,false,false,false,0
FRTRK2002,move to,LOC_남측제1방어선,2026-08-09T09:04:12.000Z,21.38774385,-157.74872468,UAV 1,1,1:3001:2097,FRTRK2002,1:1:225:7:12:8:0,0,false,false,false,false,0
ENBTR80007,move to,LOC_중앙계곡,2026-08-09T09:04:12.000Z,21.37081312,-157.74039074,UAV 1,2,1:3001:2098,ENBTR80007,1:1:222:2:13:0:0,0,false,false,false,false,0
ENMORT002,none,,2026-08-09T09:04:12.000Z,21.37453609,-157.73721308,UAV 1,2,1:3001:2104,ENMORT002,1:1:71:10:1:0:1,0,false,false,false,false,0
ENGAZ004,move to,LOC_적북측접근로,2026-08-09T09:04:12.000Z,21.37290384,-157.73474625,UAV 1,2,1:3001:2108,ENGAZ004,1:1:222:7:8:0:0,0,false,false,false,false,0
ENBTR80005,move to,LOC_중앙계곡,2026-08-09T09:04:12.000Z,21.37095720,-157.74038063,UAV 1,2,1:3001:2116,ENBTR80005,1:1:222:2:13:0:0,0,false,false,false,false,0
ENMIM001,move to,LOC_적북측접근로,2026-08-09T09:04:12.000Z,21.37034036,-157.73876446,UAV 1,2,1:3001:2125,ENMIM001,1:1:225:28:2:0:0,0,false,false,false,false,0
ENCAESAR001,move to,LOC_적북측접근로,2026-08-09T09:04:12.000Z,21.37038947,-157.73695639,UAV 1,2,1:3001:2130,ENCAESAR001,1:1:71:4:0:0:0,0,false,false,false,false,0
ENMORT003,none,,2026-08-09T09:04:12.000Z,21.37463664,-157.73725624,UAV 1,2,1:3001:2135,ENMORT003,1:1:71:10:1:0:1,0,false,false,false,false,0
ENBTR60004,move to,LOC_중앙계곡,2026-08-09T09:04:12.000Z,21.37069375,-157.74062139,UAV 1,2,1:3001:2142,ENBTR60004,1:1:222:2:8:1:0,0,false,false,false,false,0
ENBTR60005,move to,LOC_중앙계곡,2026-08-09T09:04:12.000Z,21.37076173,-157.74056084,UAV 1,2,1:3001:2172,ENBTR60005,1:1:222:2:8:1:0,0,false,false,false,false,0
ENT72010,move to,LOC_중앙계곡,2026-08-09T09:04:12.000Z,21.37315349,-157.74152860,UAV 1,2,1:3001:2031,ENT72010,1:1:222:1:2:1:0,0,false,false,false,false,0
ENT72008,move to,LOC_중앙계곡,2026-08-09T09:04:12.000Z,21.37325850,-157.74151876,UAV 1,2,1:3001:1885,ENT72008,1:1:222:1:2:1:0,0,false,false,false,false,0
ENT72007,move to,LOC_중앙계곡,2026-08-09T09:04:12.000Z,21.37326018,-157.74159118,UAV 1,2,1:3001:1857,ENT72007,1:1:222:1:2:1:0,0,false,false,false,false,0
ENT72009,move to,LOC_중앙계곡,2026-08-09T09:04:12.000Z,21.37317530,-157.74159943,UAV 1,2,1:3001:1997,ENT72009,1:1:222:1:2:1:0,0,false,false,false,false,0
ENBTR80002,move to,LOC_중앙계곡,2026-08-09T09:04:12.000Z,21.37103229,-157.74042984,UAV 1,2,1:3001:2154,ENBTR80002,1:1:222:2:13:0:0,0,false,false,false,false,0
ENBTR60003,move to,LOC_중앙계곡,2026-08-09T09:04:12.000Z,21.37090719,-157.74054989,UAV 1,2,1:3001:1955,ENBTR60003,1:1:222:2:8:1:0,0,false,false,false,false,0
ENBTR60002,move to,LOC_중앙계곡,2026-08-09T09:04:12.000Z,21.37084404,-157.74061030,UAV 1,2,1:3001:2058,ENBTR60002,1:1:222:2:8:1:0,0,false,false,false,false,0
ENT72003,move to,LOC_중앙계곡,2026-08-09T09:04:12.000Z,21.37342998,-157.74157467,UAV 1,2,1:3001:1860,ENT72003,1:1:222:1:2:1:0,0,false,false,false,false,0
ENT72005,move to,LOC_중앙계곡,2026-08-09T09:04:12.000Z,21.37334610,-157.74158282,UAV 1,2,1:3001:1918,ENT72005,1:1:222:1:2:1:0,0,false,false,false,false,0
ENT72006,move to,LOC_중앙계곡,2026-08-09T09:04:12.000Z,21.37334230,-157.74151082,UAV 1,2,1:3001:2048,ENT72006,1:1:222:1:2:1:0,0,false,false,false,false,0
ENT72002,move to,LOC_중앙계곡,2026-08-09T09:04:12.000Z,21.37350206,-157.74149566,UAV 1,2,1:3001:1898,ENT72002,1:1:222:1:2:1:0,0,false,false,false,false,0
ENT72004,move to,LOC_중앙계곡,2026-08-09T09:04:12.000Z,21.37341988,-157.74150344,UAV 1,2,1:3001:2008,ENT72004,1:1:222:1:2:1:0,0,false,false,false,false,0
ENT72001,move to,LOC_중앙계곡,2026-08-09T09:04:12.000Z,21.37350126,-157.74156781,UAV 1,2,1:3001:1951,ENT72001,1:1:222:1:2:1:0,0,false,false,false,false,0
ENM35001,move to,LOC_적북측접근로,2026-08-09T09:04:12.000Z,21.37291358,-157.73502174,UAV 1,2,1:3001:2024,ENM35001,1:1:225:7:1:6:0,0,false,false,false,false,0
FRMORT001,none,,2026-08-09T09:04:12.000Z,21.39104607,-157.73719078,UAV 1,1,1:3001:1953,FRMORT001,1:1:71:10:1:0:1,0,false,false,false,false,0
FRTRK1002,move to,LOC_남측제1방어선,2026-08-09T09:04:12.000Z,21.38795894,-157.74860334,UAV 1,1,1:3001:2123,FRTRK1002,1:1:225:7:12:0:0,0,false,false,false,false,0
ENM35003,move to,LOC_적북측접근로,2026-08-09T09:04:12.000Z,21.37293606,-157.73492471,UAV 1,2,1:3001:2164,ENM35003,1:1:225:7:1:6:0,0,false,false,false,false,0
FRMORT002,none,,2026-08-09T09:04:12.000Z,21.39112390,-157.73727132,UAV 1,1,1:3001:1912,FRMORT002,1:1:71:10:1:0:1,0,false,false,false,false,0
FRMORT004,none,,2026-08-09T09:04:12.000Z,21.39119933,-157.73718822,UAV 1,1,1:3001:2037,FRMORT004,1:1:71:10:1:0:1,0,false,false,false,false,0
FRTRK1005,move to,LOC_남측제1방어선,2026-08-09T09:04:12.000Z,21.38796859,-157.74867696,UAV 1,1,1:3001:2043,FRTRK1005,1:1:225:7:12:0:0,0,false,false,false,false,0
FRMORT003,none,,2026-08-09T09:04:12.000Z,21.39112150,-157.73710768,UAV 1,1,1:3001:2109,FRMORT003,1:1:71:10:1:0:1,0,false,false,false,false,0
ENCAESAR002,move to,LOC_북측예비방어선,2026-08-09T09:04:13.000Z,21.37042377,-157.73566275,UAV 1,2,1:3001:1864,ENCAESAR002,1:1:71:4:0:0:0,0,false,false,false,false,0
ENT72012,move to,LOC_중앙계곡,2026-08-09T09:04:13.000Z,21.37324764,-157.74152054,UAV 1,2,1:3001:1865,ENT72012,1:1:222:1:2:1:0,0,false,false,false,false,0
ENBTR60001,move to,LOC_중앙계곡,2026-08-09T09:04:13.000Z,21.37096128,-157.74067779,UAV 1,2,1:3001:1872,ENBTR60001,1:1:222:2:8:1:0,0,false,false,false,false,0
ENMORT005,none,,2026-08-09T09:04:13.000Z,21.37457651,-157.73710572,UAV 1,2,1:3001:1877,ENMORT005,1:1:71:10:1:0:1,0,false,false,false,false,0
ENM1A2005,move to,LOC_중앙계곡,2026-08-09T09:04:13.000Z,21.37539105,-157.74223889,UAV 1,2,1:3001:1891,ENM1A2005,1:1:225:1:1:3:0,0,false,false,false,false,0
FRT69001,move to,LOC_중앙킬존남측,2026-08-09T09:04:13.000Z,21.38585912,-157.73726982,UAV 1,1,1:3001:1895,FRT69001,1:1:45:1:2:1:0,0,false,false,false,false,0
ENMORT004,none,,2026-08-09T09:04:13.000Z,21.37447596,-157.73706256,UAV 1,2,1:3001:1900,ENMORT004,1:1:71:10:1:0:1,0,false,false,false,false,0
ENGAZ001,move to,LOC_적북측접근로,2026-08-09T09:04:13.000Z,21.37278211,-157.73496401,UAV 1,2,1:3001:1924,ENGAZ001,1:1:222:7:8:0:0,0,false,false,false,false,0
ENBTR60006,move to,LOC_중앙계곡,2026-08-09T09:04:13.000Z,21.37100036,-157.74051059,UAV 1,2,1:3001:1933,ENBTR60006,1:1:222:2:8:1:0,0,false,false,false,false,0
ENBTR80004,move to,LOC_중앙계곡,2026-08-09T09:04:13.000Z,21.37107364,-157.74045240,UAV 1,2,1:3001:1949,ENBTR80004,1:1:222:2:13:0:0,0,false,false,false,false,0
ENBTR80001,move to,LOC_중앙계곡,2026-08-09T09:04:13.000Z,21.37117279,-157.74050207,UAV 1,2,1:3001:1967,ENBTR80001,1:1:222:2:13:0:0,0,false,false,false,false,0
ENCAESAR004,move to,LOC_북측예비방어선,2026-08-09T09:04:13.000Z,21.37086742,-157.73679487,UAV 1,2,1:3001:1968,ENCAESAR004,1:1:71:4:0:0:0,0,false,false,false,false,0
ENGAZ002,move to,LOC_적북측접근로,2026-08-09T09:04:13.000Z,21.37283889,-157.73503323,UAV 1,2,1:3001:1991,ENGAZ002,1:1:222:7:8:0:0,0,false,false,false,false,0
ENBTR80006,move to,LOC_중앙계곡,2026-08-09T09:04:13.000Z,21.37119399,-157.74033523,UAV 1,2,1:3001:1998,ENBTR80006,1:1:222:2:13:0:0,0,false,false,false,false,0
ENT72011,move to,LOC_중앙계곡,2026-08-09T09:04:13.000Z,21.37326706,-157.74158967,UAV 1,2,1:3001:2002,ENT72011,1:1:222:1:2:1:0,0,false,false,false,false,0
ENGAZ003,move to,LOC_적북측접근로,2026-08-09T09:04:13.000Z,21.37280035,-157.73488436,UAV 1,2,1:3001:2019,ENGAZ003,1:1:222:7:8:0:0,0,false,false,false,false,0
ENBTR80003,move to,LOC_중앙계곡,2026-08-09T09:04:13.000Z,21.37126028,-157.74038289,UAV 1,2,1:3001:2023,ENBTR80003,1:1:222:2:13:0:0,0,false,false,false,false,0
FRT80008,move to,LOC_중앙킬존남측,2026-08-09T09:04:13.000Z,21.38188040,-157.74878718,UAV 1,1,1:3001:2026,FRT80008,1:1:222:1:1:1:0,0,false,false,false,false,0
ENCAESAR003,move to,LOC_적북측접근로,2026-08-09T09:04:13.000Z,21.37010424,-157.73565800,UAV 1,2,1:3001:2052,ENCAESAR003,1:1:71:4:0:0:0,0,false,false,false,false,0
ENMORT001,none,,2026-08-09T09:04:13.000Z,21.37443553,-157.73716992,UAV 1,2,1:3001:2059,ENMORT001,1:1:71:10:1:0:1,0,false,false,false,false,0
ENBTR60007,move to,LOC_중앙계곡,2026-08-09T09:04:13.000Z,21.37079932,-157.74058064,UAV 1,2,1:3001:2085,ENBTR60007,1:1:222:2:8:1:0,0,false,false,false,false,0
ENBTR60008,move to,LOC_중앙계곡,2026-08-09T09:04:13.000Z,21.37085229,-157.74052082,UAV 1,2,1:3001:2096,ENBTR60008,1:1:222:2:8:1:0,0,false,false,false,false,0
ENBTR80007,move to,LOC_중앙계곡,2026-08-09T09:04:13.000Z,21.37097211,-157.74040210,UAV 1,2,1:3001:2098,ENBTR80007,1:1:222:2:13:0:0,0,false,false,false,false,0
ENMORT002,none,,2026-08-09T09:04:13.000Z,21.37453609,-157.73721308,UAV 1,2,1:3001:2104,ENMORT002,1:1:71:10:1:0:1,0,false,false,false,false,0
ENGAZ004,move to,LOC_적북측접근로,2026-08-09T09:04:13.000Z,21.37285416,-157.73496706,UAV 1,2,1:3001:2108,ENGAZ004,1:1:222:7:8:0:0,0,false,false,false,false,0
ENBTR80005,move to,LOC_중앙계곡,2026-08-09T09:04:13.000Z,21.37114682,-157.74039465,UAV 1,2,1:3001:2116,ENBTR80005,1:1:222:2:13:0:0,0,false,false,false,false,0
ENMIM001,move to,LOC_적북측접근로,2026-08-09T09:04:13.000Z,21.37041424,-157.73898652,UAV 1,2,1:3001:2125,ENMIM001,1:1:225:28:2:0:0,0,false,false,false,false,0
ENCAESAR001,move to,LOC_적북측접근로,2026-08-09T09:04:13.000Z,21.37042368,-157.73713032,UAV 1,2,1:3001:2130,ENCAESAR001,1:1:71:4:0:0:0,0,false,false,false,false,0
ENMORT003,none,,2026-08-09T09:04:13.000Z,21.37463664,-157.73725624,UAV 1,2,1:3001:2135,ENMORT003,1:1:71:10:1:0:1,0,false,false,false,false,0
ENBTR60004,move to,LOC_중앙계곡,2026-08-09T09:04:13.000Z,21.37087196,-157.74062910,UAV 1,2,1:3001:2142,ENBTR60004,1:1:222:2:8:1:0,0,false,false,false,false,0
ENBTR60005,move to,LOC_중앙계곡,2026-08-09T09:04:13.000Z,21.37093468,-157.74056962,UAV 1,2,1:3001:2172,ENBTR60005,1:1:222:2:8:1:0,0,false,false,false,false,0
ENT72010,move to,LOC_중앙계곡,2026-08-09T09:04:13.000Z,21.37333334,-157.74151244,UAV 1,2,1:3001:2031,ENT72010,1:1:222:1:2:1:0,0,false,false,false,false,0
ENT72008,move to,LOC_중앙계곡,2026-08-09T09:04:13.000Z,21.37343953,-157.74150250,UAV 1,2,1:3001:1885,ENT72008,1:1:222:1:2:1:0,0,false,false,false,false,0
ENT72007,move to,LOC_중앙계곡,2026-08-09T09:04:13.000Z,21.37343481,-157.74157335,UAV 1,2,1:3001:1857,ENT72007,1:1:222:1:2:1:0,0,false,false,false,false,0
ENT72009,move to,LOC_중앙계곡,2026-08-09T09:04:13.000Z,21.37335105,-157.74158150,UAV 1,2,1:3001:1997,ENT72009,1:1:222:1:2:1:0,0,false,false,false,false,0
ENBTR80002,move to,LOC_중앙계곡,2026-08-09T09:04:13.000Z,21.37122115,-157.74044279,UAV 1,2,1:3001:2154,ENBTR80002,1:1:222:2:13:0:0,0,false,false,false,false,0
ENBTR60003,move to,LOC_중앙계곡,2026-08-09T09:04:13.000Z,21.37107432,-157.74055875,UAV 1,2,1:3001:1955,ENBTR60003,1:1:222:2:8:1:0,0,false,false,false,false,0
ENBTR60002,move to,LOC_중앙계곡,2026-08-09T09:04:13.000Z,21.37102088,-157.74061831,UAV 1,2,1:3001:2058,ENBTR60002,1:1:222:2:8:1:0,0,false,false,false,false,0
ENT72003,move to,LOC_중앙계곡,2026-08-09T09:04:13.000Z,21.37359803,-157.74155749,UAV 1,2,1:3001:1860,ENT72003,1:1:222:1:2:1:0,0,false,false,false,false,0
ENT72005,move to,LOC_중앙계곡,2026-08-09T09:04:13.000Z,21.37351775,-157.74156529,UAV 1,2,1:3001:1918,ENT72005,1:1:222:1:2:1:0,0,false,false,false,false,0
ENT72006,move to,LOC_중앙계곡,2026-08-09T09:04:13.000Z,21.37351802,-157.74149505,UAV 1,2,1:3001:2048,ENT72006,1:1:222:1:2:1:0,0,false,false,false,false,0
ENT72002,move to,LOC_중앙계곡,2026-08-09T09:04:13.000Z,21.37366737,-157.74148085,UAV 1,2,1:3001:1898,ENT72002,1:1:222:1:2:1:0,0,false,false,false,false,0
ENT72004,move to,LOC_중앙계곡,2026-08-09T09:04:13.000Z,21.37359327,-157.74148790,UAV 1,2,1:3001:2008,ENT72004,1:1:222:1:2:1:0,0,false,false,false,false,0
ENT72001,move to,LOC_중앙계곡,2026-08-09T09:04:13.000Z,21.37367330,-157.74155021,UAV 1,2,1:3001:1951,ENT72001,1:1:222:1:2:1:0,0,false,false,false,false,0
ENM35001,move to,LOC_적북측접근로,2026-08-09T09:04:13.000Z,21.37286994,-157.73520693,UAV 1,2,1:3001:2024,ENM35001,1:1:225:7:1:6:0,0,false,false,false,false,0
FRMORT001,none,,2026-08-09T09:04:13.000Z,21.39104607,-157.73719078,UAV 1,1,1:3001:1953,FRMORT001,1:1:71:10:1:0:1,0,false,false,false,false,0
FRTRK1002,move to,LOC_남측제1방어선,2026-08-09T09:04:13.000Z,21.38793208,-157.74841118,UAV 1,1,1:3001:2123,FRTRK1002,1:1:225:7:12:0:0,0,false,false,false,false,0
ENM35003,move to,LOC_적북측접근로,2026-08-09T09:04:13.000Z,21.37289254,-157.73510942,UAV 1,2,1:3001:2164,ENM35003,1:1:225:7:1:6:0,0,false,false,false,false,0
FRMORT002,none,,2026-08-09T09:04:13.000Z,21.39112390,-157.73727132,UAV 1,1,1:3001:1912,FRMORT002,1:1:71:10:1:0:1,0,false,false,false,false,0
FRMORT004,none,,2026-08-09T09:04:13.000Z,21.39119933,-157.73718822,UAV 1,1,1:3001:2037,FRMORT004,1:1:71:10:1:0:1,0,false,false,false,false,0
FRTRK1005,move to,LOC_남측제1방어선,2026-08-09T09:04:13.000Z,21.38794149,-157.74848297,UAV 1,1,1:3001:2043,FRTRK1005,1:1:225:7:12:0:0,0,false,false,false,false,0
FRMORT003,none,,2026-08-09T09:04:13.000Z,21.39112150,-157.73710768,UAV 1,1,1:3001:2109,FRMORT003,1:1:71:10:1:0:1,0,false,false,false,false,0
ENM1A2001,move to,LOC_중앙계곡,2026-08-09T09:04:13.000Z,21.37547094,-157.74247292,UAV 1,2,1:3001:1878,ENM1A2001,1:1:225:1:1:3:0,0,false,false,false,false,0
ENM1A2004,move to,LOC_중앙계곡,2026-08-09T09:04:13.000Z,21.37541339,-157.74229663,UAV 1,2,1:3001:2156,ENM1A2004,1:1:225:1:1:3:0,0,false,false,false,false,0
ENCAESAR002,move to,LOC_북측예비방어선,2026-08-09T09:04:15.000Z,21.37049618,-157.73584518,UAV 1,2,1:3001:1864,ENCAESAR002,1:1:71:4:0:0:0,0,false,false,false,false,0
ENT72012,move to,LOC_중앙계곡,2026-08-09T09:04:15.000Z,21.37344664,-157.74150265,UAV 1,2,1:3001:1865,ENT72012,1:1:222:1:2:1:0,0,false,false,false,false,0
ENBTR60001,move to,LOC_중앙계곡,2026-08-09T09:04:15.000Z,21.37115761,-157.74068520,UAV 1,2,1:3001:1872,ENBTR60001,1:1:222:2:8:1:0,0,false,false,false,false,0
ENMORT005,none,,2026-08-09T09:04:15.000Z,21.37457651,-157.73710572,UAV 1,2,1:3001:1877,ENMORT005,1:1:71:10:1:0:1,0,false,false,false,false,0
ENM1A2005,move to,LOC_중앙계곡,2026-08-09T09:04:15.000Z,21.37556650,-157.74218082,UAV 1,2,1:3001:1891,ENM1A2005,1:1:225:1:1:3:0,0,false,false,false,false,0
FRT69001,move to,LOC_중앙킬존남측,2026-08-09T09:04:15.000Z,21.38576031,-157.73744993,UAV 1,1,1:3001:1895,FRT69001,1:1:45:1:2:1:0,0,false,false,false,false,0
ENMORT004,none,,2026-08-09T09:04:15.000Z,21.37447596,-157.73706256,UAV 1,2,1:3001:1900,ENMORT004,1:1:71:10:1:0:1,0,false,false,false,false,0
ENGAZ001,move to,LOC_적북측접근로,2026-08-09T09:04:15.000Z,21.37274028,-157.73515925,UAV 1,2,1:3001:1924,ENGAZ001,1:1:222:7:8:0:0,0,false,false,false,false,0
ENBTR60006,move to,LOC_중앙계곡,2026-08-09T09:04:15.000Z,21.37118583,-157.74052143,UAV 1,2,1:3001:1933,ENBTR60006,1:1:222:2:8:1:0,0,false,false,false,false,0
ENBTR80004,move to,LOC_중앙계곡,2026-08-09T09:04:15.000Z,21.37127333,-157.74046560,UAV 1,2,1:3001:1949,ENBTR80004,1:1:222:2:13:0:0,0,false,false,false,false,0
ENBTR80001,move to,LOC_중앙계곡,2026-08-09T09:04:15.000Z,21.37136213,-157.74051357,UAV 1,2,1:3001:1967,ENBTR80001,1:1:222:2:13:0:0,0,false,false,false,false,0
ENCAESAR004,move to,LOC_북측예비방어선,2026-08-09T09:04:15.000Z,21.37094385,-157.73698701,UAV 1,2,1:3001:1968,ENCAESAR004,1:1:71:4:0:0:0,0,false,false,false,false,0
ENGAZ002,move to,LOC_적북측접근로,2026-08-09T09:04:15.000Z,21.37279470,-157.73522971,UAV 1,2,1:3001:1991,ENGAZ002,1:1:222:7:8:0:0,0,false,false,false,false,0
ENBTR80006,move to,LOC_중앙계곡,2026-08-09T09:04:15.000Z,21.37139281,-157.74035149,UAV 1,2,1:3001:1998,ENBTR80006,1:1:222:2:13:0:0,0,false,false,false,false,0
ENT72011,move to,LOC_중앙계곡,2026-08-09T09:04:15.000Z,21.37346006,-157.74156999,UAV 1,2,1:3001:2002,ENT72011,1:1:222:1:2:1:0,0,false,false,false,false,0
ENGAZ003,move to,LOC_적북측접근로,2026-08-09T09:04:15.000Z,21.37276084,-157.73506865,UAV 1,2,1:3001:2019,ENGAZ003,1:1:222:7:8:0:0,0,false,false,false,false,0
ENBTR80003,move to,LOC_중앙계곡,2026-08-09T09:04:15.000Z,21.37146221,-157.74039833,UAV 1,2,1:3001:2023,ENBTR80003,1:1:222:2:13:0:0,0,false,false,false,false,0
FRT80008,move to,LOC_중앙킬존남측,2026-08-09T09:04:15.000Z,21.38180081,-157.74860533,UAV 1,1,1:3001:2026,FRT80008,1:1:222:1:1:1:0,0,false,false,false,false,0
ENCAESAR003,move to,LOC_적북측접근로,2026-08-09T09:04:15.000Z,21.37014217,-157.73584615,UAV 1,2,1:3001:2052,ENCAESAR003,1:1:71:4:0:0:0,0,false,false,false,false,0
ENMORT001,none,,2026-08-09T09:04:15.000Z,21.37443553,-157.73716992,UAV 1,2,1:3001:2059,ENMORT001,1:1:71:10:1:0:1,0,false,false,false,false,0
ENBTR60007,move to,LOC_중앙계곡,2026-08-09T09:04:15.000Z,21.37099282,-157.74059002,UAV 1,2,1:3001:2085,ENBTR60007,1:1:222:2:8:1:0,0,false,false,false,false,0
ENBTR60008,move to,LOC_중앙계곡,2026-08-09T09:04:15.000Z,21.37104659,-157.74053172,UAV 1,2,1:3001:2096,ENBTR60008,1:1:222:2:8:1:0,0,false,false,false,false,0
ENBTR80007,move to,LOC_중앙계곡,2026-08-09T09:04:15.000Z,21.37117789,-157.74041680,UAV 1,2,1:3001:2098,ENBTR80007,1:1:222:2:13:0:0,0,false,false,false,false,0
ENMORT002,none,,2026-08-09T09:04:15.000Z,21.37453609,-157.73721308,UAV 1,2,1:3001:2104,ENMORT002,1:1:71:10:1:0:1,0,false,false,false,false,0
ENGAZ004,move to,LOC_적북측접근로,2026-08-09T09:04:15.000Z,21.37281357,-157.73514748,UAV 1,2,1:3001:2108,ENGAZ004,1:1:222:7:8:0:0,0,false,false,false,false,0
ENBTR80005,move to,LOC_중앙계곡,2026-08-09T09:04:15.000Z,21.37134062,-157.74040897,UAV 1,2,1:3001:2116,ENBTR80005,1:1:222:2:13:0:0,0,false,false,false,false,0
ENMIM001,move to,LOC_적북측접근로,2026-08-09T09:04:15.000Z,21.37047728,-157.73917601,UAV 1,2,1:3001:2125,ENMIM001,1:1:225:28:2:0:0,0,false,false,false,false,0
ENCAESAR001,move to,LOC_적북측접근로,2026-08-09T09:04:15.000Z,21.37046248,-157.73732755,UAV 1,2,1:3001:2130,ENCAESAR001,1:1:71:4:0:0:0,0,false,false,false,false,0
ENMORT003,none,,2026-08-09T09:04:15.000Z,21.37463664,-157.73725624,UAV 1,2,1:3001:2135,ENMORT003,1:1:71:10:1:0:1,0,false,false,false,false,0
ENBTR60004,move to,LOC_중앙계곡,2026-08-09T09:04:15.000Z,21.37106758,-157.74063755,UAV 1,2,1:3001:2142,ENBTR60004,1:1:222:2:8:1:0,0,false,false,false,false,0
ENBTR60005,move to,LOC_중앙계곡,2026-08-09T09:04:15.000Z,21.37113025,-157.74057955,UAV 1,2,1:3001:2172,ENBTR60005,1:1:222:2:8:1:0,0,false,false,false,false,0
ENT72010,move to,LOC_중앙계곡,2026-08-09T09:04:15.000Z,21.37352640,-157.74149509,UAV 1,2,1:3001:2031,ENT72010,1:1:222:1:2:1:0,0,false,false,false,false,0
ENT72008,move to,LOC_중앙계곡,2026-08-09T09:04:15.000Z,21.37362559,-157.74148580,UAV 1,2,1:3001:1885,ENT72008,1:1:222:1:2:1:0,0,false,false,false,false,0
ENT72007,move to,LOC_중앙계곡,2026-08-09T09:04:15.000Z,21.37362011,-157.74155444,UAV 1,2,1:3001:1857,ENT72007,1:1:222:1:2:1:0,0,false,false,false,false,0
ENT72009,move to,LOC_중앙계곡,2026-08-09T09:04:15.000Z,21.37353766,-157.74156247,UAV 1,2,1:3001:1997,ENT72009,1:1:222:1:2:1:0,0,false,false,false,false,0
ENBTR80002,move to,LOC_중앙계곡,2026-08-09T09:04:15.000Z,21.37141412,-157.74045603,UAV 1,2,1:3001:2154,ENBTR80002,1:1:222:2:13:0:0,0,false,false,false,false,0
ENBTR60003,move to,LOC_중앙계곡,2026-08-09T09:04:15.000Z,21.37127540,-157.74056941,UAV 1,2,1:3001:1955,ENBTR60003,1:1:222:2:8:1:0,0,false,false,false,false,0
ENBTR60002,move to,LOC_중앙계곡,2026-08-09T09:04:15.000Z,21.37121842,-157.74062727,UAV 1,2,1:3001:2058,ENBTR60002,1:1:222:2:8:1:0,0,false,false,false,false,0
ENT72003,move to,LOC_중앙계곡,2026-08-09T09:04:15.000Z,21.37379728,-157.74153713,UAV 1,2,1:3001:1860,ENT72003,1:1:222:1:2:1:0,0,false,false,false,false,0
ENT72005,move to,LOC_중앙계곡,2026-08-09T09:04:15.000Z,21.37370306,-157.74154636,UAV 1,2,1:3001:1918,ENT72005,1:1:222:1:2:1:0,0,false,false,false,false,0
ENT72006,move to,LOC_중앙계곡,2026-08-09T09:04:15.000Z,21.37369873,-157.74147884,UAV 1,2,1:3001:2048,ENT72006,1:1:222:1:2:1:0,0,false,false,false,false,0
ENT72002,move to,LOC_중앙계곡,2026-08-09T09:04:15.000Z,21.37386131,-157.74146348,UAV 1,2,1:3001:1898,ENT72002,1:1:222:1:2:1:0,0,false,false,false,false,0
ENT72004,move to,LOC_중앙계곡,2026-08-09T09:04:15.000Z,21.37377547,-157.74147157,UAV 1,2,1:3001:2008,ENT72004,1:1:222:1:2:1:0,0,false,false,false,false,0
ENT72001,move to,LOC_중앙계곡,2026-08-09T09:04:15.000Z,21.37387283,-157.74152980,UAV 1,2,1:3001:1951,ENT72001,1:1:222:1:2:1:0,0,false,false,false,false,0
ENM35001,move to,LOC_적북측접근로,2026-08-09T09:04:15.000Z,21.37282219,-157.73540957,UAV 1,2,1:3001:2024,ENM35001,1:1:225:7:1:6:0,0,false,false,false,false,0
FRMORT001,none,,2026-08-09T09:04:15.000Z,21.39104607,-157.73719078,UAV 1,1,1:3001:1953,FRMORT001,1:1:71:10:1:0:1,0,false,false,false,false,0
FRTRK1002,move to,LOC_남측제1방어선,2026-08-09T09:04:15.000Z,21.38790432,-157.74821249,UAV 1,1,1:3001:2123,FRTRK1002,1:1:225:7:12:0:0,0,false,false,false,false,0
ENM35003,move to,LOC_적북측접근로,2026-08-09T09:04:15.000Z,21.37284468,-157.73531258,UAV 1,2,1:3001:2164,ENM35003,1:1:225:7:1:6:0,0,false,false,false,false,0
FRMORT002,none,,2026-08-09T09:04:15.000Z,21.39112390,-157.73727132,UAV 1,1,1:3001:1912,FRMORT002,1:1:71:10:1:0:1,0,false,false,false,false,0
FRMORT004,none,,2026-08-09T09:04:15.000Z,21.39119933,-157.73718822,UAV 1,1,1:3001:2037,FRMORT004,1:1:71:10:1:0:1,0,false,false,false,false,0
FRTRK1005,move to,LOC_남측제1방어선,2026-08-09T09:04:15.000Z,21.38791321,-157.74828048,UAV 1,1,1:3001:2043,FRTRK1005,1:1:225:7:12:0:0,0,false,false,false,false,0
FRMORT003,none,,2026-08-09T09:04:15.000Z,21.39112150,-157.73710768,UAV 1,1,1:3001:2109,FRMORT003,1:1:71:10:1:0:1,0,false,false,false,false,0
ENM1A2001,move to,LOC_중앙계곡,2026-08-09T09:04:15.000Z,21.37563722,-157.74240618,UAV 1,2,1:3001:1878,ENM1A2001,1:1:225:1:1:3:0,0,false,false,false,false,0
ENM1A2004,move to,LOC_중앙계곡,2026-08-09T09:04:15.000Z,21.37559100,-157.74223477,UAV 1,2,1:3001:2156,ENM1A2004,1:1:225:1:1:3:0,0,false,false,false,false,0
ENM1A2003,move to,LOC_중앙계곡,2026-08-09T09:04:15.000Z,21.37560208,-157.74229338,UAV 1,2,1:3001:1834,ENM1A2003,1:1:225:1:1:3:0,0,false,false,false,false,0
FRTRK2004,move to,LOC_남측제1방어선,2026-08-09T09:04:15.000Z,21.38772317,-157.74853500,UAV 1,1,1:3001:1846,FRTRK2004,1:1:225:7:12:8:0,0,false,false,false,false,0
FRTRK1003,move to,LOC_남측제1방어선,2026-08-09T09:04:15.000Z,21.38786589,-157.74847863,UAV 1,1,1:3001:1884,FRTRK1003,1:1:225:7:12:0:0,0,false,false,false,false,0
FRLAV002,move to,LOC_중앙킬존남측,2026-08-09T09:04:15.000Z,21.38936919,-157.74554014,UAV 1,1,1:3001:1961,FRLAV002,1:1:39:2:6:1:0,0,false,false,false,false,0
ENM1A2002,move to,LOC_중앙계곡,2026-08-09T09:04:15.000Z,21.37561937,-157.74234989,UAV 1,2,1:3001:1963,ENM1A2002,1:1:225:1:1:3:0,0,false,false,false,false,0
FRLAV001,move to,LOC_중앙킬존남측,2026-08-09T09:04:15.000Z,21.38932659,-157.74547247,UAV 1,1,1:3001:2088,FRLAV001,1:1:39:2:6:1:0,0,false,false,false,false,0
FRTRK2001,move to,LOC_남측제1방어선,2026-08-09T09:04:15.000Z,21.38779497,-157.74851417,UAV 1,1,1:3001:2093,FRTRK2001,1:1:225:7:12:8:0,0,false,false,false,false,0
FRLAV003,move to,LOC_중앙킬존남측,2026-08-09T09:04:15.000Z,21.38941211,-157.74560811,UAV 1,1,1:3001:2094,FRLAV003,1:1:39:2:6:1:0,0,false,false,false,false,0
FRTRK2002,move to,LOC_남측제1방어선,2026-08-09T09:04:15.000Z,21.38772812,-157.74858874,UAV 1,1,1:3001:2097,FRTRK2002,1:1:225:7:12:8:0,0,false,false,false,false,0
FRLAV005,move to,LOC_중앙킬존남측,2026-08-09T09:04:15.000Z,21.38949357,-157.74574498,UAV 1,1,1:3001:2117,FRLAV005,1:1:39:2:6:1:0,0,false,false,false,false,0
FRLAV004,move to,LOC_중앙킬존남측,2026-08-09T09:04:15.000Z,21.38945304,-157.74567645,UAV 1,1,1:3001:2155,FRLAV004,1:1:39:2:6:1:0,0,false,false,false,false,0
ENCAESAR002,move to,LOC_북측예비방어선,2026-08-09T09:04:17.000Z,21.37056972,-157.73603049,UAV 1,2,1:3001:1864,ENCAESAR002,1:1:71:4:0:0:0,0,false,false,false,false,0
ENT72012,move to,LOC_중앙계곡,2026-08-09T09:04:17.000Z,21.37362434,-157.74148667,UAV 1,2,1:3001:1865,ENT72012,1:1:222:1:2:1:0,0,false,false,false,false,0
ENBTR60001,move to,LOC_중앙계곡,2026-08-09T09:04:17.000Z,21.37134738,-157.74069237,UAV 1,2,1:3001:1872,ENBTR60001,1:1:222:2:8:1:0,0,false,false,false,false,0
ENMORT005,none,,2026-08-09T09:04:17.000Z,21.37457651,-157.73710572,UAV 1,2,1:3001:1877,ENMORT005,1:1:71:10:1:0:1,0,false,false,false,false,0
ENM1A2005,move to,LOC_중앙계곡,2026-08-09T09:04:17.000Z,21.37573341,-157.74212558,UAV 1,2,1:3001:1891,ENM1A2005,1:1:225:1:1:3:0,0,false,false,false,false,0
FRT69001,move to,LOC_중앙킬존남측,2026-08-09T09:04:17.000Z,21.38566488,-157.73762386,UAV 1,1,1:3001:1895,FRT69001,1:1:45:1:2:1:0,0,false,false,false,false,0
ENMORT004,none,,2026-08-09T09:04:17.000Z,21.37447596,-157.73706256,UAV 1,2,1:3001:1900,ENMORT004,1:1:71:10:1:0:1,0,false,false,false,false,0
ENGAZ001,move to,LOC_적북측접근로,2026-08-09T09:04:17.000Z,21.37269703,-157.73536112,UAV 1,2,1:3001:1924,ENGAZ001,1:1:222:7:8:0:0,0,false,false,false,false,0
ENBTR60006,move to,LOC_중앙계곡,2026-08-09T09:04:17.000Z,21.37137817,-157.74053266,UAV 1,2,1:3001:1933,ENBTR60006,1:1:222:2:8:1:0,0,false,false,false,false,0
ENBTR80004,move to,LOC_중앙계곡,2026-08-09T09:04:17.000Z,21.37146081,-157.74047800,UAV 1,2,1:3001:1949,ENBTR80004,1:1:222:2:13:0:0,0,false,false,false,false,0
ENBTR80001,move to,LOC_중앙계곡,2026-08-09T09:04:17.000Z,21.37155713,-157.74052541,UAV 1,2,1:3001:1967,ENBTR80001,1:1:222:2:13:0:0,0,false,false,false,false,0
ENCAESAR004,move to,LOC_북측예비방어선,2026-08-09T09:04:17.000Z,21.37101769,-157.73717264,UAV 1,2,1:3001:1968,ENCAESAR004,1:1:71:4:0:0:0,0,false,false,false,false,0
ENGAZ002,move to,LOC_적북측접근로,2026-08-09T09:04:17.000Z,21.37274965,-157.73542998,UAV 1,2,1:3001:1991,ENGAZ002,1:1:222:7:8:0:0,0,false,false,false,false,0
ENBTR80006,move to,LOC_중앙계곡,2026-08-09T09:04:17.000Z,21.37158033,-157.74036684,UAV 1,2,1:3001:1998,ENBTR80006,1:1:222:2:13:0:0,0,false,false,false,false,0
ENT72011,move to,LOC_중앙계곡,2026-08-09T09:04:17.000Z,21.37363436,-157.74155223,UAV 1,2,1:3001:2002,ENT72011,1:1:222:1:2:1:0,0,false,false,false,false,0
ENGAZ003,move to,LOC_적북측접근로,2026-08-09T09:04:17.000Z,21.37271622,-157.73527673,UAV 1,2,1:3001:2019,ENGAZ003,1:1:222:7:8:0:0,0,false,false,false,false,0
ENBTR80003,move to,LOC_중앙계곡,2026-08-09T09:04:17.000Z,21.37164898,-157.74041262,UAV 1,2,1:3001:2023,ENBTR80003,1:1:222:2:13:0:0,0,false,false,false,false,0
FRT80008,move to,LOC_중앙킬존남측,2026-08-09T09:04:17.000Z,21.38171866,-157.74841761,UAV 1,1,1:3001:2026,FRT80008,1:1:222:1:1:1:0,0,false,false,false,false,0
ENCAESAR003,move to,LOC_적북측접근로,2026-08-09T09:04:17.000Z,21.37018230,-157.73604521,UAV 1,2,1:3001:2052,ENCAESAR003,1:1:71:4:0:0:0,0,false,false,false,false,0
ENMORT001,none,,2026-08-09T09:04:17.000Z,21.37443553,-157.73716992,UAV 1,2,1:3001:2059,ENMORT001,1:1:71:10:1:0:1,0,false,false,false,false,0
ENBTR60007,move to,LOC_중앙계곡,2026-08-09T09:04:17.000Z,21.37118167,-157.74059919,UAV 1,2,1:3001:2085,ENBTR60007,1:1:222:2:8:1:0,0,false,false,false,false,0
ENBTR60008,move to,LOC_중앙계곡,2026-08-09T09:04:17.000Z,21.37123517,-157.74054231,UAV 1,2,1:3001:2096,ENBTR60008,1:1:222:2:8:1:0,0,false,false,false,false,0
ENBTR80007,move to,LOC_중앙계곡,2026-08-09T09:04:17.000Z,21.37136432,-157.74043012,UAV 1,2,1:3001:2098,ENBTR80007,1:1:222:2:13:0:0,0,false,false,false,false,0
ENMORT002,none,,2026-08-09T09:04:17.000Z,21.37453609,-157.73721308,UAV 1,2,1:3001:2104,ENMORT002,1:1:71:10:1:0:1,0,false,false,false,false,0
ENGAZ004,move to,LOC_적북측접근로,2026-08-09T09:04:17.000Z,21.37276673,-157.73535569,UAV 1,2,1:3001:2108,ENGAZ004,1:1:222:7:8:0:0,0,false,false,false,false,0
ENBTR80005,move to,LOC_중앙계곡,2026-08-09T09:04:17.000Z,21.37153188,-157.74042311,UAV 1,2,1:3001:2116,ENBTR80005,1:1:222:2:13:0:0,0,false,false,false,false,0
ENMIM001,move to,LOC_적북측접근로,2026-08-09T09:04:17.000Z,21.37053985,-157.73936410,UAV 1,2,1:3001:2125,ENMIM001,1:1:225:28:2:0:0,0,false,false,false,false,0
ENCAESAR001,move to,LOC_적북측접근로,2026-08-09T09:04:17.000Z,21.37050273,-157.73753222,UAV 1,2,1:3001:2130,ENCAESAR001,1:1:71:4:0:0:0,0,false,false,false,false,0
ENMORT003,none,,2026-08-09T09:04:17.000Z,21.37463664,-157.73725624,UAV 1,2,1:3001:2135,ENMORT003,1:1:71:10:1:0:1,0,false,false,false,false,0
ENBTR60004,move to,LOC_중앙계곡,2026-08-09T09:04:17.000Z,21.37125680,-157.74064574,UAV 1,2,1:3001:2142,ENBTR60004,1:1:222:2:8:1:0,0,false,false,false,false,0
ENBTR60005,move to,LOC_중앙계곡,2026-08-09T09:04:17.000Z,21.37131831,-157.74058910,UAV 1,2,1:3001:2172,ENBTR60005,1:1:222:2:8:1:0,0,false,false,false,false,0
ENT72010,move to,LOC_중앙계곡,2026-08-09T09:04:17.000Z,21.37369912,-157.74147957,UAV 1,2,1:3001:2031,ENT72010,1:1:222:1:2:1:0,0,false,false,false,false,0
ENT72008,move to,LOC_중앙계곡,2026-08-09T09:04:17.000Z,21.37380751,-157.74146946,UAV 1,2,1:3001:1885,ENT72008,1:1:222:1:2:1:0,0,false,false,false,false,0
ENT72007,move to,LOC_중앙계곡,2026-08-09T09:04:17.000Z,21.37381216,-157.74153484,UAV 1,2,1:3001:1857,ENT72007,1:1:222:1:2:1:0,0,false,false,false,false,0
ENT72009,move to,LOC_중앙계곡,2026-08-09T09:04:17.000Z,21.37372070,-157.74154380,UAV 1,2,1:3001:1997,ENT72009,1:1:222:1:2:1:0,0,false,false,false,false,0
ENBTR80002,move to,LOC_중앙계곡,2026-08-09T09:04:17.000Z,21.37160707,-157.74046926,UAV 1,2,1:3001:2154,ENBTR80002,1:1:222:2:13:0:0,0,false,false,false,false,0
ENBTR60003,move to,LOC_중앙계곡,2026-08-09T09:04:17.000Z,21.37146324,-157.74057936,UAV 1,2,1:3001:1955,ENBTR60003,1:1:222:2:8:1:0,0,false,false,false,false,0
ENBTR60002,move to,LOC_중앙계곡,2026-08-09T09:04:17.000Z,21.37140768,-157.74063585,UAV 1,2,1:3001:2058,ENBTR60002,1:1:222:2:8:1:0,0,false,false,false,false,0
ENT72003,move to,LOC_중앙계곡,2026-08-09T09:04:17.000Z,21.37398271,-157.74151818,UAV 1,2,1:3001:1860,ENT72003,1:1:222:1:2:1:0,0,false,false,false,false,0
ENT72005,move to,LOC_중앙계곡,2026-08-09T09:04:17.000Z,21.37389574,-157.74152668,UAV 1,2,1:3001:1918,ENT72005,1:1:222:1:2:1:0,0,false,false,false,false,0
ENT72006,move to,LOC_중앙계곡,2026-08-09T09:04:17.000Z,21.37389144,-157.74146155,UAV 1,2,1:3001:2048,ENT72006,1:1:222:1:2:1:0,0,false,false,false,false,0
ENT72002,move to,LOC_중앙계곡,2026-08-09T09:04:17.000Z,21.37404827,-157.74144673,UAV 1,2,1:3001:1898,ENT72002,1:1:222:1:2:1:0,0,false,false,false,false,0
ENT72004,move to,LOC_중앙계곡,2026-08-09T09:04:17.000Z,21.37396855,-157.74145426,UAV 1,2,1:3001:2008,ENT72004,1:1:222:1:2:1:0,0,false,false,false,false,0
ENT72001,move to,LOC_중앙계곡,2026-08-09T09:04:17.000Z,21.37405839,-157.74151082,UAV 1,2,1:3001:1951,ENT72001,1:1:222:1:2:1:0,0,false,false,false,false,0
ENM35001,move to,LOC_적북측접근로,2026-08-09T09:04:17.000Z,21.37277654,-157.73560330,UAV 1,2,1:3001:2024,ENM35001,1:1:225:7:1:6:0,0,false,false,false,false,0
FRMORT001,none,,2026-08-09T09:04:17.000Z,21.39104607,-157.73719078,UAV 1,1,1:3001:1953,FRMORT001,1:1:71:10:1:0:1,0,false,false,false,false,0
FRTRK1002,move to,LOC_남측제1방어선,2026-08-09T09:04:17.000Z,21.38787732,-157.74801937,UAV 1,1,1:3001:2123,FRTRK1002,1:1:225:7:12:0:0,0,false,false,false,false,0
ENM35003,move to,LOC_적북측접근로,2026-08-09T09:04:17.000Z,21.37279911,-157.73550600,UAV 1,2,1:3001:2164,ENM35003,1:1:225:7:1:6:0,0,false,false,false,false,0
FRMORT002,none,,2026-08-09T09:04:17.000Z,21.39112390,-157.73727132,UAV 1,1,1:3001:1912,FRMORT002,1:1:71:10:1:0:1,0,false,false,false,false,0
FRMORT004,none,,2026-08-09T09:04:17.000Z,21.39119933,-157.73718822,UAV 1,1,1:3001:2037,FRMORT004,1:1:71:10:1:0:1,0,false,false,false,false,0
FRTRK1005,move to,LOC_남측제1방어선,2026-08-09T09:04:17.000Z,21.38789076,-157.74811980,UAV 1,1,1:3001:2043,FRTRK1005,1:1:225:7:12:0:0,0,false,false,false,false,0
FRMORT003,none,,2026-08-09T09:04:17.000Z,21.39112150,-157.73710768,UAV 1,1,1:3001:2109,FRMORT003,1:1:71:10:1:0:1,0,false,false,false,false,0
ENM1A2001,move to,LOC_중앙계곡,2026-08-09T09:04:17.000Z,21.37582019,-157.74233274,UAV 1,2,1:3001:1878,ENM1A2001,1:1:225:1:1:3:0,0,false,false,false,false,0
ENM1A2004,move to,LOC_중앙계곡,2026-08-09T09:04:17.000Z,21.37575769,-157.74217671,UAV 1,2,1:3001:2156,ENM1A2004,1:1:225:1:1:3:0,0,false,false,false,false,0
ENM1A2003,move to,LOC_중앙계곡,2026-08-09T09:04:17.000Z,21.37577507,-157.74223009,UAV 1,2,1:3001:1834,ENM1A2003,1:1:225:1:1:3:0,0,false,false,false,false,0
FRTRK2004,move to,LOC_남측제1방어선,2026-08-09T09:04:17.000Z,21.38770877,-157.74841064,UAV 1,1,1:3001:1846,FRTRK2004,1:1:225:7:12:8:0,0,false,false,false,false,0
FRTRK1003,move to,LOC_남측제1방어선,2026-08-09T09:04:17.000Z,21.38784059,-157.74828664,UAV 1,1,1:3001:1884,FRTRK1003,1:1:225:7:12:0:0,0,false,false,false,false,0
FRLAV002,move to,LOC_중앙킬존남측,2026-08-09T09:04:17.000Z,21.38919884,-157.74555759,UAV 1,1,1:3001:1961,FRLAV002,1:1:39:2:6:1:0,0,false,false,false,false,0
ENM1A2002,move to,LOC_중앙계곡,2026-08-09T09:04:17.000Z,21.37579853,-157.74228118,UAV 1,2,1:3001:1963,ENM1A2002,1:1:225:1:1:3:0,0,false,false,false,false,0
FRLAV001,move to,LOC_중앙킬존남측,2026-08-09T09:04:17.000Z,21.38914449,-157.74549268,UAV 1,1,1:3001:2088,FRLAV001,1:1:39:2:6:1:0,0,false,false,false,false,0
FRTRK2001,move to,LOC_남측제1방어선,2026-08-09T09:04:17.000Z,21.38778067,-157.74839857,UAV 1,1,1:3001:2093,FRTRK2001,1:1:225:7:12:8:0,0,false,false,false,false,0
FRLAV003,move to,LOC_중앙킬존남측,2026-08-09T09:04:17.000Z,21.38923778,-157.74562450,UAV 1,1,1:3001:2094,FRLAV003,1:1:39:2:6:1:0,0,false,false,false,false,0
FRTRK2002,move to,LOC_남측제1방어선,2026-08-09T09:04:17.000Z,21.38771666,-157.74848975,UAV 1,1,1:3001:2097,FRTRK2002,1:1:225:7:12:8:0,0,false,false,false,false,0
FRLAV005,move to,LOC_중앙킬존남측,2026-08-09T09:04:17.000Z,21.38930894,-157.74575926,UAV 1,1,1:3001:2117,FRLAV005,1:1:39:2:6:1:0,0,false,false,false,false,0
FRLAV004,move to,LOC_중앙킬존남측,2026-08-09T09:04:17.000Z,21.38926985,-157.74569213,UAV 1,1,1:3001:2155,FRLAV004,1:1:39:2:6:1:0,0,false,false,false,false,0
FRLAV006,move to,LOC_중앙킬존남측,2026-08-09T09:04:17.000Z,21.38934901,-157.74582644,UAV 1,1,1:3001:1966,FRLAV006,1:1:39:2:6:1:0,0,false,false,false,false,0
FRLAV008,move to,LOC_중앙킬존남측,2026-08-09T09:04:17.000Z,21.38942927,-157.74596129,UAV 1,1,1:3001:2016,FRLAV008,1:1:39:2:6:1:0,0,false,false,false,false,0
FRLAV007,move to,LOC_중앙킬존남측,2026-08-09T09:04:17.000Z,21.38939042,-157.74589370,UAV 1,1,1:3001:2127,FRLAV007,1:1:39:2:6:1:0,0,false,false,false,false,0
ENCAESAR002,move to,LOC_북측예비방어선,2026-08-09T09:04:19.000Z,21.37056972,-157.73603049,UAV 1,2,1:3001:1864,ENCAESAR002,1:1:71:4:0:0:0,0,false,false,false,false,0
ENT72012,move to,LOC_중앙계곡,2026-08-09T09:04:19.000Z,21.37362434,-157.74148667,UAV 1,2,1:3001:1865,ENT72012,1:1:222:1:2:1:0,0,false,false,false,false,0
ENBTR60001,move to,LOC_중앙계곡,2026-08-09T09:04:19.000Z,21.37134738,-157.74069237,UAV 1,2,1:3001:1872,ENBTR60001,1:1:222:2:8:1:0,0,false,false,false,false,0
ENMORT005,none,,2026-08-09T09:04:19.000Z,21.37457651,-157.73710572,UAV 1,2,1:3001:1877,ENMORT005,1:1:71:10:1:0:1,0,false,false,false,false,0
ENM1A2005,move to,LOC_중앙계곡,2026-08-09T09:04:19.000Z,21.37573341,-157.74212558,UAV 1,2,1:3001:1891,ENM1A2005,1:1:225:1:1:3:0,0,false,false,false,false,0
FRT69001,move to,LOC_중앙킬존남측,2026-08-09T09:04:19.000Z,21.38566488,-157.73762386,UAV 1,1,1:3001:1895,FRT69001,1:1:45:1:2:1:0,0,false,false,false,false,0
ENMORT004,none,,2026-08-09T09:04:19.000Z,21.37447596,-157.73706256,UAV 1,2,1:3001:1900,ENMORT004,1:1:71:10:1:0:1,0,false,false,false,false,0
ENGAZ001,move to,LOC_적북측접근로,2026-08-09T09:04:19.000Z,21.37269703,-157.73536112,UAV 1,2,1:3001:1924,ENGAZ001,1:1:222:7:8:0:0,0,false,false,false,false,0
ENBTR60006,move to,LOC_중앙계곡,2026-08-09T09:04:19.000Z,21.37137817,-157.74053266,UAV 1,2,1:3001:1933,ENBTR60006,1:1:222:2:8:1:0,0,false,false,false,false,0
ENBTR80004,move to,LOC_중앙계곡,2026-08-09T09:04:19.000Z,21.37146081,-157.74047800,UAV 1,2,1:3001:1949,ENBTR80004,1:1:222:2:13:0:0,0,false,false,false,false,0
ENBTR80001,move to,LOC_중앙계곡,2026-08-09T09:04:19.000Z,21.37155713,-157.74052541,UAV 1,2,1:3001:1967,ENBTR80001,1:1:222:2:13:0:0,0,false,false,false,false,0
ENCAESAR004,move to,LOC_북측예비방어선,2026-08-09T09:04:19.000Z,21.37101769,-157.73717264,UAV 1,2,1:3001:1968,ENCAESAR004,1:1:71:4:0:0:0,0,false,false,false,false,0
ENGAZ002,move to,LOC_적북측접근로,2026-08-09T09:04:19.000Z,21.37274965,-157.73542998,UAV 1,2,1:3001:1991,ENGAZ002,1:1:222:7:8:0:0,0,false,false,false,false,0
ENBTR80006,move to,LOC_중앙계곡,2026-08-09T09:04:19.000Z,21.37158033,-157.74036684,UAV 1,2,1:3001:1998,ENBTR80006,1:1:222:2:13:0:0,0,false,false,false,false,0
ENT72011,move to,LOC_중앙계곡,2026-08-09T09:04:19.000Z,21.37363436,-157.74155223,UAV 1,2,1:3001:2002,ENT72011,1:1:222:1:2:1:0,0,false,false,false,false,0
ENGAZ003,move to,LOC_적북측접근로,2026-08-09T09:04:19.000Z,21.37271622,-157.73527673,UAV 1,2,1:3001:2019,ENGAZ003,1:1:222:7:8:0:0,0,false,false,false,false,0
ENBTR80003,move to,LOC_중앙계곡,2026-08-09T09:04:19.000Z,21.37164898,-157.74041262,UAV 1,2,1:3001:2023,ENBTR80003,1:1:222:2:13:0:0,0,false,false,false,false,0
FRT80008,move to,LOC_중앙킬존남측,2026-08-09T09:04:19.000Z,21.38171866,-157.74841761,UAV 1,1,1:3001:2026,FRT80008,1:1:222:1:1:1:0,0,false,false,false,false,0
ENCAESAR003,move to,LOC_적북측접근로,2026-08-09T09:04:19.000Z,21.37018230,-157.73604521,UAV 1,2,1:3001:2052,ENCAESAR003,1:1:71:4:0:0:0,0,false,false,false,false,0
ENMORT001,none,,2026-08-09T09:04:19.000Z,21.37443553,-157.73716992,UAV 1,2,1:3001:2059,ENMORT001,1:1:71:10:1:0:1,0,false,false,false,false,0
ENBTR60007,move to,LOC_중앙계곡,2026-08-09T09:04:19.000Z,21.37118167,-157.74059919,UAV 1,2,1:3001:2085,ENBTR60007,1:1:222:2:8:1:0,0,false,false,false,false,0
ENBTR60008,move to,LOC_중앙계곡,2026-08-09T09:04:19.000Z,21.37123517,-157.74054231,UAV 1,2,1:3001:2096,ENBTR60008,1:1:222:2:8:1:0,0,false,false,false,false,0
ENBTR80007,move to,LOC_중앙계곡,2026-08-09T09:04:19.000Z,21.37136432,-157.74043012,UAV 1,2,1:3001:2098,ENBTR80007,1:1:222:2:13:0:0,0,false,false,false,false,0
ENMORT002,none,,2026-08-09T09:04:19.000Z,21.37453609,-157.73721308,UAV 1,2,1:3001:2104,ENMORT002,1:1:71:10:1:0:1,0,false,false,false,false,0
ENGAZ004,move to,LOC_적북측접근로,2026-08-09T09:04:19.000Z,21.37276673,-157.73535569,UAV 1,2,1:3001:2108,ENGAZ004,1:1:222:7:8:0:0,0,false,false,false,false,0
ENBTR80005,move to,LOC_중앙계곡,2026-08-09T09:04:19.000Z,21.37153188,-157.74042311,UAV 1,2,1:3001:2116,ENBTR80005,1:1:222:2:13:0:0,0,false,false,false,false,0
ENMIM001,move to,LOC_적북측접근로,2026-08-09T09:04:19.000Z,21.37053985,-157.73936410,UAV 1,2,1:3001:2125,ENMIM001,1:1:225:28:2:0:0,0,false,false,false,false,0
ENCAESAR001,move to,LOC_적북측접근로,2026-08-09T09:04:19.000Z,21.37050273,-157.73753222,UAV 1,2,1:3001:2130,ENCAESAR001,1:1:71:4:0:0:0,0,false,false,false,false,0
ENMORT003,none,,2026-08-09T09:04:19.000Z,21.37463664,-157.73725624,UAV 1,2,1:3001:2135,ENMORT003,1:1:71:10:1:0:1,0,false,false,false,false,0
ENBTR60004,move to,LOC_중앙계곡,2026-08-09T09:04:19.000Z,21.37125680,-157.74064574,UAV 1,2,1:3001:2142,ENBTR60004,1:1:222:2:8:1:0,0,false,false,false,false,0
ENBTR60005,move to,LOC_중앙계곡,2026-08-09T09:04:19.000Z,21.37131831,-157.74058910,UAV 1,2,1:3001:2172,ENBTR60005,1:1:222:2:8:1:0,0,false,false,false,false,0
ENT72010,move to,LOC_중앙계곡,2026-08-09T09:04:19.000Z,21.37369912,-157.74147957,UAV 1,2,1:3001:2031,ENT72010,1:1:222:1:2:1:0,0,false,false,false,false,0
ENT72008,move to,LOC_중앙계곡,2026-08-09T09:04:19.000Z,21.37380751,-157.74146946,UAV 1,2,1:3001:1885,ENT72008,1:1:222:1:2:1:0,0,false,false,false,false,0
ENT72007,move to,LOC_중앙계곡,2026-08-09T09:04:19.000Z,21.37381216,-157.74153484,UAV 1,2,1:3001:1857,ENT72007,1:1:222:1:2:1:0,0,false,false,false,false,0
ENT72009,move to,LOC_중앙계곡,2026-08-09T09:04:19.000Z,21.37372070,-157.74154380,UAV 1,2,1:3001:1997,ENT72009,1:1:222:1:2:1:0,0,false,false,false,false,0
ENBTR80002,move to,LOC_중앙계곡,2026-08-09T09:04:19.000Z,21.37160707,-157.74046926,UAV 1,2,1:3001:2154,ENBTR80002,1:1:222:2:13:0:0,0,false,false,false,false,0
ENBTR60003,move to,LOC_중앙계곡,2026-08-09T09:04:19.000Z,21.37146324,-157.74057936,UAV 1,2,1:3001:1955,ENBTR60003,1:1:222:2:8:1:0,0,false,false,false,false,0
ENBTR60002,move to,LOC_중앙계곡,2026-08-09T09:04:19.000Z,21.37140768,-157.74063585,UAV 1,2,1:3001:2058,ENBTR60002,1:1:222:2:8:1:0,0,false,false,false,false,0
ENT72003,move to,LOC_중앙계곡,2026-08-09T09:04:19.000Z,21.37398271,-157.74151818,UAV 1,2,1:3001:1860,ENT72003,1:1:222:1:2:1:0,0,false,false,false,false,0
ENT72005,move to,LOC_중앙계곡,2026-08-09T09:04:19.000Z,21.37389574,-157.74152668,UAV 1,2,1:3001:1918,ENT72005,1:1:222:1:2:1:0,0,false,false,false,false,0
ENT72006,move to,LOC_중앙계곡,2026-08-09T09:04:19.000Z,21.37389144,-157.74146155,UAV 1,2,1:3001:2048,ENT72006,1:1:222:1:2:1:0,0,false,false,false,false,0
ENT72002,move to,LOC_중앙계곡,2026-08-09T09:04:19.000Z,21.37404827,-157.74144673,UAV 1,2,1:3001:1898,ENT72002,1:1:222:1:2:1:0,0,false,false,false,false,0
ENT72004,move to,LOC_중앙계곡,2026-08-09T09:04:19.000Z,21.37396855,-157.74145426,UAV 1,2,1:3001:2008,ENT72004,1:1:222:1:2:1:0,0,false,false,false,false,0
ENT72001,move to,LOC_중앙계곡,2026-08-09T09:04:19.000Z,21.37405839,-157.74151082,UAV 1,2,1:3001:1951,ENT72001,1:1:222:1:2:1:0,0,false,false,false,false,0
ENM35001,move to,LOC_적북측접근로,2026-08-09T09:04:19.000Z,21.37277654,-157.73560330,UAV 1,2,1:3001:2024,ENM35001,1:1:225:7:1:6:0,0,false,false,false,false,0
FRMORT001,none,,2026-08-09T09:04:19.000Z,21.39104607,-157.73719078,UAV 1,1,1:3001:1953,FRMORT001,1:1:71:10:1:0:1,0,false,false,false,false,0
FRTRK1002,move to,LOC_남측제1방어선,2026-08-09T09:04:19.000Z,21.38787732,-157.74801937,UAV 1,1,1:3001:2123,FRTRK1002,1:1:225:7:12:0:0,0,false,false,false,false,0
ENM35003,move to,LOC_적북측접근로,2026-08-09T09:04:19.000Z,21.37279911,-157.73550600,UAV 1,2,1:3001:2164,ENM35003,1:1:225:7:1:6:0,0,false,false,false,false,0
FRMORT002,none,,2026-08-09T09:04:19.000Z,21.39112390,-157.73727132,UAV 1,1,1:3001:1912,FRMORT002,1:1:71:10:1:0:1,0,false,false,false,false,0
FRMORT004,none,,2026-08-09T09:04:19.000Z,21.39119933,-157.73718822,UAV 1,1,1:3001:2037,FRMORT004,1:1:71:10:1:0:1,0,false,false,false,false,0
FRTRK1005,move to,LOC_남측제1방어선,2026-08-09T09:04:19.000Z,21.38789076,-157.74811980,UAV 1,1,1:3001:2043,FRTRK1005,1:1:225:7:12:0:0,0,false,false,false,false,0
FRMORT003,none,,2026-08-09T09:04:19.000Z,21.39112150,-157.73710768,UAV 1,1,1:3001:2109,FRMORT003,1:1:71:10:1:0:1,0,false,false,false,false,0
ENM1A2001,move to,LOC_중앙계곡,2026-08-09T09:04:19.000Z,21.37582019,-157.74233274,UAV 1,2,1:3001:1878,ENM1A2001,1:1:225:1:1:3:0,0,false,false,false,false,0
ENM1A2004,move to,LOC_중앙계곡,2026-08-09T09:04:19.000Z,21.37575769,-157.74217671,UAV 1,2,1:3001:2156,ENM1A2004,1:1:225:1:1:3:0,0,false,false,false,false,0
ENM1A2003,move to,LOC_중앙계곡,2026-08-09T09:04:19.000Z,21.37577507,-157.74223009,UAV 1,2,1:3001:1834,ENM1A2003,1:1:225:1:1:3:0,0,false,false,false,false,0
FRTRK2004,move to,LOC_남측제1방어선,2026-08-09T09:04:19.000Z,21.38770877,-157.74841064,UAV 1,1,1:3001:1846,FRTRK2004,1:1:225:7:12:8:0,0,false,false,false,false,0
FRTRK1003,move to,LOC_남측제1방어선,2026-08-09T09:04:19.000Z,21.38784059,-157.74828664,UAV 1,1,1:3001:1884,FRTRK1003,1:1:225:7:12:0:0,0,false,false,false,false,0
FRLAV002,move to,LOC_중앙킬존남측,2026-08-09T09:04:19.000Z,21.38919884,-157.74555759,UAV 1,1,1:3001:1961,FRLAV002,1:1:39:2:6:1:0,0,false,false,false,false,0
ENM1A2002,move to,LOC_중앙계곡,2026-08-09T09:04:19.000Z,21.37579853,-157.74228118,UAV 1,2,1:3001:1963,ENM1A2002,1:1:225:1:1:3:0,0,false,false,false,false,0
FRLAV001,move to,LOC_중앙킬존남측,2026-08-09T09:04:19.000Z,21.38914449,-157.74549268,UAV 1,1,1:3001:2088,FRLAV001,1:1:39:2:6:1:0,0,false,false,false,false,0
FRTRK2001,move to,LOC_남측제1방어선,2026-08-09T09:04:19.000Z,21.38778067,-157.74839857,UAV 1,1,1:3001:2093,FRTRK2001,1:1:225:7:12:8:0,0,false,false,false,false,0
FRLAV003,move to,LOC_중앙킬존남측,2026-08-09T09:04:19.000Z,21.38923778,-157.74562450,UAV 1,1,1:3001:2094,FRLAV003,1:1:39:2:6:1:0,0,false,false,false,false,0
FRTRK2002,move to,LOC_남측제1방어선,2026-08-09T09:04:19.000Z,21.38771666,-157.74848975,UAV 1,1,1:3001:2097,FRTRK2002,1:1:225:7:12:8:0,0,false,false,false,false,0
FRLAV005,move to,LOC_중앙킬존남측,2026-08-09T09:04:19.000Z,21.38930894,-157.74575926,UAV 1,1,1:3001:2117,FRLAV005,1:1:39:2:6:1:0,0,false,false,false,false,0
FRLAV004,move to,LOC_중앙킬존남측,2026-08-09T09:04:19.000Z,21.38926985,-157.74569213,UAV 1,1,1:3001:2155,FRLAV004,1:1:39:2:6:1:0,0,false,false,false,false,0
FRLAV006,move to,LOC_중앙킬존남측,2026-08-09T09:04:19.000Z,21.38934901,-157.74582644,UAV 1,1,1:3001:1966,FRLAV006,1:1:39:2:6:1:0,0,false,false,false,false,0
FRLAV008,move to,LOC_중앙킬존남측,2026-08-09T09:04:19.000Z,21.38942927,-157.74596129,UAV 1,1,1:3001:2016,FRLAV008,1:1:39:2:6:1:0,0,false,false,false,false,0
FRLAV007,move to,LOC_중앙킬존남측,2026-08-09T09:04:19.000Z,21.38939042,-157.74589370,UAV 1,1,1:3001:2127,FRLAV007,1:1:39:2:6:1:0,0,false,false,false,false,0
ENCAESAR002,move to,LOC_북측예비방어선,2026-08-09T09:04:20.000Z,21.37064829,-157.73622846,UAV 1,2,1:3001:1864,ENCAESAR002,1:1:71:4:0:0:0,0,false,false,false,false,0
ENT72012,move to,LOC_중앙계곡,2026-08-09T09:04:20.000Z,21.37380563,-157.74147037,UAV 1,2,1:3001:1865,ENT72012,1:1:222:1:2:1:0,0,false,false,false,false,0
ENBTR60001,move to,LOC_중앙계곡,2026-08-09T09:04:20.000Z,21.37153696,-157.74069953,UAV 1,2,1:3001:1872,ENBTR60001,1:1:222:2:8:1:0,0,false,false,false,false,0
ENMORT005,none,,2026-08-09T09:04:20.000Z,21.37457651,-157.73710572,UAV 1,2,1:3001:1877,ENMORT005,1:1:71:10:1:0:1,0,false,false,false,false,0
ENM1A2005,move to,LOC_중앙계곡,2026-08-09T09:04:20.000Z,21.37592236,-157.74206304,UAV 1,2,1:3001:1891,ENM1A2005,1:1:225:1:1:3:0,0,false,false,false,false,0
FRT69001,move to,LOC_중앙킬존남측,2026-08-09T09:04:20.000Z,21.38556992,-157.73779695,UAV 1,1,1:3001:1895,FRT69001,1:1:45:1:2:1:0,0,false,false,false,false,0
ENMORT004,none,,2026-08-09T09:04:20.000Z,21.37447596,-157.73706256,UAV 1,2,1:3001:1900,ENMORT004,1:1:71:10:1:0:1,0,false,false,false,false,0
ENGAZ001,move to,LOC_적북측접근로,2026-08-09T09:04:20.000Z,21.37265608,-157.73555227,UAV 1,2,1:3001:1924,ENGAZ001,1:1:222:7:8:0:0,0,false,false,false,false,0
ENBTR60006,move to,LOC_중앙계곡,2026-08-09T09:04:20.000Z,21.37156641,-157.74054366,UAV 1,2,1:3001:1933,ENBTR60006,1:1:222:2:8:1:0,0,false,false,false,false,0
ENBTR80004,move to,LOC_중앙계곡,2026-08-09T09:04:20.000Z,21.37165138,-157.74049060,UAV 1,2,1:3001:1949,ENBTR80004,1:1:222:2:13:0:0,0,false,false,false,false,0
ENBTR80001,move to,LOC_중앙계곡,2026-08-09T09:04:20.000Z,21.37174693,-157.74053694,UAV 1,2,1:3001:1967,ENBTR80001,1:1:222:2:13:0:0,0,false,false,false,false,0
ENCAESAR004,move to,LOC_북측예비방어선,2026-08-09T09:04:20.000Z,21.37109053,-157.73735577,UAV 1,2,1:3001:1968,ENCAESAR004,1:1:71:4:0:0:0,0,false,false,false,false,0
ENGAZ002,move to,LOC_적북측접근로,2026-08-09T09:04:20.000Z,21.37270678,-157.73562060,UAV 1,2,1:3001:1991,ENGAZ002,1:1:222:7:8:0:0,0,false,false,false,false,0
ENBTR80006,move to,LOC_중앙계곡,2026-08-09T09:04:20.000Z,21.37176924,-157.74038229,UAV 1,2,1:3001:1998,ENBTR80006,1:1:222:2:13:0:0,0,false,false,false,false,0
ENT72011,move to,LOC_중앙계곡,2026-08-09T09:04:20.000Z,21.37382743,-157.74153255,UAV 1,2,1:3001:2002,ENT72011,1:1:222:1:2:1:0,0,false,false,false,false,0
ENGAZ003,move to,LOC_적북측접근로,2026-08-09T09:04:20.000Z,21.37267459,-157.73547092,UAV 1,2,1:3001:2019,ENGAZ003,1:1:222:7:8:0:0,0,false,false,false,false,0
ENBTR80003,move to,LOC_중앙계곡,2026-08-09T09:04:20.000Z,21.37183850,-157.74042711,UAV 1,2,1:3001:2023,ENBTR80003,1:1:222:2:13:0:0,0,false,false,false,false,0
FRT80008,move to,LOC_중앙킬존남측,2026-08-09T09:04:20.000Z,21.38163885,-157.74823524,UAV 1,1,1:3001:2026,FRT80008,1:1:222:1:1:1:0,0,false,false,false,false,0
ENCAESAR003,move to,LOC_적북측접근로,2026-08-09T09:04:20.000Z,21.37022369,-157.73625054,UAV 1,2,1:3001:2052,ENCAESAR003,1:1:71:4:0:0:0,0,false,false,false,false,0
ENMORT001,none,,2026-08-09T09:04:20.000Z,21.37443553,-157.73716992,UAV 1,2,1:3001:2059,ENMORT001,1:1:71:10:1:0:1,0,false,false,false,false,0
ENBTR60007,move to,LOC_중앙계곡,2026-08-09T09:04:20.000Z,21.37136834,-157.74060824,UAV 1,2,1:3001:2085,ENBTR60007,1:1:222:2:8:1:0,0,false,false,false,false,0
ENBTR60008,move to,LOC_중앙계곡,2026-08-09T09:04:20.000Z,21.37142416,-157.74055292,UAV 1,2,1:3001:2096,ENBTR60008,1:1:222:2:8:1:0,0,false,false,false,false,0
ENBTR80007,move to,LOC_중앙계곡,2026-08-09T09:04:20.000Z,21.37155511,-157.74044375,UAV 1,2,1:3001:2098,ENBTR80007,1:1:222:2:13:0:0,0,false,false,false,false,0
ENMORT002,none,,2026-08-09T09:04:20.000Z,21.37453609,-157.73721308,UAV 1,2,1:3001:2104,ENMORT002,1:1:71:10:1:0:1,0,false,false,false,false,0
ENGAZ004,move to,LOC_적북측접근로,2026-08-09T09:04:20.000Z,21.37272348,-157.73554793,UAV 1,2,1:3001:2108,ENGAZ004,1:1:222:7:8:0:0,0,false,false,false,false,0
ENBTR80005,move to,LOC_중앙계곡,2026-08-09T09:04:20.000Z,21.37171875,-157.74043693,UAV 1,2,1:3001:2116,ENBTR80005,1:1:222:2:13:0:0,0,false,false,false,false,0
ENMIM001,move to,LOC_적북측접근로,2026-08-09T09:04:20.000Z,21.37060766,-157.73956790,UAV 1,2,1:3001:2125,ENMIM001,1:1:225:28:2:0:0,0,false,false,false,false,0
ENCAESAR001,move to,LOC_적북측접근로,2026-08-09T09:04:20.000Z,21.37054160,-157.73772982,UAV 1,2,1:3001:2130,ENCAESAR001,1:1:71:4:0:0:0,0,false,false,false,false,0
ENMORT003,none,,2026-08-09T09:04:20.000Z,21.37463664,-157.73725624,UAV 1,2,1:3001:2135,ENMORT003,1:1:71:10:1:0:1,0,false,false,false,false,0
ENBTR60004,move to,LOC_중앙계곡,2026-08-09T09:04:20.000Z,21.37144635,-157.74065393,UAV 1,2,1:3001:2142,ENBTR60004,1:1:222:2:8:1:0,0,false,false,false,false,0
ENBTR60005,move to,LOC_중앙계곡,2026-08-09T09:04:20.000Z,21.37150936,-157.74059880,UAV 1,2,1:3001:2172,ENBTR60005,1:1:222:2:8:1:0,0,false,false,false,false,0
ENT72010,move to,LOC_중앙계곡,2026-08-09T09:04:20.000Z,21.37389301,-157.74146215,UAV 1,2,1:3001:2031,ENT72010,1:1:222:1:2:1:0,0,false,false,false,false,0
ENT72008,move to,LOC_중앙계곡,2026-08-09T09:04:20.000Z,21.37399750,-157.74145240,UAV 1,2,1:3001:1885,ENT72008,1:1:222:1:2:1:0,0,false,false,false,false,0
ENT72007,move to,LOC_중앙계곡,2026-08-09T09:04:20.000Z,21.37399722,-157.74151595,UAV 1,2,1:3001:1857,ENT72007,1:1:222:1:2:1:0,0,false,false,false,false,0
ENT72009,move to,LOC_중앙계곡,2026-08-09T09:04:20.000Z,21.37391131,-157.74152436,UAV 1,2,1:3001:1997,ENT72009,1:1:222:1:2:1:0,0,false,false,false,false,0
ENBTR80002,move to,LOC_중앙계곡,2026-08-09T09:04:20.000Z,21.37179376,-157.74048206,UAV 1,2,1:3001:2154,ENBTR80002,1:1:222:2:13:0:0,0,false,false,false,false,0
ENBTR60003,move to,LOC_중앙계곡,2026-08-09T09:04:20.000Z,21.37165575,-157.74058957,UAV 1,2,1:3001:1955,ENBTR60003,1:1:222:2:8:1:0,0,false,false,false,false,0
ENBTR60002,move to,LOC_중앙계곡,2026-08-09T09:04:20.000Z,21.37159757,-157.74064446,UAV 1,2,1:3001:2058,ENBTR60002,1:1:222:2:8:1:0,0,false,false,false,false,0
ENT72003,move to,LOC_중앙계곡,2026-08-09T09:04:20.000Z,21.37417124,-157.74149891,UAV 1,2,1:3001:1860,ENT72003,1:1:222:1:2:1:0,0,false,false,false,false,0
ENT72005,move to,LOC_중앙계곡,2026-08-09T09:04:20.000Z,21.37408093,-157.74150777,UAV 1,2,1:3001:1918,ENT72005,1:1:222:1:2:1:0,0,false,false,false,false,0
ENT72006,move to,LOC_중앙계곡,2026-08-09T09:04:20.000Z,21.37407585,-157.74144501,UAV 1,2,1:3001:2048,ENT72006,1:1:222:1:2:1:0,0,false,false,false,false,0
ENT72002,move to,LOC_중앙계곡,2026-08-09T09:04:20.000Z,21.37423573,-157.74142994,UAV 1,2,1:3001:1898,ENT72002,1:1:222:1:2:1:0,0,false,false,false,false,0
ENT72004,move to,LOC_중앙계곡,2026-08-09T09:04:20.000Z,21.37415307,-157.74143772,UAV 1,2,1:3001:2008,ENT72004,1:1:222:1:2:1:0,0,false,false,false,false,0
ENT72001,move to,LOC_중앙계곡,2026-08-09T09:04:20.000Z,21.37424657,-157.74149157,UAV 1,2,1:3001:1951,ENT72001,1:1:222:1:2:1:0,0,false,false,false,false,0
ENM35001,move to,LOC_적북측접근로,2026-08-09T09:04:20.000Z,21.37273024,-157.73579980,UAV 1,2,1:3001:2024,ENM35001,1:1:225:7:1:6:0,0,false,false,false,false,0
FRMORT001,none,,2026-08-09T09:04:20.000Z,21.39104607,-157.73719078,UAV 1,1,1:3001:1953,FRMORT001,1:1:71:10:1:0:1,0,false,false,false,false,0
FRTRK1002,move to,LOC_남측제1방어선,2026-08-09T09:04:20.000Z,21.38784970,-157.74782173,UAV 1,1,1:3001:2123,FRTRK1002,1:1:225:7:12:0:0,0,false,false,false,false,0
ENM35003,move to,LOC_적북측접근로,2026-08-09T09:04:20.000Z,21.37275318,-157.73570097,UAV 1,2,1:3001:2164,ENM35003,1:1:225:7:1:6:0,0,false,false,false,false,0
FRMORT002,none,,2026-08-09T09:04:20.000Z,21.39112390,-157.73727132,UAV 1,1,1:3001:1912,FRMORT002,1:1:71:10:1:0:1,0,false,false,false,false,0
FRMORT004,none,,2026-08-09T09:04:20.000Z,21.39119933,-157.73718822,UAV 1,1,1:3001:2037,FRMORT004,1:1:71:10:1:0:1,0,false,false,false,false,0
FRTRK1005,move to,LOC_남측제1방어선,2026-08-09T09:04:20.000Z,21.38787347,-157.74799604,UAV 1,1,1:3001:2043,FRTRK1005,1:1:225:7:12:0:0,0,false,false,false,false,0
FRMORT003,none,,2026-08-09T09:04:20.000Z,21.39112150,-157.73710768,UAV 1,1,1:3001:2109,FRMORT003,1:1:71:10:1:0:1,0,false,false,false,false,0
FRTRK2004,move to,LOC_남측제1방어선,2026-08-09T09:04:20.000Z,21.38769186,-157.74826472,UAV 1,1,1:3001:1846,FRTRK2004,1:1:225:7:12:8:0,0,false,false,false,false,0
FRTRK1003,move to,LOC_남측제1방어선,2026-08-09T09:04:20.000Z,21.38781824,-157.74811699,UAV 1,1,1:3001:1884,FRTRK1003,1:1:225:7:12:0:0,0,false,false,false,false,0
FRLAV001,move to,LOC_중앙킬존남측,2026-08-09T09:04:20.000Z,21.38895259,-157.74551397,UAV 1,1,1:3001:2088,FRLAV001,1:1:39:2:6:1:0,0,false,false,false,false,0
FRLAV003,move to,LOC_중앙킬존남측,2026-08-09T09:04:20.000Z,21.38904503,-157.74564262,UAV 1,1,1:3001:2094,FRLAV003,1:1:39:2:6:1:0,0,false,false,false,false,0
FRTRK2002,move to,LOC_남측제1방어선,2026-08-09T09:04:20.000Z,21.38770078,-157.74835250,UAV 1,1,1:3001:2097,FRTRK2002,1:1:225:7:12:8:0,0,false,false,false,false,0
FRLAV005,move to,LOC_중앙킬존남측,2026-08-09T09:04:20.000Z,21.38912156,-157.74577375,UAV 1,1,1:3001:2117,FRLAV005,1:1:39:2:6:1:0,0,false,false,false,false,0
FRLAV004,move to,LOC_중앙킬존남측,2026-08-09T09:04:20.000Z,21.38908251,-157.74570818,UAV 1,1,1:3001:2155,FRLAV004,1:1:39:2:6:1:0,0,false,false,false,false,0
FRLAV006,move to,LOC_중앙킬존남측,2026-08-09T09:04:20.000Z,21.38915909,-157.74583955,UAV 1,1,1:3001:1966,FRLAV006,1:1:39:2:6:1:0,0,false,false,false,false,0
FRLAV008,move to,LOC_중앙킬존남측,2026-08-09T09:04:20.000Z,21.38923887,-157.74597132,UAV 1,1,1:3001:2016,FRLAV008,1:1:39:2:6:1:0,0,false,false,false,false,0
FRLAV007,move to,LOC_중앙킬존남측,2026-08-09T09:04:20.000Z,21.38919803,-157.74590541,UAV 1,1,1:3001:2127,FRLAV007,1:1:39:2:6:1:0,0,false,false,false,false,0
ENCAESAR002,move to,LOC_북측예비방어선,2026-08-09T09:04:22.000Z,21.37070677,-157.73637579,UAV 1,2,1:3001:1864,ENCAESAR002,1:1:71:4:0:0:0,0,false,false,false,false,0
ENT72012,move to,LOC_중앙계곡,2026-08-09T09:04:22.000Z,21.37397084,-157.74145551,UAV 1,2,1:3001:1865,ENT72012,1:1:222:1:2:1:0,0,false,false,false,false,0
ENBTR60001,move to,LOC_중앙계곡,2026-08-09T09:04:22.000Z,21.37170241,-157.74070578,UAV 1,2,1:3001:1872,ENBTR60001,1:1:222:2:8:1:0,0,false,false,false,false,0
ENMORT005,none,,2026-08-09T09:04:22.000Z,21.37457651,-157.73710572,UAV 1,2,1:3001:1877,ENMORT005,1:1:71:10:1:0:1,0,false,false,false,false,0
ENM1A2005,move to,LOC_중앙계곡,2026-08-09T09:04:22.000Z,21.37609180,-157.74200696,UAV 1,2,1:3001:1891,ENM1A2005,1:1:225:1:1:3:0,0,false,false,false,false,0
FRT69001,move to,LOC_중앙킬존남측,2026-08-09T09:04:22.000Z,21.38548779,-157.73794664,UAV 1,1,1:3001:1895,FRT69001,1:1:45:1:2:1:0,0,false,false,false,false,0
ENMORT004,none,,2026-08-09T09:04:22.000Z,21.37447596,-157.73706256,UAV 1,2,1:3001:1900,ENMORT004,1:1:71:10:1:0:1,0,false,false,false,false,0
ENGAZ001,move to,LOC_적북측접근로,2026-08-09T09:04:22.000Z,21.37261939,-157.73572357,UAV 1,2,1:3001:1924,ENGAZ001,1:1:222:7:8:0:0,0,false,false,false,false,0
ENBTR60006,move to,LOC_중앙계곡,2026-08-09T09:04:22.000Z,21.37172994,-157.74055321,UAV 1,2,1:3001:1933,ENBTR60006,1:1:222:2:8:1:0,0,false,false,false,false,0
ENBTR80004,move to,LOC_중앙계곡,2026-08-09T09:04:22.000Z,21.37181328,-157.74050131,UAV 1,2,1:3001:1949,ENBTR80004,1:1:222:2:13:0:0,0,false,false,false,false,0
ENBTR80001,move to,LOC_중앙계곡,2026-08-09T09:04:22.000Z,21.37190403,-157.74054648,UAV 1,2,1:3001:1967,ENBTR80001,1:1:222:2:13:0:0,0,false,false,false,false,0
ENCAESAR004,move to,LOC_북측예비방어선,2026-08-09T09:04:22.000Z,21.37115396,-157.73751522,UAV 1,2,1:3001:1968,ENCAESAR004,1:1:71:4:0:0:0,0,false,false,false,false,0
ENGAZ002,move to,LOC_적북측접근로,2026-08-09T09:04:22.000Z,21.37266798,-157.73579310,UAV 1,2,1:3001:1991,ENGAZ002,1:1:222:7:8:0:0,0,false,false,false,false,0
ENBTR80006,move to,LOC_중앙계곡,2026-08-09T09:04:22.000Z,21.37193061,-157.74039550,UAV 1,2,1:3001:1998,ENBTR80006,1:1:222:2:13:0:0,0,false,false,false,false,0
ENT72011,move to,LOC_중앙계곡,2026-08-09T09:04:22.000Z,21.37398696,-157.74151629,UAV 1,2,1:3001:2002,ENT72011,1:1:222:1:2:1:0,0,false,false,false,false,0
ENGAZ003,move to,LOC_적북측접근로,2026-08-09T09:04:22.000Z,21.37263937,-157.73563517,UAV 1,2,1:3001:2019,ENGAZ003,1:1:222:7:8:0:0,0,false,false,false,false,0
ENBTR80003,move to,LOC_중앙계곡,2026-08-09T09:04:22.000Z,21.37199932,-157.74043941,UAV 1,2,1:3001:2023,ENBTR80003,1:1:222:2:13:0:0,0,false,false,false,false,0
FRT80008,move to,LOC_중앙킬존남측,2026-08-09T09:04:22.000Z,21.38157079,-157.74807973,UAV 1,1,1:3001:2026,FRT80008,1:1:222:1:1:1:0,0,false,false,false,false,0
ENCAESAR003,move to,LOC_적북측접근로,2026-08-09T09:04:22.000Z,21.37025444,-157.73640304,UAV 1,2,1:3001:2052,ENCAESAR003,1:1:71:4:0:0:0,0,false,false,false,false,0
ENMORT001,none,,2026-08-09T09:04:22.000Z,21.37443553,-157.73716992,UAV 1,2,1:3001:2059,ENMORT001,1:1:71:10:1:0:1,0,false,false,false,false,0
ENBTR60007,move to,LOC_중앙계곡,2026-08-09T09:04:22.000Z,21.37153749,-157.74061645,UAV 1,2,1:3001:2085,ENBTR60007,1:1:222:2:8:1:0,0,false,false,false,false,0
ENBTR60008,move to,LOC_중앙계곡,2026-08-09T09:04:22.000Z,21.37158856,-157.74056215,UAV 1,2,1:3001:2096,ENBTR60008,1:1:222:2:8:1:0,0,false,false,false,false,0
ENBTR80007,move to,LOC_중앙계곡,2026-08-09T09:04:22.000Z,21.37171719,-157.74045533,UAV 1,2,1:3001:2098,ENBTR80007,1:1:222:2:13:0:0,0,false,false,false,false,0
ENMORT002,none,,2026-08-09T09:04:22.000Z,21.37453609,-157.73721308,UAV 1,2,1:3001:2104,ENMORT002,1:1:71:10:1:0:1,0,false,false,false,false,0
ENGAZ004,move to,LOC_적북측접근로,2026-08-09T09:04:22.000Z,21.37268628,-157.73571330,UAV 1,2,1:3001:2108,ENGAZ004,1:1:222:7:8:0:0,0,false,false,false,false,0
ENBTR80005,move to,LOC_중앙계곡,2026-08-09T09:04:22.000Z,21.37188212,-157.74044901,UAV 1,2,1:3001:2116,ENBTR80005,1:1:222:2:13:0:0,0,false,false,false,false,0
ENMIM001,move to,LOC_적북측접근로,2026-08-09T09:04:22.000Z,21.37065660,-157.73971503,UAV 1,2,1:3001:2125,ENMIM001,1:1:225:28:2:0:0,0,false,false,false,false,0
ENCAESAR001,move to,LOC_적북측접근로,2026-08-09T09:04:22.000Z,21.37057439,-157.73789653,UAV 1,2,1:3001:2130,ENCAESAR001,1:1:71:4:0:0:0,0,false,false,false,false,0
ENMORT003,none,,2026-08-09T09:04:22.000Z,21.37463664,-157.73725624,UAV 1,2,1:3001:2135,ENMORT003,1:1:71:10:1:0:1,0,false,false,false,false,0
ENBTR60004,move to,LOC_중앙계곡,2026-08-09T09:04:22.000Z,21.37161082,-157.74066104,UAV 1,2,1:3001:2142,ENBTR60004,1:1:222:2:8:1:0,0,false,false,false,false,0
ENBTR60005,move to,LOC_중앙계곡,2026-08-09T09:04:22.000Z,21.37167412,-157.74060717,UAV 1,2,1:3001:2172,ENBTR60005,1:1:222:2:8:1:0,0,false,false,false,false,0
ENT72010,move to,LOC_중앙계곡,2026-08-09T09:04:22.000Z,21.37405134,-157.74144792,UAV 1,2,1:3001:2031,ENT72010,1:1:222:1:2:1:0,0,false,false,false,false,0
ENT72008,move to,LOC_중앙계곡,2026-08-09T09:04:22.000Z,21.37415823,-157.74143797,UAV 1,2,1:3001:1885,ENT72008,1:1:222:1:2:1:0,0,false,false,false,false,0
ENT72007,move to,LOC_중앙계곡,2026-08-09T09:04:22.000Z,21.37416005,-157.74149933,UAV 1,2,1:3001:1857,ENT72007,1:1:222:1:2:1:0,0,false,false,false,false,0
ENT72009,move to,LOC_중앙계곡,2026-08-09T09:04:22.000Z,21.37407217,-157.74150795,UAV 1,2,1:3001:1997,ENT72009,1:1:222:1:2:1:0,0,false,false,false,false,0
ENBTR80002,move to,LOC_중앙계곡,2026-08-09T09:04:22.000Z,21.37195598,-157.74049318,UAV 1,2,1:3001:2154,ENBTR80002,1:1:222:2:13:0:0,0,false,false,false,false,0
ENBTR60003,move to,LOC_중앙계곡,2026-08-09T09:04:22.000Z,21.37182019,-157.74059828,UAV 1,2,1:3001:1955,ENBTR60003,1:1:222:2:8:1:0,0,false,false,false,false,0
ENBTR60002,move to,LOC_중앙계곡,2026-08-09T09:04:22.000Z,21.37176065,-157.74065186,UAV 1,2,1:3001:2058,ENBTR60002,1:1:222:2:8:1:0,0,false,false,false,false,0
ENT72003,move to,LOC_중앙계곡,2026-08-09T09:04:22.000Z,21.37434154,-157.74148150,UAV 1,2,1:3001:1860,ENT72003,1:1:222:1:2:1:0,0,false,false,false,false,0
ENT72005,move to,LOC_중앙계곡,2026-08-09T09:04:22.000Z,21.37424372,-157.74149114,UAV 1,2,1:3001:1918,ENT72005,1:1:222:1:2:1:0,0,false,false,false,false,0
ENT72006,move to,LOC_중앙계곡,2026-08-09T09:04:22.000Z,21.37423870,-157.74143040,UAV 1,2,1:3001:2048,ENT72006,1:1:222:1:2:1:0,0,false,false,false,false,0
ENT72002,move to,LOC_중앙계곡,2026-08-09T09:04:22.000Z,21.37441426,-157.74141395,UAV 1,2,1:3001:1898,ENT72002,1:1:222:1:2:1:0,0,false,false,false,false,0
ENT72004,move to,LOC_중앙계곡,2026-08-09T09:04:22.000Z,21.37432266,-157.74142251,UAV 1,2,1:3001:2008,ENT72004,1:1:222:1:2:1:0,0,false,false,false,false,0
ENT72001,move to,LOC_중앙계곡,2026-08-09T09:04:22.000Z,21.37442562,-157.74147326,UAV 1,2,1:3001:1951,ENT72001,1:1:222:1:2:1:0,0,false,false,false,false,0
ENM35001,move to,LOC_적북측접근로,2026-08-09T09:04:22.000Z,21.37269022,-157.73596960,UAV 1,2,1:3001:2024,ENM35001,1:1:225:7:1:6:0,0,false,false,false,false,0
FRTRK1002,move to,LOC_남측제1방어선,2026-08-09T09:04:22.000Z,21.38782590,-157.74765144,UAV 1,1,1:3001:2123,FRTRK1002,1:1:225:7:12:0:0,0,false,false,false,false,0
ENM35003,move to,LOC_적북측접근로,2026-08-09T09:04:22.000Z,21.37271300,-157.73587154,UAV 1,2,1:3001:2164,ENM35003,1:1:225:7:1:6:0,0,false,false,false,false,0
FRTRK1005,move to,LOC_남측제1방어선,2026-08-09T09:04:22.000Z,21.38785706,-157.74787855,UAV 1,1,1:3001:2043,FRTRK1005,1:1:225:7:12:0:0,0,false,false,false,false,0
FRTRK1003,move to,LOC_남측제1방어선,2026-08-09T09:04:22.000Z,21.38780391,-157.74800826,UAV 1,1,1:3001:1884,FRTRK1003,1:1:225:7:12:0:0,0,false,false,false,false,0
FRLAV001,move to,LOC_중앙킬존남측,2026-08-09T09:04:22.000Z,21.38879234,-157.74553175,UAV 1,1,1:3001:2088,FRLAV001,1:1:39:2:6:1:0,0,false,false,false,false,0
FRLAV003,move to,LOC_중앙킬존남측,2026-08-09T09:04:22.000Z,21.38888566,-157.74565761,UAV 1,1,1:3001:2094,FRLAV003,1:1:39:2:6:1:0,0,false,false,false,false,0
FRTRK2002,move to,LOC_남측제1방어선,2026-08-09T09:04:22.000Z,21.38768685,-157.74823209,UAV 1,1,1:3001:2097,FRTRK2002,1:1:225:7:12:8:0,0,false,false,false,false,0
FRLAV005,move to,LOC_중앙킬존남측,2026-08-09T09:04:22.000Z,21.38896027,-157.74578622,UAV 1,1,1:3001:2117,FRLAV005,1:1:39:2:6:1:0,0,false,false,false,false,0
FRLAV004,move to,LOC_중앙킬존남측,2026-08-09T09:04:22.000Z,21.38892042,-157.74572206,UAV 1,1,1:3001:2155,FRLAV004,1:1:39:2:6:1:0,0,false,false,false,false,0
FRLAV006,move to,LOC_중앙킬존남측,2026-08-09T09:04:22.000Z,21.38899961,-157.74585057,UAV 1,1,1:3001:1966,FRLAV006,1:1:39:2:6:1:0,0,false,false,false,false,0
FRLAV008,move to,LOC_중앙킬존남측,2026-08-09T09:04:22.000Z,21.38907628,-157.74597989,UAV 1,1,1:3001:2016,FRLAV008,1:1:39:2:6:1:0,0,false,false,false,false,0
FRLAV007,move to,LOC_중앙킬존남측,2026-08-09T09:04:22.000Z,21.38903985,-157.74591503,UAV 1,1,1:3001:2127,FRLAV007,1:1:39:2:6:1:0,0,false,false,false,false,0
FRT69004,move to,LOC_중앙킬존남측,2026-08-09T09:04:22.000Z,21.38571349,-157.73791457,UAV 1,1,1:3001:2040,FRT69004,1:1:45:1:2:1:0,0,false,false,false,false,0
FRT69009,move to,LOC_중앙킬존남측,2026-08-09T09:04:22.000Z,21.38608919,-157.73786752,UAV 1,1,1:3001:2092,FRT69009,1:1:45:1:2:1:0,0,false,false,false,false,0
ENCAESAR002,move to,LOC_북측예비방어선,2026-08-09T09:04:24.000Z,21.37078337,-157.73656880,UAV 1,2,1:3001:1864,ENCAESAR002,1:1:71:4:0:0:0,0,false,false,false,false,0
ENT72012,move to,LOC_중앙계곡,2026-08-09T09:04:24.000Z,21.37416752,-157.74143782,UAV 1,2,1:3001:1865,ENT72012,1:1:222:1:2:1:0,0,false,false,false,false,0
ENBTR60001,move to,LOC_중앙계곡,2026-08-09T09:04:24.000Z,21.37190469,-157.74071342,UAV 1,2,1:3001:1872,ENBTR60001,1:1:222:2:8:1:0,0,false,false,false,false,0
ENMORT005,none,,2026-08-09T09:04:24.000Z,21.37457651,-157.73710572,UAV 1,2,1:3001:1877,ENMORT005,1:1:71:10:1:0:1,0,false,false,false,false,0
ENM1A2005,move to,LOC_중앙계곡,2026-08-09T09:04:24.000Z,21.37628563,-157.74194281,UAV 1,2,1:3001:1891,ENM1A2005,1:1:225:1:1:3:0,0,false,false,false,false,0
FRT69001,move to,LOC_중앙킬존남측,2026-08-09T09:04:24.000Z,21.38538661,-157.73813107,UAV 1,1,1:3001:1895,FRT69001,1:1:45:1:2:1:0,0,false,false,false,false,0
ENMORT004,none,,2026-08-09T09:04:24.000Z,21.37447596,-157.73706256,UAV 1,2,1:3001:1900,ENMORT004,1:1:71:10:1:0:1,0,false,false,false,false,0
ENGAZ001,move to,LOC_적북측접근로,2026-08-09T09:04:24.000Z,21.37257418,-157.73593458,UAV 1,2,1:3001:1924,ENGAZ001,1:1:222:7:8:0:0,0,false,false,false,false,0
ENBTR60006,move to,LOC_중앙계곡,2026-08-09T09:04:24.000Z,21.37192888,-157.74056483,UAV 1,2,1:3001:1933,ENBTR60006,1:1:222:2:8:1:0,0,false,false,false,false,0
ENBTR80004,move to,LOC_중앙계곡,2026-08-09T09:04:24.000Z,21.37201287,-157.74051451,UAV 1,2,1:3001:1949,ENBTR80004,1:1:222:2:13:0:0,0,false,false,false,false,0
ENBTR80001,move to,LOC_중앙계곡,2026-08-09T09:04:24.000Z,21.37210728,-157.74055883,UAV 1,2,1:3001:1967,ENBTR80001,1:1:222:2:13:0:0,0,false,false,false,false,0
ENCAESAR004,move to,LOC_북측예비방어선,2026-08-09T09:04:24.000Z,21.37123084,-157.73770849,UAV 1,2,1:3001:1968,ENCAESAR004,1:1:71:4:0:0:0,0,false,false,false,false,0
ENGAZ002,move to,LOC_적북측접근로,2026-08-09T09:04:24.000Z,21.37262092,-157.73600237,UAV 1,2,1:3001:1991,ENGAZ002,1:1:222:7:8:0:0,0,false,false,false,false,0
ENBTR80006,move to,LOC_중앙계곡,2026-08-09T09:04:24.000Z,21.37213169,-157.74041195,UAV 1,2,1:3001:1998,ENBTR80006,1:1:222:2:13:0:0,0,false,false,false,false,0
ENT72011,move to,LOC_중앙계곡,2026-08-09T09:04:24.000Z,21.37418465,-157.74149614,UAV 1,2,1:3001:2002,ENT72011,1:1:222:1:2:1:0,0,false,false,false,false,0
ENGAZ003,move to,LOC_적북측접근로,2026-08-09T09:04:24.000Z,21.37259280,-157.73585236,UAV 1,2,1:3001:2019,ENGAZ003,1:1:222:7:8:0:0,0,false,false,false,false,0
ENBTR80003,move to,LOC_중앙계곡,2026-08-09T09:04:24.000Z,21.37220090,-157.74045483,UAV 1,2,1:3001:2023,ENBTR80003,1:1:222:2:13:0:0,0,false,false,false,false,0
FRT80008,move to,LOC_중앙킬존남측,2026-08-09T09:04:24.000Z,21.38148869,-157.74789213,UAV 1,1,1:3001:2026,FRT80008,1:1:222:1:1:1:0,0,false,false,false,false,0
ENCAESAR003,move to,LOC_적북측접근로,2026-08-09T09:04:24.000Z,21.37029710,-157.73661464,UAV 1,2,1:3001:2052,ENCAESAR003,1:1:71:4:0:0:0,0,false,false,false,false,0
ENMORT001,none,,2026-08-09T09:04:24.000Z,21.37443553,-157.73716992,UAV 1,2,1:3001:2059,ENMORT001,1:1:71:10:1:0:1,0,false,false,false,false,0
ENBTR60007,move to,LOC_중앙계곡,2026-08-09T09:04:24.000Z,21.37174200,-157.74062637,UAV 1,2,1:3001:2085,ENBTR60007,1:1:222:2:8:1:0,0,false,false,false,false,0
ENBTR60008,move to,LOC_중앙계곡,2026-08-09T09:04:24.000Z,21.37178803,-157.74057335,UAV 1,2,1:3001:2096,ENBTR60008,1:1:222:2:8:1:0,0,false,false,false,false,0
ENBTR80007,move to,LOC_중앙계곡,2026-08-09T09:04:24.000Z,21.37191644,-157.74046957,UAV 1,2,1:3001:2098,ENBTR80007,1:1:222:2:13:0:0,0,false,false,false,false,0
ENMORT002,none,,2026-08-09T09:04:24.000Z,21.37453609,-157.73721308,UAV 1,2,1:3001:2104,ENMORT002,1:1:71:10:1:0:1,0,false,false,false,false,0
ENGAZ004,move to,LOC_적북측접근로,2026-08-09T09:04:24.000Z,21.37263765,-157.73592946,UAV 1,2,1:3001:2108,ENGAZ004,1:1:222:7:8:0:0,0,false,false,false,false,0
ENBTR80005,move to,LOC_중앙계곡,2026-08-09T09:04:24.000Z,21.37208128,-157.74046373,UAV 1,2,1:3001:2116,ENBTR80005,1:1:222:2:13:0:0,0,false,false,false,false,0
ENMIM001,move to,LOC_적북측접근로,2026-08-09T09:04:24.000Z,21.37072284,-157.73991413,UAV 1,2,1:3001:2125,ENMIM001,1:1:225:28:2:0:0,0,false,false,false,false,0
ENCAESAR001,move to,LOC_적북측접근로,2026-08-09T09:04:24.000Z,21.37061695,-157.73811293,UAV 1,2,1:3001:2130,ENCAESAR001,1:1:71:4:0:0:0,0,false,false,false,false,0
ENMORT003,none,,2026-08-09T09:04:24.000Z,21.37463664,-157.73725624,UAV 1,2,1:3001:2135,ENMORT003,1:1:71:10:1:0:1,0,false,false,false,false,0
ENBTR60005,move to,LOC_중앙계곡,2026-08-09T09:04:24.000Z,21.37187133,-157.74061718,UAV 1,2,1:3001:2172,ENBTR60005,1:1:222:2:8:1:0,0,false,false,false,false,0
ENT72010,move to,LOC_중앙계곡,2026-08-09T09:04:24.000Z,21.37425124,-157.74142996,UAV 1,2,1:3001:2031,ENT72010,1:1:222:1:2:1:0,0,false,false,false,false,0
ENT72008,move to,LOC_중앙계곡,2026-08-09T09:04:24.000Z,21.37436951,-157.74141900,UAV 1,2,1:3001:1885,ENT72008,1:1:222:1:2:1:0,0,false,false,false,false,0
ENT72009,move to,LOC_중앙계곡,2026-08-09T09:04:24.000Z,21.37427194,-157.74148757,UAV 1,2,1:3001:1997,ENT72009,1:1:222:1:2:1:0,0,false,false,false,false,0
ENBTR80002,move to,LOC_중앙계곡,2026-08-09T09:04:24.000Z,21.37215666,-157.74050694,UAV 1,2,1:3001:2154,ENBTR80002,1:1:222:2:13:0:0,0,false,false,false,false,0
ENBTR60003,move to,LOC_중앙계곡,2026-08-09T09:04:24.000Z,21.37201632,-157.74060868,UAV 1,2,1:3001:1955,ENBTR60003,1:1:222:2:8:1:0,0,false,false,false,false,0
ENBTR60002,move to,LOC_중앙계곡,2026-08-09T09:04:24.000Z,21.37195943,-157.74066087,UAV 1,2,1:3001:2058,ENBTR60002,1:1:222:2:8:1:0,0,false,false,false,false,0
ENT72006,move to,LOC_중앙계곡,2026-08-09T09:04:24.000Z,21.37445662,-157.74141085,UAV 1,2,1:3001:2048,ENT72006,1:1:222:1:2:1:0,0,false,false,false,false,0
ENT72002,move to,LOC_중앙계곡,2026-08-09T09:04:24.000Z,21.37461103,-157.74139632,UAV 1,2,1:3001:1898,ENT72002,1:1:222:1:2:1:0,0,false,false,false,false,0
ENT72004,move to,LOC_중앙계곡,2026-08-09T09:04:24.000Z,21.37453916,-157.74140311,UAV 1,2,1:3001:2008,ENT72004,1:1:222:1:2:1:0,0,false,false,false,false,0
ENM35001,move to,LOC_적북측접근로,2026-08-09T09:04:24.000Z,21.37264128,-157.73617730,UAV 1,2,1:3001:2024,ENM35001,1:1:225:7:1:6:0,0,false,false,false,false,0
FRTRK1002,move to,LOC_남측제1방어선,2026-08-09T09:04:24.000Z,21.38779265,-157.74741352,UAV 1,1,1:3001:2123,FRTRK1002,1:1:225:7:12:0:0,0,false,false,false,false,0
FRTRK1005,move to,LOC_남측제1방어선,2026-08-09T09:04:24.000Z,21.38783687,-157.74773405,UAV 1,1,1:3001:2043,FRTRK1005,1:1:225:7:12:0:0,0,false,false,false,false,0
FRTRK1003,move to,LOC_남측제1방어선,2026-08-09T09:04:24.000Z,21.38778399,-157.74785709,UAV 1,1,1:3001:1884,FRTRK1003,1:1:225:7:12:0:0,0,false,false,false,false,0
FRLAV001,move to,LOC_중앙킬존남측,2026-08-09T09:04:24.000Z,21.38859422,-157.74555373,UAV 1,1,1:3001:2088,FRLAV001,1:1:39:2:6:1:0,0,false,false,false,false,0
FRLAV003,move to,LOC_중앙킬존남측,2026-08-09T09:04:24.000Z,21.38868750,-157.74567624,UAV 1,1,1:3001:2094,FRLAV003,1:1:39:2:6:1:0,0,false,false,false,false,0
FRLAV005,move to,LOC_중앙킬존남측,2026-08-09T09:04:24.000Z,21.38876323,-157.74580145,UAV 1,1,1:3001:2117,FRLAV005,1:1:39:2:6:1:0,0,false,false,false,false,0
FRLAV004,move to,LOC_중앙킬존남측,2026-08-09T09:04:24.000Z,21.38872340,-157.74573893,UAV 1,1,1:3001:2155,FRLAV004,1:1:39:2:6:1:0,0,false,false,false,false,0
FRLAV006,move to,LOC_중앙킬존남측,2026-08-09T09:04:24.000Z,21.38880188,-157.74586422,UAV 1,1,1:3001:1966,FRLAV006,1:1:39:2:6:1:0,0,false,false,false,false,0
FRLAV008,move to,LOC_중앙킬존남측,2026-08-09T09:04:24.000Z,21.38888354,-157.74599005,UAV 1,1,1:3001:2016,FRLAV008,1:1:39:2:6:1:0,0,false,false,false,false,0
FRLAV007,move to,LOC_중앙킬존남측,2026-08-09T09:04:24.000Z,21.38884295,-157.74592702,UAV 1,1,1:3001:2127,FRLAV007,1:1:39:2:6:1:0,0,false,false,false,false,0
FRT69004,move to,LOC_중앙킬존남측,2026-08-09T09:04:24.000Z,21.38560983,-157.73809545,UAV 1,1,1:3001:2040,FRT69004,1:1:45:1:2:1:0,0,false,false,false,false,0
FRT69009,move to,LOC_중앙킬존남측,2026-08-09T09:04:24.000Z,21.38597779,-157.73804898,UAV 1,1,1:3001:2092,FRT69009,1:1:45:1:2:1:0,0,false,false,false,false,0
FRM113003,move to,LOC_중앙킬존남측,2026-08-09T09:04:24.000Z,21.38931074,-157.74716182,UAV 1,1,1:3001:1917,FRM113003,1:1:225:2:3:1:0,0,false,false,false,false,0
FRM113002,move to,LOC_중앙킬존남측,2026-08-09T09:04:24.000Z,21.38928988,-157.74709759,UAV 1,1,1:3001:1979,FRM113002,1:1:225:2:3:1:0,0,false,false,false,false,0
FRM113005,move to,LOC_중앙킬존남측,2026-08-09T09:04:24.000Z,21.38943286,-157.74729827,UAV 1,1,1:3001:2111,FRM113005,1:1:225:2:3:1:0,0,false,false,false,false,0
FRM113001,move to,LOC_중앙킬존남측,2026-08-09T09:04:24.000Z,21.38925140,-157.74703200,UAV 1,1,1:3001:2112,FRM113001,1:1:225:2:3:1:0,0,false,false,false,false,0
FRM113004,move to,LOC_중앙킬존남측,2026-08-09T09:04:24.000Z,21.38936103,-157.74722876,UAV 1,1,1:3001:2124,FRM113004,1:1:225:2:3:1:0,0,false,false,false,false,0
FRT69010,move to,LOC_중앙킬존남측,2026-08-09T09:04:24.000Z,21.38605541,-157.73803399,UAV 1,1,1:3001:2145,FRT69010,1:1:45:1:2:1:0,0,false,false,false,false,0
M933HE 6,fired_by,,2026-08-09T09:04:24.000Z,21.38553775,-157.73899769,UAV 1,2,1:3001:2187,M933HE 6,2:9:225:2:11:1:0,0,false,false,false,false,0
ENCAESAR002,move to,LOC_북측예비방어선,2026-08-09T09:04:26.000Z,21.37085812,-157.73675714,UAV 1,2,1:3001:1864,ENCAESAR002,1:1:71:4:0:0:0,0,false,false,false,false,0
ENT72012,move to,LOC_중앙계곡,2026-08-09T09:04:26.000Z,21.37435721,-157.74142077,UAV 1,2,1:3001:1865,ENT72012,1:1:222:1:2:1:0,0,false,false,false,false,0
ENMORT005,none,,2026-08-09T09:04:26.000Z,21.37457651,-157.73710572,UAV 1,2,1:3001:1877,ENMORT005,1:1:71:10:1:0:1,0,false,false,false,false,0
ENM1A2005,move to,LOC_중앙계곡,2026-08-09T09:04:26.000Z,21.37645731,-157.74188599,UAV 1,2,1:3001:1891,ENM1A2005,1:1:225:1:1:3:0,0,false,false,false,false,0
ENMORT004,none,,2026-08-09T09:04:26.000Z,21.37447596,-157.73706256,UAV 1,2,1:3001:1900,ENMORT004,1:1:71:10:1:0:1,0,false,false,false,false,0
ENGAZ001,move to,LOC_적북측접근로,2026-08-09T09:04:26.000Z,21.37253438,-157.73612035,UAV 1,2,1:3001:1924,ENGAZ001,1:1:222:7:8:0:0,0,false,false,false,false,0
ENBTR60006,move to,LOC_중앙계곡,2026-08-09T09:04:26.000Z,21.37210928,-157.74057537,UAV 1,2,1:3001:1933,ENBTR60006,1:1:222:2:8:1:0,0,false,false,false,false,0
ENBTR80004,move to,LOC_중앙계곡,2026-08-09T09:04:26.000Z,21.37219342,-157.74052645,UAV 1,2,1:3001:1949,ENBTR80004,1:1:222:2:13:0:0,0,false,false,false,false,0
ENBTR80001,move to,LOC_중앙계곡,2026-08-09T09:04:26.000Z,21.37229185,-157.74057004,UAV 1,2,1:3001:1967,ENBTR80001,1:1:222:2:13:0:0,0,false,false,false,false,0
ENCAESAR004,move to,LOC_북측예비방어선,2026-08-09T09:04:26.000Z,21.37129491,-157.73786957,UAV 1,2,1:3001:1968,ENCAESAR004,1:1:71:4:0:0:0,0,false,false,false,false,0
ENGAZ002,move to,LOC_적북측접근로,2026-08-09T09:04:26.000Z,21.37257915,-157.73618806,UAV 1,2,1:3001:1991,ENGAZ002,1:1:222:7:8:0:0,0,false,false,false,false,0
ENBTR80006,move to,LOC_중앙계곡,2026-08-09T09:04:26.000Z,21.37231197,-157.74042670,UAV 1,2,1:3001:1998,ENBTR80006,1:1:222:2:13:0:0,0,false,false,false,false,0
ENGAZ003,move to,LOC_적북측접근로,2026-08-09T09:04:26.000Z,21.37255341,-157.73603610,UAV 1,2,1:3001:2019,ENGAZ003,1:1:222:7:8:0:0,0,false,false,false,false,0
ENBTR80003,move to,LOC_중앙계곡,2026-08-09T09:04:26.000Z,21.37238079,-157.74046858,UAV 1,2,1:3001:2023,ENBTR80003,1:1:222:2:13:0:0,0,false,false,false,false,0
FRT80008,move to,LOC_중앙킬존남측,2026-08-09T09:04:26.000Z,21.38141139,-157.74771549,UAV 1,1,1:3001:2026,FRT80008,1:1:222:1:1:1:0,0,false,false,false,false,0
ENCAESAR003,move to,LOC_적북측접근로,2026-08-09T09:04:26.000Z,21.37033716,-157.73681336,UAV 1,2,1:3001:2052,ENCAESAR003,1:1:71:4:0:0:0,0,false,false,false,false,0
ENMORT001,none,,2026-08-09T09:04:26.000Z,21.37443553,-157.73716992,UAV 1,2,1:3001:2059,ENMORT001,1:1:71:10:1:0:1,0,false,false,false,false,0
ENBTR60007,move to,LOC_중앙계곡,2026-08-09T09:04:26.000Z,21.37192227,-157.74063511,UAV 1,2,1:3001:2085,ENBTR60007,1:1:222:2:8:1:0,0,false,false,false,false,0
ENBTR60008,move to,LOC_중앙계곡,2026-08-09T09:04:26.000Z,21.37196798,-157.74058346,UAV 1,2,1:3001:2096,ENBTR60008,1:1:222:2:8:1:0,0,false,false,false,false,0
ENBTR80007,move to,LOC_중앙계곡,2026-08-09T09:04:26.000Z,21.37209638,-157.74048242,UAV 1,2,1:3001:2098,ENBTR80007,1:1:222:2:13:0:0,0,false,false,false,false,0
ENMORT002,none,,2026-08-09T09:04:26.000Z,21.37453609,-157.73721308,UAV 1,2,1:3001:2104,ENMORT002,1:1:71:10:1:0:1,0,false,false,false,false,0
ENGAZ004,move to,LOC_적북측접근로,2026-08-09T09:04:26.000Z,21.37259645,-157.73611260,UAV 1,2,1:3001:2108,ENGAZ004,1:1:222:7:8:0:0,0,false,false,false,false,0
ENBTR80005,move to,LOC_중앙계곡,2026-08-09T09:04:26.000Z,21.37226242,-157.74047712,UAV 1,2,1:3001:2116,ENBTR80005,1:1:222:2:13:0:0,0,false,false,false,false,0
ENMIM001,move to,LOC_적북측접근로,2026-08-09T09:04:26.000Z,21.37077848,-157.74008138,UAV 1,2,1:3001:2125,ENMIM001,1:1:225:28:2:0:0,0,false,false,false,false,0
ENCAESAR001,move to,LOC_적북측접근로,2026-08-09T09:04:26.000Z,21.37065412,-157.73830190,UAV 1,2,1:3001:2130,ENCAESAR001,1:1:71:4:0:0:0,0,false,false,false,false,0
ENMORT003,none,,2026-08-09T09:04:26.000Z,21.37463664,-157.73725624,UAV 1,2,1:3001:2135,ENMORT003,1:1:71:10:1:0:1,0,false,false,false,false,0
ENBTR60005,move to,LOC_중앙계곡,2026-08-09T09:04:26.000Z,21.37205114,-157.74062632,UAV 1,2,1:3001:2172,ENBTR60005,1:1:222:2:8:1:0,0,false,false,false,false,0
ENT72010,move to,LOC_중앙계곡,2026-08-09T09:04:26.000Z,21.37444926,-157.74141217,UAV 1,2,1:3001:2031,ENT72010,1:1:222:1:2:1:0,0,false,false,false,false,0
ENT72008,move to,LOC_중앙계곡,2026-08-09T09:04:26.000Z,21.37456185,-157.74140173,UAV 1,2,1:3001:1885,ENT72008,1:1:222:1:2:1:0,0,false,false,false,false,0
ENBTR80002,move to,LOC_중앙계곡,2026-08-09T09:04:26.000Z,21.37233728,-157.74051932,UAV 1,2,1:3001:2154,ENBTR80002,1:1:222:2:13:0:0,0,false,false,false,false,0
ENBTR60003,move to,LOC_중앙계곡,2026-08-09T09:04:26.000Z,21.37219479,-157.74061814,UAV 1,2,1:3001:1955,ENBTR60003,1:1:222:2:8:1:0,0,false,false,false,false,0
ENT72006,move to,LOC_중앙계곡,2026-08-09T09:04:26.000Z,21.37463074,-157.74139523,UAV 1,2,1:3001:2048,ENT72006,1:1:222:1:2:1:0,0,false,false,false,false,0
ENT72002,move to,LOC_중앙계곡,2026-08-09T09:04:26.000Z,21.37477678,-157.74138148,UAV 1,2,1:3001:1898,ENT72002,1:1:222:1:2:1:0,0,false,false,false,false,0
ENT72004,move to,LOC_중앙계곡,2026-08-09T09:04:26.000Z,21.37470069,-157.74138863,UAV 1,2,1:3001:2008,ENT72004,1:1:222:1:2:1:0,0,false,false,false,false,0
ENM35001,move to,LOC_적북측접근로,2026-08-09T09:04:26.000Z,21.37259698,-157.73636531,UAV 1,2,1:3001:2024,ENM35001,1:1:225:7:1:6:0,0,false,false,false,false,0
FRTRK1002,move to,LOC_남측제1방어선,2026-08-09T09:04:26.000Z,21.38776358,-157.74720551,UAV 1,1,1:3001:2123,FRTRK1002,1:1:225:7:12:0:0,0,false,false,false,false,0
FRTRK1005,move to,LOC_남측제1방어선,2026-08-09T09:04:26.000Z,21.38781579,-157.74758311,UAV 1,1,1:3001:2043,FRTRK1005,1:1:225:7:12:0:0,0,false,false,false,false,0
FRTRK1003,move to,LOC_남측제1방어선,2026-08-09T09:04:26.000Z,21.38776384,-157.74770413,UAV 1,1,1:3001:1884,FRTRK1003,1:1:225:7:12:0:0,0,false,false,false,false,0
FRLAV001,move to,LOC_중앙킬존남측,2026-08-09T09:04:26.000Z,21.38841216,-157.74557394,UAV 1,1,1:3001:2088,FRLAV001,1:1:39:2:6:1:0,0,false,false,false,false,0
FRLAV003,move to,LOC_중앙킬존남측,2026-08-09T09:04:26.000Z,21.38850738,-157.74569318,UAV 1,1,1:3001:2094,FRLAV003,1:1:39:2:6:1:0,0,false,false,false,false,0
FRLAV005,move to,LOC_중앙킬존남측,2026-08-09T09:04:26.000Z,21.38858309,-157.74581538,UAV 1,1,1:3001:2117,FRLAV005,1:1:39:2:6:1:0,0,false,false,false,false,0
FRLAV004,move to,LOC_중앙킬존남측,2026-08-09T09:04:26.000Z,21.38854311,-157.74575437,UAV 1,1,1:3001:2155,FRLAV004,1:1:39:2:6:1:0,0,false,false,false,false,0
FRLAV006,move to,LOC_중앙킬존남측,2026-08-09T09:04:26.000Z,21.38862335,-157.74587655,UAV 1,1,1:3001:1966,FRLAV006,1:1:39:2:6:1:0,0,false,false,false,false,0
FRLAV008,move to,LOC_중앙킬존남측,2026-08-09T09:04:26.000Z,21.38870215,-157.74599961,UAV 1,1,1:3001:2016,FRLAV008,1:1:39:2:6:1:0,0,false,false,false,false,0
FRLAV007,move to,LOC_중앙킬존남측,2026-08-09T09:04:26.000Z,21.38866465,-157.74593787,UAV 1,1,1:3001:2127,FRLAV007,1:1:39:2:6:1:0,0,false,false,false,false,0
FRM113003,move to,LOC_중앙킬존남측,2026-08-09T09:04:26.000Z,21.38912825,-157.74714571,UAV 1,1,1:3001:1917,FRM113003,1:1:225:2:3:1:0,0,false,false,false,false,0
FRM113002,move to,LOC_중앙킬존남측,2026-08-09T09:04:26.000Z,21.38911122,-157.74708313,UAV 1,1,1:3001:1979,FRM113002,1:1:225:2:3:1:0,0,false,false,false,false,0
FRM113005,move to,LOC_중앙킬존남측,2026-08-09T09:04:26.000Z,21.38925040,-157.74727948,UAV 1,1,1:3001:2111,FRM113005,1:1:225:2:3:1:0,0,false,false,false,false,0
FRM113001,move to,LOC_중앙킬존남측,2026-08-09T09:04:26.000Z,21.38906753,-157.74701849,UAV 1,1,1:3001:2112,FRM113001,1:1:225:2:3:1:0,0,false,false,false,false,0
FRM113004,move to,LOC_중앙킬존남측,2026-08-09T09:04:26.000Z,21.38917415,-157.74721088,UAV 1,1,1:3001:2124,FRM113004,1:1:225:2:3:1:0,0,false,false,false,false,0
FRTRK2004,move to,LOC_남측제1방어선,2026-08-09T09:04:26.000Z,21.38767190,-157.74809237,UAV 1,1,1:3001:1846,FRTRK2004,1:1:225:7:12:8:0,0,false,false,false,false,0
FRM113007,move to,LOC_중앙킬존남측,2026-08-09T09:04:26.000Z,21.38932109,-157.74740930,UAV 1,1,1:3001:1977,FRM113007,1:1:225:2:3:1:0,0,false,false,false,false,0
FRM113006,move to,LOC_중앙킬존남측,2026-08-09T09:04:26.000Z,21.38928326,-157.74734406,UAV 1,1,1:3001:2027,FRM113006,1:1:225:2:3:1:0,0,false,false,false,false,0
FRTRK2002,move to,LOC_남측제1방어선,2026-08-09T09:04:26.000Z,21.38767705,-157.74814743,UAV 1,1,1:3001:2097,FRTRK2002,1:1:225:7:12:8:0,0,false,false,false,false,0
ENBTR60004,move to,LOC_중앙계곡,2026-08-09T09:04:26.000Z,21.37199002,-157.74067743,UAV 1,2,1:3001:2142,ENBTR60004,1:1:222:2:8:1:0,0,false,false,false,false,0
M933HE 1,fired_by,,2026-08-09T09:04:26.000Z,21.38393316,-157.74498566,UAV 1,2,1:3001:2182,M933HE 1,2:9:225:2:11:1:0,0,false,false,false,false,0
M933HE 5,fired_by,,2026-08-09T09:04:26.000Z,21.38375676,-157.74467839,UAV 1,2,1:3001:2186,M933HE 5,2:9:225:2:11:1:0,0,false,false,false,false,0
ENCAESAR002,move to,LOC_북측예비방어선,2026-08-09T09:04:27.000Z,21.37092866,-157.73693489,UAV 1,2,1:3001:1864,ENCAESAR002,1:1:71:4:0:0:0,0,false,false,false,false,0
ENT72012,move to,LOC_중앙계곡,2026-08-09T09:04:27.000Z,21.37455585,-157.74140290,UAV 1,2,1:3001:1865,ENT72012,1:1:222:1:2:1:0,0,false,false,false,false,0
ENMORT005,none,,2026-08-09T09:04:27.000Z,21.37457651,-157.73710572,UAV 1,2,1:3001:1877,ENMORT005,1:1:71:10:1:0:1,0,false,false,false,false,0
ENM1A2005,move to,LOC_중앙계곡,2026-08-09T09:04:27.000Z,21.37663206,-157.74182815,UAV 1,2,1:3001:1891,ENM1A2005,1:1:225:1:1:3:0,0,false,false,false,false,0
ENMORT004,none,,2026-08-09T09:04:27.000Z,21.37447596,-157.73706256,UAV 1,2,1:3001:1900,ENMORT004,1:1:71:10:1:0:1,0,false,false,false,false,0
ENGAZ001,move to,LOC_적북측접근로,2026-08-09T09:04:27.000Z,21.37249209,-157.73631777,UAV 1,2,1:3001:1924,ENGAZ001,1:1:222:7:8:0:0,0,false,false,false,false,0
ENBTR60006,move to,LOC_중앙계곡,2026-08-09T09:04:27.000Z,21.37229982,-157.74058650,UAV 1,2,1:3001:1933,ENBTR60006,1:1:222:2:8:1:0,0,false,false,false,false,0
ENBTR80004,move to,LOC_중앙계곡,2026-08-09T09:04:27.000Z,21.37238206,-157.74053892,UAV 1,2,1:3001:1949,ENBTR80004,1:1:222:2:13:0:0,0,false,false,false,false,0
ENBTR80001,move to,LOC_중앙계곡,2026-08-09T09:04:27.000Z,21.37247927,-157.74058142,UAV 1,2,1:3001:1967,ENBTR80001,1:1:222:2:13:0:0,0,false,false,false,false,0
ENCAESAR004,move to,LOC_북측예비방어선,2026-08-09T09:04:27.000Z,21.37137501,-157.73807092,UAV 1,2,1:3001:1968,ENCAESAR004,1:1:71:4:0:0:0,0,false,false,false,false,0
ENGAZ002,move to,LOC_적북측접근로,2026-08-09T09:04:27.000Z,21.37253481,-157.73638522,UAV 1,2,1:3001:1991,ENGAZ002,1:1:222:7:8:0:0,0,false,false,false,false,0
ENBTR80006,move to,LOC_중앙계곡,2026-08-09T09:04:27.000Z,21.37249881,-157.74044199,UAV 1,2,1:3001:1998,ENBTR80006,1:1:222:2:13:0:0,0,false,false,false,false,0
ENGAZ003,move to,LOC_적북측접근로,2026-08-09T09:04:27.000Z,21.37251161,-157.73623106,UAV 1,2,1:3001:2019,ENGAZ003,1:1:222:7:8:0:0,0,false,false,false,false,0
ENBTR80003,move to,LOC_중앙계곡,2026-08-09T09:04:27.000Z,21.37256882,-157.74048296,UAV 1,2,1:3001:2023,ENBTR80003,1:1:222:2:13:0:0,0,false,false,false,false,0
FRT80008,move to,LOC_중앙킬존남측,2026-08-09T09:04:27.000Z,21.38133132,-157.74753252,UAV 1,1,1:3001:2026,FRT80008,1:1:222:1:1:1:0,0,false,false,false,false,0
ENCAESAR003,move to,LOC_적북측접근로,2026-08-09T09:04:27.000Z,21.37037635,-157.73700778,UAV 1,2,1:3001:2052,ENCAESAR003,1:1:71:4:0:0:0,0,false,false,false,false,0
ENMORT001,none,,2026-08-09T09:04:27.000Z,21.37443553,-157.73716992,UAV 1,2,1:3001:2059,ENMORT001,1:1:71:10:1:0:1,0,false,false,false,false,0
ENBTR60007,move to,LOC_중앙계곡,2026-08-09T09:04:27.000Z,21.37210666,-157.74064406,UAV 1,2,1:3001:2085,ENBTR60007,1:1:222:2:8:1:0,0,false,false,false,false,0
ENBTR60008,move to,LOC_중앙계곡,2026-08-09T09:04:27.000Z,21.37215571,-157.74059400,UAV 1,2,1:3001:2096,ENBTR60008,1:1:222:2:8:1:0,0,false,false,false,false,0
ENBTR80007,move to,LOC_중앙계곡,2026-08-09T09:04:27.000Z,21.37228405,-157.74049583,UAV 1,2,1:3001:2098,ENBTR80007,1:1:222:2:13:0:0,0,false,false,false,false,0
ENMORT002,none,,2026-08-09T09:04:27.000Z,21.37453609,-157.73721308,UAV 1,2,1:3001:2104,ENMORT002,1:1:71:10:1:0:1,0,false,false,false,false,0
ENGAZ004,move to,LOC_적북측접근로,2026-08-09T09:04:27.000Z,21.37255260,-157.73630753,UAV 1,2,1:3001:2108,ENGAZ004,1:1:222:7:8:0:0,0,false,false,false,false,0
ENBTR80005,move to,LOC_중앙계곡,2026-08-09T09:04:27.000Z,21.37244977,-157.74049098,UAV 1,2,1:3001:2116,ENBTR80005,1:1:222:2:13:0:0,0,false,false,false,false,0
ENMIM001,move to,LOC_적북측접근로,2026-08-09T09:04:27.000Z,21.37083659,-157.74025604,UAV 1,2,1:3001:2125,ENMIM001,1:1:225:28:2:0:0,0,false,false,false,false,0
ENCAESAR001,move to,LOC_적북측접근로,2026-08-09T09:04:27.000Z,21.37069123,-157.73849060,UAV 1,2,1:3001:2130,ENCAESAR001,1:1:71:4:0:0:0,0,false,false,false,false,0
ENMORT003,none,,2026-08-09T09:04:27.000Z,21.37463664,-157.73725624,UAV 1,2,1:3001:2135,ENMORT003,1:1:71:10:1:0:1,0,false,false,false,false,0
ENBTR60005,move to,LOC_중앙계곡,2026-08-09T09:04:27.000Z,21.37224057,-157.74063594,UAV 1,2,1:3001:2172,ENBTR60005,1:1:222:2:8:1:0,0,false,false,false,false,0
ENT72010,move to,LOC_중앙계곡,2026-08-09T09:04:27.000Z,21.37463739,-157.74139526,UAV 1,2,1:3001:2031,ENT72010,1:1:222:1:2:1:0,0,false,false,false,false,0
ENT72008,move to,LOC_중앙계곡,2026-08-09T09:04:27.000Z,21.37472982,-157.74138665,UAV 1,2,1:3001:1885,ENT72008,1:1:222:1:2:1:0,0,false,false,false,false,0
ENBTR80002,move to,LOC_중앙계곡,2026-08-09T09:04:27.000Z,21.37252632,-157.74053229,UAV 1,2,1:3001:2154,ENBTR80002,1:1:222:2:13:0:0,0,false,false,false,false,0
ENBTR60003,move to,LOC_중앙계곡,2026-08-09T09:04:27.000Z,21.37238877,-157.74062842,UAV 1,2,1:3001:1955,ENBTR60003,1:1:222:2:8:1:0,0,false,false,false,false,0
ENT72006,move to,LOC_중앙계곡,2026-08-09T09:04:27.000Z,21.37480307,-157.74137976,UAV 1,2,1:3001:2048,ENT72006,1:1:222:1:2:1:0,0,false,false,false,false,0
ENT72002,move to,LOC_중앙계곡,2026-08-09T09:04:27.000Z,21.37496446,-157.74136467,UAV 1,2,1:3001:1898,ENT72002,1:1:222:1:2:1:0,0,false,false,false,false,0
ENT72004,move to,LOC_중앙계곡,2026-08-09T09:04:27.000Z,21.37488091,-157.74137247,UAV 1,2,1:3001:2008,ENT72004,1:1:222:1:2:1:0,0,false,false,false,false,0
ENM35001,move to,LOC_적북측접근로,2026-08-09T09:04:27.000Z,21.37255115,-157.73655975,UAV 1,2,1:3001:2024,ENM35001,1:1:225:7:1:6:0,0,false,false,false,false,0
FRTRK1002,move to,LOC_남측제1방어선,2026-08-09T09:04:27.000Z,21.38773779,-157.74702098,UAV 1,1,1:3001:2123,FRTRK1002,1:1:225:7:12:0:0,0,false,false,false,false,0
FRTRK1005,move to,LOC_남측제1방어선,2026-08-09T09:04:27.000Z,21.38778643,-157.74737295,UAV 1,1,1:3001:2043,FRTRK1005,1:1:225:7:12:0:0,0,false,false,false,false,0
FRTRK1003,move to,LOC_남측제1방어선,2026-08-09T09:04:27.000Z,21.38773722,-157.74750215,UAV 1,1,1:3001:1884,FRTRK1003,1:1:225:7:12:0:0,0,false,false,false,false,0
FRLAV001,move to,LOC_중앙킬존남측,2026-08-09T09:04:27.000Z,21.38821229,-157.74559611,UAV 1,1,1:3001:2088,FRLAV001,1:1:39:2:6:1:0,0,false,false,false,false,0
FRLAV003,move to,LOC_중앙킬존남측,2026-08-09T09:04:27.000Z,21.38831001,-157.74571173,UAV 1,1,1:3001:2094,FRLAV003,1:1:39:2:6:1:0,0,false,false,false,false,0
FRLAV004,move to,LOC_중앙킬존남측,2026-08-09T09:04:27.000Z,21.38834576,-157.74577128,UAV 1,1,1:3001:2155,FRLAV004,1:1:39:2:6:1:0,0,false,false,false,false,0
FRLAV006,move to,LOC_중앙킬존남측,2026-08-09T09:04:27.000Z,21.38842489,-157.74589026,UAV 1,1,1:3001:1966,FRLAV006,1:1:39:2:6:1:0,0,false,false,false,false,0
FRLAV008,move to,LOC_중앙킬존남측,2026-08-09T09:04:27.000Z,21.38850299,-157.74601011,UAV 1,1,1:3001:2016,FRLAV008,1:1:39:2:6:1:0,0,false,false,false,false,0
FRLAV007,move to,LOC_중앙킬존남측,2026-08-09T09:04:27.000Z,21.38846599,-157.74594996,UAV 1,1,1:3001:2127,FRLAV007,1:1:39:2:6:1:0,0,false,false,false,false,0
FRM113003,move to,LOC_중앙킬존남측,2026-08-09T09:04:27.000Z,21.38894898,-157.74712987,UAV 1,1,1:3001:1917,FRM113003,1:1:225:2:3:1:0,0,false,false,false,false,0
FRM113002,move to,LOC_중앙킬존남측,2026-08-09T09:04:27.000Z,21.38892280,-157.74706788,UAV 1,1,1:3001:1979,FRM113002,1:1:225:2:3:1:0,0,false,false,false,false,0
FRM113001,move to,LOC_중앙킬존남측,2026-08-09T09:04:27.000Z,21.38888379,-157.74700498,UAV 1,1,1:3001:2112,FRM113001,1:1:225:2:3:1:0,0,false,false,false,false,0
FRTRK2004,move to,LOC_남측제1방어선,2026-08-09T09:04:27.000Z,21.38766265,-157.74801259,UAV 1,1,1:3001:1846,FRTRK2004,1:1:225:7:12:8:0,0,false,false,false,false,0
FRM113007,move to,LOC_중앙킬존남측,2026-08-09T09:04:27.000Z,21.38911991,-157.74738569,UAV 1,1,1:3001:1977,FRM113007,1:1:225:2:3:1:0,0,false,false,false,false,0
FRM113006,move to,LOC_중앙킬존남측,2026-08-09T09:04:27.000Z,21.38908761,-157.74732250,UAV 1,1,1:3001:2027,FRM113006,1:1:225:2:3:1:0,0,false,false,false,false,0
FRTRK2002,move to,LOC_남측제1방어선,2026-08-09T09:04:27.000Z,21.38767216,-157.74810522,UAV 1,1,1:3001:2097,FRTRK2002,1:1:225:7:12:8:0,0,false,false,false,false,0
M933HE 1,fired_by,,2026-08-09T09:04:27.000Z,21.38475583,-157.74567855,UAV 1,2,1:3001:2182,M933HE 1,2:9:225:2:11:1:0,0,false,false,false,false,0
M933HE 5,fired_by,,2026-08-09T09:04:27.000Z,21.38457633,-157.74533864,UAV 1,2,1:3001:2186,M933HE 5,2:9:225:2:11:1:0,0,false,false,false,false,0
M933HE 3,fired_by,,2026-08-09T09:04:27.000Z,21.37422000,-157.73727752,UAV 1,1,1:3001:2184,M933HE 3,2:9:225:2:11:1:0,0,false,false,false,false,0
M933HE 7,fired_by,,2026-08-09T09:04:27.000Z,21.37154163,-157.74144489,UAV 1,1,1:3001:2188,M933HE 7,2:9:225:2:11:1:0,0,false,false,false,false,0
ENCAESAR002,move to,LOC_북측예비방어선,2026-08-09T09:04:29.000Z,21.37099990,-157.73711438,UAV 1,2,1:3001:1864,ENCAESAR002,1:1:71:4:0:0:0,0,false,false,false,false,0
ENT72012,move to,LOC_중앙계곡,2026-08-09T09:04:29.000Z,21.37472545,-157.74138765,UAV 1,2,1:3001:1865,ENT72012,1:1:222:1:2:1:0,0,false,false,false,false,0
ENMORT005,none,,2026-08-09T09:04:29.000Z,21.37457651,-157.73710572,UAV 1,2,1:3001:1877,ENMORT005,1:1:71:10:1:0:1,0,false,false,false,false,0
ENM1A2005,move to,LOC_중앙계곡,2026-08-09T09:04:29.000Z,21.37679836,-157.74177311,UAV 1,2,1:3001:1891,ENM1A2005,1:1:225:1:1:3:0,0,false,false,false,false,0
ENMORT004,none,,2026-08-09T09:04:29.000Z,21.37447596,-157.73706256,UAV 1,2,1:3001:1900,ENMORT004,1:1:71:10:1:0:1,0,false,false,false,false,0
ENGAZ001,move to,LOC_적북측접근로,2026-08-09T09:04:29.000Z,21.37245237,-157.73650314,UAV 1,2,1:3001:1924,ENGAZ001,1:1:222:7:8:0:0,0,false,false,false,false,0
ENBTR60006,move to,LOC_중앙계곡,2026-08-09T09:04:29.000Z,21.37248534,-157.74059734,UAV 1,2,1:3001:1933,ENBTR60006,1:1:222:2:8:1:0,0,false,false,false,false,0
ENBTR80004,move to,LOC_중앙계곡,2026-08-09T09:04:29.000Z,21.37256226,-157.74055084,UAV 1,2,1:3001:1949,ENBTR80004,1:1:222:2:13:0:0,0,false,false,false,false,0
ENBTR80001,move to,LOC_중앙계곡,2026-08-09T09:04:29.000Z,21.37265874,-157.74059232,UAV 1,2,1:3001:1967,ENBTR80001,1:1:222:2:13:0:0,0,false,false,false,false,0
ENCAESAR004,move to,LOC_북측예비방어선,2026-08-09T09:04:29.000Z,21.37143748,-157.73822796,UAV 1,2,1:3001:1968,ENCAESAR004,1:1:71:4:0:0:0,0,false,false,false,false,0
ENGAZ002,move to,LOC_적북측접근로,2026-08-09T09:04:29.000Z,21.37249330,-157.73656977,UAV 1,2,1:3001:1991,ENGAZ002,1:1:222:7:8:0:0,0,false,false,false,false,0
ENBTR80006,move to,LOC_중앙계곡,2026-08-09T09:04:29.000Z,21.37268106,-157.74045690,UAV 1,2,1:3001:1998,ENBTR80006,1:1:222:2:13:0:0,0,false,false,false,false,0
ENGAZ003,move to,LOC_적북측접근로,2026-08-09T09:04:29.000Z,21.37247175,-157.73641695,UAV 1,2,1:3001:2019,ENGAZ003,1:1:222:7:8:0:0,0,false,false,false,false,0
ENBTR80003,move to,LOC_중앙계곡,2026-08-09T09:04:29.000Z,21.37274786,-157.74049666,UAV 1,2,1:3001:2023,ENBTR80003,1:1:222:2:13:0:0,0,false,false,false,false,0
FRT80008,move to,LOC_중앙킬존남측,2026-08-09T09:04:29.000Z,21.38125546,-157.74735918,UAV 1,1,1:3001:2026,FRT80008,1:1:222:1:1:1:0,0,false,false,false,false,0
ENCAESAR003,move to,LOC_적북측접근로,2026-08-09T09:04:29.000Z,21.37041166,-157.73718293,UAV 1,2,1:3001:2052,ENCAESAR003,1:1:71:4:0:0:0,0,false,false,false,false,0
ENMORT001,none,,2026-08-09T09:04:29.000Z,21.37443553,-157.73716992,UAV 1,2,1:3001:2059,ENMORT001,1:1:71:10:1:0:1,0,false,false,false,false,0
ENBTR60007,move to,LOC_중앙계곡,2026-08-09T09:04:29.000Z,21.37228480,-157.74065270,UAV 1,2,1:3001:2085,ENBTR60007,1:1:222:2:8:1:0,0,false,false,false,false,0
ENBTR60008,move to,LOC_중앙계곡,2026-08-09T09:04:29.000Z,21.37233808,-157.74060424,UAV 1,2,1:3001:2096,ENBTR60008,1:1:222:2:8:1:0,0,false,false,false,false,0
ENBTR80007,move to,LOC_중앙계곡,2026-08-09T09:04:29.000Z,21.37246226,-157.74050856,UAV 1,2,1:3001:2098,ENBTR80007,1:1:222:2:13:0:0,0,false,false,false,false,0
ENMORT002,none,,2026-08-09T09:04:29.000Z,21.37453609,-157.73721308,UAV 1,2,1:3001:2104,ENMORT002,1:1:71:10:1:0:1,0,false,false,false,false,0
ENGAZ004,move to,LOC_적북측접근로,2026-08-09T09:04:29.000Z,21.37251091,-157.73649280,UAV 1,2,1:3001:2108,ENGAZ004,1:1:222:7:8:0:0,0,false,false,false,false,0
ENBTR80005,move to,LOC_중앙계곡,2026-08-09T09:04:29.000Z,21.37263110,-157.74050438,UAV 1,2,1:3001:2116,ENBTR80005,1:1:222:2:13:0:0,0,false,false,false,false,0
ENMIM001,move to,LOC_적북측접근로,2026-08-09T09:04:29.000Z,21.37089258,-157.74042435,UAV 1,2,1:3001:2125,ENMIM001,1:1:225:28:2:0:0,0,false,false,false,false,0
ENCAESAR001,move to,LOC_적북측접근로,2026-08-09T09:04:29.000Z,21.37073227,-157.73869923,UAV 1,2,1:3001:2130,ENCAESAR001,1:1:71:4:0:0:0,0,false,false,false,false,0
ENMORT003,none,,2026-08-09T09:04:29.000Z,21.37463664,-157.73725624,UAV 1,2,1:3001:2135,ENMORT003,1:1:71:10:1:0:1,0,false,false,false,false,0
ENBTR60005,move to,LOC_중앙계곡,2026-08-09T09:04:29.000Z,21.37242687,-157.74064540,UAV 1,2,1:3001:2172,ENBTR60005,1:1:222:2:8:1:0,0,false,false,false,false,0
ENT72010,move to,LOC_중앙계곡,2026-08-09T09:04:29.000Z,21.37480916,-157.74137983,UAV 1,2,1:3001:2031,ENT72010,1:1:222:1:2:1:0,0,false,false,false,false,0
ENT72008,move to,LOC_중앙계곡,2026-08-09T09:04:29.000Z,21.37491533,-157.74136999,UAV 1,2,1:3001:1885,ENT72008,1:1:222:1:2:1:0,0,false,false,false,false,0
ENBTR80002,move to,LOC_중앙계곡,2026-08-09T09:04:29.000Z,21.37270344,-157.74054443,UAV 1,2,1:3001:2154,ENBTR80002,1:1:222:2:13:0:0,0,false,false,false,false,0
ENBTR60003,move to,LOC_중앙계곡,2026-08-09T09:04:29.000Z,21.37256589,-157.74063781,UAV 1,2,1:3001:1955,ENBTR60003,1:1:222:2:8:1:0,0,false,false,false,false,0
ENT72006,move to,LOC_중앙계곡,2026-08-09T09:04:29.000Z,21.37498635,-157.74136332,UAV 1,2,1:3001:2048,ENT72006,1:1:222:1:2:1:0,0,false,false,false,false,0
ENT72002,move to,LOC_중앙계곡,2026-08-09T09:04:29.000Z,21.37514004,-157.74134894,UAV 1,2,1:3001:1898,ENT72002,1:1:222:1:2:1:0,0,false,false,false,false,0
ENT72004,move to,LOC_중앙계곡,2026-08-09T09:04:29.000Z,21.37506010,-157.74135641,UAV 1,2,1:3001:2008,ENT72004,1:1:222:1:2:1:0,0,false,false,false,false,0
ENM35001,move to,LOC_적북측접근로,2026-08-09T09:04:29.000Z,21.37250718,-157.73674638,UAV 1,2,1:3001:2024,ENM35001,1:1:225:7:1:6:0,0,false,false,false,false,0
FRTRK1002,move to,LOC_남측제1방어선,2026-08-09T09:04:29.000Z,21.38771067,-157.74682695,UAV 1,1,1:3001:2123,FRTRK1002,1:1:225:7:12:0:0,0,false,false,false,false,0
FRTRK1005,move to,LOC_남측제1방어선,2026-08-09T09:04:29.000Z,21.38776000,-157.74718379,UAV 1,1,1:3001:2043,FRTRK1005,1:1:225:7:12:0:0,0,false,false,false,false,0
FRTRK1003,move to,LOC_남측제1방어선,2026-08-09T09:04:29.000Z,21.38771087,-157.74730218,UAV 1,1,1:3001:1884,FRTRK1003,1:1:225:7:12:0:0,0,false,false,false,false,0
FRLAV001,move to,LOC_중앙킬존남측,2026-08-09T09:04:29.000Z,21.38803050,-157.74561628,UAV 1,1,1:3001:2088,FRLAV001,1:1:39:2:6:1:0,0,false,false,false,false,0
FRLAV003,move to,LOC_중앙킬존남측,2026-08-09T09:04:29.000Z,21.38812535,-157.74572910,UAV 1,1,1:3001:2094,FRLAV003,1:1:39:2:6:1:0,0,false,false,false,false,0
FRLAV004,move to,LOC_중앙킬존남측,2026-08-09T09:04:29.000Z,21.38816197,-157.74578702,UAV 1,1,1:3001:2155,FRLAV004,1:1:39:2:6:1:0,0,false,false,false,false,0
FRLAV006,move to,LOC_중앙킬존남측,2026-08-09T09:04:29.000Z,21.38824364,-157.74590277,UAV 1,1,1:3001:1966,FRLAV006,1:1:39:2:6:1:0,0,false,false,false,false,0
FRLAV008,move to,LOC_중앙킬존남측,2026-08-09T09:04:29.000Z,21.38832022,-157.74601974,UAV 1,1,1:3001:2016,FRLAV008,1:1:39:2:6:1:0,0,false,false,false,false,0
FRLAV007,move to,LOC_중앙킬존남측,2026-08-09T09:04:29.000Z,21.38828293,-157.74596110,UAV 1,1,1:3001:2127,FRLAV007,1:1:39:2:6:1:0,0,false,false,false,false,0
FRM113003,move to,LOC_중앙킬존남측,2026-08-09T09:04:29.000Z,21.38877546,-157.74711455,UAV 1,1,1:3001:1917,FRM113003,1:1:225:2:3:1:0,0,false,false,false,false,0
FRM113001,move to,LOC_중앙킬존남측,2026-08-09T09:04:29.000Z,21.38870728,-157.74699201,UAV 1,1,1:3001:2112,FRM113001,1:1:225:2:3:1:0,0,false,false,false,false,0
FRTRK2004,move to,LOC_남측제1방어선,2026-08-09T09:04:29.000Z,21.38764958,-157.74789972,UAV 1,1,1:3001:1846,FRTRK2004,1:1:225:7:12:8:0,0,false,false,false,false,0
FRM113007,move to,LOC_중앙킬존남측,2026-08-09T09:04:29.000Z,21.38894837,-157.74736555,UAV 1,1,1:3001:1977,FRM113007,1:1:225:2:3:1:0,0,false,false,false,false,0
FRM113006,move to,LOC_중앙킬존남측,2026-08-09T09:04:29.000Z,21.38890885,-157.74730280,UAV 1,1,1:3001:2027,FRM113006,1:1:225:2:3:1:0,0,false,false,false,false,0
FRTRK2002,move to,LOC_남측제1방어선,2026-08-09T09:04:29.000Z,21.38766394,-157.74803418,UAV 1,1,1:3001:2097,FRTRK2002,1:1:225:7:12:8:0,0,false,false,false,false,0
ENM35004,move to,LOC_적북측접근로,2026-08-09T09:04:29.000Z,21.37258217,-157.73665718,UAV 1,2,1:3001:1920,ENM35004,1:1:225:7:1:6:0,0,false,false,false,false,0
ENM35002,move to,LOC_적북측접근로,2026-08-09T09:04:29.000Z,21.37255837,-157.73675732,UAV 1,2,1:3001:2010,ENM35002,1:1:225:7:1:6:0,0,false,false,false,false,0
FRLAV005,move to,LOC_중앙킬존남측,2026-08-09T09:04:29.000Z,21.38820282,-157.74584478,UAV 1,1,1:3001:2117,FRLAV005,1:1:39:2:6:1:0,0,false,false,false,false,0
FRM113004,move to,LOC_중앙킬존남측,2026-08-09T09:04:29.000Z,21.38880715,-157.74717578,UAV 1,1,1:3001:2124,FRM113004,1:1:225:2:3:1:0,0,false,false,false,false,0
ENCAESAR002,move to,LOC_북측예비방어선,2026-08-09T09:04:30.000Z,21.37099990,-157.73711438,UAV 1,2,1:3001:1864,ENCAESAR002,1:1:71:4:0:0:0,0,false,false,false,false,0
ENT72012,move to,LOC_중앙계곡,2026-08-09T09:04:30.000Z,21.37472545,-157.74138765,UAV 1,2,1:3001:1865,ENT72012,1:1:222:1:2:1:0,0,false,false,false,false,0
ENMORT005,none,,2026-08-09T09:04:30.000Z,21.37457651,-157.73710572,UAV 1,2,1:3001:1877,ENMORT005,1:1:71:10:1:0:1,0,false,false,false,false,0
ENM1A2005,move to,LOC_중앙계곡,2026-08-09T09:04:30.000Z,21.37679836,-157.74177311,UAV 1,2,1:3001:1891,ENM1A2005,1:1:225:1:1:3:0,0,false,false,false,false,0
ENMORT004,none,,2026-08-09T09:04:30.000Z,21.37447596,-157.73706256,UAV 1,2,1:3001:1900,ENMORT004,1:1:71:10:1:0:1,0,false,false,false,false,0
ENGAZ001,move to,LOC_적북측접근로,2026-08-09T09:04:30.000Z,21.37245237,-157.73650314,UAV 1,2,1:3001:1924,ENGAZ001,1:1:222:7:8:0:0,0,false,false,false,false,0
ENBTR60006,move to,LOC_중앙계곡,2026-08-09T09:04:30.000Z,21.37248534,-157.74059734,UAV 1,2,1:3001:1933,ENBTR60006,1:1:222:2:8:1:0,0,false,false,false,false,0
ENBTR80004,move to,LOC_중앙계곡,2026-08-09T09:04:30.000Z,21.37256226,-157.74055084,UAV 1,2,1:3001:1949,ENBTR80004,1:1:222:2:13:0:0,0,false,false,false,false,0
ENBTR80001,move to,LOC_중앙계곡,2026-08-09T09:04:30.000Z,21.37265874,-157.74059232,UAV 1,2,1:3001:1967,ENBTR80001,1:1:222:2:13:0:0,0,false,false,false,false,0
ENCAESAR004,move to,LOC_북측예비방어선,2026-08-09T09:04:30.000Z,21.37143748,-157.73822796,UAV 1,2,1:3001:1968,ENCAESAR004,1:1:71:4:0:0:0,0,false,false,false,false,0
ENGAZ002,move to,LOC_적북측접근로,2026-08-09T09:04:30.000Z,21.37249330,-157.73656977,UAV 1,2,1:3001:1991,ENGAZ002,1:1:222:7:8:0:0,0,false,false,false,false,0
ENBTR80006,move to,LOC_중앙계곡,2026-08-09T09:04:30.000Z,21.37268106,-157.74045690,UAV 1,2,1:3001:1998,ENBTR80006,1:1:222:2:13:0:0,0,false,false,false,false,0
ENGAZ003,move to,LOC_적북측접근로,2026-08-09T09:04:30.000Z,21.37247175,-157.73641695,UAV 1,2,1:3001:2019,ENGAZ003,1:1:222:7:8:0:0,0,false,false,false,false,0
ENBTR80003,move to,LOC_중앙계곡,2026-08-09T09:04:30.000Z,21.37274786,-157.74049666,UAV 1,2,1:3001:2023,ENBTR80003,1:1:222:2:13:0:0,0,false,false,false,false,0
FRT80008,move to,LOC_중앙킬존남측,2026-08-09T09:04:30.000Z,21.38125546,-157.74735918,UAV 1,1,1:3001:2026,FRT80008,1:1:222:1:1:1:0,0,false,false,false,false,0
ENCAESAR003,move to,LOC_적북측접근로,2026-08-09T09:04:30.000Z,21.37041166,-157.73718293,UAV 1,2,1:3001:2052,ENCAESAR003,1:1:71:4:0:0:0,0,false,false,false,false,0
ENMORT001,none,,2026-08-09T09:04:30.000Z,21.37443553,-157.73716992,UAV 1,2,1:3001:2059,ENMORT001,1:1:71:10:1:0:1,0,false,false,false,false,0
ENBTR60007,move to,LOC_중앙계곡,2026-08-09T09:04:30.000Z,21.37228480,-157.74065270,UAV 1,2,1:3001:2085,ENBTR60007,1:1:222:2:8:1:0,0,false,false,false,false,0
ENBTR60008,move to,LOC_중앙계곡,2026-08-09T09:04:30.000Z,21.37233808,-157.74060424,UAV 1,2,1:3001:2096,ENBTR60008,1:1:222:2:8:1:0,0,false,false,false,false,0
ENBTR80007,move to,LOC_중앙계곡,2026-08-09T09:04:30.000Z,21.37246226,-157.74050856,UAV 1,2,1:3001:2098,ENBTR80007,1:1:222:2:13:0:0,0,false,false,false,false,0
ENMORT002,none,,2026-08-09T09:04:30.000Z,21.37453609,-157.73721308,UAV 1,2,1:3001:2104,ENMORT002,1:1:71:10:1:0:1,0,false,false,false,false,0
ENGAZ004,move to,LOC_적북측접근로,2026-08-09T09:04:30.000Z,21.37251091,-157.73649280,UAV 1,2,1:3001:2108,ENGAZ004,1:1:222:7:8:0:0,0,false,false,false,false,0
ENBTR80005,move to,LOC_중앙계곡,2026-08-09T09:04:30.000Z,21.37263110,-157.74050438,UAV 1,2,1:3001:2116,ENBTR80005,1:1:222:2:13:0:0,0,false,false,false,false,0
ENMIM001,move to,LOC_적북측접근로,2026-08-09T09:04:30.000Z,21.37089258,-157.74042435,UAV 1,2,1:3001:2125,ENMIM001,1:1:225:28:2:0:0,0,false,false,false,false,0
ENCAESAR001,move to,LOC_적북측접근로,2026-08-09T09:04:30.000Z,21.37073227,-157.73869923,UAV 1,2,1:3001:2130,ENCAESAR001,1:1:71:4:0:0:0,0,false,false,false,false,0
ENMORT003,none,,2026-08-09T09:04:30.000Z,21.37463664,-157.73725624,UAV 1,2,1:3001:2135,ENMORT003,1:1:71:10:1:0:1,0,false,false,false,false,0
ENBTR60005,move to,LOC_중앙계곡,2026-08-09T09:04:30.000Z,21.37242687,-157.74064540,UAV 1,2,1:3001:2172,ENBTR60005,1:1:222:2:8:1:0,0,false,false,false,false,0
ENT72010,move to,LOC_중앙계곡,2026-08-09T09:04:30.000Z,21.37480916,-157.74137983,UAV 1,2,1:3001:2031,ENT72010,1:1:222:1:2:1:0,0,false,false,false,false,0
ENT72008,move to,LOC_중앙계곡,2026-08-09T09:04:30.000Z,21.37491533,-157.74136999,UAV 1,2,1:3001:1885,ENT72008,1:1:222:1:2:1:0,0,false,false,false,false,0
ENBTR80002,move to,LOC_중앙계곡,2026-08-09T09:04:30.000Z,21.37270344,-157.74054443,UAV 1,2,1:3001:2154,ENBTR80002,1:1:222:2:13:0:0,0,false,false,false,false,0
ENBTR60003,move to,LOC_중앙계곡,2026-08-09T09:04:30.000Z,21.37256589,-157.74063781,UAV 1,2,1:3001:1955,ENBTR60003,1:1:222:2:8:1:0,0,false,false,false,false,0
ENT72006,move to,LOC_중앙계곡,2026-08-09T09:04:30.000Z,21.37498635,-157.74136332,UAV 1,2,1:3001:2048,ENT72006,1:1:222:1:2:1:0,0,false,false,false,false,0
ENT72002,move to,LOC_중앙계곡,2026-08-09T09:04:30.000Z,21.37514004,-157.74134894,UAV 1,2,1:3001:1898,ENT72002,1:1:222:1:2:1:0,0,false,false,false,false,0
ENT72004,move to,LOC_중앙계곡,2026-08-09T09:04:30.000Z,21.37506010,-157.74135641,UAV 1,2,1:3001:2008,ENT72004,1:1:222:1:2:1:0,0,false,false,false,false,0
ENM35001,move to,LOC_적북측접근로,2026-08-09T09:04:30.000Z,21.37250718,-157.73674638,UAV 1,2,1:3001:2024,ENM35001,1:1:225:7:1:6:0,0,false,false,false,false,0
FRTRK1002,move to,LOC_남측제1방어선,2026-08-09T09:04:30.000Z,21.38771067,-157.74682695,UAV 1,1,1:3001:2123,FRTRK1002,1:1:225:7:12:0:0,0,false,false,false,false,0
FRTRK1005,move to,LOC_남측제1방어선,2026-08-09T09:04:30.000Z,21.38776000,-157.74718379,UAV 1,1,1:3001:2043,FRTRK1005,1:1:225:7:12:0:0,0,false,false,false,false,0
FRTRK1003,move to,LOC_남측제1방어선,2026-08-09T09:04:30.000Z,21.38771087,-157.74730218,UAV 1,1,1:3001:1884,FRTRK1003,1:1:225:7:12:0:0,0,false,false,false,false,0
FRLAV001,move to,LOC_중앙킬존남측,2026-08-09T09:04:30.000Z,21.38803050,-157.74561628,UAV 1,1,1:3001:2088,FRLAV001,1:1:39:2:6:1:0,0,false,false,false,false,0
FRLAV003,move to,LOC_중앙킬존남측,2026-08-09T09:04:30.000Z,21.38812535,-157.74572910,UAV 1,1,1:3001:2094,FRLAV003,1:1:39:2:6:1:0,0,false,false,false,false,0
FRLAV004,move to,LOC_중앙킬존남측,2026-08-09T09:04:30.000Z,21.38816197,-157.74578702,UAV 1,1,1:3001:2155,FRLAV004,1:1:39:2:6:1:0,0,false,false,false,false,0
FRLAV006,move to,LOC_중앙킬존남측,2026-08-09T09:04:30.000Z,21.38824364,-157.74590277,UAV 1,1,1:3001:1966,FRLAV006,1:1:39:2:6:1:0,0,false,false,false,false,0
FRLAV008,move to,LOC_중앙킬존남측,2026-08-09T09:04:30.000Z,21.38832022,-157.74601974,UAV 1,1,1:3001:2016,FRLAV008,1:1:39:2:6:1:0,0,false,false,false,false,0
FRLAV007,move to,LOC_중앙킬존남측,2026-08-09T09:04:30.000Z,21.38828293,-157.74596110,UAV 1,1,1:3001:2127,FRLAV007,1:1:39:2:6:1:0,0,false,false,false,false,0
FRM113003,move to,LOC_중앙킬존남측,2026-08-09T09:04:30.000Z,21.38877546,-157.74711455,UAV 1,1,1:3001:1917,FRM113003,1:1:225:2:3:1:0,0,false,false,false,false,0
FRM113001,move to,LOC_중앙킬존남측,2026-08-09T09:04:30.000Z,21.38870728,-157.74699201,UAV 1,1,1:3001:2112,FRM113001,1:1:225:2:3:1:0,0,false,false,false,false,0
FRTRK2004,move to,LOC_남측제1방어선,2026-08-09T09:04:30.000Z,21.38764958,-157.74789972,UAV 1,1,1:3001:1846,FRTRK2004,1:1:225:7:12:8:0,0,false,false,false,false,0
FRM113007,move to,LOC_중앙킬존남측,2026-08-09T09:04:30.000Z,21.38894837,-157.74736555,UAV 1,1,1:3001:1977,FRM113007,1:1:225:2:3:1:0,0,false,false,false,false,0
FRM113006,move to,LOC_중앙킬존남측,2026-08-09T09:04:30.000Z,21.38890885,-157.74730280,UAV 1,1,1:3001:2027,FRM113006,1:1:225:2:3:1:0,0,false,false,false,false,0
FRTRK2002,move to,LOC_남측제1방어선,2026-08-09T09:04:30.000Z,21.38766394,-157.74803418,UAV 1,1,1:3001:2097,FRTRK2002,1:1:225:7:12:8:0,0,false,false,false,false,0
ENM35004,move to,LOC_적북측접근로,2026-08-09T09:04:30.000Z,21.37258217,-157.73665718,UAV 1,2,1:3001:1920,ENM35004,1:1:225:7:1:6:0,0,false,false,false,false,0
ENM35002,move to,LOC_적북측접근로,2026-08-09T09:04:30.000Z,21.37255837,-157.73675732,UAV 1,2,1:3001:2010,ENM35002,1:1:225:7:1:6:0,0,false,false,false,false,0
FRLAV005,move to,LOC_중앙킬존남측,2026-08-09T09:04:30.000Z,21.38820282,-157.74584478,UAV 1,1,1:3001:2117,FRLAV005,1:1:39:2:6:1:0,0,false,false,false,false,0
FRM113004,move to,LOC_중앙킬존남측,2026-08-09T09:04:30.000Z,21.38880715,-157.74717578,UAV 1,1,1:3001:2124,FRM113004,1:1:225:2:3:1:0,0,false,false,false,false,0
ENM1A2003,move to,LOC_중앙계곡,2026-08-09T09:05:45.000Z,21.37337902,-157.74310663,UAV 1,2,1:3001:2199,ENM1A2003,1:1:225:1:1:3:0,0,false,false,false,false,0
FRTRK2004,move to,LOC_남측제1방어선,2026-08-09T09:05:45.000Z,21.38795805,-157.75056245,UAV 1,1,1:3001:2211,FRTRK2004,1:1:225:7:12:8:0,0,false,false,false,false,0
ENCAESAR002,FFE-on-Location,LOC_아군포병진지,2026-08-09T09:05:45.000Z,21.37011579,-157.73488768,UAV 1,2,1:3001:2229,ENCAESAR002,1:1:71:4:0:0:0,0,false,false,false,false,0
ENT72012,move to,LOC_중앙계곡,2026-08-09T09:05:45.000Z,21.37110217,-157.74171347,UAV 1,2,1:3001:2230,ENT72012,1:1:222:1:2:1:0,0,false,false,false,false,0
ENBTR60001,move to,LOC_중앙계곡,2026-08-09T09:05:45.000Z,21.36882494,-157.74059709,UAV 1,2,1:3001:2237,ENBTR60001,1:1:222:2:8:1:0,0,false,false,false,false,0
ENMORT005,FFE-on-Location,LOC_중앙킬존,2026-08-09T09:05:45.000Z,21.37457651,-157.73710572,UAV 1,2,1:3001:2242,ENMORT005,1:1:71:10:1:0:1,0,false,false,false,false,0
ENM1A2001,move to,LOC_중앙계곡,2026-08-09T09:05:45.000Z,21.37343757,-157.74328906,UAV 1,2,1:3001:2243,ENM1A2001,1:1:225:1:1:3:0,0,false,false,false,false,0
FRTRK1003,move to,LOC_남측제1방어선,2026-08-09T09:05:45.000Z,21.38812433,-157.75044009,UAV 1,1,1:3001:2249,FRTRK1003,1:1:225:7:12:0:0,0,false,false,false,false,0
ENM1A2005,move to,LOC_중앙계곡,2026-08-09T09:05:45.000Z,21.37332046,-157.74292419,UAV 1,2,1:3001:2256,ENM1A2005,1:1:225:1:1:3:0,0,false,false,false,false,0
FRT69001,move to,LOC_중앙킬존남측,2026-08-09T09:05:45.000Z,21.38691354,-157.73533465,UAV 1,1,1:3001:2260,FRT69001,1:1:45:1:2:1:0,0,false,false,false,false,0
ENMORT004,FFE-on-Location,LOC_아군박격포진지,2026-08-09T09:05:45.000Z,21.37447596,-157.73706256,UAV 1,2,1:3001:2265,ENMORT004,1:1:71:10:1:0:1,0,false,false,false,false,0
FRTRK1001,move to,LOC_남측제1방어선,2026-08-09T09:05:45.000Z,21.38830321,-157.75041322,UAV 1,1,1:3001:2278,FRTRK1001,1:1:225:7:12:0:0,0,false,false,false,false,0
ENGAZ001,move to,LOC_적북측접근로,2026-08-09T09:05:45.000Z,21.37319419,-157.73304053,UAV 1,2,1:3001:2289,ENGAZ001,1:1:222:7:8:0:0,0,false,false,false,false,0
ENBTR60006,move to,LOC_중앙계곡,2026-08-09T09:05:45.000Z,21.36886550,-157.74038588,UAV 1,2,1:3001:2298,ENBTR60006,1:1:222:2:8:1:0,0,false,false,false,false,0
ENBTR80004,move to,LOC_중앙계곡,2026-08-09T09:05:45.000Z,21.36892130,-157.74031006,UAV 1,2,1:3001:2314,ENBTR80004,1:1:222:2:13:0:0,0,false,false,false,false,0
ENBTR60003,move to,LOC_중앙계곡,2026-08-09T09:05:45.000Z,21.36893653,-157.74044544,UAV 1,2,1:3001:2320,ENBTR60003,1:1:222:2:8:1:0,0,false,false,false,false,0
ENM1A2002,move to,LOC_중앙계곡,2026-08-09T09:05:45.000Z,21.37340829,-157.74319784,UAV 1,2,1:3001:2328,ENM1A2002,1:1:225:1:1:3:0,0,false,false,false,false,0
ENBTR80001,move to,LOC_중앙계곡,2026-08-09T09:05:45.000Z,21.36899232,-157.74036962,UAV 1,2,1:3001:2332,ENBTR80001,1:1:222:2:13:0:0,0,false,false,false,false,0
ENCAESAR004,move to,LOC_북측예비방어선,2026-08-09T09:05:45.000Z,21.37005657,-157.73475759,UAV 1,2,1:3001:2333,ENCAESAR004,1:1:71:4:0:0:0,0,false,false,false,false,0
ENGAZ002,move to,LOC_적북측접근로,2026-08-09T09:05:45.000Z,21.37328190,-157.73306355,UAV 1,2,1:3001:2356,ENGAZ002,1:1:222:7:8:0:0,0,false,false,false,false,0
ENBTR80006,move to,LOC_중앙계곡,2026-08-09T09:05:45.000Z,21.36903288,-157.74015841,UAV 1,2,1:3001:2363,ENBTR80006,1:1:222:2:13:0:0,0,false,false,false,false,0
ENT72011,move to,LOC_중앙계곡,2026-08-09T09:05:45.000Z,21.37111025,-157.74180950,UAV 1,2,1:3001:2367,ENT72011,1:1:222:1:2:1:0,0,false,false,false,false,0
ENM35002,move to,LOC_적북측접근로,2026-08-09T09:05:45.000Z,21.37345732,-157.73310953,UAV 1,2,1:3001:2375,ENM35002,1:1:225:7:1:6:0,0,false,false,false,false,0
ENGAZ003,move to,LOC_적북측접근로,2026-08-09T09:05:45.000Z,21.37321575,-157.73294689,UAV 1,2,1:3001:2384,ENGAZ003,1:1:222:7:8:0:0,0,false,false,false,false,0
ENBTR80003,move to,LOC_중앙계곡,2026-08-09T09:05:45.000Z,21.36910390,-157.74021797,UAV 1,2,1:3001:2388,ENBTR80003,1:1:222:2:13:0:0,0,false,false,false,false,0
ENM35001,move to,LOC_적북측접근로,2026-08-09T09:05:45.000Z,21.37336961,-157.73308651,UAV 1,2,1:3001:2389,ENM35001,1:1:225:7:1:6:0,0,false,false,false,false,0
FRT80008,move to,LOC_중앙킬존남측,2026-08-09T09:05:45.000Z,21.38272998,-157.75083058,UAV 1,1,1:3001:2391,FRT80008,1:1:222:1:1:1:0,0,false,false,false,false,0
ENCAESAR003,FFE-on-Location,LOC_아군박격포진지,2026-08-09T09:05:45.000Z,21.36993473,-157.73482081,UAV 1,2,1:3001:2417,ENCAESAR003,1:1:71:4:0:0:0,0,false,false,false,false,0
ENBTR60002,move to,LOC_중앙계곡,2026-08-09T09:05:45.000Z,21.36888074,-157.74052127,UAV 1,2,1:3001:2423,ENBTR60002,1:1:222:2:8:1:0,0,false,false,false,false,0
ENMORT001,FFE-on-Location,LOC_중앙킬존,2026-08-09T09:05:45.000Z,21.37443553,-157.73716992,UAV 1,2,1:3001:2424,ENMORT001,1:1:71:10:1:0:1,0,false,false,false,false,0
ENBTR60007,move to,LOC_중앙계곡,2026-08-09T09:05:45.000Z,21.36868290,-157.74047797,UAV 1,2,1:3001:2450,ENBTR60007,1:1:222:2:8:1:0,0,false,false,false,false,0
ENBTR60008,move to,LOC_중앙계곡,2026-08-09T09:05:45.000Z,21.36873869,-157.74040214,UAV 1,2,1:3001:2461,ENBTR60008,1:1:222:2:8:1:0,0,false,false,false,false,0
FRTRK2002,move to,LOC_남측제1방어선,2026-08-09T09:05:45.000Z,21.38794546,-157.75046695,UAV 1,1,1:3001:2462,FRTRK2002,1:1:225:7:12:8:0,0,false,false,false,false,0
ENBTR80007,move to,LOC_중앙계곡,2026-08-09T09:05:45.000Z,21.36885027,-157.74025050,UAV 1,2,1:3001:2463,ENBTR80007,1:1:222:2:13:0:0,0,false,false,false,false,0
ENMORT002,FFE-on-Location,LOC_남측제1방어선,2026-08-09T09:05:45.000Z,21.37453609,-157.73721308,UAV 1,2,1:3001:2469,ENMORT002,1:1:71:10:1:0:1,0,false,false,false,false,0
ENGAZ004,move to,LOC_적북측접근로,2026-08-09T09:05:45.000Z,21.37330346,-157.73296991,UAV 1,2,1:3001:2473,ENGAZ004,1:1:222:7:8:0:0,0,false,false,false,false,0
ENBTR80005,move to,LOC_중앙계곡,2026-08-09T09:05:45.000Z,21.36897709,-157.74023424,UAV 1,2,1:3001:2481,ENBTR80005,1:1:222:2:13:0:0,0,false,false,false,false,0
FRTRK1002,move to,LOC_남측제1방어선,2026-08-09T09:05:45.000Z,21.38821377,-157.75042665,UAV 1,1,1:3001:2488,FRTRK1002,1:1:225:7:12:0:0,0,false,false,false,false,0
ENMIM001,move to,LOC_적북측접근로,2026-08-09T09:05:45.000Z,21.36971526,-157.73688576,UAV 1,2,1:3001:2490,ENMIM001,1:1:225:28:2:0:0,0,false,false,false,false,0
ENCAESAR001,move to,LOC_적북측접근로,2026-08-09T09:05:45.000Z,21.36999394,-157.73495090,UAV 1,2,1:3001:2495,ENCAESAR001,1:1:71:4:0:0:0,0,false,false,false,false,0
FRTRK2003,move to,LOC_남측제1방어선,2026-08-09T09:05:45.000Z,21.38804748,-157.75054901,UAV 1,1,1:3001:2498,FRTRK2003,1:1:225:7:12:8:0,0,false,false,false,false,0
ENMORT003,FFE-on-Location,LOC_아군포병진지,2026-08-09T09:05:45.000Z,21.37463664,-157.73725624,UAV 1,2,1:3001:2500,ENMORT003,1:1:71:10:1:0:1,0,false,false,false,false,0
ENBTR60004,move to,LOC_중앙계곡,2026-08-09T09:05:45.000Z,21.36875392,-157.74053753,UAV 1,2,1:3001:2507,ENBTR60004,1:1:222:2:8:1:0,0,false,false,false,false,0
ENBTR80002,move to,LOC_중앙계곡,2026-08-09T09:05:45.000Z,21.36904811,-157.74029380,UAV 1,2,1:3001:2519,ENBTR80002,1:1:222:2:13:0:0,0,false,false,false,false,0
ENM1A2004,move to,LOC_중앙계곡,2026-08-09T09:05:45.000Z,21.37334974,-157.74301541,UAV 1,2,1:3001:2521,ENM1A2004,1:1:225:1:1:3:0,0,false,false,false,false,0
ENBTR60005,move to,LOC_중앙계곡,2026-08-09T09:05:45.000Z,21.36880971,-157.74046171,UAV 1,2,1:3001:2537,ENBTR60005,1:1:222:2:8:1:0,0,false,false,false,false,0
ENM1A2003,move to,LOC_중앙계곡,2026-08-09T09:05:46.000Z,21.37349573,-157.74306393,UAV 1,2,1:3001:2199,ENM1A2003,1:1:225:1:1:3:0,0,false,false,false,false,0
FRTRK2004,move to,LOC_남측제1방어선,2026-08-09T09:05:46.000Z,21.38795263,-157.75051569,UAV 1,1,1:3001:2211,FRTRK2004,1:1:225:7:12:8:0,0,false,false,false,false,0
ENCAESAR002,FFE-on-Location,LOC_아군포병진지,2026-08-09T09:05:46.000Z,21.37011579,-157.73488768,UAV 1,2,1:3001:2229,ENCAESAR002,1:1:71:4:0:0:0,0,false,false,false,false,0
ENT72012,move to,LOC_중앙계곡,2026-08-09T09:05:46.000Z,21.37121977,-157.74170289,UAV 1,2,1:3001:2230,ENT72012,1:1:222:1:2:1:0,0,false,false,false,false,0
ENBTR60001,move to,LOC_중앙계곡,2026-08-09T09:05:46.000Z,21.36892256,-157.74060078,UAV 1,2,1:3001:2237,ENBTR60001,1:1:222:2:8:1:0,0,false,false,false,false,0
ENMORT005,FFE-on-Location,LOC_중앙킬존,2026-08-09T09:05:46.000Z,21.37457651,-157.73710572,UAV 1,2,1:3001:2242,ENMORT005,1:1:71:10:1:0:1,0,false,false,false,false,0
ENM1A2001,move to,LOC_중앙계곡,2026-08-09T09:05:46.000Z,21.37355689,-157.74324117,UAV 1,2,1:3001:2243,ENM1A2001,1:1:225:1:1:3:0,0,false,false,false,false,0
ENM1A2005,move to,LOC_중앙계곡,2026-08-09T09:05:46.000Z,21.37343325,-157.74288687,UAV 1,2,1:3001:2256,ENM1A2005,1:1:225:1:1:3:0,0,false,false,false,false,0
FRT69001,move to,LOC_중앙킬존남측,2026-08-09T09:05:46.000Z,21.38688437,-157.73540295,UAV 1,1,1:3001:2260,FRT69001,1:1:45:1:2:1:0,0,false,false,false,false,0
ENMORT004,FFE-on-Location,LOC_아군박격포진지,2026-08-09T09:05:46.000Z,21.37447596,-157.73706256,UAV 1,2,1:3001:2265,ENMORT004,1:1:71:10:1:0:1,0,false,false,false,false,0
FRTRK1001,move to,LOC_남측제1방어선,2026-08-09T09:05:46.000Z,21.38829809,-157.75037863,UAV 1,1,1:3001:2278,FRTRK1001,1:1:225:7:12:0:0,0,false,false,false,false,0
ENGAZ001,move to,LOC_적북측접근로,2026-08-09T09:05:46.000Z,21.37317817,-157.73311532,UAV 1,2,1:3001:2289,ENGAZ001,1:1:222:7:8:0:0,0,false,false,false,false,0
ENBTR60006,move to,LOC_중앙계곡,2026-08-09T09:05:46.000Z,21.36897000,-157.74039199,UAV 1,2,1:3001:2298,ENBTR60006,1:1:222:2:8:1:0,0,false,false,false,false,0
ENBTR80004,move to,LOC_중앙계곡,2026-08-09T09:05:46.000Z,21.36903310,-157.74031745,UAV 1,2,1:3001:2314,ENBTR80004,1:1:222:2:13:0:0,0,false,false,false,false,0
ENBTR60003,move to,LOC_중앙계곡,2026-08-09T09:05:46.000Z,21.36904416,-157.74045115,UAV 1,2,1:3001:2320,ENBTR60003,1:1:222:2:8:1:0,0,false,false,false,false,0
ENM1A2002,move to,LOC_중앙계곡,2026-08-09T09:05:46.000Z,21.37352752,-157.74315212,UAV 1,2,1:3001:2328,ENM1A2002,1:1:225:1:1:3:0,0,false,false,false,false,0
ENBTR80001,move to,LOC_중앙계곡,2026-08-09T09:05:46.000Z,21.36911210,-157.74037690,UAV 1,2,1:3001:2332,ENBTR80001,1:1:222:2:13:0:0,0,false,false,false,false,0
ENCAESAR004,move to,LOC_북측예비방어선,2026-08-09T09:05:46.000Z,21.37006749,-157.73478377,UAV 1,2,1:3001:2333,ENCAESAR004,1:1:71:4:0:0:0,0,false,false,false,false,0
ENGAZ002,move to,LOC_적북측접근로,2026-08-09T09:05:46.000Z,21.37326521,-157.73313773,UAV 1,2,1:3001:2356,ENGAZ002,1:1:222:7:8:0:0,0,false,false,false,false,0
ENBTR80006,move to,LOC_중앙계곡,2026-08-09T09:05:46.000Z,21.36915064,-157.74016805,UAV 1,2,1:3001:2363,ENBTR80006,1:1:222:2:13:0:0,0,false,false,false,false,0
ENT72011,move to,LOC_중앙계곡,2026-08-09T09:05:46.000Z,21.37122916,-157.74179738,UAV 1,2,1:3001:2367,ENT72011,1:1:222:1:2:1:0,0,false,false,false,false,0
ENM35002,move to,LOC_적북측접근로,2026-08-09T09:05:46.000Z,21.37344478,-157.73316039,UAV 1,2,1:3001:2375,ENM35002,1:1:225:7:1:6:0,0,false,false,false,false,0
ENGAZ003,move to,LOC_적북측접근로,2026-08-09T09:05:46.000Z,21.37319980,-157.73302132,UAV 1,2,1:3001:2384,ENGAZ003,1:1:222:7:8:0:0,0,false,false,false,false,0
ENBTR80003,move to,LOC_중앙계곡,2026-08-09T09:05:46.000Z,21.36923417,-157.74022794,UAV 1,2,1:3001:2388,ENBTR80003,1:1:222:2:13:0:0,0,false,false,false,false,0
FRT80008,move to,LOC_중앙킬존남측,2026-08-09T09:05:46.000Z,21.38273533,-157.75074534,UAV 1,1,1:3001:2391,FRT80008,1:1:222:1:1:1:0,0,false,false,false,false,0
ENCAESAR003,FFE-on-Location,LOC_아군박격포진지,2026-08-09T09:05:46.000Z,21.36993473,-157.73482081,UAV 1,2,1:3001:2417,ENCAESAR003,1:1:71:4:0:0:0,0,false,false,false,false,0
ENBTR60002,move to,LOC_중앙계곡,2026-08-09T09:05:46.000Z,21.36898443,-157.74052597,UAV 1,2,1:3001:2423,ENBTR60002,1:1:222:2:8:1:0,0,false,false,false,false,0
ENMORT001,FFE-on-Location,LOC_중앙킬존,2026-08-09T09:05:46.000Z,21.37443553,-157.73716992,UAV 1,2,1:3001:2424,ENMORT001,1:1:71:10:1:0:1,0,false,false,false,false,0
ENBTR60007,move to,LOC_중앙계곡,2026-08-09T09:05:46.000Z,21.36877760,-157.74048256,UAV 1,2,1:3001:2450,ENBTR60007,1:1:222:2:8:1:0,0,false,false,false,false,0
ENBTR60008,move to,LOC_중앙계곡,2026-08-09T09:05:46.000Z,21.36883329,-157.74040745,UAV 1,2,1:3001:2461,ENBTR60008,1:1:222:2:8:1:0,0,false,false,false,false,0
FRTRK2002,move to,LOC_남측제1방어선,2026-08-09T09:05:46.000Z,21.38794006,-157.75042024,UAV 1,1,1:3001:2462,FRTRK2002,1:1:225:7:12:8:0,0,false,false,false,false,0
ENBTR80007,move to,LOC_중앙계곡,2026-08-09T09:05:46.000Z,21.36895948,-157.74025830,UAV 1,2,1:3001:2463,ENBTR80007,1:1:222:2:13:0:0,0,false,false,false,false,0
ENMORT002,FFE-on-Location,LOC_남측제1방어선,2026-08-09T09:05:46.000Z,21.37453609,-157.73721308,UAV 1,2,1:3001:2469,ENMORT002,1:1:71:10:1:0:1,0,false,false,false,false,0
ENGAZ004,move to,LOC_적북측접근로,2026-08-09T09:05:46.000Z,21.37328682,-157.73304387,UAV 1,2,1:3001:2473,ENGAZ004,1:1:222:7:8:0:0,0,false,false,false,false,0
ENBTR80005,move to,LOC_중앙계곡,2026-08-09T09:05:46.000Z,21.36908940,-157.74024254,UAV 1,2,1:3001:2481,ENBTR80005,1:1:222:2:13:0:0,0,false,false,false,false,0
FRTRK1002,move to,LOC_남측제1방어선,2026-08-09T09:05:46.000Z,21.38820860,-157.75038967,UAV 1,1,1:3001:2488,FRTRK1002,1:1:225:7:12:0:0,0,false,false,false,false,0
ENMIM001,move to,LOC_적북측접근로,2026-08-09T09:05:46.000Z,21.36973131,-157.73693392,UAV 1,2,1:3001:2490,ENMIM001,1:1:225:28:2:0:0,0,false,false,false,false,0
ENCAESAR001,move to,LOC_적북측접근로,2026-08-09T09:05:46.000Z,21.37000276,-157.73498974,UAV 1,2,1:3001:2495,ENCAESAR001,1:1:71:4:0:0:0,0,false,false,false,false,0
ENMORT003,FFE-on-Location,LOC_아군포병진지,2026-08-09T09:05:46.000Z,21.37463664,-157.73725624,UAV 1,2,1:3001:2500,ENMORT003,1:1:71:10:1:0:1,0,false,false,false,false,0
ENBTR60004,move to,LOC_중앙계곡,2026-08-09T09:05:46.000Z,21.36884802,-157.74054160,UAV 1,2,1:3001:2507,ENBTR60004,1:1:222:2:8:1:0,0,false,false,false,false,0
ENBTR80002,move to,LOC_중앙계곡,2026-08-09T09:05:46.000Z,21.36917847,-157.74030274,UAV 1,2,1:3001:2519,ENBTR80002,1:1:222:2:13:0:0,0,false,false,false,false,0
ENM1A2004,move to,LOC_중앙계곡,2026-08-09T09:05:46.000Z,21.37346510,-157.74297523,UAV 1,2,1:3001:2521,ENM1A2004,1:1:225:1:1:3:0,0,false,false,false,false,0
ENBTR60005,move to,LOC_중앙계곡,2026-08-09T09:05:46.000Z,21.36890564,-157.74046658,UAV 1,2,1:3001:2537,ENBTR60005,1:1:222:2:8:1:0,0,false,false,false,false,0
ENT72002,move to,LOC_중앙계곡,2026-08-09T09:05:46.000Z,21.37165629,-157.74166098,UAV 1,2,1:3001:2263,ENT72002,1:1:222:1:2:1:0,0,false,false,false,false,0
ENT72010,move to,LOC_중앙계곡,2026-08-09T09:05:46.000Z,21.37130344,-157.74169484,UAV 1,2,1:3001:2396,ENT72010,1:1:222:1:2:1:0,0,false,false,false,false,0
ENM1A2003,move to,LOC_중앙계곡,2026-08-09T09:05:47.000Z,21.37349573,-157.74306393,UAV 1,2,1:3001:2199,ENM1A2003,1:1:225:1:1:3:0,0,false,false,false,false,0
FRTRK2004,move to,LOC_남측제1방어선,2026-08-09T09:05:47.000Z,21.38795263,-157.75051569,UAV 1,1,1:3001:2211,FRTRK2004,1:1:225:7:12:8:0,0,false,false,false,false,0
ENCAESAR002,FFE-on-Location,LOC_아군포병진지,2026-08-09T09:05:47.000Z,21.37011579,-157.73488768,UAV 1,2,1:3001:2229,ENCAESAR002,1:1:71:4:0:0:0,0,false,false,false,false,0
ENT72012,move to,LOC_중앙계곡,2026-08-09T09:05:47.000Z,21.37121977,-157.74170289,UAV 1,2,1:3001:2230,ENT72012,1:1:222:1:2:1:0,0,false,false,false,false,0
ENBTR60001,move to,LOC_중앙계곡,2026-08-09T09:05:47.000Z,21.36892256,-157.74060078,UAV 1,2,1:3001:2237,ENBTR60001,1:1:222:2:8:1:0,0,false,false,false,false,0
ENMORT005,FFE-on-Location,LOC_중앙킬존,2026-08-09T09:05:47.000Z,21.37457651,-157.73710572,UAV 1,2,1:3001:2242,ENMORT005,1:1:71:10:1:0:1,0,false,false,false,false,0
ENM1A2001,move to,LOC_중앙계곡,2026-08-09T09:05:47.000Z,21.37355689,-157.74324117,UAV 1,2,1:3001:2243,ENM1A2001,1:1:225:1:1:3:0,0,false,false,false,false,0
ENM1A2005,move to,LOC_중앙계곡,2026-08-09T09:05:47.000Z,21.37343325,-157.74288687,UAV 1,2,1:3001:2256,ENM1A2005,1:1:225:1:1:3:0,0,false,false,false,false,0
FRT69001,move to,LOC_중앙킬존남측,2026-08-09T09:05:47.000Z,21.38688437,-157.73540295,UAV 1,1,1:3001:2260,FRT69001,1:1:45:1:2:1:0,0,false,false,false,false,0
ENMORT004,FFE-on-Location,LOC_아군박격포진지,2026-08-09T09:05:47.000Z,21.37447596,-157.73706256,UAV 1,2,1:3001:2265,ENMORT004,1:1:71:10:1:0:1,0,false,false,false,false,0
FRTRK1001,move to,LOC_남측제1방어선,2026-08-09T09:05:47.000Z,21.38829809,-157.75037863,UAV 1,1,1:3001:2278,FRTRK1001,1:1:225:7:12:0:0,0,false,false,false,false,0
ENGAZ001,move to,LOC_적북측접근로,2026-08-09T09:05:47.000Z,21.37317817,-157.73311532,UAV 1,2,1:3001:2289,ENGAZ001,1:1:222:7:8:0:0,0,false,false,false,false,0
ENBTR60006,move to,LOC_중앙계곡,2026-08-09T09:05:47.000Z,21.36897000,-157.74039199,UAV 1,2,1:3001:2298,ENBTR60006,1:1:222:2:8:1:0,0,false,false,false,false,0
ENBTR80004,move to,LOC_중앙계곡,2026-08-09T09:05:47.000Z,21.36903310,-157.74031745,UAV 1,2,1:3001:2314,ENBTR80004,1:1:222:2:13:0:0,0,false,false,false,false,0
ENBTR60003,move to,LOC_중앙계곡,2026-08-09T09:05:47.000Z,21.36904416,-157.74045115,UAV 1,2,1:3001:2320,ENBTR60003,1:1:222:2:8:1:0,0,false,false,false,false,0
ENM1A2002,move to,LOC_중앙계곡,2026-08-09T09:05:47.000Z,21.37352752,-157.74315212,UAV 1,2,1:3001:2328,ENM1A2002,1:1:225:1:1:3:0,0,false,false,false,false,0
ENBTR80001,move to,LOC_중앙계곡,2026-08-09T09:05:47.000Z,21.36911210,-157.74037690,UAV 1,2,1:3001:2332,ENBTR80001,1:1:222:2:13:0:0,0,false,false,false,false,0
ENCAESAR004,move to,LOC_북측예비방어선,2026-08-09T09:05:47.000Z,21.37006749,-157.73478377,UAV 1,2,1:3001:2333,ENCAESAR004,1:1:71:4:0:0:0,0,false,false,false,false,0
ENGAZ002,move to,LOC_적북측접근로,2026-08-09T09:05:47.000Z,21.37326521,-157.73313773,UAV 1,2,1:3001:2356,ENGAZ002,1:1:222:7:8:0:0,0,false,false,false,false,0
ENBTR80006,move to,LOC_중앙계곡,2026-08-09T09:05:47.000Z,21.36915064,-157.74016805,UAV 1,2,1:3001:2363,ENBTR80006,1:1:222:2:13:0:0,0,false,false,false,false,0
ENT72011,move to,LOC_중앙계곡,2026-08-09T09:05:47.000Z,21.37122916,-157.74179738,UAV 1,2,1:3001:2367,ENT72011,1:1:222:1:2:1:0,0,false,false,false,false,0
ENM35002,move to,LOC_적북측접근로,2026-08-09T09:05:47.000Z,21.37344478,-157.73316039,UAV 1,2,1:3001:2375,ENM35002,1:1:225:7:1:6:0,0,false,false,false,false,0
ENGAZ003,move to,LOC_적북측접근로,2026-08-09T09:05:47.000Z,21.37319980,-157.73302132,UAV 1,2,1:3001:2384,ENGAZ003,1:1:222:7:8:0:0,0,false,false,false,false,0
ENBTR80003,move to,LOC_중앙계곡,2026-08-09T09:05:47.000Z,21.36923417,-157.74022794,UAV 1,2,1:3001:2388,ENBTR80003,1:1:222:2:13:0:0,0,false,false,false,false,0
FRT80008,move to,LOC_중앙킬존남측,2026-08-09T09:05:47.000Z,21.38273533,-157.75074534,UAV 1,1,1:3001:2391,FRT80008,1:1:222:1:1:1:0,0,false,false,false,false,0
ENCAESAR003,FFE-on-Location,LOC_아군박격포진지,2026-08-09T09:05:47.000Z,21.36993473,-157.73482081,UAV 1,2,1:3001:2417,ENCAESAR003,1:1:71:4:0:0:0,0,false,false,false,false,0
ENBTR60002,move to,LOC_중앙계곡,2026-08-09T09:05:47.000Z,21.36898443,-157.74052597,UAV 1,2,1:3001:2423,ENBTR60002,1:1:222:2:8:1:0,0,false,false,false,false,0
ENMORT001,FFE-on-Location,LOC_중앙킬존,2026-08-09T09:05:47.000Z,21.37443553,-157.73716992,UAV 1,2,1:3001:2424,ENMORT001,1:1:71:10:1:0:1,0,false,false,false,false,0
ENBTR60007,move to,LOC_중앙계곡,2026-08-09T09:05:47.000Z,21.36877760,-157.74048256,UAV 1,2,1:3001:2450,ENBTR60007,1:1:222:2:8:1:0,0,false,false,false,false,0
ENBTR60008,move to,LOC_중앙계곡,2026-08-09T09:05:47.000Z,21.36883329,-157.74040745,UAV 1,2,1:3001:2461,ENBTR60008,1:1:222:2:8:1:0,0,false,false,false,false,0
FRTRK2002,move to,LOC_남측제1방어선,2026-08-09T09:05:47.000Z,21.38794006,-157.75042024,UAV 1,1,1:3001:2462,FRTRK2002,1:1:225:7:12:8:0,0,false,false,false,false,0
ENBTR80007,move to,LOC_중앙계곡,2026-08-09T09:05:47.000Z,21.36895948,-157.74025830,UAV 1,2,1:3001:2463,ENBTR80007,1:1:222:2:13:0:0,0,false,false,false,false,0
ENMORT002,FFE-on-Location,LOC_남측제1방어선,2026-08-09T09:05:47.000Z,21.37453609,-157.73721308,UAV 1,2,1:3001:2469,ENMORT002,1:1:71:10:1:0:1,0,false,false,false,false,0
ENGAZ004,move to,LOC_적북측접근로,2026-08-09T09:05:47.000Z,21.37328682,-157.73304387,UAV 1,2,1:3001:2473,ENGAZ004,1:1:222:7:8:0:0,0,false,false,false,false,0
ENBTR80005,move to,LOC_중앙계곡,2026-08-09T09:05:47.000Z,21.36908940,-157.74024254,UAV 1,2,1:3001:2481,ENBTR80005,1:1:222:2:13:0:0,0,false,false,false,false,0
FRTRK1002,move to,LOC_남측제1방어선,2026-08-09T09:05:47.000Z,21.38820860,-157.75038967,UAV 1,1,1:3001:2488,FRTRK1002,1:1:225:7:12:0:0,0,false,false,false,false,0
ENMIM001,move to,LOC_적북측접근로,2026-08-09T09:05:47.000Z,21.36973131,-157.73693392,UAV 1,2,1:3001:2490,ENMIM001,1:1:225:28:2:0:0,0,false,false,false,false,0
ENCAESAR001,move to,LOC_적북측접근로,2026-08-09T09:05:47.000Z,21.37000276,-157.73498974,UAV 1,2,1:3001:2495,ENCAESAR001,1:1:71:4:0:0:0,0,false,false,false,false,0
ENMORT003,FFE-on-Location,LOC_아군포병진지,2026-08-09T09:05:47.000Z,21.37463664,-157.73725624,UAV 1,2,1:3001:2500,ENMORT003,1:1:71:10:1:0:1,0,false,false,false,false,0
ENBTR60004,move to,LOC_중앙계곡,2026-08-09T09:05:47.000Z,21.36884802,-157.74054160,UAV 1,2,1:3001:2507,ENBTR60004,1:1:222:2:8:1:0,0,false,false,false,false,0
ENBTR80002,move to,LOC_중앙계곡,2026-08-09T09:05:47.000Z,21.36917847,-157.74030274,UAV 1,2,1:3001:2519,ENBTR80002,1:1:222:2:13:0:0,0,false,false,false,false,0
ENM1A2004,move to,LOC_중앙계곡,2026-08-09T09:05:47.000Z,21.37346510,-157.74297523,UAV 1,2,1:3001:2521,ENM1A2004,1:1:225:1:1:3:0,0,false,false,false,false,0
ENBTR60005,move to,LOC_중앙계곡,2026-08-09T09:05:47.000Z,21.36890564,-157.74046658,UAV 1,2,1:3001:2537,ENBTR60005,1:1:222:2:8:1:0,0,false,false,false,false,0
ENT72002,move to,LOC_중앙계곡,2026-08-09T09:05:47.000Z,21.37165629,-157.74166098,UAV 1,2,1:3001:2263,ENT72002,1:1:222:1:2:1:0,0,false,false,false,false,0
ENT72010,move to,LOC_중앙계곡,2026-08-09T09:05:47.000Z,21.37130344,-157.74169484,UAV 1,2,1:3001:2396,ENT72010,1:1:222:1:2:1:0,0,false,false,false,false,0
ENM1A2003,move to,LOC_중앙계곡,2026-08-09T09:05:48.000Z,21.37349573,-157.74306393,UAV 1,2,1:3001:2199,ENM1A2003,1:1:225:1:1:3:0,0,false,false,false,false,0
FRTRK2004,move to,LOC_남측제1방어선,2026-08-09T09:05:48.000Z,21.38795263,-157.75051569,UAV 1,1,1:3001:2211,FRTRK2004,1:1:225:7:12:8:0,0,false,false,false,false,0
ENCAESAR002,FFE-on-Location,LOC_아군포병진지,2026-08-09T09:05:48.000Z,21.37011579,-157.73488768,UAV 1,2,1:3001:2229,ENCAESAR002,1:1:71:4:0:0:0,0,false,false,false,false,0
ENT72012,move to,LOC_중앙계곡,2026-08-09T09:05:48.000Z,21.37121977,-157.74170289,UAV 1,2,1:3001:2230,ENT72012,1:1:222:1:2:1:0,0,false,false,false,false,0
ENBTR60001,move to,LOC_중앙계곡,2026-08-09T09:05:48.000Z,21.36892256,-157.74060078,UAV 1,2,1:3001:2237,ENBTR60001,1:1:222:2:8:1:0,0,false,false,false,false,0
ENMORT005,FFE-on-Location,LOC_중앙킬존,2026-08-09T09:05:48.000Z,21.37457651,-157.73710572,UAV 1,2,1:3001:2242,ENMORT005,1:1:71:10:1:0:1,0,false,false,false,false,0
ENM1A2001,move to,LOC_중앙계곡,2026-08-09T09:05:48.000Z,21.37355689,-157.74324117,UAV 1,2,1:3001:2243,ENM1A2001,1:1:225:1:1:3:0,0,false,false,false,false,0
ENM1A2005,move to,LOC_중앙계곡,2026-08-09T09:05:48.000Z,21.37343325,-157.74288687,UAV 1,2,1:3001:2256,ENM1A2005,1:1:225:1:1:3:0,0,false,false,false,false,0
FRT69001,move to,LOC_중앙킬존남측,2026-08-09T09:05:48.000Z,21.38688437,-157.73540295,UAV 1,1,1:3001:2260,FRT69001,1:1:45:1:2:1:0,0,false,false,false,false,0
ENMORT004,FFE-on-Location,LOC_아군박격포진지,2026-08-09T09:05:48.000Z,21.37447596,-157.73706256,UAV 1,2,1:3001:2265,ENMORT004,1:1:71:10:1:0:1,0,false,false,false,false,0
FRTRK1001,move to,LOC_남측제1방어선,2026-08-09T09:05:48.000Z,21.38829809,-157.75037863,UAV 1,1,1:3001:2278,FRTRK1001,1:1:225:7:12:0:0,0,false,false,false,false,0
ENGAZ001,move to,LOC_적북측접근로,2026-08-09T09:05:48.000Z,21.37317817,-157.73311532,UAV 1,2,1:3001:2289,ENGAZ001,1:1:222:7:8:0:0,0,false,false,false,false,0
ENBTR60006,move to,LOC_중앙계곡,2026-08-09T09:05:48.000Z,21.36897000,-157.74039199,UAV 1,2,1:3001:2298,ENBTR60006,1:1:222:2:8:1:0,0,false,false,false,false,0
ENBTR80004,move to,LOC_중앙계곡,2026-08-09T09:05:48.000Z,21.36903310,-157.74031745,UAV 1,2,1:3001:2314,ENBTR80004,1:1:222:2:13:0:0,0,false,false,false,false,0
ENBTR60003,move to,LOC_중앙계곡,2026-08-09T09:05:48.000Z,21.36904416,-157.74045115,UAV 1,2,1:3001:2320,ENBTR60003,1:1:222:2:8:1:0,0,false,false,false,false,0
ENM1A2002,move to,LOC_중앙계곡,2026-08-09T09:05:48.000Z,21.37352752,-157.74315212,UAV 1,2,1:3001:2328,ENM1A2002,1:1:225:1:1:3:0,0,false,false,false,false,0
ENBTR80001,move to,LOC_중앙계곡,2026-08-09T09:05:48.000Z,21.36911210,-157.74037690,UAV 1,2,1:3001:2332,ENBTR80001,1:1:222:2:13:0:0,0,false,false,false,false,0
ENCAESAR004,move to,LOC_북측예비방어선,2026-08-09T09:05:48.000Z,21.37006749,-157.73478377,UAV 1,2,1:3001:2333,ENCAESAR004,1:1:71:4:0:0:0,0,false,false,false,false,0
ENGAZ002,move to,LOC_적북측접근로,2026-08-09T09:05:48.000Z,21.37326521,-157.73313773,UAV 1,2,1:3001:2356,ENGAZ002,1:1:222:7:8:0:0,0,false,false,false,false,0
ENBTR80006,move to,LOC_중앙계곡,2026-08-09T09:05:48.000Z,21.36915064,-157.74016805,UAV 1,2,1:3001:2363,ENBTR80006,1:1:222:2:13:0:0,0,false,false,false,false,0
ENT72011,move to,LOC_중앙계곡,2026-08-09T09:05:48.000Z,21.37122916,-157.74179738,UAV 1,2,1:3001:2367,ENT72011,1:1:222:1:2:1:0,0,false,false,false,false,0
ENM35002,move to,LOC_적북측접근로,2026-08-09T09:05:48.000Z,21.37344478,-157.73316039,UAV 1,2,1:3001:2375,ENM35002,1:1:225:7:1:6:0,0,false,false,false,false,0
ENGAZ003,move to,LOC_적북측접근로,2026-08-09T09:05:48.000Z,21.37319980,-157.73302132,UAV 1,2,1:3001:2384,ENGAZ003,1:1:222:7:8:0:0,0,false,false,false,false,0
ENBTR80003,move to,LOC_중앙계곡,2026-08-09T09:05:48.000Z,21.36923417,-157.74022794,UAV 1,2,1:3001:2388,ENBTR80003,1:1:222:2:13:0:0,0,false,false,false,false,0
FRT80008,move to,LOC_중앙킬존남측,2026-08-09T09:05:48.000Z,21.38273533,-157.75074534,UAV 1,1,1:3001:2391,FRT80008,1:1:222:1:1:1:0,0,false,false,false,false,0
ENCAESAR003,FFE-on-Location,LOC_아군박격포진지,2026-08-09T09:05:48.000Z,21.36993473,-157.73482081,UAV 1,2,1:3001:2417,ENCAESAR003,1:1:71:4:0:0:0,0,false,false,false,false,0
ENBTR60002,move to,LOC_중앙계곡,2026-08-09T09:05:48.000Z,21.36898443,-157.74052597,UAV 1,2,1:3001:2423,ENBTR60002,1:1:222:2:8:1:0,0,false,false,false,false,0
ENMORT001,FFE-on-Location,LOC_중앙킬존,2026-08-09T09:05:48.000Z,21.37443553,-157.73716992,UAV 1,2,1:3001:2424,ENMORT001,1:1:71:10:1:0:1,0,false,false,false,false,0
ENBTR60007,move to,LOC_중앙계곡,2026-08-09T09:05:48.000Z,21.36877760,-157.74048256,UAV 1,2,1:3001:2450,ENBTR60007,1:1:222:2:8:1:0,0,false,false,false,false,0
ENBTR60008,move to,LOC_중앙계곡,2026-08-09T09:05:48.000Z,21.36883329,-157.74040745,UAV 1,2,1:3001:2461,ENBTR60008,1:1:222:2:8:1:0,0,false,false,false,false,0
FRTRK2002,move to,LOC_남측제1방어선,2026-08-09T09:05:48.000Z,21.38794006,-157.75042024,UAV 1,1,1:3001:2462,FRTRK2002,1:1:225:7:12:8:0,0,false,false,false,false,0
ENBTR80007,move to,LOC_중앙계곡,2026-08-09T09:05:48.000Z,21.36895948,-157.74025830,UAV 1,2,1:3001:2463,ENBTR80007,1:1:222:2:13:0:0,0,false,false,false,false,0
ENMORT002,FFE-on-Location,LOC_남측제1방어선,2026-08-09T09:05:48.000Z,21.37453609,-157.73721308,UAV 1,2,1:3001:2469,ENMORT002,1:1:71:10:1:0:1,0,false,false,false,false,0
ENGAZ004,move to,LOC_적북측접근로,2026-08-09T09:05:48.000Z,21.37328682,-157.73304387,UAV 1,2,1:3001:2473,ENGAZ004,1:1:222:7:8:0:0,0,false,false,false,false,0
ENBTR80005,move to,LOC_중앙계곡,2026-08-09T09:05:48.000Z,21.36908940,-157.74024254,UAV 1,2,1:3001:2481,ENBTR80005,1:1:222:2:13:0:0,0,false,false,false,false,0
FRTRK1002,move to,LOC_남측제1방어선,2026-08-09T09:05:48.000Z,21.38820860,-157.75038967,UAV 1,1,1:3001:2488,FRTRK1002,1:1:225:7:12:0:0,0,false,false,false,false,0
ENMIM001,move to,LOC_적북측접근로,2026-08-09T09:05:48.000Z,21.36973131,-157.73693392,UAV 1,2,1:3001:2490,ENMIM001,1:1:225:28:2:0:0,0,false,false,false,false,0
ENCAESAR001,move to,LOC_적북측접근로,2026-08-09T09:05:48.000Z,21.37000276,-157.73498974,UAV 1,2,1:3001:2495,ENCAESAR001,1:1:71:4:0:0:0,0,false,false,false,false,0
ENMORT003,FFE-on-Location,LOC_아군포병진지,2026-08-09T09:05:48.000Z,21.37463664,-157.73725624,UAV 1,2,1:3001:2500,ENMORT003,1:1:71:10:1:0:1,0,false,false,false,false,0
ENBTR60004,move to,LOC_중앙계곡,2026-08-09T09:05:48.000Z,21.36884802,-157.74054160,UAV 1,2,1:3001:2507,ENBTR60004,1:1:222:2:8:1:0,0,false,false,false,false,0
ENBTR80002,move to,LOC_중앙계곡,2026-08-09T09:05:48.000Z,21.36917847,-157.74030274,UAV 1,2,1:3001:2519,ENBTR80002,1:1:222:2:13:0:0,0,false,false,false,false,0
ENM1A2004,move to,LOC_중앙계곡,2026-08-09T09:05:48.000Z,21.37346510,-157.74297523,UAV 1,2,1:3001:2521,ENM1A2004,1:1:225:1:1:3:0,0,false,false,false,false,0
ENBTR60005,move to,LOC_중앙계곡,2026-08-09T09:05:48.000Z,21.36890564,-157.74046658,UAV 1,2,1:3001:2537,ENBTR60005,1:1:222:2:8:1:0,0,false,false,false,false,0
ENT72002,move to,LOC_중앙계곡,2026-08-09T09:05:48.000Z,21.37165629,-157.74166098,UAV 1,2,1:3001:2263,ENT72002,1:1:222:1:2:1:0,0,false,false,false,false,0
ENT72010,move to,LOC_중앙계곡,2026-08-09T09:05:48.000Z,21.37130344,-157.74169484,UAV 1,2,1:3001:2396,ENT72010,1:1:222:1:2:1:0,0,false,false,false,false,0
ENM1A2003,move to,LOC_중앙계곡,2026-08-09T09:05:49.000Z,21.37368383,-157.74299512,UAV 1,2,1:3001:2199,ENM1A2003,1:1:225:1:1:3:0,0,false,false,false,false,0
FRTRK2004,move to,LOC_남측제1방어선,2026-08-09T09:05:49.000Z,21.38793472,-157.75036110,UAV 1,1,1:3001:2211,FRTRK2004,1:1:225:7:12:8:0,0,false,false,false,false,0
ENCAESAR002,FFE-on-Location,LOC_아군포병진지,2026-08-09T09:05:49.000Z,21.37011579,-157.73488768,UAV 1,2,1:3001:2229,ENCAESAR002,1:1:71:4:0:0:0,0,false,false,false,false,0
ENT72012,move to,LOC_중앙계곡,2026-08-09T09:05:49.000Z,21.37141710,-157.74168515,UAV 1,2,1:3001:2230,ENT72012,1:1:222:1:2:1:0,0,false,false,false,false,0
ENBTR60001,move to,LOC_중앙계곡,2026-08-09T09:05:49.000Z,21.36913140,-157.74060867,UAV 1,2,1:3001:2237,ENBTR60001,1:1:222:2:8:1:0,0,false,false,false,false,0
ENMORT005,FFE-on-Location,LOC_중앙킬존,2026-08-09T09:05:49.000Z,21.37457651,-157.73710572,UAV 1,2,1:3001:2242,ENMORT005,1:1:71:10:1:0:1,0,false,false,false,false,0
ENM1A2001,move to,LOC_중앙계곡,2026-08-09T09:05:49.000Z,21.37373790,-157.74316852,UAV 1,2,1:3001:2243,ENM1A2001,1:1:225:1:1:3:0,0,false,false,false,false,0
ENM1A2005,move to,LOC_중앙계곡,2026-08-09T09:05:49.000Z,21.37362644,-157.74282293,UAV 1,2,1:3001:2256,ENM1A2005,1:1:225:1:1:3:0,0,false,false,false,false,0
FRT69001,move to,LOC_중앙킬존남측,2026-08-09T09:05:49.000Z,21.38678342,-157.73558691,UAV 1,1,1:3001:2260,FRT69001,1:1:45:1:2:1:0,0,false,false,false,false,0
ENMORT004,FFE-on-Location,LOC_아군박격포진지,2026-08-09T09:05:49.000Z,21.37447596,-157.73706256,UAV 1,2,1:3001:2265,ENMORT004,1:1:71:10:1:0:1,0,false,false,false,false,0
ENGAZ001,move to,LOC_적북측접근로,2026-08-09T09:05:49.000Z,21.37313479,-157.73331781,UAV 1,2,1:3001:2289,ENGAZ001,1:1:222:7:8:0:0,0,false,false,false,false,0
ENBTR60006,move to,LOC_중앙계곡,2026-08-09T09:05:49.000Z,21.36917907,-157.74040420,UAV 1,2,1:3001:2298,ENBTR60006,1:1:222:2:8:1:0,0,false,false,false,false,0
ENBTR80004,move to,LOC_중앙계곡,2026-08-09T09:05:49.000Z,21.36923889,-157.74033106,UAV 1,2,1:3001:2314,ENBTR80004,1:1:222:2:13:0:0,0,false,false,false,false,0
ENM1A2002,move to,LOC_중앙계곡,2026-08-09T09:05:49.000Z,21.37371054,-157.74308193,UAV 1,2,1:3001:2328,ENM1A2002,1:1:225:1:1:3:0,0,false,false,false,false,0
ENBTR80001,move to,LOC_중앙계곡,2026-08-09T09:05:49.000Z,21.36931193,-157.74038903,UAV 1,2,1:3001:2332,ENBTR80001,1:1:222:2:13:0:0,0,false,false,false,false,0
ENCAESAR004,move to,LOC_북측예비방어선,2026-08-09T09:05:49.000Z,21.37013888,-157.73496325,UAV 1,2,1:3001:2333,ENCAESAR004,1:1:71:4:0:0:0,0,false,false,false,false,0
ENGAZ002,move to,LOC_적북측접근로,2026-08-09T09:05:49.000Z,21.37321979,-157.73333968,UAV 1,2,1:3001:2356,ENGAZ002,1:1:222:7:8:0:0,0,false,false,false,false,0
ENBTR80006,move to,LOC_중앙계곡,2026-08-09T09:05:49.000Z,21.36935009,-157.74018436,UAV 1,2,1:3001:2363,ENBTR80006,1:1:222:2:13:0:0,0,false,false,false,false,0
ENT72011,move to,LOC_중앙계곡,2026-08-09T09:05:49.000Z,21.37143055,-157.74177686,UAV 1,2,1:3001:2367,ENT72011,1:1:222:1:2:1:0,0,false,false,false,false,0
ENM35002,move to,LOC_적북측접근로,2026-08-09T09:05:49.000Z,21.37340353,-157.73332779,UAV 1,2,1:3001:2375,ENM35002,1:1:225:7:1:6:0,0,false,false,false,false,0
ENGAZ003,move to,LOC_적북측접근로,2026-08-09T09:05:49.000Z,21.37315638,-157.73322383,UAV 1,2,1:3001:2384,ENGAZ003,1:1:222:7:8:0:0,0,false,false,false,false,0
ENBTR80003,move to,LOC_중앙계곡,2026-08-09T09:05:49.000Z,21.36942854,-157.74024280,UAV 1,2,1:3001:2388,ENBTR80003,1:1:222:2:13:0:0,0,false,false,false,false,0
FRT80008,move to,LOC_중앙킬존남측,2026-08-09T09:05:49.000Z,21.38265248,-157.75054974,UAV 1,1,1:3001:2391,FRT80008,1:1:222:1:1:1:0,0,false,false,false,false,0
ENCAESAR003,FFE-on-Location,LOC_아군박격포진지,2026-08-09T09:05:49.000Z,21.36993473,-157.73482081,UAV 1,2,1:3001:2417,ENCAESAR003,1:1:71:4:0:0:0,0,false,false,false,false,0
ENMORT001,FFE-on-Location,LOC_중앙킬존,2026-08-09T09:05:49.000Z,21.37443553,-157.73716992,UAV 1,2,1:3001:2424,ENMORT001,1:1:71:10:1:0:1,0,false,false,false,false,0
ENBTR60007,move to,LOC_중앙계곡,2026-08-09T09:05:49.000Z,21.36898232,-157.74049249,UAV 1,2,1:3001:2450,ENBTR60007,1:1:222:2:8:1:0,0,false,false,false,false,0
ENBTR60008,move to,LOC_중앙계곡,2026-08-09T09:05:49.000Z,21.36903735,-157.74041891,UAV 1,2,1:3001:2461,ENBTR60008,1:1:222:2:8:1:0,0,false,false,false,false,0
FRTRK2002,move to,LOC_남측제1방어선,2026-08-09T09:05:49.000Z,21.38792207,-157.75026483,UAV 1,1,1:3001:2462,FRTRK2002,1:1:225:7:12:8:0,0,false,false,false,false,0
ENBTR80007,move to,LOC_중앙계곡,2026-08-09T09:05:49.000Z,21.36916277,-157.74027282,UAV 1,2,1:3001:2463,ENBTR80007,1:1:222:2:13:0:0,0,false,false,false,false,0
ENMORT002,FFE-on-Location,LOC_남측제1방어선,2026-08-09T09:05:49.000Z,21.37453609,-157.73721308,UAV 1,2,1:3001:2469,ENMORT002,1:1:71:10:1:0:1,0,false,false,false,false,0
ENGAZ004,move to,LOC_적북측접근로,2026-08-09T09:05:49.000Z,21.37324140,-157.73324577,UAV 1,2,1:3001:2473,ENGAZ004,1:1:222:7:8:0:0,0,false,false,false,false,0
ENBTR80005,move to,LOC_중앙계곡,2026-08-09T09:05:49.000Z,21.36929112,-157.74025745,UAV 1,2,1:3001:2481,ENBTR80005,1:1:222:2:13:0:0,0,false,false,false,false,0
ENMIM001,move to,LOC_적북측접근로,2026-08-09T09:05:49.000Z,21.36978504,-157.73709540,UAV 1,2,1:3001:2490,ENMIM001,1:1:225:28:2:0:0,0,false,false,false,false,0
ENCAESAR001,move to,LOC_적북측접근로,2026-08-09T09:05:49.000Z,21.37004224,-157.73519050,UAV 1,2,1:3001:2495,ENCAESAR001,1:1:71:4:0:0:0,0,false,false,false,false,0
ENMORT003,FFE-on-Location,LOC_아군포병진지,2026-08-09T09:05:49.000Z,21.37463664,-157.73725624,UAV 1,2,1:3001:2500,ENMORT003,1:1:71:10:1:0:1,0,false,false,false,false,0
ENBTR60004,move to,LOC_중앙계곡,2026-08-09T09:05:49.000Z,21.36905255,-157.74055044,UAV 1,2,1:3001:2507,ENBTR60004,1:1:222:2:8:1:0,0,false,false,false,false,0
ENM1A2004,move to,LOC_중앙계곡,2026-08-09T09:05:49.000Z,21.37365556,-157.74290889,UAV 1,2,1:3001:2521,ENM1A2004,1:1:225:1:1:3:0,0,false,false,false,false,0
ENBTR60005,move to,LOC_중앙계곡,2026-08-09T09:05:49.000Z,21.36911431,-157.74047717,UAV 1,2,1:3001:2537,ENBTR60005,1:1:222:2:8:1:0,0,false,false,false,false,0
ENT72010,move to,LOC_중앙계곡,2026-08-09T09:05:49.000Z,21.37151869,-157.74167550,UAV 1,2,1:3001:2396,ENT72010,1:1:222:1:2:1:0,0,false,false,false,false,0
ENM35004,move to,LOC_적북측접근로,2026-08-09T09:05:49.000Z,21.37342611,-157.73323020,UAV 1,2,1:3001:2285,ENM35004,1:1:225:7:1:6:0,0,false,false,false,false,0
ENM35001,move to,LOC_적북측접근로,2026-08-09T09:05:49.000Z,21.37331787,-157.73330609,UAV 1,2,1:3001:2389,ENM35001,1:1:225:7:1:6:0,0,false,false,false,false,0
ENM35003,move to,LOC_적북측접근로,2026-08-09T09:05:49.000Z,21.37333989,-157.73321059,UAV 1,2,1:3001:2529,ENM35003,1:1:225:7:1:6:0,0,false,false,false,false,0
ENM1A2003,move to,LOC_중앙계곡,2026-08-09T09:05:50.000Z,21.37368383,-157.74299512,UAV 1,2,1:3001:2199,ENM1A2003,1:1:225:1:1:3:0,0,false,false,false,false,0
FRTRK2004,move to,LOC_남측제1방어선,2026-08-09T09:05:50.000Z,21.38793472,-157.75036110,UAV 1,1,1:3001:2211,FRTRK2004,1:1:225:7:12:8:0,0,false,false,false,false,0
ENCAESAR002,FFE-on-Location,LOC_아군포병진지,2026-08-09T09:05:50.000Z,21.37011579,-157.73488768,UAV 1,2,1:3001:2229,ENCAESAR002,1:1:71:4:0:0:0,0,false,false,false,false,0
ENT72012,move to,LOC_중앙계곡,2026-08-09T09:05:50.000Z,21.37141710,-157.74168515,UAV 1,2,1:3001:2230,ENT72012,1:1:222:1:2:1:0,0,false,false,false,false,0
ENBTR60001,move to,LOC_중앙계곡,2026-08-09T09:05:50.000Z,21.36913140,-157.74060867,UAV 1,2,1:3001:2237,ENBTR60001,1:1:222:2:8:1:0,0,false,false,false,false,0
ENMORT005,FFE-on-Location,LOC_중앙킬존,2026-08-09T09:05:50.000Z,21.37457651,-157.73710572,UAV 1,2,1:3001:2242,ENMORT005,1:1:71:10:1:0:1,0,false,false,false,false,0
ENM1A2001,move to,LOC_중앙계곡,2026-08-09T09:05:50.000Z,21.37373790,-157.74316852,UAV 1,2,1:3001:2243,ENM1A2001,1:1:225:1:1:3:0,0,false,false,false,false,0
ENM1A2005,move to,LOC_중앙계곡,2026-08-09T09:05:50.000Z,21.37362644,-157.74282293,UAV 1,2,1:3001:2256,ENM1A2005,1:1:225:1:1:3:0,0,false,false,false,false,0
FRT69001,move to,LOC_중앙킬존남측,2026-08-09T09:05:50.000Z,21.38678342,-157.73558691,UAV 1,1,1:3001:2260,FRT69001,1:1:45:1:2:1:0,0,false,false,false,false,0
ENMORT004,FFE-on-Location,LOC_아군박격포진지,2026-08-09T09:05:50.000Z,21.37447596,-157.73706256,UAV 1,2,1:3001:2265,ENMORT004,1:1:71:10:1:0:1,0,false,false,false,false,0
ENGAZ001,move to,LOC_적북측접근로,2026-08-09T09:05:50.000Z,21.37313479,-157.73331781,UAV 1,2,1:3001:2289,ENGAZ001,1:1:222:7:8:0:0,0,false,false,false,false,0
ENBTR60006,move to,LOC_중앙계곡,2026-08-09T09:05:50.000Z,21.36917907,-157.74040420,UAV 1,2,1:3001:2298,ENBTR60006,1:1:222:2:8:1:0,0,false,false,false,false,0
ENBTR80004,move to,LOC_중앙계곡,2026-08-09T09:05:50.000Z,21.36923889,-157.74033106,UAV 1,2,1:3001:2314,ENBTR80004,1:1:222:2:13:0:0,0,false,false,false,false,0
ENM1A2002,move to,LOC_중앙계곡,2026-08-09T09:05:50.000Z,21.37371054,-157.74308193,UAV 1,2,1:3001:2328,ENM1A2002,1:1:225:1:1:3:0,0,false,false,false,false,0
ENBTR80001,move to,LOC_중앙계곡,2026-08-09T09:05:50.000Z,21.36931193,-157.74038903,UAV 1,2,1:3001:2332,ENBTR80001,1:1:222:2:13:0:0,0,false,false,false,false,0
ENCAESAR004,move to,LOC_북측예비방어선,2026-08-09T09:05:50.000Z,21.37013888,-157.73496325,UAV 1,2,1:3001:2333,ENCAESAR004,1:1:71:4:0:0:0,0,false,false,false,false,0
ENGAZ002,move to,LOC_적북측접근로,2026-08-09T09:05:50.000Z,21.37321979,-157.73333968,UAV 1,2,1:3001:2356,ENGAZ002,1:1:222:7:8:0:0,0,false,false,false,false,0
ENBTR80006,move to,LOC_중앙계곡,2026-08-09T09:05:50.000Z,21.36935009,-157.74018436,UAV 1,2,1:3001:2363,ENBTR80006,1:1:222:2:13:0:0,0,false,false,false,false,0
ENT72011,move to,LOC_중앙계곡,2026-08-09T09:05:50.000Z,21.37143055,-157.74177686,UAV 1,2,1:3001:2367,ENT72011,1:1:222:1:2:1:0,0,false,false,false,false,0
ENM35002,move to,LOC_적북측접근로,2026-08-09T09:05:50.000Z,21.37340353,-157.73332779,UAV 1,2,1:3001:2375,ENM35002,1:1:225:7:1:6:0,0,false,false,false,false,0
ENGAZ003,move to,LOC_적북측접근로,2026-08-09T09:05:50.000Z,21.37315638,-157.73322383,UAV 1,2,1:3001:2384,ENGAZ003,1:1:222:7:8:0:0,0,false,false,false,false,0
ENBTR80003,move to,LOC_중앙계곡,2026-08-09T09:05:50.000Z,21.36942854,-157.74024280,UAV 1,2,1:3001:2388,ENBTR80003,1:1:222:2:13:0:0,0,false,false,false,false,0
FRT80008,move to,LOC_중앙킬존남측,2026-08-09T09:05:50.000Z,21.38265248,-157.75054974,UAV 1,1,1:3001:2391,FRT80008,1:1:222:1:1:1:0,0,false,false,false,false,0
ENCAESAR003,FFE-on-Location,LOC_아군박격포진지,2026-08-09T09:05:50.000Z,21.36993473,-157.73482081,UAV 1,2,1:3001:2417,ENCAESAR003,1:1:71:4:0:0:0,0,false,false,false,false,0
ENMORT001,FFE-on-Location,LOC_중앙킬존,2026-08-09T09:05:50.000Z,21.37443553,-157.73716992,UAV 1,2,1:3001:2424,ENMORT001,1:1:71:10:1:0:1,0,false,false,false,false,0
ENBTR60007,move to,LOC_중앙계곡,2026-08-09T09:05:50.000Z,21.36898232,-157.74049249,UAV 1,2,1:3001:2450,ENBTR60007,1:1:222:2:8:1:0,0,false,false,false,false,0
ENBTR60008,move to,LOC_중앙계곡,2026-08-09T09:05:50.000Z,21.36903735,-157.74041891,UAV 1,2,1:3001:2461,ENBTR60008,1:1:222:2:8:1:0,0,false,false,false,false,0
FRTRK2002,move to,LOC_남측제1방어선,2026-08-09T09:05:50.000Z,21.38792207,-157.75026483,UAV 1,1,1:3001:2462,FRTRK2002,1:1:225:7:12:8:0,0,false,false,false,false,0
ENBTR80007,move to,LOC_중앙계곡,2026-08-09T09:05:50.000Z,21.36916277,-157.74027282,UAV 1,2,1:3001:2463,ENBTR80007,1:1:222:2:13:0:0,0,false,false,false,false,0
ENMORT002,FFE-on-Location,LOC_남측제1방어선,2026-08-09T09:05:50.000Z,21.37453609,-157.73721308,UAV 1,2,1:3001:2469,ENMORT002,1:1:71:10:1:0:1,0,false,false,false,false,0
ENGAZ004,move to,LOC_적북측접근로,2026-08-09T09:05:50.000Z,21.37324140,-157.73324577,UAV 1,2,1:3001:2473,ENGAZ004,1:1:222:7:8:0:0,0,false,false,false,false,0
ENBTR80005,move to,LOC_중앙계곡,2026-08-09T09:05:50.000Z,21.36929112,-157.74025745,UAV 1,2,1:3001:2481,ENBTR80005,1:1:222:2:13:0:0,0,false,false,false,false,0
ENMIM001,move to,LOC_적북측접근로,2026-08-09T09:05:50.000Z,21.36978504,-157.73709540,UAV 1,2,1:3001:2490,ENMIM001,1:1:225:28:2:0:0,0,false,false,false,false,0
ENCAESAR001,move to,LOC_적북측접근로,2026-08-09T09:05:50.000Z,21.37004224,-157.73519050,UAV 1,2,1:3001:2495,ENCAESAR001,1:1:71:4:0:0:0,0,false,false,false,false,0
ENMORT003,FFE-on-Location,LOC_아군포병진지,2026-08-09T09:05:50.000Z,21.37463664,-157.73725624,UAV 1,2,1:3001:2500,ENMORT003,1:1:71:10:1:0:1,0,false,false,false,false,0
ENBTR60004,move to,LOC_중앙계곡,2026-08-09T09:05:50.000Z,21.36905255,-157.74055044,UAV 1,2,1:3001:2507,ENBTR60004,1:1:222:2:8:1:0,0,false,false,false,false,0
ENM1A2004,move to,LOC_중앙계곡,2026-08-09T09:05:50.000Z,21.37365556,-157.74290889,UAV 1,2,1:3001:2521,ENM1A2004,1:1:225:1:1:3:0,0,false,false,false,false,0
ENBTR60005,move to,LOC_중앙계곡,2026-08-09T09:05:50.000Z,21.36911431,-157.74047717,UAV 1,2,1:3001:2537,ENBTR60005,1:1:222:2:8:1:0,0,false,false,false,false,0
ENT72010,move to,LOC_중앙계곡,2026-08-09T09:05:50.000Z,21.37151869,-157.74167550,UAV 1,2,1:3001:2396,ENT72010,1:1:222:1:2:1:0,0,false,false,false,false,0
ENM35004,move to,LOC_적북측접근로,2026-08-09T09:05:50.000Z,21.37342611,-157.73323020,UAV 1,2,1:3001:2285,ENM35004,1:1:225:7:1:6:0,0,false,false,false,false,0
ENM35001,move to,LOC_적북측접근로,2026-08-09T09:05:50.000Z,21.37331787,-157.73330609,UAV 1,2,1:3001:2389,ENM35001,1:1:225:7:1:6:0,0,false,false,false,false,0
ENM35003,move to,LOC_적북측접근로,2026-08-09T09:05:50.000Z,21.37333989,-157.73321059,UAV 1,2,1:3001:2529,ENM35003,1:1:225:7:1:6:0,0,false,false,false,false,0
ENM1A2003,move to,LOC_중앙계곡,2026-08-09T09:05:51.000Z,21.37385535,-157.74293238,UAV 1,2,1:3001:2199,ENM1A2003,1:1:225:1:1:3:0,0,false,false,false,false,0
FRTRK2004,move to,LOC_남측제1방어선,2026-08-09T09:05:51.000Z,21.38791143,-157.75016004,UAV 1,1,1:3001:2211,FRTRK2004,1:1:225:7:12:8:0,0,false,false,false,false,0
ENCAESAR002,FFE-on-Location,LOC_아군포병진지,2026-08-09T09:05:51.000Z,21.37011579,-157.73488768,UAV 1,2,1:3001:2229,ENCAESAR002,1:1:71:4:0:0:0,0,false,false,false,false,0
ENT72012,move to,LOC_중앙계곡,2026-08-09T09:05:51.000Z,21.37159915,-157.74166878,UAV 1,2,1:3001:2230,ENT72012,1:1:222:1:2:1:0,0,false,false,false,false,0
ENBTR60001,move to,LOC_중앙계곡,2026-08-09T09:05:51.000Z,21.36931655,-157.74061566,UAV 1,2,1:3001:2237,ENBTR60001,1:1:222:2:8:1:0,0,false,false,false,false,0
ENMORT005,FFE-on-Location,LOC_중앙킬존,2026-08-09T09:05:51.000Z,21.37457651,-157.73710572,UAV 1,2,1:3001:2242,ENMORT005,1:1:71:10:1:0:1,0,false,false,false,false,0
ENM1A2001,move to,LOC_중앙계곡,2026-08-09T09:05:51.000Z,21.37390969,-157.74309957,UAV 1,2,1:3001:2243,ENM1A2001,1:1:225:1:1:3:0,0,false,false,false,false,0
ENM1A2005,move to,LOC_중앙계곡,2026-08-09T09:05:51.000Z,21.37380158,-157.74276496,UAV 1,2,1:3001:2256,ENM1A2005,1:1:225:1:1:3:0,0,false,false,false,false,0
FRT69001,move to,LOC_중앙킬존남측,2026-08-09T09:05:51.000Z,21.38669221,-157.73575313,UAV 1,1,1:3001:2260,FRT69001,1:1:45:1:2:1:0,0,false,false,false,false,0
ENMORT004,FFE-on-Location,LOC_아군박격포진지,2026-08-09T09:05:51.000Z,21.37447596,-157.73706256,UAV 1,2,1:3001:2265,ENMORT004,1:1:71:10:1:0:1,0,false,false,false,false,0
ENGAZ001,move to,LOC_적북측접근로,2026-08-09T09:05:51.000Z,21.37309378,-157.73350923,UAV 1,2,1:3001:2289,ENGAZ001,1:1:222:7:8:0:0,0,false,false,false,false,0
ENBTR60006,move to,LOC_중앙계곡,2026-08-09T09:05:51.000Z,21.36936175,-157.74041487,UAV 1,2,1:3001:2298,ENBTR60006,1:1:222:2:8:1:0,0,false,false,false,false,0
ENBTR80004,move to,LOC_중앙계곡,2026-08-09T09:05:51.000Z,21.36942225,-157.74034319,UAV 1,2,1:3001:2314,ENBTR80004,1:1:222:2:13:0:0,0,false,false,false,false,0
ENM1A2002,move to,LOC_중앙계곡,2026-08-09T09:05:51.000Z,21.37388127,-157.74301646,UAV 1,2,1:3001:2328,ENM1A2002,1:1:225:1:1:3:0,0,false,false,false,false,0
ENBTR80001,move to,LOC_중앙계곡,2026-08-09T09:05:51.000Z,21.36949165,-157.74039995,UAV 1,2,1:3001:2332,ENBTR80001,1:1:222:2:13:0:0,0,false,false,false,false,0
ENCAESAR004,move to,LOC_북측예비방어선,2026-08-09T09:05:51.000Z,21.37020858,-157.73513847,UAV 1,2,1:3001:2333,ENCAESAR004,1:1:71:4:0:0:0,0,false,false,false,false,0
ENGAZ002,move to,LOC_적북측접근로,2026-08-09T09:05:51.000Z,21.37317686,-157.73353055,UAV 1,2,1:3001:2356,ENGAZ002,1:1:222:7:8:0:0,0,false,false,false,false,0
ENBTR80006,move to,LOC_중앙계곡,2026-08-09T09:05:51.000Z,21.36952978,-157.74019907,UAV 1,2,1:3001:2363,ENBTR80006,1:1:222:2:13:0:0,0,false,false,false,false,0
ENT72011,move to,LOC_중앙계곡,2026-08-09T09:05:51.000Z,21.37161013,-157.74175855,UAV 1,2,1:3001:2367,ENT72011,1:1:222:1:2:1:0,0,false,false,false,false,0
ENM35002,move to,LOC_적북측접근로,2026-08-09T09:05:51.000Z,21.37335559,-157.73352234,UAV 1,2,1:3001:2375,ENM35002,1:1:225:7:1:6:0,0,false,false,false,false,0
ENGAZ003,move to,LOC_적북측접근로,2026-08-09T09:05:51.000Z,21.37311536,-157.73341514,UAV 1,2,1:3001:2384,ENGAZ003,1:1:222:7:8:0:0,0,false,false,false,false,0
ENBTR80003,move to,LOC_중앙계곡,2026-08-09T09:05:51.000Z,21.36960987,-157.74025667,UAV 1,2,1:3001:2388,ENBTR80003,1:1:222:2:13:0:0,0,false,false,false,false,0
FRT80008,move to,LOC_중앙킬존남측,2026-08-09T09:05:51.000Z,21.38257549,-157.75037390,UAV 1,1,1:3001:2391,FRT80008,1:1:222:1:1:1:0,0,false,false,false,false,0
ENCAESAR003,FFE-on-Location,LOC_아군박격포진지,2026-08-09T09:05:51.000Z,21.36993473,-157.73482081,UAV 1,2,1:3001:2417,ENCAESAR003,1:1:71:4:0:0:0,0,false,false,false,false,0
ENMORT001,FFE-on-Location,LOC_중앙킬존,2026-08-09T09:05:51.000Z,21.37443553,-157.73716992,UAV 1,2,1:3001:2424,ENMORT001,1:1:71:10:1:0:1,0,false,false,false,false,0
ENBTR60007,move to,LOC_중앙계곡,2026-08-09T09:05:51.000Z,21.36916656,-157.74050143,UAV 1,2,1:3001:2450,ENBTR60007,1:1:222:2:8:1:0,0,false,false,false,false,0
ENBTR60008,move to,LOC_중앙계곡,2026-08-09T09:05:51.000Z,21.36923100,-157.74042978,UAV 1,2,1:3001:2461,ENBTR60008,1:1:222:2:8:1:0,0,false,false,false,false,0
FRTRK2002,move to,LOC_남측제1방어선,2026-08-09T09:05:51.000Z,21.38789880,-157.75006369,UAV 1,1,1:3001:2462,FRTRK2002,1:1:225:7:12:8:0,0,false,false,false,false,0
ENBTR80007,move to,LOC_중앙계곡,2026-08-09T09:05:51.000Z,21.36934723,-157.74028600,UAV 1,2,1:3001:2463,ENBTR80007,1:1:222:2:13:0:0,0,false,false,false,false,0
ENMORT002,FFE-on-Location,LOC_남측제1방어선,2026-08-09T09:05:51.000Z,21.37453609,-157.73721308,UAV 1,2,1:3001:2469,ENMORT002,1:1:71:10:1:0:1,0,false,false,false,false,0
ENGAZ004,move to,LOC_적북측접근로,2026-08-09T09:05:51.000Z,21.37319847,-157.73343658,UAV 1,2,1:3001:2473,ENGAZ004,1:1:222:7:8:0:0,0,false,false,false,false,0
ENBTR80005,move to,LOC_중앙계곡,2026-08-09T09:05:51.000Z,21.36947306,-157.74027090,UAV 1,2,1:3001:2481,ENBTR80005,1:1:222:2:13:0:0,0,false,false,false,false,0
ENMIM001,move to,LOC_적북측접근로,2026-08-09T09:05:51.000Z,21.36984821,-157.73728528,UAV 1,2,1:3001:2490,ENMIM001,1:1:225:28:2:0:0,0,false,false,false,false,0
ENCAESAR001,move to,LOC_적북측접근로,2026-08-09T09:05:51.000Z,21.37007931,-157.73537896,UAV 1,2,1:3001:2495,ENCAESAR001,1:1:71:4:0:0:0,0,false,false,false,false,0
ENMORT003,FFE-on-Location,LOC_아군포병진지,2026-08-09T09:05:51.000Z,21.37463664,-157.73725624,UAV 1,2,1:3001:2500,ENMORT003,1:1:71:10:1:0:1,0,false,false,false,false,0
ENBTR60004,move to,LOC_중앙계곡,2026-08-09T09:05:51.000Z,21.36924183,-157.74055862,UAV 1,2,1:3001:2507,ENBTR60004,1:1:222:2:8:1:0,0,false,false,false,false,0
ENM1A2004,move to,LOC_중앙계곡,2026-08-09T09:05:51.000Z,21.37382939,-157.74284835,UAV 1,2,1:3001:2521,ENM1A2004,1:1:225:1:1:3:0,0,false,false,false,false,0
ENBTR60005,move to,LOC_중앙계곡,2026-08-09T09:05:51.000Z,21.36929974,-157.74048659,UAV 1,2,1:3001:2537,ENBTR60005,1:1:222:2:8:1:0,0,false,false,false,false,0
ENT72010,move to,LOC_중앙계곡,2026-08-09T09:05:51.000Z,21.37170035,-157.74165917,UAV 1,2,1:3001:2396,ENT72010,1:1:222:1:2:1:0,0,false,false,false,false,0
ENM35004,move to,LOC_적북측접근로,2026-08-09T09:05:51.000Z,21.37337803,-157.73342542,UAV 1,2,1:3001:2285,ENM35004,1:1:225:7:1:6:0,0,false,false,false,false,0
ENM35001,move to,LOC_적북측접근로,2026-08-09T09:05:51.000Z,21.37327196,-157.73350090,UAV 1,2,1:3001:2389,ENM35001,1:1:225:7:1:6:0,0,false,false,false,false,0
ENM35003,move to,LOC_적북측접근로,2026-08-09T09:05:51.000Z,21.37329392,-157.73340571,UAV 1,2,1:3001:2529,ENM35003,1:1:225:7:1:6:0,0,false,false,false,false,0
ENT72007,move to,LOC_중앙계곡,2026-08-09T09:05:51.000Z,21.37178738,-157.74174150,UAV 1,2,1:3001:2222,ENT72007,1:1:222:1:2:1:0,0,false,false,false,false,0
ENT72005,move to,LOC_중앙계곡,2026-08-09T09:05:51.000Z,21.37188205,-157.74173235,UAV 1,2,1:3001:2283,ENT72005,1:1:222:1:2:1:0,0,false,false,false,false,0
ENT72006,move to,LOC_중앙계곡,2026-08-09T09:05:51.000Z,21.37187077,-157.74164284,UAV 1,2,1:3001:2413,ENT72006,1:1:222:1:2:1:0,0,false,false,false,false,0
ENBTR80002,move to,LOC_중앙계곡,2026-08-09T09:05:51.000Z,21.36955608,-157.74032863,UAV 1,2,1:3001:2519,ENBTR80002,1:1:222:2:13:0:0,0,false,false,false,false,0
ENM1A2003,move to,LOC_중앙계곡,2026-08-09T09:05:52.000Z,21.37385535,-157.74293238,UAV 1,2,1:3001:2199,ENM1A2003,1:1:225:1:1:3:0,0,false,false,false,false,0
FRTRK2004,move to,LOC_남측제1방어선,2026-08-09T09:05:52.000Z,21.38791143,-157.75016004,UAV 1,1,1:3001:2211,FRTRK2004,1:1:225:7:12:8:0,0,false,false,false,false,0
ENCAESAR002,FFE-on-Location,LOC_아군포병진지,2026-08-09T09:05:52.000Z,21.37011579,-157.73488768,UAV 1,2,1:3001:2229,ENCAESAR002,1:1:71:4:0:0:0,0,false,false,false,false,0
ENT72012,move to,LOC_중앙계곡,2026-08-09T09:05:52.000Z,21.37159915,-157.74166878,UAV 1,2,1:3001:2230,ENT72012,1:1:222:1:2:1:0,0,false,false,false,false,0
ENBTR60001,move to,LOC_중앙계곡,2026-08-09T09:05:52.000Z,21.36931655,-157.74061566,UAV 1,2,1:3001:2237,ENBTR60001,1:1:222:2:8:1:0,0,false,false,false,false,0
ENMORT005,FFE-on-Location,LOC_중앙킬존,2026-08-09T09:05:52.000Z,21.37457651,-157.73710572,UAV 1,2,1:3001:2242,ENMORT005,1:1:71:10:1:0:1,0,false,false,false,false,0
ENM1A2001,move to,LOC_중앙계곡,2026-08-09T09:05:52.000Z,21.37390969,-157.74309957,UAV 1,2,1:3001:2243,ENM1A2001,1:1:225:1:1:3:0,0,false,false,false,false,0
ENM1A2005,move to,LOC_중앙계곡,2026-08-09T09:05:52.000Z,21.37380158,-157.74276496,UAV 1,2,1:3001:2256,ENM1A2005,1:1:225:1:1:3:0,0,false,false,false,false,0
FRT69001,move to,LOC_중앙킬존남측,2026-08-09T09:05:52.000Z,21.38669221,-157.73575313,UAV 1,1,1:3001:2260,FRT69001,1:1:45:1:2:1:0,0,false,false,false,false,0
ENMORT004,FFE-on-Location,LOC_아군박격포진지,2026-08-09T09:05:52.000Z,21.37447596,-157.73706256,UAV 1,2,1:3001:2265,ENMORT004,1:1:71:10:1:0:1,0,false,false,false,false,0
ENGAZ001,move to,LOC_적북측접근로,2026-08-09T09:05:52.000Z,21.37309378,-157.73350923,UAV 1,2,1:3001:2289,ENGAZ001,1:1:222:7:8:0:0,0,false,false,false,false,0
ENBTR60006,move to,LOC_중앙계곡,2026-08-09T09:05:52.000Z,21.36936175,-157.74041487,UAV 1,2,1:3001:2298,ENBTR60006,1:1:222:2:8:1:0,0,false,false,false,false,0
ENBTR80004,move to,LOC_중앙계곡,2026-08-09T09:05:52.000Z,21.36942225,-157.74034319,UAV 1,2,1:3001:2314,ENBTR80004,1:1:222:2:13:0:0,0,false,false,false,false,0
ENM1A2002,move to,LOC_중앙계곡,2026-08-09T09:05:52.000Z,21.37388127,-157.74301646,UAV 1,2,1:3001:2328,ENM1A2002,1:1:225:1:1:3:0,0,false,false,false,false,0
ENBTR80001,move to,LOC_중앙계곡,2026-08-09T09:05:52.000Z,21.36949165,-157.74039995,UAV 1,2,1:3001:2332,ENBTR80001,1:1:222:2:13:0:0,0,false,false,false,false,0
ENCAESAR004,move to,LOC_북측예비방어선,2026-08-09T09:05:52.000Z,21.37020858,-157.73513847,UAV 1,2,1:3001:2333,ENCAESAR004,1:1:71:4:0:0:0,0,false,false,false,false,0
ENGAZ002,move to,LOC_적북측접근로,2026-08-09T09:05:52.000Z,21.37317686,-157.73353055,UAV 1,2,1:3001:2356,ENGAZ002,1:1:222:7:8:0:0,0,false,false,false,false,0
ENBTR80006,move to,LOC_중앙계곡,2026-08-09T09:05:52.000Z,21.36952978,-157.74019907,UAV 1,2,1:3001:2363,ENBTR80006,1:1:222:2:13:0:0,0,false,false,false,false,0
ENT72011,move to,LOC_중앙계곡,2026-08-09T09:05:52.000Z,21.37161013,-157.74175855,UAV 1,2,1:3001:2367,ENT72011,1:1:222:1:2:1:0,0,false,false,false,false,0
ENM35002,move to,LOC_적북측접근로,2026-08-09T09:05:52.000Z,21.37335559,-157.73352234,UAV 1,2,1:3001:2375,ENM35002,1:1:225:7:1:6:0,0,false,false,false,false,0
ENGAZ003,move to,LOC_적북측접근로,2026-08-09T09:05:52.000Z,21.37311536,-157.73341514,UAV 1,2,1:3001:2384,ENGAZ003,1:1:222:7:8:0:0,0,false,false,false,false,0
ENBTR80003,move to,LOC_중앙계곡,2026-08-09T09:05:52.000Z,21.36960987,-157.74025667,UAV 1,2,1:3001:2388,ENBTR80003,1:1:222:2:13:0:0,0,false,false,false,false,0
FRT80008,move to,LOC_중앙킬존남측,2026-08-09T09:05:52.000Z,21.38257549,-157.75037390,UAV 1,1,1:3001:2391,FRT80008,1:1:222:1:1:1:0,0,false,false,false,false,0
ENCAESAR003,FFE-on-Location,LOC_아군박격포진지,2026-08-09T09:05:52.000Z,21.36993473,-157.73482081,UAV 1,2,1:3001:2417,ENCAESAR003,1:1:71:4:0:0:0,0,false,false,false,false,0
ENMORT001,FFE-on-Location,LOC_중앙킬존,2026-08-09T09:05:52.000Z,21.37443553,-157.73716992,UAV 1,2,1:3001:2424,ENMORT001,1:1:71:10:1:0:1,0,false,false,false,false,0
ENBTR60007,move to,LOC_중앙계곡,2026-08-09T09:05:52.000Z,21.36916656,-157.74050143,UAV 1,2,1:3001:2450,ENBTR60007,1:1:222:2:8:1:0,0,false,false,false,false,0
ENBTR60008,move to,LOC_중앙계곡,2026-08-09T09:05:52.000Z,21.36923100,-157.74042978,UAV 1,2,1:3001:2461,ENBTR60008,1:1:222:2:8:1:0,0,false,false,false,false,0
FRTRK2002,move to,LOC_남측제1방어선,2026-08-09T09:05:52.000Z,21.38789880,-157.75006369,UAV 1,1,1:3001:2462,FRTRK2002,1:1:225:7:12:8:0,0,false,false,false,false,0
ENBTR80007,move to,LOC_중앙계곡,2026-08-09T09:05:52.000Z,21.36934723,-157.74028600,UAV 1,2,1:3001:2463,ENBTR80007,1:1:222:2:13:0:0,0,false,false,false,false,0
ENMORT002,FFE-on-Location,LOC_남측제1방어선,2026-08-09T09:05:52.000Z,21.37453609,-157.73721308,UAV 1,2,1:3001:2469,ENMORT002,1:1:71:10:1:0:1,0,false,false,false,false,0
ENGAZ004,move to,LOC_적북측접근로,2026-08-09T09:05:52.000Z,21.37319847,-157.73343658,UAV 1,2,1:3001:2473,ENGAZ004,1:1:222:7:8:0:0,0,false,false,false,false,0
ENBTR80005,move to,LOC_중앙계곡,2026-08-09T09:05:52.000Z,21.36947306,-157.74027090,UAV 1,2,1:3001:2481,ENBTR80005,1:1:222:2:13:0:0,0,false,false,false,false,0
ENMIM001,move to,LOC_적북측접근로,2026-08-09T09:05:52.000Z,21.36984821,-157.73728528,UAV 1,2,1:3001:2490,ENMIM001,1:1:225:28:2:0:0,0,false,false,false,false,0
ENCAESAR001,move to,LOC_적북측접근로,2026-08-09T09:05:52.000Z,21.37007931,-157.73537896,UAV 1,2,1:3001:2495,ENCAESAR001,1:1:71:4:0:0:0,0,false,false,false,false,0
ENMORT003,FFE-on-Location,LOC_아군포병진지,2026-08-09T09:05:52.000Z,21.37463664,-157.73725624,UAV 1,2,1:3001:2500,ENMORT003,1:1:71:10:1:0:1,0,false,false,false,false,0
ENBTR60004,move to,LOC_중앙계곡,2026-08-09T09:05:52.000Z,21.36924183,-157.74055862,UAV 1,2,1:3001:2507,ENBTR60004,1:1:222:2:8:1:0,0,false,false,false,false,0
ENM1A2004,move to,LOC_중앙계곡,2026-08-09T09:05:52.000Z,21.37382939,-157.74284835,UAV 1,2,1:3001:2521,ENM1A2004,1:1:225:1:1:3:0,0,false,false,false,false,0
ENBTR60005,move to,LOC_중앙계곡,2026-08-09T09:05:52.000Z,21.36929974,-157.74048659,UAV 1,2,1:3001:2537,ENBTR60005,1:1:222:2:8:1:0,0,false,false,false,false,0
ENT72010,move to,LOC_중앙계곡,2026-08-09T09:05:52.000Z,21.37170035,-157.74165917,UAV 1,2,1:3001:2396,ENT72010,1:1:222:1:2:1:0,0,false,false,false,false,0
ENM35004,move to,LOC_적북측접근로,2026-08-09T09:05:52.000Z,21.37337803,-157.73342542,UAV 1,2,1:3001:2285,ENM35004,1:1:225:7:1:6:0,0,false,false,false,false,0
ENM35001,move to,LOC_적북측접근로,2026-08-09T09:05:52.000Z,21.37327196,-157.73350090,UAV 1,2,1:3001:2389,ENM35001,1:1:225:7:1:6:0,0,false,false,false,false,0
ENM35003,move to,LOC_적북측접근로,2026-08-09T09:05:52.000Z,21.37329392,-157.73340571,UAV 1,2,1:3001:2529,ENM35003,1:1:225:7:1:6:0,0,false,false,false,false,0
ENT72007,move to,LOC_중앙계곡,2026-08-09T09:05:52.000Z,21.37178738,-157.74174150,UAV 1,2,1:3001:2222,ENT72007,1:1:222:1:2:1:0,0,false,false,false,false,0
ENT72005,move to,LOC_중앙계곡,2026-08-09T09:05:52.000Z,21.37188205,-157.74173235,UAV 1,2,1:3001:2283,ENT72005,1:1:222:1:2:1:0,0,false,false,false,false,0
ENT72006,move to,LOC_중앙계곡,2026-08-09T09:05:52.000Z,21.37187077,-157.74164284,UAV 1,2,1:3001:2413,ENT72006,1:1:222:1:2:1:0,0,false,false,false,false,0
ENBTR80002,move to,LOC_중앙계곡,2026-08-09T09:05:52.000Z,21.36955608,-157.74032863,UAV 1,2,1:3001:2519,ENBTR80002,1:1:222:2:13:0:0,0,false,false,false,false,0
ENM1A2003,move to,LOC_중앙계곡,2026-08-09T09:05:53.000Z,21.37403237,-157.74286762,UAV 1,2,1:3001:2199,ENM1A2003,1:1:225:1:1:3:0,0,false,false,false,false,0
FRTRK2004,move to,LOC_남측제1방어선,2026-08-09T09:05:53.000Z,21.38788914,-157.74996772,UAV 1,1,1:3001:2211,FRTRK2004,1:1:225:7:12:8:0,0,false,false,false,false,0
ENCAESAR002,FFE-on-Location,LOC_아군포병진지,2026-08-09T09:05:53.000Z,21.37011579,-157.73488768,UAV 1,2,1:3001:2229,ENCAESAR002,1:1:71:4:0:0:0,0,false,false,false,false,0
ENT72012,move to,LOC_중앙계곡,2026-08-09T09:05:53.000Z,21.37178043,-157.74165248,UAV 1,2,1:3001:2230,ENT72012,1:1:222:1:2:1:0,0,false,false,false,false,0
ENBTR60001,move to,LOC_중앙계곡,2026-08-09T09:05:53.000Z,21.36950498,-157.74062278,UAV 1,2,1:3001:2237,ENBTR60001,1:1:222:2:8:1:0,0,false,false,false,false,0
ENMORT005,FFE-on-Location,LOC_중앙킬존,2026-08-09T09:05:53.000Z,21.37457651,-157.73710572,UAV 1,2,1:3001:2242,ENMORT005,1:1:71:10:1:0:1,0,false,false,false,false,0
ENM1A2001,move to,LOC_중앙계곡,2026-08-09T09:05:53.000Z,21.37408693,-157.74302843,UAV 1,2,1:3001:2243,ENM1A2001,1:1:225:1:1:3:0,0,false,false,false,false,0
ENM1A2005,move to,LOC_중앙계곡,2026-08-09T09:05:53.000Z,21.37398129,-157.74270548,UAV 1,2,1:3001:2256,ENM1A2005,1:1:225:1:1:3:0,0,false,false,false,false,0
FRT69001,move to,LOC_중앙킬존남측,2026-08-09T09:05:53.000Z,21.38659700,-157.73592665,UAV 1,1,1:3001:2260,FRT69001,1:1:45:1:2:1:0,0,false,false,false,false,0
ENMORT004,FFE-on-Location,LOC_아군박격포진지,2026-08-09T09:05:53.000Z,21.37447596,-157.73706256,UAV 1,2,1:3001:2265,ENMORT004,1:1:71:10:1:0:1,0,false,false,false,false,0
ENGAZ001,move to,LOC_적북측접근로,2026-08-09T09:05:53.000Z,21.37305183,-157.73370504,UAV 1,2,1:3001:2289,ENGAZ001,1:1:222:7:8:0:0,0,false,false,false,false,0
ENBTR60006,move to,LOC_중앙계곡,2026-08-09T09:05:53.000Z,21.36954846,-157.74042578,UAV 1,2,1:3001:2298,ENBTR60006,1:1:222:2:8:1:0,0,false,false,false,false,0
ENBTR80004,move to,LOC_중앙계곡,2026-08-09T09:05:53.000Z,21.36961095,-157.74035567,UAV 1,2,1:3001:2314,ENBTR80004,1:1:222:2:13:0:0,0,false,false,false,false,0
ENM1A2002,move to,LOC_중앙계곡,2026-08-09T09:05:53.000Z,21.37405803,-157.74294867,UAV 1,2,1:3001:2328,ENM1A2002,1:1:225:1:1:3:0,0,false,false,false,false,0
ENBTR80001,move to,LOC_중앙계곡,2026-08-09T09:05:53.000Z,21.36967975,-157.74041138,UAV 1,2,1:3001:2332,ENBTR80001,1:1:222:2:13:0:0,0,false,false,false,false,0
ENCAESAR004,move to,LOC_북측예비방어선,2026-08-09T09:05:53.000Z,21.37028265,-157.73532466,UAV 1,2,1:3001:2333,ENCAESAR004,1:1:71:4:0:0:0,0,false,false,false,false,0
ENGAZ002,move to,LOC_적북측접근로,2026-08-09T09:05:53.000Z,21.37313306,-157.73372531,UAV 1,2,1:3001:2356,ENGAZ002,1:1:222:7:8:0:0,0,false,false,false,false,0
ENBTR80006,move to,LOC_중앙계곡,2026-08-09T09:05:53.000Z,21.36971883,-157.74021453,UAV 1,2,1:3001:2363,ENBTR80006,1:1:222:2:13:0:0,0,false,false,false,false,0
ENT72011,move to,LOC_중앙계곡,2026-08-09T09:05:53.000Z,21.37179156,-157.74174006,UAV 1,2,1:3001:2367,ENT72011,1:1:222:1:2:1:0,0,false,false,false,false,0
ENM35002,move to,LOC_적북측접근로,2026-08-09T09:05:53.000Z,21.37330877,-157.73371229,UAV 1,2,1:3001:2375,ENM35002,1:1:225:7:1:6:0,0,false,false,false,false,0
ENGAZ003,move to,LOC_적북측접근로,2026-08-09T09:05:53.000Z,21.37307345,-157.73361062,UAV 1,2,1:3001:2384,ENGAZ003,1:1:222:7:8:0:0,0,false,false,false,false,0
ENBTR80003,move to,LOC_중앙계곡,2026-08-09T09:05:53.000Z,21.36979825,-157.74027108,UAV 1,2,1:3001:2388,ENBTR80003,1:1:222:2:13:0:0,0,false,false,false,false,0
FRT80008,move to,LOC_중앙킬존남측,2026-08-09T09:05:53.000Z,21.38249570,-157.75019164,UAV 1,1,1:3001:2391,FRT80008,1:1:222:1:1:1:0,0,false,false,false,false,0
ENCAESAR003,FFE-on-Location,LOC_아군박격포진지,2026-08-09T09:05:53.000Z,21.36993473,-157.73482081,UAV 1,2,1:3001:2417,ENCAESAR003,1:1:71:4:0:0:0,0,false,false,false,false,0
ENMORT001,FFE-on-Location,LOC_중앙킬존,2026-08-09T09:05:53.000Z,21.37443553,-157.73716992,UAV 1,2,1:3001:2424,ENMORT001,1:1:71:10:1:0:1,0,false,false,false,false,0
ENBTR60007,move to,LOC_중앙계곡,2026-08-09T09:05:53.000Z,21.36935390,-157.74051052,UAV 1,2,1:3001:2450,ENBTR60007,1:1:222:2:8:1:0,0,false,false,false,false,0
ENBTR60008,move to,LOC_중앙계곡,2026-08-09T09:05:53.000Z,21.36941607,-157.74044018,UAV 1,2,1:3001:2461,ENBTR60008,1:1:222:2:8:1:0,0,false,false,false,false,0
FRTRK2002,move to,LOC_남측제1방어선,2026-08-09T09:05:53.000Z,21.38787652,-157.74987121,UAV 1,1,1:3001:2462,FRTRK2002,1:1:225:7:12:8:0,0,false,false,false,false,0
ENBTR80007,move to,LOC_중앙계곡,2026-08-09T09:05:53.000Z,21.36953429,-157.74029937,UAV 1,2,1:3001:2463,ENBTR80007,1:1:222:2:13:0:0,0,false,false,false,false,0
ENMORT002,FFE-on-Location,LOC_남측제1방어선,2026-08-09T09:05:53.000Z,21.37453609,-157.73721308,UAV 1,2,1:3001:2469,ENMORT002,1:1:71:10:1:0:1,0,false,false,false,false,0
ENGAZ004,move to,LOC_적북측접근로,2026-08-09T09:05:53.000Z,21.37315468,-157.73363126,UAV 1,2,1:3001:2473,ENGAZ004,1:1:222:7:8:0:0,0,false,false,false,false,0
ENBTR80005,move to,LOC_중앙계곡,2026-08-09T09:05:53.000Z,21.36966076,-157.74028478,UAV 1,2,1:3001:2481,ENBTR80005,1:1:222:2:13:0:0,0,false,false,false,false,0
ENMIM001,move to,LOC_적북측접근로,2026-08-09T09:05:53.000Z,21.36991075,-157.73747325,UAV 1,2,1:3001:2490,ENMIM001,1:1:225:28:2:0:0,0,false,false,false,false,0
ENCAESAR001,move to,LOC_적북측접근로,2026-08-09T09:05:53.000Z,21.37011822,-157.73557682,UAV 1,2,1:3001:2495,ENCAESAR001,1:1:71:4:0:0:0,0,false,false,false,false,0
ENMORT003,FFE-on-Location,LOC_아군포병진지,2026-08-09T09:05:53.000Z,21.37463664,-157.73725624,UAV 1,2,1:3001:2500,ENMORT003,1:1:71:10:1:0:1,0,false,false,false,false,0
ENBTR60004,move to,LOC_중앙계곡,2026-08-09T09:05:53.000Z,21.36942876,-157.74056670,UAV 1,2,1:3001:2507,ENBTR60004,1:1:222:2:8:1:0,0,false,false,false,false,0
ENM1A2004,move to,LOC_중앙계곡,2026-08-09T09:05:53.000Z,21.37400678,-157.74278656,UAV 1,2,1:3001:2521,ENM1A2004,1:1:225:1:1:3:0,0,false,false,false,false,0
ENBTR60005,move to,LOC_중앙계곡,2026-08-09T09:05:53.000Z,21.36948794,-157.74049615,UAV 1,2,1:3001:2537,ENBTR60005,1:1:222:2:8:1:0,0,false,false,false,false,0
ENT72010,move to,LOC_중앙계곡,2026-08-09T09:05:53.000Z,21.37188451,-157.74164263,UAV 1,2,1:3001:2396,ENT72010,1:1:222:1:2:1:0,0,false,false,false,false,0
ENM35004,move to,LOC_적북측접근로,2026-08-09T09:05:53.000Z,21.37333137,-157.73361489,UAV 1,2,1:3001:2285,ENM35004,1:1:225:7:1:6:0,0,false,false,false,false,0
ENM35001,move to,LOC_적북측접근로,2026-08-09T09:05:53.000Z,21.37322704,-157.73369153,UAV 1,2,1:3001:2389,ENM35001,1:1:225:7:1:6:0,0,false,false,false,false,0
ENM35003,move to,LOC_적북측접근로,2026-08-09T09:05:53.000Z,21.37324906,-157.73359611,UAV 1,2,1:3001:2529,ENM35003,1:1:225:7:1:6:0,0,false,false,false,false,0
ENT72007,move to,LOC_중앙계곡,2026-08-09T09:05:53.000Z,21.37197726,-157.74172212,UAV 1,2,1:3001:2222,ENT72007,1:1:222:1:2:1:0,0,false,false,false,false,0
ENT72005,move to,LOC_중앙계곡,2026-08-09T09:05:53.000Z,21.37206918,-157.74171324,UAV 1,2,1:3001:2283,ENT72005,1:1:222:1:2:1:0,0,false,false,false,false,0
ENT72006,move to,LOC_중앙계곡,2026-08-09T09:05:53.000Z,21.37205464,-157.74162634,UAV 1,2,1:3001:2413,ENT72006,1:1:222:1:2:1:0,0,false,false,false,false,0
ENBTR80002,move to,LOC_중앙계곡,2026-08-09T09:05:53.000Z,21.36974396,-157.74034151,UAV 1,2,1:3001:2519,ENBTR80002,1:1:222:2:13:0:0,0,false,false,false,false,0
ENT72003,move to,LOC_중앙계곡,2026-08-09T09:05:53.000Z,21.37215627,-157.74170485,UAV 1,2,1:3001:2225,ENT72003,1:1:222:1:2:1:0,0,false,false,false,false,0
ENBTR60003,move to,LOC_중앙계곡,2026-08-09T09:05:53.000Z,21.36962739,-157.74048206,UAV 1,2,1:3001:2320,ENBTR60003,1:1:222:2:8:1:0,0,false,false,false,false,0
ENT72009,move to,LOC_중앙계곡,2026-08-09T09:05:53.000Z,21.37188841,-157.74173068,UAV 1,2,1:3001:2362,ENT72009,1:1:222:1:2:1:0,0,false,false,false,false,0
ENT72004,move to,LOC_중앙계곡,2026-08-09T09:05:53.000Z,21.37214273,-157.74161793,UAV 1,2,1:3001:2373,ENT72004,1:1:222:1:2:1:0,0,false,false,false,false,0
ENBTR60002,move to,LOC_중앙계곡,2026-08-09T09:05:53.000Z,21.36956420,-157.74055226,UAV 1,2,1:3001:2423,ENBTR60002,1:1:222:2:8:1:0,0,false,false,false,false,0
ENM1A2003,move to,LOC_중앙계곡,2026-08-09T09:05:54.000Z,21.37403237,-157.74286762,UAV 1,2,1:3001:2199,ENM1A2003,1:1:225:1:1:3:0,0,false,false,false,false,0
FRTRK2004,move to,LOC_남측제1방어선,2026-08-09T09:05:54.000Z,21.38788914,-157.74996772,UAV 1,1,1:3001:2211,FRTRK2004,1:1:225:7:12:8:0,0,false,false,false,false,0
ENCAESAR002,FFE-on-Location,LOC_아군포병진지,2026-08-09T09:05:54.000Z,21.37011579,-157.73488768,UAV 1,2,1:3001:2229,ENCAESAR002,1:1:71:4:0:0:0,0,false,false,false,false,0
ENT72012,move to,LOC_중앙계곡,2026-08-09T09:05:54.000Z,21.37178043,-157.74165248,UAV 1,2,1:3001:2230,ENT72012,1:1:222:1:2:1:0,0,false,false,false,false,0
ENBTR60001,move to,LOC_중앙계곡,2026-08-09T09:05:54.000Z,21.36950498,-157.74062278,UAV 1,2,1:3001:2237,ENBTR60001,1:1:222:2:8:1:0,0,false,false,false,false,0
ENMORT005,FFE-on-Location,LOC_중앙킬존,2026-08-09T09:05:54.000Z,21.37457651,-157.73710572,UAV 1,2,1:3001:2242,ENMORT005,1:1:71:10:1:0:1,0,false,false,false,false,0
ENM1A2001,move to,LOC_중앙계곡,2026-08-09T09:05:54.000Z,21.37408693,-157.74302843,UAV 1,2,1:3001:2243,ENM1A2001,1:1:225:1:1:3:0,0,false,false,false,false,0
ENM1A2005,move to,LOC_중앙계곡,2026-08-09T09:05:54.000Z,21.37398129,-157.74270548,UAV 1,2,1:3001:2256,ENM1A2005,1:1:225:1:1:3:0,0,false,false,false,false,0
FRT69001,move to,LOC_중앙킬존남측,2026-08-09T09:05:54.000Z,21.38659700,-157.73592665,UAV 1,1,1:3001:2260,FRT69001,1:1:45:1:2:1:0,0,false,false,false,false,0
ENMORT004,FFE-on-Location,LOC_아군박격포진지,2026-08-09T09:05:54.000Z,21.37447596,-157.73706256,UAV 1,2,1:3001:2265,ENMORT004,1:1:71:10:1:0:1,0,false,false,false,false,0
ENGAZ001,move to,LOC_적북측접근로,2026-08-09T09:05:54.000Z,21.37305183,-157.73370504,UAV 1,2,1:3001:2289,ENGAZ001,1:1:222:7:8:0:0,0,false,false,false,false,0
ENBTR60006,move to,LOC_중앙계곡,2026-08-09T09:05:54.000Z,21.36954846,-157.74042578,UAV 1,2,1:3001:2298,ENBTR60006,1:1:222:2:8:1:0,0,false,false,false,false,0
ENBTR80004,move to,LOC_중앙계곡,2026-08-09T09:05:54.000Z,21.36961095,-157.74035567,UAV 1,2,1:3001:2314,ENBTR80004,1:1:222:2:13:0:0,0,false,false,false,false,0
ENM1A2002,move to,LOC_중앙계곡,2026-08-09T09:05:54.000Z,21.37405803,-157.74294867,UAV 1,2,1:3001:2328,ENM1A2002,1:1:225:1:1:3:0,0,false,false,false,false,0
ENBTR80001,move to,LOC_중앙계곡,2026-08-09T09:05:54.000Z,21.36967975,-157.74041138,UAV 1,2,1:3001:2332,ENBTR80001,1:1:222:2:13:0:0,0,false,false,false,false,0
ENCAESAR004,move to,LOC_북측예비방어선,2026-08-09T09:05:54.000Z,21.37028265,-157.73532466,UAV 1,2,1:3001:2333,ENCAESAR004,1:1:71:4:0:0:0,0,false,false,false,false,0
ENGAZ002,move to,LOC_적북측접근로,2026-08-09T09:05:54.000Z,21.37313306,-157.73372531,UAV 1,2,1:3001:2356,ENGAZ002,1:1:222:7:8:0:0,0,false,false,false,false,0
ENBTR80006,move to,LOC_중앙계곡,2026-08-09T09:05:54.000Z,21.36971883,-157.74021453,UAV 1,2,1:3001:2363,ENBTR80006,1:1:222:2:13:0:0,0,false,false,false,false,0
ENT72011,move to,LOC_중앙계곡,2026-08-09T09:05:54.000Z,21.37179156,-157.74174006,UAV 1,2,1:3001:2367,ENT72011,1:1:222:1:2:1:0,0,false,false,false,false,0
ENM35002,move to,LOC_적북측접근로,2026-08-09T09:05:54.000Z,21.37330877,-157.73371229,UAV 1,2,1:3001:2375,ENM35002,1:1:225:7:1:6:0,0,false,false,false,false,0
ENGAZ003,move to,LOC_적북측접근로,2026-08-09T09:05:54.000Z,21.37307345,-157.73361062,UAV 1,2,1:3001:2384,ENGAZ003,1:1:222:7:8:0:0,0,false,false,false,false,0
ENBTR80003,move to,LOC_중앙계곡,2026-08-09T09:05:54.000Z,21.36979825,-157.74027108,UAV 1,2,1:3001:2388,ENBTR80003,1:1:222:2:13:0:0,0,false,false,false,false,0
FRT80008,move to,LOC_중앙킬존남측,2026-08-09T09:05:54.000Z,21.38249570,-157.75019164,UAV 1,1,1:3001:2391,FRT80008,1:1:222:1:1:1:0,0,false,false,false,false,0
ENCAESAR003,FFE-on-Location,LOC_아군박격포진지,2026-08-09T09:05:54.000Z,21.36993473,-157.73482081,UAV 1,2,1:3001:2417,ENCAESAR003,1:1:71:4:0:0:0,0,false,false,false,false,0
ENMORT001,FFE-on-Location,LOC_중앙킬존,2026-08-09T09:05:54.000Z,21.37443553,-157.73716992,UAV 1,2,1:3001:2424,ENMORT001,1:1:71:10:1:0:1,0,false,false,false,false,0
ENBTR60007,move to,LOC_중앙계곡,2026-08-09T09:05:54.000Z,21.36935390,-157.74051052,UAV 1,2,1:3001:2450,ENBTR60007,1:1:222:2:8:1:0,0,false,false,false,false,0
ENBTR60008,move to,LOC_중앙계곡,2026-08-09T09:05:54.000Z,21.36941607,-157.74044018,UAV 1,2,1:3001:2461,ENBTR60008,1:1:222:2:8:1:0,0,false,false,false,false,0
FRTRK2002,move to,LOC_남측제1방어선,2026-08-09T09:05:54.000Z,21.38787652,-157.74987121,UAV 1,1,1:3001:2462,FRTRK2002,1:1:225:7:12:8:0,0,false,false,false,false,0
ENBTR80007,move to,LOC_중앙계곡,2026-08-09T09:05:54.000Z,21.36953429,-157.74029937,UAV 1,2,1:3001:2463,ENBTR80007,1:1:222:2:13:0:0,0,false,false,false,false,0
ENMORT002,FFE-on-Location,LOC_남측제1방어선,2026-08-09T09:05:54.000Z,21.37453609,-157.73721308,UAV 1,2,1:3001:2469,ENMORT002,1:1:71:10:1:0:1,0,false,false,false,false,0
ENGAZ004,move to,LOC_적북측접근로,2026-08-09T09:05:54.000Z,21.37315468,-157.73363126,UAV 1,2,1:3001:2473,ENGAZ004,1:1:222:7:8:0:0,0,false,false,false,false,0
ENBTR80005,move to,LOC_중앙계곡,2026-08-09T09:05:54.000Z,21.36966076,-157.74028478,UAV 1,2,1:3001:2481,ENBTR80005,1:1:222:2:13:0:0,0,false,false,false,false,0
ENMIM001,move to,LOC_적북측접근로,2026-08-09T09:05:54.000Z,21.36991075,-157.73747325,UAV 1,2,1:3001:2490,ENMIM001,1:1:225:28:2:0:0,0,false,false,false,false,0
ENCAESAR001,move to,LOC_적북측접근로,2026-08-09T09:05:54.000Z,21.37011822,-157.73557682,UAV 1,2,1:3001:2495,ENCAESAR001,1:1:71:4:0:0:0,0,false,false,false,false,0
ENMORT003,FFE-on-Location,LOC_아군포병진지,2026-08-09T09:05:54.000Z,21.37463664,-157.73725624,UAV 1,2,1:3001:2500,ENMORT003,1:1:71:10:1:0:1,0,false,false,false,false,0
ENBTR60004,move to,LOC_중앙계곡,2026-08-09T09:05:54.000Z,21.36942876,-157.74056670,UAV 1,2,1:3001:2507,ENBTR60004,1:1:222:2:8:1:0,0,false,false,false,false,0
ENM1A2004,move to,LOC_중앙계곡,2026-08-09T09:05:54.000Z,21.37400678,-157.74278656,UAV 1,2,1:3001:2521,ENM1A2004,1:1:225:1:1:3:0,0,false,false,false,false,0
ENBTR60005,move to,LOC_중앙계곡,2026-08-09T09:05:54.000Z,21.36948794,-157.74049615,UAV 1,2,1:3001:2537,ENBTR60005,1:1:222:2:8:1:0,0,false,false,false,false,0
ENT72010,move to,LOC_중앙계곡,2026-08-09T09:05:54.000Z,21.37188451,-157.74164263,UAV 1,2,1:3001:2396,ENT72010,1:1:222:1:2:1:0,0,false,false,false,false,0
ENM35004,move to,LOC_적북측접근로,2026-08-09T09:05:54.000Z,21.37333137,-157.73361489,UAV 1,2,1:3001:2285,ENM35004,1:1:225:7:1:6:0,0,false,false,false,false,0
ENM35001,move to,LOC_적북측접근로,2026-08-09T09:05:54.000Z,21.37322704,-157.73369153,UAV 1,2,1:3001:2389,ENM35001,1:1:225:7:1:6:0,0,false,false,false,false,0
ENM35003,move to,LOC_적북측접근로,2026-08-09T09:05:54.000Z,21.37324906,-157.73359611,UAV 1,2,1:3001:2529,ENM35003,1:1:225:7:1:6:0,0,false,false,false,false,0
ENT72007,move to,LOC_중앙계곡,2026-08-09T09:05:54.000Z,21.37197726,-157.74172212,UAV 1,2,1:3001:2222,ENT72007,1:1:222:1:2:1:0,0,false,false,false,false,0
ENT72005,move to,LOC_중앙계곡,2026-08-09T09:05:54.000Z,21.37206918,-157.74171324,UAV 1,2,1:3001:2283,ENT72005,1:1:222:1:2:1:0,0,false,false,false,false,0
ENT72006,move to,LOC_중앙계곡,2026-08-09T09:05:54.000Z,21.37205464,-157.74162634,UAV 1,2,1:3001:2413,ENT72006,1:1:222:1:2:1:0,0,false,false,false,false,0
ENBTR80002,move to,LOC_중앙계곡,2026-08-09T09:05:54.000Z,21.36974396,-157.74034151,UAV 1,2,1:3001:2519,ENBTR80002,1:1:222:2:13:0:0,0,false,false,false,false,0
ENT72003,move to,LOC_중앙계곡,2026-08-09T09:05:54.000Z,21.37215627,-157.74170485,UAV 1,2,1:3001:2225,ENT72003,1:1:222:1:2:1:0,0,false,false,false,false,0
ENBTR60003,move to,LOC_중앙계곡,2026-08-09T09:05:54.000Z,21.36962739,-157.74048206,UAV 1,2,1:3001:2320,ENBTR60003,1:1:222:2:8:1:0,0,false,false,false,false,0
ENT72009,move to,LOC_중앙계곡,2026-08-09T09:05:54.000Z,21.37188841,-157.74173068,UAV 1,2,1:3001:2362,ENT72009,1:1:222:1:2:1:0,0,false,false,false,false,0
ENT72004,move to,LOC_중앙계곡,2026-08-09T09:05:54.000Z,21.37214273,-157.74161793,UAV 1,2,1:3001:2373,ENT72004,1:1:222:1:2:1:0,0,false,false,false,false,0
ENBTR60002,move to,LOC_중앙계곡,2026-08-09T09:05:54.000Z,21.36956420,-157.74055226,UAV 1,2,1:3001:2423,ENBTR60002,1:1:222:2:8:1:0,0,false,false,false,false,0
ENM1A2003,move to,LOC_중앙계곡,2026-08-09T09:05:55.000Z,21.37419976,-157.74280638,UAV 1,2,1:3001:2199,ENM1A2003,1:1:225:1:1:3:0,0,false,false,false,false,0
FRTRK2004,move to,LOC_남측제1방어선,2026-08-09T09:05:55.000Z,21.38786697,-157.74977627,UAV 1,1,1:3001:2211,FRTRK2004,1:1:225:7:12:8:0,0,false,false,false,false,0
ENCAESAR002,FFE-on-Location,LOC_아군포병진지,2026-08-09T09:05:55.000Z,21.37011579,-157.73488768,UAV 1,2,1:3001:2229,ENCAESAR002,1:1:71:4:0:0:0,0,false,false,false,false,0
ENT72012,move to,LOC_중앙계곡,2026-08-09T09:05:55.000Z,21.37196142,-157.74163620,UAV 1,2,1:3001:2230,ENT72012,1:1:222:1:2:1:0,0,false,false,false,false,0
ENBTR60001,move to,LOC_중앙계곡,2026-08-09T09:05:55.000Z,21.36968456,-157.74062956,UAV 1,2,1:3001:2237,ENBTR60001,1:1:222:2:8:1:0,0,false,false,false,false,0
ENMORT005,none,,2026-08-09T09:05:55.000Z,21.37457651,-157.73710572,UAV 1,2,1:3001:2242,ENMORT005,1:1:71:10:1:0:1,0,false,false,false,false,0
ENM1A2001,move to,LOC_중앙계곡,2026-08-09T09:05:55.000Z,21.37425419,-157.74296130,UAV 1,2,1:3001:2243,ENM1A2001,1:1:225:1:1:3:0,0,false,false,false,false,0
ENM1A2005,move to,LOC_중앙계곡,2026-08-09T09:05:55.000Z,21.37415031,-157.74264954,UAV 1,2,1:3001:2256,ENM1A2005,1:1:225:1:1:3:0,0,false,false,false,false,0
FRT69001,move to,LOC_중앙킬존남측,2026-08-09T09:05:55.000Z,21.38650633,-157.73609188,UAV 1,1,1:3001:2260,FRT69001,1:1:45:1:2:1:0,0,false,false,false,false,0
ENMORT004,none,,2026-08-09T09:05:55.000Z,21.37447596,-157.73706256,UAV 1,2,1:3001:2265,ENMORT004,1:1:71:10:1:0:1,0,false,false,false,false,0
ENGAZ001,move to,LOC_적북측접근로,2026-08-09T09:05:55.000Z,21.37301213,-157.73389036,UAV 1,2,1:3001:2289,ENGAZ001,1:1:222:7:8:0:0,0,false,false,false,false,0
ENBTR60006,move to,LOC_중앙계곡,2026-08-09T09:05:55.000Z,21.36972712,-157.74043621,UAV 1,2,1:3001:2298,ENBTR60006,1:1:222:2:8:1:0,0,false,false,false,false,0
ENBTR80004,move to,LOC_중앙계곡,2026-08-09T09:05:55.000Z,21.36978973,-157.74036749,UAV 1,2,1:3001:2314,ENBTR80004,1:1:222:2:13:0:0,0,false,false,false,false,0
ENM1A2002,move to,LOC_중앙계곡,2026-08-09T09:05:55.000Z,21.37422600,-157.74288425,UAV 1,2,1:3001:2328,ENM1A2002,1:1:225:1:1:3:0,0,false,false,false,false,0
ENBTR80001,move to,LOC_중앙계곡,2026-08-09T09:05:55.000Z,21.36985794,-157.74042220,UAV 1,2,1:3001:2332,ENBTR80001,1:1:222:2:13:0:0,0,false,false,false,false,0
ENCAESAR004,move to,LOC_북측예비방어선,2026-08-09T09:05:55.000Z,21.37035338,-157.73550248,UAV 1,2,1:3001:2333,ENCAESAR004,1:1:71:4:0:0:0,0,false,false,false,false,0
ENGAZ002,move to,LOC_적북측접근로,2026-08-09T09:05:55.000Z,21.37309141,-157.73391046,UAV 1,2,1:3001:2356,ENGAZ002,1:1:222:7:8:0:0,0,false,false,false,false,0
ENBTR80006,move to,LOC_중앙계곡,2026-08-09T09:05:55.000Z,21.36989756,-157.74022916,UAV 1,2,1:3001:2363,ENBTR80006,1:1:222:2:13:0:0,0,false,false,false,false,0
ENT72011,move to,LOC_중앙계곡,2026-08-09T09:05:55.000Z,21.37197431,-157.74172143,UAV 1,2,1:3001:2367,ENT72011,1:1:222:1:2:1:0,0,false,false,false,false,0
ENM35002,move to,LOC_적북측접근로,2026-08-09T09:05:55.000Z,21.37326319,-157.73389726,UAV 1,2,1:3001:2375,ENM35002,1:1:225:7:1:6:0,0,false,false,false,false,0
ENGAZ003,move to,LOC_적북측접근로,2026-08-09T09:05:55.000Z,21.37303362,-157.73379638,UAV 1,2,1:3001:2384,ENGAZ003,1:1:222:7:8:0:0,0,false,false,false,false,0
ENBTR80003,move to,LOC_중앙계곡,2026-08-09T09:05:55.000Z,21.36997515,-157.74028460,UAV 1,2,1:3001:2388,ENBTR80003,1:1:222:2:13:0:0,0,false,false,false,false,0
FRT80008,move to,LOC_중앙킬존남측,2026-08-09T09:05:55.000Z,21.38241999,-157.75001872,UAV 1,1,1:3001:2391,FRT80008,1:1:222:1:1:1:0,0,false,false,false,false,0
ENCAESAR003,FFE-on-Location,LOC_아군박격포진지,2026-08-09T09:05:55.000Z,21.36993473,-157.73482081,UAV 1,2,1:3001:2417,ENCAESAR003,1:1:71:4:0:0:0,0,false,false,false,false,0
ENMORT001,none,,2026-08-09T09:05:55.000Z,21.37443553,-157.73716992,UAV 1,2,1:3001:2424,ENMORT001,1:1:71:10:1:0:1,0,false,false,false,false,0
ENBTR60007,move to,LOC_중앙계곡,2026-08-09T09:05:55.000Z,21.36953048,-157.74051908,UAV 1,2,1:3001:2450,ENBTR60007,1:1:222:2:8:1:0,0,false,false,false,false,0
ENBTR60008,move to,LOC_중앙계곡,2026-08-09T09:05:55.000Z,21.36959398,-157.74045016,UAV 1,2,1:3001:2461,ENBTR60008,1:1:222:2:8:1:0,0,false,false,false,false,0
FRTRK2002,move to,LOC_남측제1방어선,2026-08-09T09:05:55.000Z,21.38785513,-157.74968636,UAV 1,1,1:3001:2462,FRTRK2002,1:1:225:7:12:8:0,0,false,false,false,false,0
ENBTR80007,move to,LOC_중앙계곡,2026-08-09T09:05:55.000Z,21.36971357,-157.74031218,UAV 1,2,1:3001:2463,ENBTR80007,1:1:222:2:13:0:0,0,false,false,false,false,0
ENMORT002,none,,2026-08-09T09:05:55.000Z,21.37453609,-157.73721308,UAV 1,2,1:3001:2469,ENMORT002,1:1:71:10:1:0:1,0,false,false,false,false,0
ENGAZ004,move to,LOC_적북측접근로,2026-08-09T09:05:55.000Z,21.37311296,-157.73381669,UAV 1,2,1:3001:2473,ENGAZ004,1:1:222:7:8:0:0,0,false,false,false,false,0
ENBTR80005,move to,LOC_중앙계곡,2026-08-09T09:05:55.000Z,21.36983904,-157.74029796,UAV 1,2,1:3001:2481,ENBTR80005,1:1:222:2:13:0:0,0,false,false,false,false,0
ENMIM001,move to,LOC_적북측접근로,2026-08-09T09:05:55.000Z,21.36996904,-157.73764847,UAV 1,2,1:3001:2490,ENMIM001,1:1:225:28:2:0:0,0,false,false,false,false,0
ENCAESAR001,move to,LOC_적북측접근로,2026-08-09T09:05:55.000Z,21.37015472,-157.73576241,UAV 1,2,1:3001:2495,ENCAESAR001,1:1:71:4:0:0:0,0,false,false,false,false,0
ENMORT003,none,,2026-08-09T09:05:55.000Z,21.37463664,-157.73725624,UAV 1,2,1:3001:2500,ENMORT003,1:1:71:10:1:0:1,0,false,false,false,false,0
ENBTR60004,move to,LOC_중앙계곡,2026-08-09T09:05:55.000Z,21.36960789,-157.74057445,UAV 1,2,1:3001:2507,ENBTR60004,1:1:222:2:8:1:0,0,false,false,false,false,0
ENM1A2004,move to,LOC_중앙계곡,2026-08-09T09:05:55.000Z,21.37417229,-157.74272891,UAV 1,2,1:3001:2521,ENM1A2004,1:1:225:1:1:3:0,0,false,false,false,false,0
ENBTR60005,move to,LOC_중앙계곡,2026-08-09T09:05:55.000Z,21.36966801,-157.74050529,UAV 1,2,1:3001:2537,ENBTR60005,1:1:222:2:8:1:0,0,false,false,false,false,0
ENT72010,move to,LOC_중앙계곡,2026-08-09T09:05:55.000Z,21.37206345,-157.74162655,UAV 1,2,1:3001:2396,ENT72010,1:1:222:1:2:1:0,0,false,false,false,false,0
ENM35004,move to,LOC_적북측접근로,2026-08-09T09:05:55.000Z,21.37328579,-157.73379999,UAV 1,2,1:3001:2285,ENM35004,1:1:225:7:1:6:0,0,false,false,false,false,0
ENM35001,move to,LOC_적북측접근로,2026-08-09T09:05:55.000Z,21.37318330,-157.73387715,UAV 1,2,1:3001:2389,ENM35001,1:1:225:7:1:6:0,0,false,false,false,false,0
ENM35003,move to,LOC_적북측접근로,2026-08-09T09:05:55.000Z,21.37320530,-157.73378186,UAV 1,2,1:3001:2529,ENM35003,1:1:225:7:1:6:0,0,false,false,false,false,0
ENT72007,move to,LOC_중앙계곡,2026-08-09T09:05:55.000Z,21.37215509,-157.74170397,UAV 1,2,1:3001:2222,ENT72007,1:1:222:1:2:1:0,0,false,false,false,false,0
ENT72005,move to,LOC_중앙계곡,2026-08-09T09:05:55.000Z,21.37224198,-157.74169559,UAV 1,2,1:3001:2283,ENT72005,1:1:222:1:2:1:0,0,false,false,false,false,0
ENT72006,move to,LOC_중앙계곡,2026-08-09T09:05:55.000Z,21.37223779,-157.74160991,UAV 1,2,1:3001:2413,ENT72006,1:1:222:1:2:1:0,0,false,false,false,false,0
ENBTR80002,move to,LOC_중앙계곡,2026-08-09T09:05:55.000Z,21.36992138,-157.74035367,UAV 1,2,1:3001:2519,ENBTR80002,1:1:222:2:13:0:0,0,false,false,false,false,0
ENT72003,move to,LOC_중앙계곡,2026-08-09T09:05:55.000Z,21.37233050,-157.74168705,UAV 1,2,1:3001:2225,ENT72003,1:1:222:1:2:1:0,0,false,false,false,false,0
ENBTR60003,move to,LOC_중앙계곡,2026-08-09T09:05:55.000Z,21.36980125,-157.74049128,UAV 1,2,1:3001:2320,ENBTR60003,1:1:222:2:8:1:0,0,false,false,false,false,0
ENT72009,move to,LOC_중앙계곡,2026-08-09T09:05:55.000Z,21.37206571,-157.74171260,UAV 1,2,1:3001:2362,ENT72009,1:1:222:1:2:1:0,0,false,false,false,false,0
ENT72004,move to,LOC_중앙계곡,2026-08-09T09:05:55.000Z,21.37232540,-157.74160155,UAV 1,2,1:3001:2373,ENT72004,1:1:222:1:2:1:0,0,false,false,false,false,0
ENBTR60002,move to,LOC_중앙계곡,2026-08-09T09:05:55.000Z,21.36974258,-157.74056035,UAV 1,2,1:3001:2423,ENBTR60002,1:1:222:2:8:1:0,0,false,false,false,false,0
ENT72008,move to,LOC_중앙계곡,2026-08-09T09:05:55.000Z,21.37215006,-157.74161828,UAV 1,2,1:3001:2250,ENT72008,1:1:222:1:2:1:0,0,false,false,false,false,0
ENT72002,move to,LOC_중앙계곡,2026-08-09T09:05:55.000Z,21.37241163,-157.74159332,UAV 1,2,1:3001:2263,ENT72002,1:1:222:1:2:1:0,0,false,false,false,false,0
ENT72001,move to,LOC_중앙계곡,2026-08-09T09:05:55.000Z,21.37242160,-157.74167824,UAV 1,2,1:3001:2316,ENT72001,1:1:222:1:2:1:0,0,false,false,false,false,0
ENM1A2003,move to,LOC_중앙계곡,2026-08-09T09:05:57.000Z,21.37437444,-157.74274248,UAV 1,2,1:3001:2199,ENM1A2003,1:1:225:1:1:3:0,0,false,false,false,false,0
FRTRK2004,move to,LOC_남측제1방어선,2026-08-09T09:05:57.000Z,21.38784651,-157.74959974,UAV 1,1,1:3001:2211,FRTRK2004,1:1:225:7:12:8:0,0,false,false,false,false,0
ENCAESAR002,FFE-on-Location,LOC_아군포병진지,2026-08-09T09:05:57.000Z,21.37011579,-157.73488768,UAV 1,2,1:3001:2229,ENCAESAR002,1:1:71:4:0:0:0,0,false,false,false,false,0
ENT72012,move to,LOC_중앙계곡,2026-08-09T09:05:57.000Z,21.37214596,-157.74161961,UAV 1,2,1:3001:2230,ENT72012,1:1:222:1:2:1:0,0,false,false,false,false,0
ENBTR60001,move to,LOC_중앙계곡,2026-08-09T09:05:57.000Z,21.36986885,-157.74063652,UAV 1,2,1:3001:2237,ENBTR60001,1:1:222:2:8:1:0,0,false,false,false,false,0
ENMORT005,none,,2026-08-09T09:05:57.000Z,21.37457651,-157.73710572,UAV 1,2,1:3001:2242,ENMORT005,1:1:71:10:1:0:1,0,false,false,false,false,0
ENM1A2001,move to,LOC_중앙계곡,2026-08-09T09:05:57.000Z,21.37442452,-157.74289293,UAV 1,2,1:3001:2243,ENM1A2001,1:1:225:1:1:3:0,0,false,false,false,false,0
ENM1A2005,move to,LOC_중앙계곡,2026-08-09T09:05:57.000Z,21.37432886,-157.74259045,UAV 1,2,1:3001:2256,ENM1A2005,1:1:225:1:1:3:0,0,false,false,false,false,0
FRT69001,move to,LOC_중앙킬존남측,2026-08-09T09:05:57.000Z,21.38641207,-157.73626366,UAV 1,1,1:3001:2260,FRT69001,1:1:45:1:2:1:0,0,false,false,false,false,0
ENMORT004,none,,2026-08-09T09:05:57.000Z,21.37447596,-157.73706256,UAV 1,2,1:3001:2265,ENMORT004,1:1:71:10:1:0:1,0,false,false,false,false,0
ENGAZ001,move to,LOC_적북측접근로,2026-08-09T09:05:57.000Z,21.37297023,-157.73408592,UAV 1,2,1:3001:2289,ENGAZ001,1:1:222:7:8:0:0,0,false,false,false,false,0
ENBTR60006,move to,LOC_중앙계곡,2026-08-09T09:05:57.000Z,21.36991218,-157.74044702,UAV 1,2,1:3001:2298,ENBTR60006,1:1:222:2:8:1:0,0,false,false,false,false,0
ENBTR80004,move to,LOC_중앙계곡,2026-08-09T09:05:57.000Z,21.36997297,-157.74037961,UAV 1,2,1:3001:2314,ENBTR80004,1:1:222:2:13:0:0,0,false,false,false,false,0
ENM1A2002,move to,LOC_중앙계곡,2026-08-09T09:05:57.000Z,21.37439859,-157.74281806,UAV 1,2,1:3001:2328,ENM1A2002,1:1:225:1:1:3:0,0,false,false,false,false,0
ENBTR80001,move to,LOC_중앙계곡,2026-08-09T09:05:57.000Z,21.37003932,-157.74043322,UAV 1,2,1:3001:2332,ENBTR80001,1:1:222:2:13:0:0,0,false,false,false,false,0
ENCAESAR004,move to,LOC_북측예비방어선,2026-08-09T09:05:57.000Z,21.37042610,-157.73568530,UAV 1,2,1:3001:2333,ENCAESAR004,1:1:71:4:0:0:0,0,false,false,false,false,0
ENGAZ002,move to,LOC_적북측접근로,2026-08-09T09:05:57.000Z,21.37304758,-157.73410537,UAV 1,2,1:3001:2356,ENGAZ002,1:1:222:7:8:0:0,0,false,false,false,false,0
ENBTR80006,move to,LOC_중앙계곡,2026-08-09T09:05:57.000Z,21.37007888,-157.74024399,UAV 1,2,1:3001:2363,ENBTR80006,1:1:222:2:13:0:0,0,false,false,false,false,0
ENT72011,move to,LOC_중앙계곡,2026-08-09T09:05:57.000Z,21.37215478,-157.74170304,UAV 1,2,1:3001:2367,ENT72011,1:1:222:1:2:1:0,0,false,false,false,false,0
ENM35002,move to,LOC_적북측접근로,2026-08-09T09:05:57.000Z,21.37321537,-157.73409130,UAV 1,2,1:3001:2375,ENM35002,1:1:225:7:1:6:0,0,false,false,false,false,0
ENGAZ003,move to,LOC_적북측접근로,2026-08-09T09:05:57.000Z,21.37299182,-157.73399132,UAV 1,2,1:3001:2384,ENGAZ003,1:1:222:7:8:0:0,0,false,false,false,false,0
ENBTR80003,move to,LOC_중앙계곡,2026-08-09T09:05:57.000Z,21.37015823,-157.74029861,UAV 1,2,1:3001:2388,ENBTR80003,1:1:222:2:13:0:0,0,false,false,false,false,0
FRT80008,move to,LOC_중앙킬존남측,2026-08-09T09:05:57.000Z,21.38234088,-157.74983801,UAV 1,1,1:3001:2391,FRT80008,1:1:222:1:1:1:0,0,false,false,false,false,0
ENCAESAR003,FFE-on-Location,LOC_아군박격포진지,2026-08-09T09:05:57.000Z,21.36993473,-157.73482081,UAV 1,2,1:3001:2417,ENCAESAR003,1:1:71:4:0:0:0,0,false,false,false,false,0
ENMORT001,none,,2026-08-09T09:05:57.000Z,21.37443553,-157.73716992,UAV 1,2,1:3001:2424,ENMORT001,1:1:71:10:1:0:1,0,false,false,false,false,0
ENBTR60007,move to,LOC_중앙계곡,2026-08-09T09:05:57.000Z,21.36971681,-157.74052812,UAV 1,2,1:3001:2450,ENBTR60007,1:1:222:2:8:1:0,0,false,false,false,false,0
ENBTR60008,move to,LOC_중앙계곡,2026-08-09T09:05:57.000Z,21.36977970,-157.74046059,UAV 1,2,1:3001:2461,ENBTR60008,1:1:222:2:8:1:0,0,false,false,false,false,0
FRTRK2002,move to,LOC_남측제1방어선,2026-08-09T09:05:57.000Z,21.38783483,-157.74951092,UAV 1,1,1:3001:2462,FRTRK2002,1:1:225:7:12:8:0,0,false,false,false,false,0
ENBTR80007,move to,LOC_중앙계곡,2026-08-09T09:05:57.000Z,21.36989934,-157.74032545,UAV 1,2,1:3001:2463,ENBTR80007,1:1:222:2:13:0:0,0,false,false,false,false,0
ENMORT002,none,,2026-08-09T09:05:57.000Z,21.37453609,-157.73721308,UAV 1,2,1:3001:2469,ENMORT002,1:1:71:10:1:0:1,0,false,false,false,false,0
ENGAZ004,move to,LOC_적북측접근로,2026-08-09T09:05:57.000Z,21.37306922,-157.73401113,UAV 1,2,1:3001:2473,ENGAZ004,1:1:222:7:8:0:0,0,false,false,false,false,0
ENBTR80005,move to,LOC_중앙계곡,2026-08-09T09:05:57.000Z,21.37002139,-157.74031144,UAV 1,2,1:3001:2481,ENBTR80005,1:1:222:2:13:0:0,0,false,false,false,false,0
ENMIM001,move to,LOC_적북측접근로,2026-08-09T09:05:57.000Z,21.37003202,-157.73783775,UAV 1,2,1:3001:2490,ENMIM001,1:1:225:28:2:0:0,0,false,false,false,false,0
ENCAESAR001,move to,LOC_적북측접근로,2026-08-09T09:05:57.000Z,21.37019344,-157.73595926,UAV 1,2,1:3001:2495,ENCAESAR001,1:1:71:4:0:0:0,0,false,false,false,false,0
ENMORT003,none,,2026-08-09T09:05:57.000Z,21.37463664,-157.73725624,UAV 1,2,1:3001:2500,ENMORT003,1:1:71:10:1:0:1,0,false,false,false,false,0
ENBTR60004,move to,LOC_중앙계곡,2026-08-09T09:05:57.000Z,21.36979367,-157.74058248,UAV 1,2,1:3001:2507,ENBTR60004,1:1:222:2:8:1:0,0,false,false,false,false,0
ENM1A2004,move to,LOC_중앙계곡,2026-08-09T09:05:57.000Z,21.37435119,-157.74266660,UAV 1,2,1:3001:2521,ENM1A2004,1:1:225:1:1:3:0,0,false,false,false,false,0
ENBTR60005,move to,LOC_중앙계곡,2026-08-09T09:05:57.000Z,21.36985415,-157.74051475,UAV 1,2,1:3001:2537,ENBTR60005,1:1:222:2:8:1:0,0,false,false,false,false,0
ENT72010,move to,LOC_중앙계곡,2026-08-09T09:05:57.000Z,21.37225149,-157.74160965,UAV 1,2,1:3001:2396,ENT72010,1:1:222:1:2:1:0,0,false,false,false,false,0
ENM35004,move to,LOC_적북측접근로,2026-08-09T09:05:57.000Z,21.37323811,-157.73399360,UAV 1,2,1:3001:2285,ENM35004,1:1:225:7:1:6:0,0,false,false,false,false,0
ENM35001,move to,LOC_적북측접근로,2026-08-09T09:05:57.000Z,21.37313746,-157.73407170,UAV 1,2,1:3001:2389,ENM35001,1:1:225:7:1:6:0,0,false,false,false,false,0
ENM35003,move to,LOC_적북측접근로,2026-08-09T09:05:57.000Z,21.37315960,-157.73397586,UAV 1,2,1:3001:2529,ENM35003,1:1:225:7:1:6:0,0,false,false,false,false,0
ENT72007,move to,LOC_중앙계곡,2026-08-09T09:05:57.000Z,21.37233913,-157.74168518,UAV 1,2,1:3001:2222,ENT72007,1:1:222:1:2:1:0,0,false,false,false,false,0
ENT72005,move to,LOC_중앙계곡,2026-08-09T09:05:57.000Z,21.37243830,-157.74167554,UAV 1,2,1:3001:2283,ENT72005,1:1:222:1:2:1:0,0,false,false,false,false,0
ENT72006,move to,LOC_중앙계곡,2026-08-09T09:05:57.000Z,21.37242434,-157.74159317,UAV 1,2,1:3001:2413,ENT72006,1:1:222:1:2:1:0,0,false,false,false,false,0
ENBTR80002,move to,LOC_중앙계곡,2026-08-09T09:05:57.000Z,21.37010272,-157.74036611,UAV 1,2,1:3001:2519,ENBTR80002,1:1:222:2:13:0:0,0,false,false,false,false,0
ENT72003,move to,LOC_중앙계곡,2026-08-09T09:05:57.000Z,21.37252308,-157.74166736,UAV 1,2,1:3001:2225,ENT72003,1:1:222:1:2:1:0,0,false,false,false,false,0
ENBTR60003,move to,LOC_중앙계곡,2026-08-09T09:05:57.000Z,21.36998271,-157.74050089,UAV 1,2,1:3001:2320,ENBTR60003,1:1:222:2:8:1:0,0,false,false,false,false,0
ENT72009,move to,LOC_중앙계곡,2026-08-09T09:05:57.000Z,21.37225083,-157.74169372,UAV 1,2,1:3001:2362,ENT72009,1:1:222:1:2:1:0,0,false,false,false,false,0
ENT72004,move to,LOC_중앙계곡,2026-08-09T09:05:57.000Z,21.37251086,-157.74158493,UAV 1,2,1:3001:2373,ENT72004,1:1:222:1:2:1:0,0,false,false,false,false,0
ENBTR60002,move to,LOC_중앙계곡,2026-08-09T09:05:57.000Z,21.36992509,-157.74056862,UAV 1,2,1:3001:2423,ENBTR60002,1:1:222:2:8:1:0,0,false,false,false,false,0
ENT72008,move to,LOC_중앙계곡,2026-08-09T09:05:57.000Z,21.37233957,-157.74160126,UAV 1,2,1:3001:2250,ENT72008,1:1:222:1:2:1:0,0,false,false,false,false,0
ENT72002,move to,LOC_중앙계곡,2026-08-09T09:05:57.000Z,21.37259539,-157.74157686,UAV 1,2,1:3001:2263,ENT72002,1:1:222:1:2:1:0,0,false,false,false,false,0
FRTRK1003,move to,LOC_남측제1방어선,2026-08-09T09:05:57.000Z,21.38800151,-157.74950795,UAV 1,1,1:3001:2249,FRTRK1003,1:1:225:7:12:0:0,0,false,false,false,false,0
M933HE 1,fired_by,,2026-08-09T09:05:57.000Z,21.37516821,-157.73763645,UAV 1,2,1:3001:2547,M933HE 1,2:9:225:2:11:1:0,0,false,false,false,false,0
M933HE 2,fired_by,,2026-08-09T09:05:57.000Z,21.37553644,-157.73703664,UAV 1,2,1:3001:2548,M933HE 2,2:9:225:2:11:1:0,0,false,false,false,false,0
M933HE 3,fired_by,,2026-08-09T09:05:57.000Z,21.39001382,-157.73725732,UAV 1,1,1:3001:2549,M933HE 3,2:9:225:2:11:1:0,0,false,false,false,false,0
M933HE 4,fired_by,,2026-08-09T09:05:57.000Z,21.38953167,-157.73688744,UAV 1,1,1:3001:2550,M933HE 4,2:9:225:2:11:1:0,0,false,false,false,false,0
M933HE 5,fired_by,,2026-08-09T09:05:57.000Z,21.37504376,-157.73766901,UAV 1,2,1:3001:2551,M933HE 5,2:9:225:2:11:1:0,0,false,false,false,false,0
M933HE 6,fired_by,,2026-08-09T09:05:57.000Z,21.37535228,-157.73734777,UAV 1,2,1:3001:2552,M933HE 6,2:9:225:2:11:1:0,0,false,false,false,false,0
M933HE 7,fired_by,,2026-08-09T09:05:57.000Z,21.38989552,-157.73737326,UAV 1,1,1:3001:2553,M933HE 7,2:9:225:2:11:1:0,0,false,false,false,false,0
M933HE 8,fired_by,,2026-08-09T09:05:57.000Z,21.37593113,-157.73727686,UAV 1,2,1:3001:2554,M933HE 8,2:9:225:2:11:1:0,0,false,false,false,false,0
ENM1A2003,move to,LOC_중앙계곡,2026-08-09T09:05:58.000Z,21.37437444,-157.74274248,UAV 1,2,1:3001:2199,ENM1A2003,1:1:225:1:1:3:0,0,false,false,false,false,0
FRTRK2004,move to,LOC_남측제1방어선,2026-08-09T09:05:58.000Z,21.38784651,-157.74959974,UAV 1,1,1:3001:2211,FRTRK2004,1:1:225:7:12:8:0,0,false,false,false,false,0
ENCAESAR002,FFE-on-Location,LOC_아군포병진지,2026-08-09T09:05:58.000Z,21.37011579,-157.73488768,UAV 1,2,1:3001:2229,ENCAESAR002,1:1:71:4:0:0:0,0,false,false,false,false,0
ENT72012,move to,LOC_중앙계곡,2026-08-09T09:05:58.000Z,21.37214596,-157.74161961,UAV 1,2,1:3001:2230,ENT72012,1:1:222:1:2:1:0,0,false,false,false,false,0
ENBTR60001,move to,LOC_중앙계곡,2026-08-09T09:05:58.000Z,21.36986885,-157.74063652,UAV 1,2,1:3001:2237,ENBTR60001,1:1:222:2:8:1:0,0,false,false,false,false,0
ENMORT005,none,,2026-08-09T09:05:58.000Z,21.37457651,-157.73710572,UAV 1,2,1:3001:2242,ENMORT005,1:1:71:10:1:0:1,0,false,false,false,false,0
ENM1A2001,move to,LOC_중앙계곡,2026-08-09T09:05:58.000Z,21.37442452,-157.74289293,UAV 1,2,1:3001:2243,ENM1A2001,1:1:225:1:1:3:0,0,false,false,false,false,0
ENM1A2005,move to,LOC_중앙계곡,2026-08-09T09:05:58.000Z,21.37432886,-157.74259045,UAV 1,2,1:3001:2256,ENM1A2005,1:1:225:1:1:3:0,0,false,false,false,false,0
FRT69001,move to,LOC_중앙킬존남측,2026-08-09T09:05:58.000Z,21.38641207,-157.73626366,UAV 1,1,1:3001:2260,FRT69001,1:1:45:1:2:1:0,0,false,false,false,false,0
ENMORT004,none,,2026-08-09T09:05:58.000Z,21.37447596,-157.73706256,UAV 1,2,1:3001:2265,ENMORT004,1:1:71:10:1:0:1,0,false,false,false,false,0
ENGAZ001,move to,LOC_적북측접근로,2026-08-09T09:05:58.000Z,21.37297023,-157.73408592,UAV 1,2,1:3001:2289,ENGAZ001,1:1:222:7:8:0:0,0,false,false,false,false,0
ENBTR60006,move to,LOC_중앙계곡,2026-08-09T09:05:58.000Z,21.36991218,-157.74044702,UAV 1,2,1:3001:2298,ENBTR60006,1:1:222:2:8:1:0,0,false,false,false,false,0
ENBTR80004,move to,LOC_중앙계곡,2026-08-09T09:05:58.000Z,21.36997297,-157.74037961,UAV 1,2,1:3001:2314,ENBTR80004,1:1:222:2:13:0:0,0,false,false,false,false,0
ENM1A2002,move to,LOC_중앙계곡,2026-08-09T09:05:58.000Z,21.37439859,-157.74281806,UAV 1,2,1:3001:2328,ENM1A2002,1:1:225:1:1:3:0,0,false,false,false,false,0
ENBTR80001,move to,LOC_중앙계곡,2026-08-09T09:05:58.000Z,21.37003932,-157.74043322,UAV 1,2,1:3001:2332,ENBTR80001,1:1:222:2:13:0:0,0,false,false,false,false,0
ENCAESAR004,move to,LOC_북측예비방어선,2026-08-09T09:05:58.000Z,21.37042610,-157.73568530,UAV 1,2,1:3001:2333,ENCAESAR004,1:1:71:4:0:0:0,0,false,false,false,false,0
ENGAZ002,move to,LOC_적북측접근로,2026-08-09T09:05:58.000Z,21.37304758,-157.73410537,UAV 1,2,1:3001:2356,ENGAZ002,1:1:222:7:8:0:0,0,false,false,false,false,0
ENBTR80006,move to,LOC_중앙계곡,2026-08-09T09:05:58.000Z,21.37007888,-157.74024399,UAV 1,2,1:3001:2363,ENBTR80006,1:1:222:2:13:0:0,0,false,false,false,false,0
ENT72011,move to,LOC_중앙계곡,2026-08-09T09:05:58.000Z,21.37215478,-157.74170304,UAV 1,2,1:3001:2367,ENT72011,1:1:222:1:2:1:0,0,false,false,false,false,0
ENM35002,move to,LOC_적북측접근로,2026-08-09T09:05:58.000Z,21.37321537,-157.73409130,UAV 1,2,1:3001:2375,ENM35002,1:1:225:7:1:6:0,0,false,false,false,false,0
ENGAZ003,move to,LOC_적북측접근로,2026-08-09T09:05:58.000Z,21.37299182,-157.73399132,UAV 1,2,1:3001:2384,ENGAZ003,1:1:222:7:8:0:0,0,false,false,false,false,0
ENBTR80003,move to,LOC_중앙계곡,2026-08-09T09:05:58.000Z,21.37015823,-157.74029861,UAV 1,2,1:3001:2388,ENBTR80003,1:1:222:2:13:0:0,0,false,false,false,false,0
FRT80008,move to,LOC_중앙킬존남측,2026-08-09T09:05:58.000Z,21.38234088,-157.74983801,UAV 1,1,1:3001:2391,FRT80008,1:1:222:1:1:1:0,0,false,false,false,false,0
ENCAESAR003,FFE-on-Location,LOC_아군박격포진지,2026-08-09T09:05:58.000Z,21.36993473,-157.73482081,UAV 1,2,1:3001:2417,ENCAESAR003,1:1:71:4:0:0:0,0,false,false,false,false,0
ENMORT001,none,,2026-08-09T09:05:58.000Z,21.37443553,-157.73716992,UAV 1,2,1:3001:2424,ENMORT001,1:1:71:10:1:0:1,0,false,false,false,false,0
ENBTR60007,move to,LOC_중앙계곡,2026-08-09T09:05:58.000Z,21.36971681,-157.74052812,UAV 1,2,1:3001:2450,ENBTR60007,1:1:222:2:8:1:0,0,false,false,false,false,0
ENBTR60008,move to,LOC_중앙계곡,2026-08-09T09:05:58.000Z,21.36977970,-157.74046059,UAV 1,2,1:3001:2461,ENBTR60008,1:1:222:2:8:1:0,0,false,false,false,false,0
FRTRK2002,move to,LOC_남측제1방어선,2026-08-09T09:05:58.000Z,21.38783483,-157.74951092,UAV 1,1,1:3001:2462,FRTRK2002,1:1:225:7:12:8:0,0,false,false,false,false,0
ENBTR80007,move to,LOC_중앙계곡,2026-08-09T09:05:58.000Z,21.36989934,-157.74032545,UAV 1,2,1:3001:2463,ENBTR80007,1:1:222:2:13:0:0,0,false,false,false,false,0
ENMORT002,none,,2026-08-09T09:05:58.000Z,21.37453609,-157.73721308,UAV 1,2,1:3001:2469,ENMORT002,1:1:71:10:1:0:1,0,false,false,false,false,0
ENGAZ004,move to,LOC_적북측접근로,2026-08-09T09:05:58.000Z,21.37306922,-157.73401113,UAV 1,2,1:3001:2473,ENGAZ004,1:1:222:7:8:0:0,0,false,false,false,false,0
ENBTR80005,move to,LOC_중앙계곡,2026-08-09T09:05:58.000Z,21.37002139,-157.74031144,UAV 1,2,1:3001:2481,ENBTR80005,1:1:222:2:13:0:0,0,false,false,false,false,0
ENMIM001,move to,LOC_적북측접근로,2026-08-09T09:05:58.000Z,21.37003202,-157.73783775,UAV 1,2,1:3001:2490,ENMIM001,1:1:225:28:2:0:0,0,false,false,false,false,0
ENCAESAR001,move to,LOC_적북측접근로,2026-08-09T09:05:58.000Z,21.37019344,-157.73595926,UAV 1,2,1:3001:2495,ENCAESAR001,1:1:71:4:0:0:0,0,false,false,false,false,0
ENMORT003,none,,2026-08-09T09:05:58.000Z,21.37463664,-157.73725624,UAV 1,2,1:3001:2500,ENMORT003,1:1:71:10:1:0:1,0,false,false,false,false,0
ENBTR60004,move to,LOC_중앙계곡,2026-08-09T09:05:58.000Z,21.36979367,-157.74058248,UAV 1,2,1:3001:2507,ENBTR60004,1:1:222:2:8:1:0,0,false,false,false,false,0
ENM1A2004,move to,LOC_중앙계곡,2026-08-09T09:05:58.000Z,21.37435119,-157.74266660,UAV 1,2,1:3001:2521,ENM1A2004,1:1:225:1:1:3:0,0,false,false,false,false,0
ENBTR60005,move to,LOC_중앙계곡,2026-08-09T09:05:58.000Z,21.36985415,-157.74051475,UAV 1,2,1:3001:2537,ENBTR60005,1:1:222:2:8:1:0,0,false,false,false,false,0
ENT72010,move to,LOC_중앙계곡,2026-08-09T09:05:58.000Z,21.37225149,-157.74160965,UAV 1,2,1:3001:2396,ENT72010,1:1:222:1:2:1:0,0,false,false,false,false,0
ENM35004,move to,LOC_적북측접근로,2026-08-09T09:05:58.000Z,21.37323811,-157.73399360,UAV 1,2,1:3001:2285,ENM35004,1:1:225:7:1:6:0,0,false,false,false,false,0
ENM35001,move to,LOC_적북측접근로,2026-08-09T09:05:58.000Z,21.37313746,-157.73407170,UAV 1,2,1:3001:2389,ENM35001,1:1:225:7:1:6:0,0,false,false,false,false,0
ENM35003,move to,LOC_적북측접근로,2026-08-09T09:05:58.000Z,21.37315960,-157.73397586,UAV 1,2,1:3001:2529,ENM35003,1:1:225:7:1:6:0,0,false,false,false,false,0
ENT72007,move to,LOC_중앙계곡,2026-08-09T09:05:58.000Z,21.37233913,-157.74168518,UAV 1,2,1:3001:2222,ENT72007,1:1:222:1:2:1:0,0,false,false,false,false,0
ENT72005,move to,LOC_중앙계곡,2026-08-09T09:05:58.000Z,21.37243830,-157.74167554,UAV 1,2,1:3001:2283,ENT72005,1:1:222:1:2:1:0,0,false,false,false,false,0
ENT72006,move to,LOC_중앙계곡,2026-08-09T09:05:58.000Z,21.37242434,-157.74159317,UAV 1,2,1:3001:2413,ENT72006,1:1:222:1:2:1:0,0,false,false,false,false,0
ENBTR80002,move to,LOC_중앙계곡,2026-08-09T09:05:58.000Z,21.37010272,-157.74036611,UAV 1,2,1:3001:2519,ENBTR80002,1:1:222:2:13:0:0,0,false,false,false,false,0
ENT72003,move to,LOC_중앙계곡,2026-08-09T09:05:58.000Z,21.37252308,-157.74166736,UAV 1,2,1:3001:2225,ENT72003,1:1:222:1:2:1:0,0,false,false,false,false,0
ENBTR60003,move to,LOC_중앙계곡,2026-08-09T09:05:58.000Z,21.36998271,-157.74050089,UAV 1,2,1:3001:2320,ENBTR60003,1:1:222:2:8:1:0,0,false,false,false,false,0
ENT72009,move to,LOC_중앙계곡,2026-08-09T09:05:58.000Z,21.37225083,-157.74169372,UAV 1,2,1:3001:2362,ENT72009,1:1:222:1:2:1:0,0,false,false,false,false,0
ENT72004,move to,LOC_중앙계곡,2026-08-09T09:05:58.000Z,21.37251086,-157.74158493,UAV 1,2,1:3001:2373,ENT72004,1:1:222:1:2:1:0,0,false,false,false,false,0
ENBTR60002,move to,LOC_중앙계곡,2026-08-09T09:05:58.000Z,21.36992509,-157.74056862,UAV 1,2,1:3001:2423,ENBTR60002,1:1:222:2:8:1:0,0,false,false,false,false,0
ENT72008,move to,LOC_중앙계곡,2026-08-09T09:05:58.000Z,21.37233957,-157.74160126,UAV 1,2,1:3001:2250,ENT72008,1:1:222:1:2:1:0,0,false,false,false,false,0
ENT72002,move to,LOC_중앙계곡,2026-08-09T09:05:58.000Z,21.37259539,-157.74157686,UAV 1,2,1:3001:2263,ENT72002,1:1:222:1:2:1:0,0,false,false,false,false,0
FRTRK1003,move to,LOC_남측제1방어선,2026-08-09T09:05:58.000Z,21.38800151,-157.74950795,UAV 1,1,1:3001:2249,FRTRK1003,1:1:225:7:12:0:0,0,false,false,false,false,0
M933HE 1,fired_by,,2026-08-09T09:05:58.000Z,21.37516821,-157.73763645,UAV 1,2,1:3001:2547,M933HE 1,2:9:225:2:11:1:0,0,false,false,false,false,0
M933HE 2,fired_by,,2026-08-09T09:05:58.000Z,21.37553644,-157.73703664,UAV 1,2,1:3001:2548,M933HE 2,2:9:225:2:11:1:0,0,false,false,false,false,0
M933HE 3,fired_by,,2026-08-09T09:05:58.000Z,21.39001382,-157.73725732,UAV 1,1,1:3001:2549,M933HE 3,2:9:225:2:11:1:0,0,false,false,false,false,0
M933HE 4,fired_by,,2026-08-09T09:05:58.000Z,21.38953167,-157.73688744,UAV 1,1,1:3001:2550,M933HE 4,2:9:225:2:11:1:0,0,false,false,false,false,0
M933HE 5,fired_by,,2026-08-09T09:05:58.000Z,21.37504376,-157.73766901,UAV 1,2,1:3001:2551,M933HE 5,2:9:225:2:11:1:0,0,false,false,false,false,0
M933HE 6,fired_by,,2026-08-09T09:05:58.000Z,21.37535228,-157.73734777,UAV 1,2,1:3001:2552,M933HE 6,2:9:225:2:11:1:0,0,false,false,false,false,0
M933HE 7,fired_by,,2026-08-09T09:05:58.000Z,21.38989552,-157.73737326,UAV 1,1,1:3001:2553,M933HE 7,2:9:225:2:11:1:0,0,false,false,false,false,0
M933HE 8,fired_by,,2026-08-09T09:05:58.000Z,21.37593113,-157.73727686,UAV 1,2,1:3001:2554,M933HE 8,2:9:225:2:11:1:0,0,false,false,false,false,0
ENM1A2003,move to,LOC_중앙계곡,2026-08-09T09:06:00.000Z,21.37456251,-157.74267368,UAV 1,2,1:3001:2199,ENM1A2003,1:1:225:1:1:3:0,0,false,false,false,false,0
FRTRK2004,move to,LOC_남측제1방어선,2026-08-09T09:06:00.000Z,21.38782175,-157.74938596,UAV 1,1,1:3001:2211,FRTRK2004,1:1:225:7:12:8:0,0,false,false,false,false,0
ENCAESAR002,move to,LOC_북측예비방어선,2026-08-09T09:06:00.000Z,21.37011579,-157.73488768,UAV 1,2,1:3001:2229,ENCAESAR002,1:1:71:4:0:0:0,0,false,false,false,false,0
ENT72012,move to,LOC_중앙계곡,2026-08-09T09:06:00.000Z,21.37234866,-157.74160138,UAV 1,2,1:3001:2230,ENT72012,1:1:222:1:2:1:0,0,false,false,false,false,0
ENBTR60001,move to,LOC_중앙계곡,2026-08-09T09:06:00.000Z,21.37004499,-157.74064318,UAV 1,2,1:3001:2237,ENBTR60001,1:1:222:2:8:1:0,0,false,false,false,false,0
ENMORT005,none,,2026-08-09T09:06:00.000Z,21.37457651,-157.73710572,UAV 1,2,1:3001:2242,ENMORT005,1:1:71:10:1:0:1,0,false,false,false,false,0
ENM1A2001,move to,LOC_중앙계곡,2026-08-09T09:06:00.000Z,21.37460709,-157.74281965,UAV 1,2,1:3001:2243,ENM1A2001,1:1:225:1:1:3:0,0,false,false,false,false,0
ENM1A2005,move to,LOC_중앙계곡,2026-08-09T09:06:00.000Z,21.37451375,-157.74252925,UAV 1,2,1:3001:2256,ENM1A2005,1:1:225:1:1:3:0,0,false,false,false,false,0
FRT69001,move to,LOC_중앙킬존남측,2026-08-09T09:06:00.000Z,21.38631291,-157.73644436,UAV 1,1,1:3001:2260,FRT69001,1:1:45:1:2:1:0,0,false,false,false,false,0
ENMORT004,none,,2026-08-09T09:06:00.000Z,21.37447596,-157.73706256,UAV 1,2,1:3001:2265,ENMORT004,1:1:71:10:1:0:1,0,false,false,false,false,0
ENGAZ001,move to,LOC_적북측접근로,2026-08-09T09:06:00.000Z,21.37293395,-157.73425526,UAV 1,2,1:3001:2289,ENGAZ001,1:1:222:7:8:0:0,0,false,false,false,false,0
ENBTR60006,move to,LOC_중앙계곡,2026-08-09T09:06:00.000Z,21.37009012,-157.74045742,UAV 1,2,1:3001:2298,ENBTR60006,1:1:222:2:8:1:0,0,false,false,false,false,0
ENBTR80004,move to,LOC_중앙계곡,2026-08-09T09:06:00.000Z,21.37016237,-157.74039213,UAV 1,2,1:3001:2314,ENBTR80004,1:1:222:2:13:0:0,0,false,false,false,false,0
ENM1A2002,move to,LOC_중앙계곡,2026-08-09T09:06:00.000Z,21.37458356,-157.74274713,UAV 1,2,1:3001:2328,ENM1A2002,1:1:225:1:1:3:0,0,false,false,false,false,0
ENBTR80001,move to,LOC_중앙계곡,2026-08-09T09:06:00.000Z,21.37023826,-157.74044530,UAV 1,2,1:3001:2332,ENBTR80001,1:1:222:2:13:0:0,0,false,false,false,false,0
ENCAESAR004,move to,LOC_북측예비방어선,2026-08-09T09:06:00.000Z,21.37050182,-157.73587567,UAV 1,2,1:3001:2333,ENCAESAR004,1:1:71:4:0:0:0,0,false,false,false,false,0
ENGAZ002,move to,LOC_적북측접근로,2026-08-09T09:06:00.000Z,21.37300261,-157.73430528,UAV 1,2,1:3001:2356,ENGAZ002,1:1:222:7:8:0:0,0,false,false,false,false,0
ENBTR80006,move to,LOC_중앙계곡,2026-08-09T09:06:00.000Z,21.37027216,-157.74025981,UAV 1,2,1:3001:2363,ENBTR80006,1:1:222:2:13:0:0,0,false,false,false,false,0
ENT72011,move to,LOC_중앙계곡,2026-08-09T09:06:00.000Z,21.37235340,-157.74168279,UAV 1,2,1:3001:2367,ENT72011,1:1:222:1:2:1:0,0,false,false,false,false,0
ENGAZ003,move to,LOC_적북측접근로,2026-08-09T09:06:00.000Z,21.37294836,-157.73419403,UAV 1,2,1:3001:2384,ENGAZ003,1:1:222:7:8:0:0,0,false,false,false,false,0
ENBTR80003,move to,LOC_중앙계곡,2026-08-09T09:06:00.000Z,21.37035344,-157.74031354,UAV 1,2,1:3001:2388,ENBTR80003,1:1:222:2:13:0:0,0,false,false,false,false,0
FRT80008,move to,LOC_중앙킬존남측,2026-08-09T09:06:00.000Z,21.38225819,-157.74964914,UAV 1,1,1:3001:2391,FRT80008,1:1:222:1:1:1:0,0,false,false,false,false,0
ENCAESAR003,move to,LOC_적북측접근로,2026-08-09T09:06:00.000Z,21.36993473,-157.73482081,UAV 1,2,1:3001:2417,ENCAESAR003,1:1:71:4:0:0:0,0,false,false,false,false,0
ENMORT001,none,,2026-08-09T09:06:00.000Z,21.37443553,-157.73716992,UAV 1,2,1:3001:2424,ENMORT001,1:1:71:10:1:0:1,0,false,false,false,false,0
ENBTR60007,move to,LOC_중앙계곡,2026-08-09T09:06:00.000Z,21.36990982,-157.74053749,UAV 1,2,1:3001:2450,ENBTR60007,1:1:222:2:8:1:0,0,false,false,false,false,0
ENBTR60008,move to,LOC_중앙계곡,2026-08-09T09:06:00.000Z,21.36996960,-157.74047125,UAV 1,2,1:3001:2461,ENBTR60008,1:1:222:2:8:1:0,0,false,false,false,false,0
FRTRK2002,move to,LOC_남측제1방어선,2026-08-09T09:06:00.000Z,21.38780918,-157.74928923,UAV 1,1,1:3001:2462,FRTRK2002,1:1:225:7:12:8:0,0,false,false,false,false,0
ENBTR80007,move to,LOC_중앙계곡,2026-08-09T09:06:00.000Z,21.37008508,-157.74033872,UAV 1,2,1:3001:2463,ENBTR80007,1:1:222:2:13:0:0,0,false,false,false,false,0
ENMORT002,none,,2026-08-09T09:06:00.000Z,21.37453609,-157.73721308,UAV 1,2,1:3001:2469,ENMORT002,1:1:71:10:1:0:1,0,false,false,false,false,0
ENGAZ004,move to,LOC_적북측접근로,2026-08-09T09:06:00.000Z,21.37302381,-157.73421296,UAV 1,2,1:3001:2473,ENGAZ004,1:1:222:7:8:0:0,0,false,false,false,false,0
ENBTR80005,move to,LOC_중앙계곡,2026-08-09T09:06:00.000Z,21.37021418,-157.74032569,UAV 1,2,1:3001:2481,ENBTR80005,1:1:222:2:13:0:0,0,false,false,false,false,0
ENMIM001,move to,LOC_적북측접근로,2026-08-09T09:06:00.000Z,21.37009364,-157.73802298,UAV 1,2,1:3001:2490,ENMIM001,1:1:225:28:2:0:0,0,false,false,false,false,0
ENCAESAR001,move to,LOC_적북측접근로,2026-08-09T09:06:00.000Z,21.37023326,-157.73616174,UAV 1,2,1:3001:2495,ENCAESAR001,1:1:71:4:0:0:0,0,false,false,false,false,0
ENMORT003,none,,2026-08-09T09:06:00.000Z,21.37463664,-157.73725624,UAV 1,2,1:3001:2500,ENMORT003,1:1:71:10:1:0:1,0,false,false,false,false,0
ENBTR60004,move to,LOC_중앙계곡,2026-08-09T09:06:00.000Z,21.36997755,-157.74059043,UAV 1,2,1:3001:2507,ENBTR60004,1:1:222:2:8:1:0,0,false,false,false,false,0
ENM1A2004,move to,LOC_중앙계곡,2026-08-09T09:06:00.000Z,21.37454145,-157.74260033,UAV 1,2,1:3001:2521,ENM1A2004,1:1:225:1:1:3:0,0,false,false,false,false,0
ENBTR60005,move to,LOC_중앙계곡,2026-08-09T09:06:00.000Z,21.37003474,-157.74052392,UAV 1,2,1:3001:2537,ENBTR60005,1:1:222:2:8:1:0,0,false,false,false,false,0
ENT72010,move to,LOC_중앙계곡,2026-08-09T09:06:00.000Z,21.37245450,-157.74159141,UAV 1,2,1:3001:2396,ENT72010,1:1:222:1:2:1:0,0,false,false,false,false,0
ENM35004,move to,LOC_적북측접근로,2026-08-09T09:06:00.000Z,21.37318866,-157.73419439,UAV 1,2,1:3001:2285,ENM35004,1:1:225:7:1:6:0,0,false,false,false,false,0
ENT72007,move to,LOC_중앙계곡,2026-08-09T09:06:00.000Z,21.37254453,-157.74166422,UAV 1,2,1:3001:2222,ENT72007,1:1:222:1:2:1:0,0,false,false,false,false,0
ENT72006,move to,LOC_중앙계곡,2026-08-09T09:06:00.000Z,21.37262170,-157.74157547,UAV 1,2,1:3001:2413,ENT72006,1:1:222:1:2:1:0,0,false,false,false,false,0
ENBTR80002,move to,LOC_중앙계곡,2026-08-09T09:06:00.000Z,21.37029878,-157.74037955,UAV 1,2,1:3001:2519,ENBTR80002,1:1:222:2:13:0:0,0,false,false,false,false,0
ENT72003,move to,LOC_중앙계곡,2026-08-09T09:06:00.000Z,21.37270896,-157.74164837,UAV 1,2,1:3001:2225,ENT72003,1:1:222:1:2:1:0,0,false,false,false,false,0
ENBTR60003,move to,LOC_중앙계곡,2026-08-09T09:06:00.000Z,21.37017536,-157.74051110,UAV 1,2,1:3001:2320,ENBTR60003,1:1:222:2:8:1:0,0,false,false,false,false,0
ENT72009,move to,LOC_중앙계곡,2026-08-09T09:06:00.000Z,21.37245022,-157.74167338,UAV 1,2,1:3001:2362,ENT72009,1:1:222:1:2:1:0,0,false,false,false,false,0
ENT72004,move to,LOC_중앙계곡,2026-08-09T09:06:00.000Z,21.37270868,-157.74156720,UAV 1,2,1:3001:2373,ENT72004,1:1:222:1:2:1:0,0,false,false,false,false,0
ENBTR60002,move to,LOC_중앙계곡,2026-08-09T09:06:00.000Z,21.37010230,-157.74057666,UAV 1,2,1:3001:2423,ENBTR60002,1:1:222:2:8:1:0,0,false,false,false,false,0
ENT72008,move to,LOC_중앙계곡,2026-08-09T09:06:00.000Z,21.37253293,-157.74158390,UAV 1,2,1:3001:2250,ENT72008,1:1:222:1:2:1:0,0,false,false,false,false,0
ENT72002,move to,LOC_중앙계곡,2026-08-09T09:06:00.000Z,21.37279356,-157.74155912,UAV 1,2,1:3001:2263,ENT72002,1:1:222:1:2:1:0,0,false,false,false,false,0
FRTRK1003,move to,LOC_남측제1방어선,2026-08-09T09:06:00.000Z,21.38797471,-157.74930451,UAV 1,1,1:3001:2249,FRTRK1003,1:1:225:7:12:0:0,0,false,false,false,false,0
M933HE 3,fired_by,,2026-08-09T09:06:00.000Z,21.38871210,-157.73724109,UAV 1,1,1:3001:2549,M933HE 3,2:9:225:2:11:1:0,0,false,false,false,false,0
M933HE 4,fired_by,,2026-08-09T09:06:00.000Z,21.38775791,-157.73653224,UAV 1,1,1:3001:2550,M933HE 4,2:9:225:2:11:1:0,0,false,false,false,false,0
M933HE 7,fired_by,,2026-08-09T09:06:00.000Z,21.38845881,-157.73768468,UAV 1,1,1:3001:2553,M933HE 7,2:9:225:2:11:1:0,0,false,false,false,false,0
ENT72001,move to,LOC_중앙계곡,2026-08-09T09:06:00.000Z,21.37280708,-157.74163881,UAV 1,2,1:3001:2316,ENT72001,1:1:222:1:2:1:0,0,false,false,false,false,0
ENM1A2003,move to,LOC_중앙계곡,2026-08-09T09:06:02.000Z,21.37472998,-157.74261241,UAV 1,2,1:3001:2199,ENM1A2003,1:1:225:1:1:3:0,0,false,false,false,false,0
FRTRK2004,move to,LOC_남측제1방어선,2026-08-09T09:06:02.000Z,21.38779818,-157.74918257,UAV 1,1,1:3001:2211,FRTRK2004,1:1:225:7:12:8:0,0,false,false,false,false,0
ENCAESAR002,move to,LOC_북측예비방어선,2026-08-09T09:06:02.000Z,21.37012596,-157.73491219,UAV 1,2,1:3001:2229,ENCAESAR002,1:1:71:4:0:0:0,0,false,false,false,false,0
ENT72012,move to,LOC_중앙계곡,2026-08-09T09:06:02.000Z,21.37254581,-157.74158365,UAV 1,2,1:3001:2230,ENT72012,1:1:222:1:2:1:0,0,false,false,false,false,0
ENBTR60001,move to,LOC_중앙계곡,2026-08-09T09:06:02.000Z,21.37024884,-157.74065088,UAV 1,2,1:3001:2237,ENBTR60001,1:1:222:2:8:1:0,0,false,false,false,false,0
ENMORT005,none,,2026-08-09T09:06:02.000Z,21.37457651,-157.73710572,UAV 1,2,1:3001:2242,ENMORT005,1:1:71:10:1:0:1,0,false,false,false,false,0
ENM1A2001,move to,LOC_중앙계곡,2026-08-09T09:06:02.000Z,21.37477895,-157.74275067,UAV 1,2,1:3001:2243,ENM1A2001,1:1:225:1:1:3:0,0,false,false,false,false,0
ENM1A2005,move to,LOC_중앙계곡,2026-08-09T09:06:02.000Z,21.37469080,-157.74247065,UAV 1,2,1:3001:2256,ENM1A2005,1:1:225:1:1:3:0,0,false,false,false,false,0
FRT69001,move to,LOC_중앙킬존남측,2026-08-09T09:06:02.000Z,21.38621514,-157.73662254,UAV 1,1,1:3001:2260,FRT69001,1:1:45:1:2:1:0,0,false,false,false,false,0
ENMORT004,none,,2026-08-09T09:06:02.000Z,21.37447596,-157.73706256,UAV 1,2,1:3001:2265,ENMORT004,1:1:71:10:1:0:1,0,false,false,false,false,0
ENGAZ001,move to,LOC_적북측접근로,2026-08-09T09:06:02.000Z,21.37290986,-157.73436772,UAV 1,2,1:3001:2289,ENGAZ001,1:1:222:7:8:0:0,0,false,false,false,false,0
ENBTR60006,move to,LOC_중앙계곡,2026-08-09T09:06:02.000Z,21.37029412,-157.74046934,UAV 1,2,1:3001:2298,ENBTR60006,1:1:222:2:8:1:0,0,false,false,false,false,0
ENBTR80004,move to,LOC_중앙계곡,2026-08-09T09:06:02.000Z,21.37035758,-157.74040504,UAV 1,2,1:3001:2314,ENBTR80004,1:1:222:2:13:0:0,0,false,false,false,false,0
ENM1A2002,move to,LOC_중앙계곡,2026-08-09T09:06:02.000Z,21.37475550,-157.74268119,UAV 1,2,1:3001:2328,ENM1A2002,1:1:225:1:1:3:0,0,false,false,false,false,0
ENBTR80001,move to,LOC_중앙계곡,2026-08-09T09:06:02.000Z,21.37042502,-157.74045664,UAV 1,2,1:3001:2332,ENBTR80001,1:1:222:2:13:0:0,0,false,false,false,false,0
ENCAESAR004,move to,LOC_북측예비방어선,2026-08-09T09:06:02.000Z,21.37057863,-157.73606875,UAV 1,2,1:3001:2333,ENCAESAR004,1:1:71:4:0:0:0,0,false,false,false,false,0
ENGAZ002,move to,LOC_적북측접근로,2026-08-09T09:06:02.000Z,21.37297258,-157.73443881,UAV 1,2,1:3001:2356,ENGAZ002,1:1:222:7:8:0:0,0,false,false,false,false,0
ENBTR80006,move to,LOC_중앙계곡,2026-08-09T09:06:02.000Z,21.37046093,-157.74027525,UAV 1,2,1:3001:2363,ENBTR80006,1:1:222:2:13:0:0,0,false,false,false,false,0
ENT72011,move to,LOC_중앙계곡,2026-08-09T09:06:02.000Z,21.37255571,-157.74166217,UAV 1,2,1:3001:2367,ENT72011,1:1:222:1:2:1:0,0,false,false,false,false,0
ENGAZ003,move to,LOC_적북측접근로,2026-08-09T09:06:02.000Z,21.37292365,-157.73430927,UAV 1,2,1:3001:2384,ENGAZ003,1:1:222:7:8:0:0,0,false,false,false,false,0
ENBTR80003,move to,LOC_중앙계곡,2026-08-09T09:06:02.000Z,21.37053851,-157.74032769,UAV 1,2,1:3001:2388,ENBTR80003,1:1:222:2:13:0:0,0,false,false,false,false,0
FRT80008,move to,LOC_중앙킬존남측,2026-08-09T09:06:02.000Z,21.38217564,-157.74946060,UAV 1,1,1:3001:2391,FRT80008,1:1:222:1:1:1:0,0,false,false,false,false,0
ENCAESAR003,move to,LOC_적북측접근로,2026-08-09T09:06:02.000Z,21.36994129,-157.73484908,UAV 1,2,1:3001:2417,ENCAESAR003,1:1:71:4:0:0:0,0,false,false,false,false,0
ENMORT001,none,,2026-08-09T09:06:02.000Z,21.37443553,-157.73716992,UAV 1,2,1:3001:2424,ENMORT001,1:1:71:10:1:0:1,0,false,false,false,false,0
ENBTR60007,move to,LOC_중앙계곡,2026-08-09T09:06:02.000Z,21.37007779,-157.74054563,UAV 1,2,1:3001:2450,ENBTR60007,1:1:222:2:8:1:0,0,false,false,false,false,0
ENBTR60008,move to,LOC_중앙계곡,2026-08-09T09:06:02.000Z,21.37014491,-157.74048110,UAV 1,2,1:3001:2461,ENBTR60008,1:1:222:2:8:1:0,0,false,false,false,false,0
FRTRK2002,move to,LOC_남측제1방어선,2026-08-09T09:06:02.000Z,21.38778669,-157.74909489,UAV 1,1,1:3001:2462,FRTRK2002,1:1:225:7:12:8:0,0,false,false,false,false,0
ENBTR80007,move to,LOC_중앙계곡,2026-08-09T09:06:02.000Z,21.37028225,-157.74035281,UAV 1,2,1:3001:2463,ENBTR80007,1:1:222:2:13:0:0,0,false,false,false,false,0
ENMORT002,none,,2026-08-09T09:06:02.000Z,21.37453609,-157.73721308,UAV 1,2,1:3001:2469,ENMORT002,1:1:71:10:1:0:1,0,false,false,false,false,0
ENGAZ004,move to,LOC_적북측접근로,2026-08-09T09:06:02.000Z,21.37298543,-157.73438356,UAV 1,2,1:3001:2473,ENGAZ004,1:1:222:7:8:0:0,0,false,false,false,false,0
ENBTR80005,move to,LOC_중앙계곡,2026-08-09T09:06:02.000Z,21.37040568,-157.74033985,UAV 1,2,1:3001:2481,ENBTR80005,1:1:222:2:13:0:0,0,false,false,false,false,0
ENMIM001,move to,LOC_적북측접근로,2026-08-09T09:06:02.000Z,21.37015808,-157.73821665,UAV 1,2,1:3001:2490,ENMIM001,1:1:225:28:2:0:0,0,false,false,false,false,0
ENCAESAR001,move to,LOC_적북측접근로,2026-08-09T09:06:02.000Z,21.37027217,-157.73635960,UAV 1,2,1:3001:2495,ENCAESAR001,1:1:71:4:0:0:0,0,false,false,false,false,0
ENMORT003,none,,2026-08-09T09:06:02.000Z,21.37463664,-157.73725624,UAV 1,2,1:3001:2500,ENMORT003,1:1:71:10:1:0:1,0,false,false,false,false,0
ENBTR60004,move to,LOC_중앙계곡,2026-08-09T09:06:02.000Z,21.37016571,-157.74059856,UAV 1,2,1:3001:2507,ENBTR60004,1:1:222:2:8:1:0,0,false,false,false,false,0
ENM1A2004,move to,LOC_중앙계곡,2026-08-09T09:06:02.000Z,21.37471210,-157.74254089,UAV 1,2,1:3001:2521,ENM1A2004,1:1:225:1:1:3:0,0,false,false,false,false,0
ENBTR60005,move to,LOC_중앙계곡,2026-08-09T09:06:02.000Z,21.37023239,-157.74053395,UAV 1,2,1:3001:2537,ENBTR60005,1:1:222:2:8:1:0,0,false,false,false,false,0
ENT72010,move to,LOC_중앙계곡,2026-08-09T09:06:02.000Z,21.37263905,-157.74157483,UAV 1,2,1:3001:2396,ENT72010,1:1:222:1:2:1:0,0,false,false,false,false,0
ENT72007,move to,LOC_중앙계곡,2026-08-09T09:06:02.000Z,21.37272527,-157.74164577,UAV 1,2,1:3001:2222,ENT72007,1:1:222:1:2:1:0,0,false,false,false,false,0
ENT72006,move to,LOC_중앙계곡,2026-08-09T09:06:02.000Z,21.37281357,-157.74155826,UAV 1,2,1:3001:2413,ENT72006,1:1:222:1:2:1:0,0,false,false,false,false,0
ENBTR80002,move to,LOC_중앙계곡,2026-08-09T09:06:02.000Z,21.37048463,-157.74039229,UAV 1,2,1:3001:2519,ENBTR80002,1:1:222:2:13:0:0,0,false,false,false,false,0
ENT72003,move to,LOC_중앙계곡,2026-08-09T09:06:02.000Z,21.37291593,-157.74162721,UAV 1,2,1:3001:2225,ENT72003,1:1:222:1:2:1:0,0,false,false,false,false,0
ENBTR60003,move to,LOC_중앙계곡,2026-08-09T09:06:02.000Z,21.37037294,-157.74052158,UAV 1,2,1:3001:2320,ENBTR60003,1:1:222:2:8:1:0,0,false,false,false,false,0
ENT72009,move to,LOC_중앙계곡,2026-08-09T09:06:02.000Z,21.37263832,-157.74165420,UAV 1,2,1:3001:2362,ENT72009,1:1:222:1:2:1:0,0,false,false,false,false,0
ENT72004,move to,LOC_중앙계곡,2026-08-09T09:06:02.000Z,21.37289903,-157.74155013,UAV 1,2,1:3001:2373,ENT72004,1:1:222:1:2:1:0,0,false,false,false,false,0
ENBTR60002,move to,LOC_중앙계곡,2026-08-09T09:06:02.000Z,21.37030119,-157.74058568,UAV 1,2,1:3001:2423,ENBTR60002,1:1:222:2:8:1:0,0,false,false,false,false,0
ENT72008,move to,LOC_중앙계곡,2026-08-09T09:06:02.000Z,21.37272817,-157.74156637,UAV 1,2,1:3001:2250,ENT72008,1:1:222:1:2:1:0,0,false,false,false,false,0
ENT72002,move to,LOC_중앙계곡,2026-08-09T09:06:02.000Z,21.37298261,-157.74154218,UAV 1,2,1:3001:2263,ENT72002,1:1:222:1:2:1:0,0,false,false,false,false,0
FRTRK1003,move to,LOC_남측제1방어선,2026-08-09T09:06:02.000Z,21.38794562,-157.74908378,UAV 1,1,1:3001:2249,FRTRK1003,1:1:225:7:12:0:0,0,false,false,false,false,0
ENT72005,move to,LOC_중앙계곡,2026-08-09T09:06:02.000Z,21.37283240,-157.74163529,UAV 1,2,1:3001:2283,ENT72005,1:1:222:1:2:1:0,0,false,false,false,false,0
M107 1,fired_by,,2026-08-09T09:06:02.000Z,21.37101102,-157.73496723,UAV 1,2,1:3001:2555,M107 1,2:9:225:2:14:2:0,0,false,false,false,false,0
M107 2,fired_by,,2026-08-09T09:06:02.000Z,21.37066807,-157.73497409,UAV 1,2,1:3001:2556,M107 2,2:9:225:2:14:2:0,0,false,false,false,false,0
M107 3,fired_by,,2026-08-09T09:06:02.000Z,21.39454771,-157.73747885,UAV 1,1,1:3001:2557,M107 3,2:9:225:2:14:2:0,0,false,false,false,false,0
M107 4,fired_by,,2026-08-09T09:06:02.000Z,21.39471285,-157.73750784,UAV 1,1,1:3001:2558,M107 4,2:9:225:2:14:2:0,0,false,false,false,false,0
M107 5,fired_by,,2026-08-09T09:06:02.000Z,21.39431413,-157.73717850,UAV 1,1,1:3001:2559,M107 5,2:9:225:2:14:2:0,0,false,false,false,false,0
ENM1A2003,move to,LOC_중앙계곡,2026-08-09T09:06:04.000Z,21.37490152,-157.74254966,UAV 1,2,1:3001:2199,ENM1A2003,1:1:225:1:1:3:0,0,false,false,false,false,0
FRTRK2004,move to,LOC_남측제1방어선,2026-08-09T09:06:04.000Z,21.38777717,-157.74900121,UAV 1,1,1:3001:2211,FRTRK2004,1:1:225:7:12:8:0,0,false,false,false,false,0
ENCAESAR002,move to,LOC_북측예비방어선,2026-08-09T09:06:04.000Z,21.37018954,-157.73507240,UAV 1,2,1:3001:2229,ENCAESAR002,1:1:71:4:0:0:0,0,false,false,false,false,0
ENT72012,move to,LOC_중앙계곡,2026-08-09T09:06:04.000Z,21.37271635,-157.74156832,UAV 1,2,1:3001:2230,ENT72012,1:1:222:1:2:1:0,0,false,false,false,false,0
ENBTR60001,move to,LOC_중앙계곡,2026-08-09T09:06:04.000Z,21.37041570,-157.74065718,UAV 1,2,1:3001:2237,ENBTR60001,1:1:222:2:8:1:0,0,false,false,false,false,0
ENMORT005,none,,2026-08-09T09:06:04.000Z,21.37457651,-157.73710572,UAV 1,2,1:3001:2242,ENMORT005,1:1:71:10:1:0:1,0,false,false,false,false,0
ENM1A2001,move to,LOC_중앙계곡,2026-08-09T09:06:04.000Z,21.37494859,-157.74268258,UAV 1,2,1:3001:2243,ENM1A2001,1:1:225:1:1:3:0,0,false,false,false,false,0
ENM1A2005,move to,LOC_중앙계곡,2026-08-09T09:06:04.000Z,21.37486187,-157.74241403,UAV 1,2,1:3001:2256,ENM1A2005,1:1:225:1:1:3:0,0,false,false,false,false,0
FRT69001,move to,LOC_중앙킬존남측,2026-08-09T09:06:04.000Z,21.38612781,-157.73678169,UAV 1,1,1:3001:2260,FRT69001,1:1:45:1:2:1:0,0,false,false,false,false,0
ENMORT004,none,,2026-08-09T09:06:04.000Z,21.37447596,-157.73706256,UAV 1,2,1:3001:2265,ENMORT004,1:1:71:10:1:0:1,0,false,false,false,false,0
ENGAZ001,move to,LOC_적북측접근로,2026-08-09T09:06:04.000Z,21.37288886,-157.73446575,UAV 1,2,1:3001:2289,ENGAZ001,1:1:222:7:8:0:0,0,false,false,false,false,0
ENBTR60006,move to,LOC_중앙계곡,2026-08-09T09:06:04.000Z,21.37045646,-157.74047882,UAV 1,2,1:3001:2298,ENBTR60006,1:1:222:2:8:1:0,0,false,false,false,false,0
ENBTR80004,move to,LOC_중앙계곡,2026-08-09T09:06:04.000Z,21.37051964,-157.74041576,UAV 1,2,1:3001:2314,ENBTR80004,1:1:222:2:13:0:0,0,false,false,false,false,0
ENM1A2002,move to,LOC_중앙계곡,2026-08-09T09:06:04.000Z,21.37492246,-157.74261716,UAV 1,2,1:3001:2328,ENM1A2002,1:1:225:1:1:3:0,0,false,false,false,false,0
ENBTR80001,move to,LOC_중앙계곡,2026-08-09T09:06:04.000Z,21.37059612,-157.74046704,UAV 1,2,1:3001:2332,ENBTR80001,1:1:222:2:13:0:0,0,false,false,false,false,0
ENCAESAR004,move to,LOC_북측예비방어선,2026-08-09T09:06:04.000Z,21.37064852,-157.73624446,UAV 1,2,1:3001:2333,ENCAESAR004,1:1:71:4:0:0:0,0,false,false,false,false,0
ENGAZ002,move to,LOC_적북측접근로,2026-08-09T09:06:04.000Z,21.37295096,-157.73453495,UAV 1,2,1:3001:2356,ENGAZ002,1:1:222:7:8:0:0,0,false,false,false,false,0
ENBTR80006,move to,LOC_중앙계곡,2026-08-09T09:06:04.000Z,21.37062857,-157.74028897,UAV 1,2,1:3001:2363,ENBTR80006,1:1:222:2:13:0:0,0,false,false,false,false,0
ENT72011,move to,LOC_중앙계곡,2026-08-09T09:06:04.000Z,21.37272130,-157.74164529,UAV 1,2,1:3001:2367,ENT72011,1:1:222:1:2:1:0,0,false,false,false,false,0
ENGAZ003,move to,LOC_적북측접근로,2026-08-09T09:06:04.000Z,21.37290256,-157.73440767,UAV 1,2,1:3001:2384,ENGAZ003,1:1:222:7:8:0:0,0,false,false,false,false,0
ENBTR80003,move to,LOC_중앙계곡,2026-08-09T09:06:04.000Z,21.37072664,-157.74034208,UAV 1,2,1:3001:2388,ENBTR80003,1:1:222:2:13:0:0,0,false,false,false,false,0
FRT80008,move to,LOC_중앙킬존남측,2026-08-09T09:06:04.000Z,21.38210279,-157.74929419,UAV 1,1,1:3001:2391,FRT80008,1:1:222:1:1:1:0,0,false,false,false,false,0
ENCAESAR003,move to,LOC_적북측접근로,2026-08-09T09:06:04.000Z,21.36997726,-157.73502752,UAV 1,2,1:3001:2417,ENCAESAR003,1:1:71:4:0:0:0,0,false,false,false,false,0
ENMORT001,none,,2026-08-09T09:06:04.000Z,21.37443553,-157.73716992,UAV 1,2,1:3001:2424,ENMORT001,1:1:71:10:1:0:1,0,false,false,false,false,0
ENBTR60007,move to,LOC_중앙계곡,2026-08-09T09:06:04.000Z,21.37025574,-157.74055427,UAV 1,2,1:3001:2450,ENBTR60007,1:1:222:2:8:1:0,0,false,false,false,false,0
ENBTR60008,move to,LOC_중앙계곡,2026-08-09T09:06:04.000Z,21.37032327,-157.74049111,UAV 1,2,1:3001:2461,ENBTR60008,1:1:222:2:8:1:0,0,false,false,false,false,0
FRTRK2002,move to,LOC_남측제1방어선,2026-08-09T09:06:04.000Z,21.38776585,-157.74891479,UAV 1,1,1:3001:2462,FRTRK2002,1:1:225:7:12:8:0,0,false,false,false,false,0
ENBTR80007,move to,LOC_중앙계곡,2026-08-09T09:06:04.000Z,21.37044639,-157.74036453,UAV 1,2,1:3001:2463,ENBTR80007,1:1:222:2:13:0:0,0,false,false,false,false,0
ENMORT002,none,,2026-08-09T09:06:04.000Z,21.37453609,-157.73721308,UAV 1,2,1:3001:2469,ENMORT002,1:1:71:10:1:0:1,0,false,false,false,false,0
ENGAZ004,move to,LOC_적북측접근로,2026-08-09T09:06:04.000Z,21.37296342,-157.73448141,UAV 1,2,1:3001:2473,ENGAZ004,1:1:222:7:8:0:0,0,false,false,false,false,0
ENBTR80005,move to,LOC_중앙계곡,2026-08-09T09:06:04.000Z,21.37056569,-157.74035168,UAV 1,2,1:3001:2481,ENBTR80005,1:1:222:2:13:0:0,0,false,false,false,false,0
ENMIM001,move to,LOC_적북측접근로,2026-08-09T09:06:04.000Z,21.37022354,-157.73841343,UAV 1,2,1:3001:2490,ENMIM001,1:1:225:28:2:0:0,0,false,false,false,false,0
ENCAESAR001,move to,LOC_적북측접근로,2026-08-09T09:06:04.000Z,21.37030675,-157.73653540,UAV 1,2,1:3001:2495,ENCAESAR001,1:1:71:4:0:0:0,0,false,false,false,false,0
ENMORT003,none,,2026-08-09T09:06:04.000Z,21.37463664,-157.73725624,UAV 1,2,1:3001:2500,ENMORT003,1:1:71:10:1:0:1,0,false,false,false,false,0
ENBTR60004,move to,LOC_중앙계곡,2026-08-09T09:06:04.000Z,21.37033918,-157.74060606,UAV 1,2,1:3001:2507,ENBTR60004,1:1:222:2:8:1:0,0,false,false,false,false,0
ENM1A2004,move to,LOC_중앙계곡,2026-08-09T09:06:04.000Z,21.37488091,-157.74248210,UAV 1,2,1:3001:2521,ENM1A2004,1:1:225:1:1:3:0,0,false,false,false,false,0
ENBTR60005,move to,LOC_중앙계곡,2026-08-09T09:06:04.000Z,21.37040178,-157.74054256,UAV 1,2,1:3001:2537,ENBTR60005,1:1:222:2:8:1:0,0,false,false,false,false,0
ENT72010,move to,LOC_중앙계곡,2026-08-09T09:06:04.000Z,21.37281950,-157.74155861,UAV 1,2,1:3001:2396,ENT72010,1:1:222:1:2:1:0,0,false,false,false,false,0
ENT72007,move to,LOC_중앙계곡,2026-08-09T09:06:04.000Z,21.37290922,-157.74162700,UAV 1,2,1:3001:2222,ENT72007,1:1:222:1:2:1:0,0,false,false,false,false,0
ENT72006,move to,LOC_중앙계곡,2026-08-09T09:06:04.000Z,21.37298426,-157.74154294,UAV 1,2,1:3001:2413,ENT72006,1:1:222:1:2:1:0,0,false,false,false,false,0
ENBTR80002,move to,LOC_중앙계곡,2026-08-09T09:06:04.000Z,21.37066573,-157.74040471,UAV 1,2,1:3001:2519,ENBTR80002,1:1:222:2:13:0:0,0,false,false,false,false,0
ENT72003,move to,LOC_중앙계곡,2026-08-09T09:06:04.000Z,21.37306935,-157.74161153,UAV 1,2,1:3001:2225,ENT72003,1:1:222:1:2:1:0,0,false,false,false,false,0
ENBTR60003,move to,LOC_중앙계곡,2026-08-09T09:06:04.000Z,21.37053912,-157.74053038,UAV 1,2,1:3001:2320,ENBTR60003,1:1:222:2:8:1:0,0,false,false,false,false,0
ENT72009,move to,LOC_중앙계곡,2026-08-09T09:06:04.000Z,21.37281910,-157.74163576,UAV 1,2,1:3001:2362,ENT72009,1:1:222:1:2:1:0,0,false,false,false,false,0
ENT72004,move to,LOC_중앙계곡,2026-08-09T09:06:04.000Z,21.37307071,-157.74153474,UAV 1,2,1:3001:2373,ENT72004,1:1:222:1:2:1:0,0,false,false,false,false,0
ENBTR60002,move to,LOC_중앙계곡,2026-08-09T09:06:04.000Z,21.37047520,-157.74059357,UAV 1,2,1:3001:2423,ENBTR60002,1:1:222:2:8:1:0,0,false,false,false,false,0
ENT72008,move to,LOC_중앙계곡,2026-08-09T09:06:04.000Z,21.37289776,-157.74155115,UAV 1,2,1:3001:2250,ENT72008,1:1:222:1:2:1:0,0,false,false,false,false,0
ENT72002,move to,LOC_중앙계곡,2026-08-09T09:06:04.000Z,21.37315457,-157.74152678,UAV 1,2,1:3001:2263,ENT72002,1:1:222:1:2:1:0,0,false,false,false,false,0
FRTRK1003,move to,LOC_남측제1방어선,2026-08-09T09:06:04.000Z,21.38792692,-157.74894180,UAV 1,1,1:3001:2249,FRTRK1003,1:1:225:7:12:0:0,0,false,false,false,false,0
ENT72005,move to,LOC_중앙계곡,2026-08-09T09:06:04.000Z,21.37298898,-157.74161930,UAV 1,2,1:3001:2283,ENT72005,1:1:222:1:2:1:0,0,false,false,false,false,0
M107 3,fired_by,,2026-08-09T09:06:04.000Z,21.39290890,-157.73776525,UAV 1,1,1:3001:2557,M107 3,2:9:225:2:14:2:0,0,false,false,false,false,0
M107 4,fired_by,,2026-08-09T09:06:04.000Z,21.39342883,-157.73747404,UAV 1,1,1:3001:2558,M107 4,2:9:225:2:14:2:0,0,false,false,false,false,0
M107 5,fired_by,,2026-08-09T09:06:04.000Z,21.39244188,-157.73675329,UAV 1,1,1:3001:2559,M107 5,2:9:225:2:14:2:0,0,false,false,false,false,0
FRTRK1001,move to,LOC_남측제1방어선,2026-08-09T09:06:04.000Z,21.38809060,-157.74897484,UAV 1,1,1:3001:2278,FRTRK1001,1:1:225:7:12:0:0,0,false,false,false,false,0
ENT72001,move to,LOC_중앙계곡,2026-08-09T09:06:04.000Z,21.37315034,-157.74160370,UAV 1,2,1:3001:2316,ENT72001,1:1:222:1:2:1:0,0,false,false,false,false,0
ENM35001,move to,LOC_적북측접근로,2026-08-09T09:06:04.000Z,21.37300122,-157.73464984,UAV 1,2,1:3001:2389,ENM35001,1:1:225:7:1:6:0,0,false,false,false,false,0
ENM1A2003,move to,LOC_중앙계곡,2026-08-09T09:06:06.000Z,21.37509113,-157.74248030,UAV 1,2,1:3001:2199,ENM1A2003,1:1:225:1:1:3:0,0,false,false,false,false,0
ENCAESAR002,move to,LOC_북측예비방어선,2026-08-09T09:06:06.000Z,21.37027427,-157.73528588,UAV 1,2,1:3001:2229,ENCAESAR002,1:1:71:4:0:0:0,0,false,false,false,false,0
ENT72012,move to,LOC_중앙계곡,2026-08-09T09:06:06.000Z,21.37290279,-157.74155155,UAV 1,2,1:3001:2230,ENT72012,1:1:222:1:2:1:0,0,false,false,false,false,0
ENBTR60001,move to,LOC_중앙계곡,2026-08-09T09:06:06.000Z,21.37061147,-157.74066457,UAV 1,2,1:3001:2237,ENBTR60001,1:1:222:2:8:1:0,0,false,false,false,false,0
ENMORT005,none,,2026-08-09T09:06:06.000Z,21.37457651,-157.73710572,UAV 1,2,1:3001:2242,ENMORT005,1:1:71:10:1:0:1,0,false,false,false,false,0
ENM1A2005,move to,LOC_중앙계곡,2026-08-09T09:06:06.000Z,21.37505114,-157.74235139,UAV 1,2,1:3001:2256,ENM1A2005,1:1:225:1:1:3:0,0,false,false,false,false,0
FRT69001,move to,LOC_중앙킬존남측,2026-08-09T09:06:06.000Z,21.38603339,-157.73695376,UAV 1,1,1:3001:2260,FRT69001,1:1:45:1:2:1:0,0,false,false,false,false,0
ENMORT004,none,,2026-08-09T09:06:06.000Z,21.37447596,-157.73706256,UAV 1,2,1:3001:2265,ENMORT004,1:1:71:10:1:0:1,0,false,false,false,false,0
ENGAZ001,move to,LOC_적북측접근로,2026-08-09T09:06:06.000Z,21.37286490,-157.73457757,UAV 1,2,1:3001:2289,ENGAZ001,1:1:222:7:8:0:0,0,false,false,false,false,0
ENBTR60006,move to,LOC_중앙계곡,2026-08-09T09:06:06.000Z,21.37064847,-157.74049003,UAV 1,2,1:3001:2298,ENBTR60006,1:1:222:2:8:1:0,0,false,false,false,false,0
ENBTR80004,move to,LOC_중앙계곡,2026-08-09T09:06:06.000Z,21.37072378,-157.74042926,UAV 1,2,1:3001:2314,ENBTR80004,1:1:222:2:13:0:0,0,false,false,false,false,0
ENBTR80001,move to,LOC_중앙계곡,2026-08-09T09:06:06.000Z,21.37080219,-157.74047955,UAV 1,2,1:3001:2332,ENBTR80001,1:1:222:2:13:0:0,0,false,false,false,false,0
ENCAESAR004,move to,LOC_북측예비방어선,2026-08-09T09:06:06.000Z,21.37071857,-157.73642056,UAV 1,2,1:3001:2333,ENCAESAR004,1:1:71:4:0:0:0,0,false,false,false,false,0
ENGAZ002,move to,LOC_적북측접근로,2026-08-09T09:06:06.000Z,21.37291830,-157.73468015,UAV 1,2,1:3001:2356,ENGAZ002,1:1:222:7:8:0:0,0,false,false,false,false,0
ENBTR80006,move to,LOC_중앙계곡,2026-08-09T09:06:06.000Z,21.37083116,-157.74030554,UAV 1,2,1:3001:2363,ENBTR80006,1:1:222:2:13:0:0,0,false,false,false,false,0
ENT72011,move to,LOC_중앙계곡,2026-08-09T09:06:06.000Z,21.37291233,-157.74162582,UAV 1,2,1:3001:2367,ENT72011,1:1:222:1:2:1:0,0,false,false,false,false,0
ENGAZ003,move to,LOC_적북측접근로,2026-08-09T09:06:06.000Z,21.37287990,-157.73451331,UAV 1,2,1:3001:2384,ENGAZ003,1:1:222:7:8:0:0,0,false,false,false,false,0
ENBTR80003,move to,LOC_중앙계곡,2026-08-09T09:06:06.000Z,21.37091139,-157.74035621,UAV 1,2,1:3001:2388,ENBTR80003,1:1:222:2:13:0:0,0,false,false,false,false,0
FRT80008,move to,LOC_중앙킬존남측,2026-08-09T09:06:06.000Z,21.38202352,-157.74911314,UAV 1,1,1:3001:2391,FRT80008,1:1:222:1:1:1:0,0,false,false,false,false,0
ENCAESAR003,move to,LOC_적북측접근로,2026-08-09T09:06:06.000Z,21.37002447,-157.73526173,UAV 1,2,1:3001:2417,ENCAESAR003,1:1:71:4:0:0:0,0,false,false,false,false,0
ENMORT001,none,,2026-08-09T09:06:06.000Z,21.37443553,-157.73716992,UAV 1,2,1:3001:2424,ENMORT001,1:1:71:10:1:0:1,0,false,false,false,false,0
ENBTR60007,move to,LOC_중앙계곡,2026-08-09T09:06:06.000Z,21.37044136,-157.74056327,UAV 1,2,1:3001:2450,ENBTR60007,1:1:222:2:8:1:0,0,false,false,false,false,0
ENBTR60008,move to,LOC_중앙계곡,2026-08-09T09:06:06.000Z,21.37050531,-157.74050133,UAV 1,2,1:3001:2461,ENBTR60008,1:1:222:2:8:1:0,0,false,false,false,false,0
FRTRK2002,move to,LOC_남측제1방어선,2026-08-09T09:06:06.000Z,21.38775349,-157.74880801,UAV 1,1,1:3001:2462,FRTRK2002,1:1:225:7:12:8:0,0,false,false,false,false,0
ENBTR80007,move to,LOC_중앙계곡,2026-08-09T09:06:06.000Z,21.37063366,-157.74037791,UAV 1,2,1:3001:2463,ENBTR80007,1:1:222:2:13:0:0,0,false,false,false,false,0
ENMORT002,none,,2026-08-09T09:06:06.000Z,21.37453609,-157.73721308,UAV 1,2,1:3001:2469,ENMORT002,1:1:71:10:1:0:1,0,false,false,false,false,0
ENGAZ004,move to,LOC_적북측접근로,2026-08-09T09:06:06.000Z,21.37293963,-157.73458714,UAV 1,2,1:3001:2473,ENGAZ004,1:1:222:7:8:0:0,0,false,false,false,false,0
ENBTR80005,move to,LOC_중앙계곡,2026-08-09T09:06:06.000Z,21.37077528,-157.74036718,UAV 1,2,1:3001:2481,ENBTR80005,1:1:222:2:13:0:0,0,false,false,false,false,0
ENMIM001,move to,LOC_적북측접근로,2026-08-09T09:06:06.000Z,21.37028873,-157.73860936,UAV 1,2,1:3001:2490,ENMIM001,1:1:225:28:2:0:0,0,false,false,false,false,0
ENCAESAR001,move to,LOC_적북측접근로,2026-08-09T09:06:06.000Z,21.37034602,-157.73673510,UAV 1,2,1:3001:2495,ENCAESAR001,1:1:71:4:0:0:0,0,false,false,false,false,0
ENMORT003,none,,2026-08-09T09:06:06.000Z,21.37463664,-157.73725624,UAV 1,2,1:3001:2500,ENMORT003,1:1:71:10:1:0:1,0,false,false,false,false,0
ENBTR60004,move to,LOC_중앙계곡,2026-08-09T09:06:06.000Z,21.37053159,-157.74061438,UAV 1,2,1:3001:2507,ENBTR60004,1:1:222:2:8:1:0,0,false,false,false,false,0
ENM1A2004,move to,LOC_중앙계곡,2026-08-09T09:06:06.000Z,21.37507203,-157.74241553,UAV 1,2,1:3001:2521,ENM1A2004,1:1:225:1:1:3:0,0,false,false,false,false,0
ENBTR60005,move to,LOC_중앙계곡,2026-08-09T09:06:06.000Z,21.37059153,-157.74055219,UAV 1,2,1:3001:2537,ENBTR60005,1:1:222:2:8:1:0,0,false,false,false,false,0
ENT72010,move to,LOC_중앙계곡,2026-08-09T09:06:06.000Z,21.37299961,-157.74154243,UAV 1,2,1:3001:2396,ENT72010,1:1:222:1:2:1:0,0,false,false,false,false,0
ENT72007,move to,LOC_중앙계곡,2026-08-09T09:06:06.000Z,21.37308562,-157.74160899,UAV 1,2,1:3001:2222,ENT72007,1:1:222:1:2:1:0,0,false,false,false,false,0
ENT72006,move to,LOC_중앙계곡,2026-08-09T09:06:06.000Z,21.37316711,-157.74152654,UAV 1,2,1:3001:2413,ENT72006,1:1:222:1:2:1:0,0,false,false,false,false,0
ENBTR80002,move to,LOC_중앙계곡,2026-08-09T09:06:06.000Z,21.37086536,-157.74041840,UAV 1,2,1:3001:2519,ENBTR80002,1:1:222:2:13:0:0,0,false,false,false,false,0
ENT72003,move to,LOC_중앙계곡,2026-08-09T09:06:06.000Z,21.37325089,-157.74159297,UAV 1,2,1:3001:2225,ENT72003,1:1:222:1:2:1:0,0,false,false,false,false,0
ENBTR60003,move to,LOC_중앙계곡,2026-08-09T09:06:06.000Z,21.37073888,-157.74054097,UAV 1,2,1:3001:2320,ENBTR60003,1:1:222:2:8:1:0,0,false,false,false,false,0
ENT72009,move to,LOC_중앙계곡,2026-08-09T09:06:06.000Z,21.37299914,-157.74161739,UAV 1,2,1:3001:2362,ENT72009,1:1:222:1:2:1:0,0,false,false,false,false,0
ENT72004,move to,LOC_중앙계곡,2026-08-09T09:06:06.000Z,21.37325412,-157.74151830,UAV 1,2,1:3001:2373,ENT72004,1:1:222:1:2:1:0,0,false,false,false,false,0
ENBTR60002,move to,LOC_중앙계곡,2026-08-09T09:06:06.000Z,21.37066947,-157.74060238,UAV 1,2,1:3001:2423,ENBTR60002,1:1:222:2:8:1:0,0,false,false,false,false,0
ENT72008,move to,LOC_중앙계곡,2026-08-09T09:06:06.000Z,21.37308257,-157.74153455,UAV 1,2,1:3001:2250,ENT72008,1:1:222:1:2:1:0,0,false,false,false,false,0
ENT72002,move to,LOC_중앙계곡,2026-08-09T09:06:06.000Z,21.37334134,-157.74151005,UAV 1,2,1:3001:2263,ENT72002,1:1:222:1:2:1:0,0,false,false,false,false,0
ENT72005,move to,LOC_중앙계곡,2026-08-09T09:06:06.000Z,21.37316662,-157.74160115,UAV 1,2,1:3001:2283,ENT72005,1:1:222:1:2:1:0,0,false,false,false,false,0
M107 4,fired_by,,2026-08-09T09:06:06.000Z,21.39201984,-157.73743695,UAV 1,1,1:3001:2558,M107 4,2:9:225:2:14:2:0,0,false,false,false,false,0
FRTRK1001,move to,LOC_남측제1방어선,2026-08-09T09:06:06.000Z,21.38806010,-157.74876856,UAV 1,1,1:3001:2278,FRTRK1001,1:1:225:7:12:0:0,0,false,false,false,false,0
ENT72001,move to,LOC_중앙계곡,2026-08-09T09:06:06.000Z,21.37334285,-157.74158401,UAV 1,2,1:3001:2316,ENT72001,1:1:222:1:2:1:0,0,false,false,false,false,0
ENM35001,move to,LOC_적북측접근로,2026-08-09T09:06:06.000Z,21.37295522,-157.73484505,UAV 1,2,1:3001:2389,ENM35001,1:1:225:7:1:6:0,0,false,false,false,false,0
FRMORT001,none,,2026-08-09T09:06:06.000Z,21.39104607,-157.73719078,UAV 1,1,1:3001:2318,FRMORT001,1:1:71:10:1:0:1,0,false,false,false,false,0
FRTRK1002,move to,LOC_남측제1방어선,2026-08-09T09:06:06.000Z,21.38798750,-157.74880763,UAV 1,1,1:3001:2488,FRTRK1002,1:1:225:7:12:0:0,0,false,false,false,false,0
FRTRK2003,move to,LOC_남측제1방어선,2026-08-09T09:06:06.000Z,21.38782850,-157.74877995,UAV 1,1,1:3001:2498,FRTRK2003,1:1:225:7:12:8:0,0,false,false,false,false,0
ENM35003,move to,LOC_적북측접근로,2026-08-09T09:06:06.000Z,21.37297766,-157.73474811,UAV 1,2,1:3001:2529,ENM35003,1:1:225:7:1:6:0,0,false,false,false,false,0
ENCAESAR002,move to,LOC_북측예비방어선,2026-08-09T09:06:07.000Z,21.37033763,-157.73544552,UAV 1,2,1:3001:2229,ENCAESAR002,1:1:71:4:0:0:0,0,false,false,false,false,0
ENT72012,move to,LOC_중앙계곡,2026-08-09T09:06:07.000Z,21.37309092,-157.74153463,UAV 1,2,1:3001:2230,ENT72012,1:1:222:1:2:1:0,0,false,false,false,false,0
ENBTR60001,move to,LOC_중앙계곡,2026-08-09T09:06:07.000Z,21.37080237,-157.74067178,UAV 1,2,1:3001:2237,ENBTR60001,1:1:222:2:8:1:0,0,false,false,false,false,0
ENMORT005,none,,2026-08-09T09:06:07.000Z,21.37457651,-157.73710572,UAV 1,2,1:3001:2242,ENMORT005,1:1:71:10:1:0:1,0,false,false,false,false,0
ENM1A2005,move to,LOC_중앙계곡,2026-08-09T09:06:07.000Z,21.37523101,-157.74229186,UAV 1,2,1:3001:2256,ENM1A2005,1:1:225:1:1:3:0,0,false,false,false,false,0
FRT69001,move to,LOC_중앙킬존남측,2026-08-09T09:06:07.000Z,21.38593667,-157.73713002,UAV 1,1,1:3001:2260,FRT69001,1:1:45:1:2:1:0,0,false,false,false,false,0
ENMORT004,none,,2026-08-09T09:06:07.000Z,21.37447596,-157.73706256,UAV 1,2,1:3001:2265,ENMORT004,1:1:71:10:1:0:1,0,false,false,false,false,0
ENGAZ001,move to,LOC_적북측접근로,2026-08-09T09:06:07.000Z,21.37282031,-157.73478568,UAV 1,2,1:3001:2289,ENGAZ001,1:1:222:7:8:0:0,0,false,false,false,false,0
ENBTR60006,move to,LOC_중앙계곡,2026-08-09T09:06:07.000Z,21.37085493,-157.74050210,UAV 1,2,1:3001:2298,ENBTR60006,1:1:222:2:8:1:0,0,false,false,false,false,0
ENBTR80004,move to,LOC_중앙계곡,2026-08-09T09:06:07.000Z,21.37091027,-157.74044159,UAV 1,2,1:3001:2314,ENBTR80004,1:1:222:2:13:0:0,0,false,false,false,false,0
ENBTR80001,move to,LOC_중앙계곡,2026-08-09T09:06:07.000Z,21.37098073,-157.74049040,UAV 1,2,1:3001:2332,ENBTR80001,1:1:222:2:13:0:0,0,false,false,false,false,0
ENCAESAR004,move to,LOC_북측예비방어선,2026-08-09T09:06:07.000Z,21.37079189,-157.73660491,UAV 1,2,1:3001:2333,ENCAESAR004,1:1:71:4:0:0:0,0,false,false,false,false,0
ENGAZ002,move to,LOC_적북측접근로,2026-08-09T09:06:07.000Z,21.37286741,-157.73490642,UAV 1,2,1:3001:2356,ENGAZ002,1:1:222:7:8:0:0,0,false,false,false,false,0
ENBTR80006,move to,LOC_중앙계곡,2026-08-09T09:06:07.000Z,21.37100857,-157.74032006,UAV 1,2,1:3001:2363,ENBTR80006,1:1:222:2:13:0:0,0,false,false,false,false,0
ENT72011,move to,LOC_중앙계곡,2026-08-09T09:06:07.000Z,21.37309646,-157.74160706,UAV 1,2,1:3001:2367,ENT72011,1:1:222:1:2:1:0,0,false,false,false,false,0
ENGAZ003,move to,LOC_적북측접근로,2026-08-09T09:06:07.000Z,21.37284727,-157.73466549,UAV 1,2,1:3001:2384,ENGAZ003,1:1:222:7:8:0:0,0,false,false,false,false,0
ENBTR80003,move to,LOC_중앙계곡,2026-08-09T09:06:07.000Z,21.37109765,-157.74037045,UAV 1,2,1:3001:2388,ENBTR80003,1:1:222:2:13:0:0,0,false,false,false,false,0
FRT80008,move to,LOC_중앙킬존남측,2026-08-09T09:06:07.000Z,21.38194112,-157.74892492,UAV 1,1,1:3001:2391,FRT80008,1:1:222:1:1:1:0,0,false,false,false,false,0
ENCAESAR003,move to,LOC_적북측접근로,2026-08-09T09:06:07.000Z,21.37005709,-157.73542355,UAV 1,2,1:3001:2417,ENCAESAR003,1:1:71:4:0:0:0,0,false,false,false,false,0
ENMORT001,none,,2026-08-09T09:06:07.000Z,21.37443553,-157.73716992,UAV 1,2,1:3001:2424,ENMORT001,1:1:71:10:1:0:1,0,false,false,false,false,0
ENBTR60007,move to,LOC_중앙계곡,2026-08-09T09:06:07.000Z,21.37064001,-157.74057291,UAV 1,2,1:3001:2450,ENBTR60007,1:1:222:2:8:1:0,0,false,false,false,false,0
ENBTR60008,move to,LOC_중앙계곡,2026-08-09T09:06:07.000Z,21.37070607,-157.74051261,UAV 1,2,1:3001:2461,ENBTR60008,1:1:222:2:8:1:0,0,false,false,false,false,0
FRTRK2002,move to,LOC_남측제1방어선,2026-08-09T09:06:07.000Z,21.38772942,-157.74859998,UAV 1,1,1:3001:2462,FRTRK2002,1:1:225:7:12:8:0,0,false,false,false,false,0
ENBTR80007,move to,LOC_중앙계곡,2026-08-09T09:06:07.000Z,21.37083913,-157.74039259,UAV 1,2,1:3001:2463,ENBTR80007,1:1:222:2:13:0:0,0,false,false,false,false,0
ENMORT002,none,,2026-08-09T09:06:07.000Z,21.37453609,-157.73721308,UAV 1,2,1:3001:2469,ENMORT002,1:1:71:10:1:0:1,0,false,false,false,false,0
ENGAZ004,move to,LOC_적북측접근로,2026-08-09T09:06:07.000Z,21.37290100,-157.73475886,UAV 1,2,1:3001:2473,ENGAZ004,1:1:222:7:8:0:0,0,false,false,false,false,0
ENBTR80005,move to,LOC_중앙계곡,2026-08-09T09:06:07.000Z,21.37095190,-157.74038023,UAV 1,2,1:3001:2481,ENBTR80005,1:1:222:2:13:0:0,0,false,false,false,false,0
ENMIM001,move to,LOC_적북측접근로,2026-08-09T09:06:07.000Z,21.37034484,-157.73877802,UAV 1,2,1:3001:2490,ENMIM001,1:1:225:28:2:0:0,0,false,false,false,false,0
ENCAESAR001,move to,LOC_적북측접근로,2026-08-09T09:06:07.000Z,21.37038640,-157.73694040,UAV 1,2,1:3001:2495,ENCAESAR001,1:1:71:4:0:0:0,0,false,false,false,false,0
ENMORT003,none,,2026-08-09T09:06:07.000Z,21.37463664,-157.73725624,UAV 1,2,1:3001:2500,ENMORT003,1:1:71:10:1:0:1,0,false,false,false,false,0
ENBTR60004,move to,LOC_중앙계곡,2026-08-09T09:06:07.000Z,21.37072770,-157.74062286,UAV 1,2,1:3001:2507,ENBTR60004,1:1:222:2:8:1:0,0,false,false,false,false,0
ENBTR60005,move to,LOC_중앙계곡,2026-08-09T09:06:07.000Z,21.37079270,-157.74056241,UAV 1,2,1:3001:2537,ENBTR60005,1:1:222:2:8:1:0,0,false,false,false,false,0
ENT72010,move to,LOC_중앙계곡,2026-08-09T09:06:07.000Z,21.37318415,-157.74152585,UAV 1,2,1:3001:2396,ENT72010,1:1:222:1:2:1:0,0,false,false,false,false,0
ENT72007,move to,LOC_중앙계곡,2026-08-09T09:06:07.000Z,21.37326910,-157.74159027,UAV 1,2,1:3001:2222,ENT72007,1:1:222:1:2:1:0,0,false,false,false,false,0
ENT72006,move to,LOC_중앙계곡,2026-08-09T09:06:07.000Z,21.37335866,-157.74150935,UAV 1,2,1:3001:2413,ENT72006,1:1:222:1:2:1:0,0,false,false,false,false,0
ENBTR80002,move to,LOC_중앙계곡,2026-08-09T09:06:07.000Z,21.37103932,-157.74043033,UAV 1,2,1:3001:2519,ENBTR80002,1:1:222:2:13:0:0,0,false,false,false,false,0
ENT72003,move to,LOC_중앙계곡,2026-08-09T09:06:07.000Z,21.37344657,-157.74157297,UAV 1,2,1:3001:2225,ENT72003,1:1:222:1:2:1:0,0,false,false,false,false,0
ENBTR60003,move to,LOC_중앙계곡,2026-08-09T09:06:07.000Z,21.37093265,-157.74055124,UAV 1,2,1:3001:2320,ENBTR60003,1:1:222:2:8:1:0,0,false,false,false,false,0
ENT72009,move to,LOC_중앙계곡,2026-08-09T09:06:07.000Z,21.37319022,-157.74159790,UAV 1,2,1:3001:2362,ENT72009,1:1:222:1:2:1:0,0,false,false,false,false,0
ENT72004,move to,LOC_중앙계곡,2026-08-09T09:06:07.000Z,21.37344688,-157.74150102,UAV 1,2,1:3001:2373,ENT72004,1:1:222:1:2:1:0,0,false,false,false,false,0
ENBTR60002,move to,LOC_중앙계곡,2026-08-09T09:06:07.000Z,21.37085975,-157.74061101,UAV 1,2,1:3001:2423,ENBTR60002,1:1:222:2:8:1:0,0,false,false,false,false,0
ENT72008,move to,LOC_중앙계곡,2026-08-09T09:06:07.000Z,21.37327302,-157.74151745,UAV 1,2,1:3001:2250,ENT72008,1:1:222:1:2:1:0,0,false,false,false,false,0
ENT72002,move to,LOC_중앙계곡,2026-08-09T09:06:07.000Z,21.37353029,-157.74149313,UAV 1,2,1:3001:2263,ENT72002,1:1:222:1:2:1:0,0,false,false,false,false,0
ENT72005,move to,LOC_중앙계곡,2026-08-09T09:06:07.000Z,21.37336678,-157.74158071,UAV 1,2,1:3001:2283,ENT72005,1:1:222:1:2:1:0,0,false,false,false,false,0
FRTRK1001,move to,LOC_남측제1방어선,2026-08-09T09:06:07.000Z,21.38803322,-157.74858667,UAV 1,1,1:3001:2278,FRTRK1001,1:1:225:7:12:0:0,0,false,false,false,false,0
ENT72001,move to,LOC_중앙계곡,2026-08-09T09:06:07.000Z,21.37353313,-157.74156455,UAV 1,2,1:3001:2316,ENT72001,1:1:222:1:2:1:0,0,false,false,false,false,0
ENM35001,move to,LOC_적북측접근로,2026-08-09T09:06:07.000Z,21.37290798,-157.73504550,UAV 1,2,1:3001:2389,ENM35001,1:1:225:7:1:6:0,0,false,false,false,false,0
FRMORT001,none,,2026-08-09T09:06:07.000Z,21.39104607,-157.73719078,UAV 1,1,1:3001:2318,FRMORT001,1:1:71:10:1:0:1,0,false,false,false,false,0
FRTRK1002,move to,LOC_남측제1방어선,2026-08-09T09:06:07.000Z,21.38796186,-157.74862421,UAV 1,1,1:3001:2488,FRTRK1002,1:1:225:7:12:0:0,0,false,false,false,false,0
ENM35003,move to,LOC_적북측접근로,2026-08-09T09:06:07.000Z,21.37293034,-157.73494899,UAV 1,2,1:3001:2529,ENM35003,1:1:225:7:1:6:0,0,false,false,false,false,0
FRTRK2004,move to,LOC_남측제1방어선,2026-08-09T09:06:07.000Z,21.38773903,-157.74867178,UAV 1,1,1:3001:2211,FRTRK2004,1:1:225:7:12:8:0,0,false,false,false,false,0
FRMORT002,none,,2026-08-09T09:06:07.000Z,21.39112390,-157.73727132,UAV 1,1,1:3001:2277,FRMORT002,1:1:71:10:1:0:1,0,false,false,false,false,0
FRMORT004,none,,2026-08-09T09:06:07.000Z,21.39119933,-157.73718822,UAV 1,1,1:3001:2402,FRMORT004,1:1:71:10:1:0:1,0,false,false,false,false,0
FRTRK2001,move to,LOC_남측제1방어선,2026-08-09T09:06:07.000Z,21.38782897,-157.74878901,UAV 1,1,1:3001:2458,FRTRK2001,1:1:225:7:12:8:0,0,false,false,false,false,0
FRMORT003,none,,2026-08-09T09:06:07.000Z,21.39112150,-157.73710768,UAV 1,1,1:3001:2474,FRMORT003,1:1:71:10:1:0:1,0,false,false,false,false,0
ENCAESAR002,move to,LOC_북측예비방어선,2026-08-09T09:06:09.000Z,21.37040929,-157.73562609,UAV 1,2,1:3001:2229,ENCAESAR002,1:1:71:4:0:0:0,0,false,false,false,false,0
ENT72012,move to,LOC_중앙계곡,2026-08-09T09:06:09.000Z,21.37325573,-157.74151982,UAV 1,2,1:3001:2230,ENT72012,1:1:222:1:2:1:0,0,false,false,false,false,0
ENBTR60001,move to,LOC_중앙계곡,2026-08-09T09:06:09.000Z,21.37096607,-157.74067797,UAV 1,2,1:3001:2237,ENBTR60001,1:1:222:2:8:1:0,0,false,false,false,false,0
ENMORT005,none,,2026-08-09T09:06:09.000Z,21.37457651,-157.73710572,UAV 1,2,1:3001:2242,ENMORT005,1:1:71:10:1:0:1,0,false,false,false,false,0
ENM1A2005,move to,LOC_중앙계곡,2026-08-09T09:06:09.000Z,21.37538966,-157.74223935,UAV 1,2,1:3001:2256,ENM1A2005,1:1:225:1:1:3:0,0,false,false,false,false,0
FRT69001,move to,LOC_중앙킬존남측,2026-08-09T09:06:09.000Z,21.38585363,-157.73728135,UAV 1,1,1:3001:2260,FRT69001,1:1:45:1:2:1:0,0,false,false,false,false,0
ENMORT004,none,,2026-08-09T09:06:09.000Z,21.37447596,-157.73706256,UAV 1,2,1:3001:2265,ENMORT004,1:1:71:10:1:0:1,0,false,false,false,false,0
ENGAZ001,move to,LOC_적북측접근로,2026-08-09T09:06:09.000Z,21.37278120,-157.73496824,UAV 1,2,1:3001:2289,ENGAZ001,1:1:222:7:8:0:0,0,false,false,false,false,0
ENBTR60006,move to,LOC_중앙계곡,2026-08-09T09:06:09.000Z,21.37101781,-157.74051161,UAV 1,2,1:3001:2298,ENBTR60006,1:1:222:2:8:1:0,0,false,false,false,false,0
ENBTR80004,move to,LOC_중앙계곡,2026-08-09T09:06:09.000Z,21.37106373,-157.74045174,UAV 1,2,1:3001:2314,ENBTR80004,1:1:222:2:13:0:0,0,false,false,false,false,0
ENBTR80001,move to,LOC_중앙계곡,2026-08-09T09:06:09.000Z,21.37114650,-157.74050047,UAV 1,2,1:3001:2332,ENBTR80001,1:1:222:2:13:0:0,0,false,false,false,false,0
ENCAESAR004,move to,LOC_북측예비방어선,2026-08-09T09:06:09.000Z,21.37085921,-157.73677415,UAV 1,2,1:3001:2333,ENCAESAR004,1:1:71:4:0:0:0,0,false,false,false,false,0
ENGAZ002,move to,LOC_적북측접근로,2026-08-09T09:06:09.000Z,21.37283235,-157.73506230,UAV 1,2,1:3001:2356,ENGAZ002,1:1:222:7:8:0:0,0,false,false,false,false,0
ENBTR80006,move to,LOC_중앙계곡,2026-08-09T09:06:09.000Z,21.37117751,-157.74033388,UAV 1,2,1:3001:2363,ENBTR80006,1:1:222:2:13:0:0,0,false,false,false,false,0
ENT72011,move to,LOC_중앙계곡,2026-08-09T09:06:09.000Z,21.37326177,-157.74159021,UAV 1,2,1:3001:2367,ENT72011,1:1:222:1:2:1:0,0,false,false,false,false,0
ENGAZ003,move to,LOC_적북측접근로,2026-08-09T09:06:09.000Z,21.37280427,-157.73486609,UAV 1,2,1:3001:2384,ENGAZ003,1:1:222:7:8:0:0,0,false,false,false,false,0
ENBTR80003,move to,LOC_중앙계곡,2026-08-09T09:06:09.000Z,21.37126602,-157.74038333,UAV 1,2,1:3001:2388,ENBTR80003,1:1:222:2:13:0:0,0,false,false,false,false,0
FRT80008,move to,LOC_중앙킬존남측,2026-08-09T09:06:09.000Z,21.38187408,-157.74877180,UAV 1,1,1:3001:2391,FRT80008,1:1:222:1:1:1:0,0,false,false,false,false,0
ENCAESAR003,move to,LOC_적북측접근로,2026-08-09T09:06:09.000Z,21.37009575,-157.73561534,UAV 1,2,1:3001:2417,ENCAESAR003,1:1:71:4:0:0:0,0,false,false,false,false,0
ENMORT001,none,,2026-08-09T09:06:09.000Z,21.37443553,-157.73716992,UAV 1,2,1:3001:2424,ENMORT001,1:1:71:10:1:0:1,0,false,false,false,false,0
ENBTR60007,move to,LOC_중앙계곡,2026-08-09T09:06:09.000Z,21.37080699,-157.74058101,UAV 1,2,1:3001:2450,ENBTR60007,1:1:222:2:8:1:0,0,false,false,false,false,0
ENBTR60008,move to,LOC_중앙계곡,2026-08-09T09:06:09.000Z,21.37087474,-157.74052208,UAV 1,2,1:3001:2461,ENBTR60008,1:1:222:2:8:1:0,0,false,false,false,false,0
FRTRK2002,move to,LOC_남측제1방어선,2026-08-09T09:06:09.000Z,21.38771565,-157.74848103,UAV 1,1,1:3001:2462,FRTRK2002,1:1:225:7:12:8:0,0,false,false,false,false,0
ENBTR80007,move to,LOC_중앙계곡,2026-08-09T09:06:09.000Z,21.37098346,-157.74040291,UAV 1,2,1:3001:2463,ENBTR80007,1:1:222:2:13:0:0,0,false,false,false,false,0
ENMORT002,none,,2026-08-09T09:06:09.000Z,21.37453609,-157.73721308,UAV 1,2,1:3001:2469,ENMORT002,1:1:71:10:1:0:1,0,false,false,false,false,0
ENGAZ004,move to,LOC_적북측접근로,2026-08-09T09:06:09.000Z,21.37285578,-157.73495988,UAV 1,2,1:3001:2473,ENGAZ004,1:1:222:7:8:0:0,0,false,false,false,false,0
ENBTR80005,move to,LOC_중앙계곡,2026-08-09T09:06:09.000Z,21.37111754,-157.74039248,UAV 1,2,1:3001:2481,ENBTR80005,1:1:222:2:13:0:0,0,false,false,false,false,0
ENMIM001,move to,LOC_적북측접근로,2026-08-09T09:06:09.000Z,21.37041081,-157.73897631,UAV 1,2,1:3001:2490,ENMIM001,1:1:225:28:2:0:0,0,false,false,false,false,0
ENCAESAR001,move to,LOC_적북측접근로,2026-08-09T09:06:09.000Z,21.37041855,-157.73710386,UAV 1,2,1:3001:2495,ENCAESAR001,1:1:71:4:0:0:0,0,false,false,false,false,0
ENMORT003,none,,2026-08-09T09:06:09.000Z,21.37463664,-157.73725624,UAV 1,2,1:3001:2500,ENMORT003,1:1:71:10:1:0:1,0,false,false,false,false,0
ENBTR60004,move to,LOC_중앙계곡,2026-08-09T09:06:09.000Z,21.37089031,-157.74062989,UAV 1,2,1:3001:2507,ENBTR60004,1:1:222:2:8:1:0,0,false,false,false,false,0
ENBTR60005,move to,LOC_중앙계곡,2026-08-09T09:06:09.000Z,21.37095370,-157.74057058,UAV 1,2,1:3001:2537,ENBTR60005,1:1:222:2:8:1:0,0,false,false,false,false,0
ENT72010,move to,LOC_중앙계곡,2026-08-09T09:06:09.000Z,21.37334691,-157.74151122,UAV 1,2,1:3001:2396,ENT72010,1:1:222:1:2:1:0,0,false,false,false,false,0
ENT72007,move to,LOC_중앙계곡,2026-08-09T09:06:09.000Z,21.37343485,-157.74157335,UAV 1,2,1:3001:2222,ENT72007,1:1:222:1:2:1:0,0,false,false,false,false,0
ENT72006,move to,LOC_중앙계곡,2026-08-09T09:06:09.000Z,21.37352466,-157.74149446,UAV 1,2,1:3001:2413,ENT72006,1:1:222:1:2:1:0,0,false,false,false,false,0
ENBTR80002,move to,LOC_중앙계곡,2026-08-09T09:06:09.000Z,21.37121647,-157.74044247,UAV 1,2,1:3001:2519,ENBTR80002,1:1:222:2:13:0:0,0,false,false,false,false,0
ENT72003,move to,LOC_중앙계곡,2026-08-09T09:06:09.000Z,21.37360387,-157.74155690,UAV 1,2,1:3001:2225,ENT72003,1:1:222:1:2:1:0,0,false,false,false,false,0
ENBTR60003,move to,LOC_중앙계곡,2026-08-09T09:06:09.000Z,21.37108612,-157.74055938,UAV 1,2,1:3001:2320,ENBTR60003,1:1:222:2:8:1:0,0,false,false,false,false,0
ENT72009,move to,LOC_중앙계곡,2026-08-09T09:06:09.000Z,21.37335056,-157.74158155,UAV 1,2,1:3001:2362,ENT72009,1:1:222:1:2:1:0,0,false,false,false,false,0
ENT72004,move to,LOC_중앙계곡,2026-08-09T09:06:09.000Z,21.37360661,-157.74148670,UAV 1,2,1:3001:2373,ENT72004,1:1:222:1:2:1:0,0,false,false,false,false,0
ENBTR60002,move to,LOC_중앙계곡,2026-08-09T09:06:09.000Z,21.37102285,-157.74061840,UAV 1,2,1:3001:2423,ENBTR60002,1:1:222:2:8:1:0,0,false,false,false,false,0
ENT72008,move to,LOC_중앙계곡,2026-08-09T09:06:09.000Z,21.37343766,-157.74150267,UAV 1,2,1:3001:2250,ENT72008,1:1:222:1:2:1:0,0,false,false,false,false,0
ENT72002,move to,LOC_중앙계곡,2026-08-09T09:06:09.000Z,21.37368138,-157.74147959,UAV 1,2,1:3001:2263,ENT72002,1:1:222:1:2:1:0,0,false,false,false,false,0
ENT72005,move to,LOC_중앙계곡,2026-08-09T09:06:09.000Z,21.37353022,-157.74156402,UAV 1,2,1:3001:2283,ENT72005,1:1:222:1:2:1:0,0,false,false,false,false,0
FRTRK1001,move to,LOC_남측제1방어선,2026-08-09T09:06:09.000Z,21.38800703,-157.74840953,UAV 1,1,1:3001:2278,FRTRK1001,1:1:225:7:12:0:0,0,false,false,false,false,0
ENT72001,move to,LOC_중앙계곡,2026-08-09T09:06:09.000Z,21.37368200,-157.74154932,UAV 1,2,1:3001:2316,ENT72001,1:1:222:1:2:1:0,0,false,false,false,false,0
ENM35001,move to,LOC_적북측접근로,2026-08-09T09:06:09.000Z,21.37286830,-157.73521389,UAV 1,2,1:3001:2389,ENM35001,1:1:225:7:1:6:0,0,false,false,false,false,0
FRMORT001,none,,2026-08-09T09:06:09.000Z,21.39104607,-157.73719078,UAV 1,1,1:3001:2318,FRMORT001,1:1:71:10:1:0:1,0,false,false,false,false,0
FRTRK1002,move to,LOC_남측제1방어선,2026-08-09T09:06:09.000Z,21.38793756,-157.74845032,UAV 1,1,1:3001:2488,FRTRK1002,1:1:225:7:12:0:0,0,false,false,false,false,0
ENM35003,move to,LOC_적북측접근로,2026-08-09T09:06:09.000Z,21.37289021,-157.73511933,UAV 1,2,1:3001:2529,ENM35003,1:1:225:7:1:6:0,0,false,false,false,false,0
FRTRK2004,move to,LOC_남측제1방어선,2026-08-09T09:06:09.000Z,21.38773237,-157.74861430,UAV 1,1,1:3001:2211,FRTRK2004,1:1:225:7:12:8:0,0,false,false,false,false,0
FRMORT002,none,,2026-08-09T09:06:09.000Z,21.39112390,-157.73727132,UAV 1,1,1:3001:2277,FRMORT002,1:1:71:10:1:0:1,0,false,false,false,false,0
FRMORT004,none,,2026-08-09T09:06:09.000Z,21.39119933,-157.73718822,UAV 1,1,1:3001:2402,FRMORT004,1:1:71:10:1:0:1,0,false,false,false,false,0
FRTRK2001,move to,LOC_남측제1방어선,2026-08-09T09:06:09.000Z,21.38782181,-157.74873112,UAV 1,1,1:3001:2458,FRTRK2001,1:1:225:7:12:8:0,0,false,false,false,false,0
FRMORT003,none,,2026-08-09T09:06:09.000Z,21.39112150,-157.73710768,UAV 1,1,1:3001:2474,FRMORT003,1:1:71:10:1:0:1,0,false,false,false,false,0
ENM1A2001,move to,LOC_중앙계곡,2026-08-09T09:06:09.000Z,21.37546205,-157.74247649,UAV 1,2,1:3001:2243,ENM1A2001,1:1:225:1:1:3:0,0,false,false,false,false,0
FRTRK1005,move to,LOC_남측제1방어선,2026-08-09T09:06:09.000Z,21.38794974,-157.74854202,UAV 1,1,1:3001:2408,FRTRK1005,1:1:225:7:12:0:0,0,false,false,false,false,0
ENM1A2004,move to,LOC_중앙계곡,2026-08-09T09:06:09.000Z,21.37540727,-157.74229876,UAV 1,2,1:3001:2521,ENM1A2004,1:1:225:1:1:3:0,0,false,false,false,false,0
ENCAESAR002,move to,LOC_북측예비방어선,2026-08-09T09:06:11.000Z,21.37048515,-157.73581723,UAV 1,2,1:3001:2229,ENCAESAR002,1:1:71:4:0:0:0,0,false,false,false,false,0
ENT72012,move to,LOC_중앙계곡,2026-08-09T09:06:11.000Z,21.37344983,-157.74150236,UAV 1,2,1:3001:2230,ENT72012,1:1:222:1:2:1:0,0,false,false,false,false,0
ENBTR60001,move to,LOC_중앙계곡,2026-08-09T09:06:11.000Z,21.37116134,-157.74068534,UAV 1,2,1:3001:2237,ENBTR60001,1:1:222:2:8:1:0,0,false,false,false,false,0
ENMORT005,none,,2026-08-09T09:06:11.000Z,21.37457651,-157.73710572,UAV 1,2,1:3001:2242,ENMORT005,1:1:71:10:1:0:1,0,false,false,false,false,0
ENM1A2005,move to,LOC_중앙계곡,2026-08-09T09:06:11.000Z,21.37556554,-157.74218114,UAV 1,2,1:3001:2256,ENM1A2005,1:1:225:1:1:3:0,0,false,false,false,false,0
FRT69001,move to,LOC_중앙킬존남측,2026-08-09T09:06:11.000Z,21.38575582,-157.73745959,UAV 1,1,1:3001:2260,FRT69001,1:1:45:1:2:1:0,0,false,false,false,false,0
ENMORT004,none,,2026-08-09T09:06:11.000Z,21.37447596,-157.73706256,UAV 1,2,1:3001:2265,ENMORT004,1:1:71:10:1:0:1,0,false,false,false,false,0
ENGAZ001,move to,LOC_적북측접근로,2026-08-09T09:06:11.000Z,21.37274148,-157.73515367,UAV 1,2,1:3001:2289,ENGAZ001,1:1:222:7:8:0:0,0,false,false,false,false,0
ENBTR60006,move to,LOC_중앙계곡,2026-08-09T09:06:11.000Z,21.37119285,-157.74052184,UAV 1,2,1:3001:2298,ENBTR60006,1:1:222:2:8:1:0,0,false,false,false,false,0
ENBTR80004,move to,LOC_중앙계곡,2026-08-09T09:06:11.000Z,21.37127753,-157.74046588,UAV 1,2,1:3001:2314,ENBTR80004,1:1:222:2:13:0:0,0,false,false,false,false,0
ENBTR80001,move to,LOC_중앙계곡,2026-08-09T09:06:11.000Z,21.37134272,-157.74051239,UAV 1,2,1:3001:2332,ENBTR80001,1:1:222:2:13:0:0,0,false,false,false,false,0
ENCAESAR004,move to,LOC_북측예비방어선,2026-08-09T09:06:11.000Z,21.37093360,-157.73696115,UAV 1,2,1:3001:2333,ENCAESAR004,1:1:71:4:0:0:0,0,false,false,false,false,0
ENGAZ002,move to,LOC_적북측접근로,2026-08-09T09:06:11.000Z,21.37278510,-157.73527238,UAV 1,2,1:3001:2356,ENGAZ002,1:1:222:7:8:0:0,0,false,false,false,false,0
ENBTR80006,move to,LOC_중앙계곡,2026-08-09T09:06:11.000Z,21.37137308,-157.74034988,UAV 1,2,1:3001:2363,ENBTR80006,1:1:222:2:13:0:0,0,false,false,false,false,0
ENT72011,move to,LOC_중앙계곡,2026-08-09T09:06:11.000Z,21.37345369,-157.74157064,UAV 1,2,1:3001:2367,ENT72011,1:1:222:1:2:1:0,0,false,false,false,false,0
ENGAZ003,move to,LOC_적북측접근로,2026-08-09T09:06:11.000Z,21.37276409,-157.73505348,UAV 1,2,1:3001:2384,ENGAZ003,1:1:222:7:8:0:0,0,false,false,false,false,0
ENBTR80003,move to,LOC_중앙계곡,2026-08-09T09:06:11.000Z,21.37146197,-157.74039831,UAV 1,2,1:3001:2388,ENBTR80003,1:1:222:2:13:0:0,0,false,false,false,false,0
FRT80008,move to,LOC_중앙킬존남측,2026-08-09T09:06:11.000Z,21.38179545,-157.74859220,UAV 1,1,1:3001:2391,FRT80008,1:1:222:1:1:1:0,0,false,false,false,false,0
ENCAESAR003,move to,LOC_적북측접근로,2026-08-09T09:06:11.000Z,21.37013755,-157.73582266,UAV 1,2,1:3001:2417,ENCAESAR003,1:1:71:4:0:0:0,0,false,false,false,false,0
ENMORT001,none,,2026-08-09T09:06:11.000Z,21.37443553,-157.73716992,UAV 1,2,1:3001:2424,ENMORT001,1:1:71:10:1:0:1,0,false,false,false,false,0
ENBTR60007,move to,LOC_중앙계곡,2026-08-09T09:06:11.000Z,21.37099875,-157.74059031,UAV 1,2,1:3001:2450,ENBTR60007,1:1:222:2:8:1:0,0,false,false,false,false,0
ENBTR60008,move to,LOC_중앙계곡,2026-08-09T09:06:11.000Z,21.37106290,-157.74053264,UAV 1,2,1:3001:2461,ENBTR60008,1:1:222:2:8:1:0,0,false,false,false,false,0
FRTRK2002,move to,LOC_남측제1방어선,2026-08-09T09:06:11.000Z,21.38769551,-157.74830697,UAV 1,1,1:3001:2462,FRTRK2002,1:1:225:7:12:8:0,0,false,false,false,false,0
ENBTR80007,move to,LOC_중앙계곡,2026-08-09T09:06:11.000Z,21.37119062,-157.74041771,UAV 1,2,1:3001:2463,ENBTR80007,1:1:222:2:13:0:0,0,false,false,false,false,0
ENMORT002,none,,2026-08-09T09:06:11.000Z,21.37453609,-157.73721308,UAV 1,2,1:3001:2469,ENMORT002,1:1:71:10:1:0:1,0,false,false,false,false,0
ENGAZ004,move to,LOC_적북측접근로,2026-08-09T09:06:11.000Z,21.37281571,-157.73513798,UAV 1,2,1:3001:2473,ENGAZ004,1:1:222:7:8:0:0,0,false,false,false,false,0
ENBTR80005,move to,LOC_중앙계곡,2026-08-09T09:06:11.000Z,21.37131521,-157.74040710,UAV 1,2,1:3001:2481,ENBTR80005,1:1:222:2:13:0:0,0,false,false,false,false,0
ENMIM001,move to,LOC_적북측접근로,2026-08-09T09:06:11.000Z,21.37047637,-157.73917337,UAV 1,2,1:3001:2490,ENMIM001,1:1:225:28:2:0:0,0,false,false,false,false,0
ENCAESAR001,move to,LOC_적북측접근로,2026-08-09T09:06:11.000Z,21.37045536,-157.73729104,UAV 1,2,1:3001:2495,ENCAESAR001,1:1:71:4:0:0:0,0,false,false,false,false,0
ENMORT003,none,,2026-08-09T09:06:11.000Z,21.37463664,-157.73725624,UAV 1,2,1:3001:2500,ENMORT003,1:1:71:10:1:0:1,0,false,false,false,false,0
ENBTR60004,move to,LOC_중앙계곡,2026-08-09T09:06:11.000Z,21.37108459,-157.74063829,UAV 1,2,1:3001:2507,ENBTR60004,1:1:222:2:8:1:0,0,false,false,false,false,0
ENBTR60005,move to,LOC_중앙계곡,2026-08-09T09:06:11.000Z,21.37114382,-157.74058024,UAV 1,2,1:3001:2537,ENBTR60005,1:1:222:2:8:1:0,0,false,false,false,false,0
ENT72010,move to,LOC_중앙계곡,2026-08-09T09:06:11.000Z,21.37354359,-157.74149355,UAV 1,2,1:3001:2396,ENT72010,1:1:222:1:2:1:0,0,false,false,false,false,0
ENT72007,move to,LOC_중앙계곡,2026-08-09T09:06:11.000Z,21.37362290,-157.74155416,UAV 1,2,1:3001:2222,ENT72007,1:1:222:1:2:1:0,0,false,false,false,false,0
ENT72006,move to,LOC_중앙계곡,2026-08-09T09:06:11.000Z,21.37370146,-157.74147860,UAV 1,2,1:3001:2413,ENT72006,1:1:222:1:2:1:0,0,false,false,false,false,0
ENBTR80002,move to,LOC_중앙계곡,2026-08-09T09:06:11.000Z,21.37140565,-157.74045544,UAV 1,2,1:3001:2519,ENBTR80002,1:1:222:2:13:0:0,0,false,false,false,false,0
ENT72003,move to,LOC_중앙계곡,2026-08-09T09:06:11.000Z,21.37379276,-157.74153759,UAV 1,2,1:3001:2225,ENT72003,1:1:222:1:2:1:0,0,false,false,false,false,0
ENBTR60003,move to,LOC_중앙계곡,2026-08-09T09:06:11.000Z,21.37128483,-157.74056991,UAV 1,2,1:3001:2320,ENBTR60003,1:1:222:2:8:1:0,0,false,false,false,false,0
ENT72009,move to,LOC_중앙계곡,2026-08-09T09:06:11.000Z,21.37353423,-157.74156282,UAV 1,2,1:3001:2362,ENT72009,1:1:222:1:2:1:0,0,false,false,false,false,0
ENT72004,move to,LOC_중앙계곡,2026-08-09T09:06:11.000Z,21.37378369,-157.74147083,UAV 1,2,1:3001:2373,ENT72004,1:1:222:1:2:1:0,0,false,false,false,false,0
ENBTR60002,move to,LOC_중앙계곡,2026-08-09T09:06:11.000Z,21.37121853,-157.74062728,UAV 1,2,1:3001:2423,ENBTR60002,1:1:222:2:8:1:0,0,false,false,false,false,0
ENT72008,move to,LOC_중앙계곡,2026-08-09T09:06:11.000Z,21.37362218,-157.74148610,UAV 1,2,1:3001:2250,ENT72008,1:1:222:1:2:1:0,0,false,false,false,false,0
ENT72002,move to,LOC_중앙계곡,2026-08-09T09:06:11.000Z,21.37387608,-157.74146215,UAV 1,2,1:3001:2263,ENT72002,1:1:222:1:2:1:0,0,false,false,false,false,0
ENT72005,move to,LOC_중앙계곡,2026-08-09T09:06:11.000Z,21.37370385,-157.74154628,UAV 1,2,1:3001:2283,ENT72005,1:1:222:1:2:1:0,0,false,false,false,false,0
FRTRK1001,move to,LOC_남측제1방어선,2026-08-09T09:06:11.000Z,21.38797771,-157.74821115,UAV 1,1,1:3001:2278,FRTRK1001,1:1:225:7:12:0:0,0,false,false,false,false,0
ENT72001,move to,LOC_중앙계곡,2026-08-09T09:06:11.000Z,21.37388086,-157.74152898,UAV 1,2,1:3001:2316,ENT72001,1:1:222:1:2:1:0,0,false,false,false,false,0
ENM35001,move to,LOC_적북측접근로,2026-08-09T09:06:11.000Z,21.37282087,-157.73541517,UAV 1,2,1:3001:2389,ENM35001,1:1:225:7:1:6:0,0,false,false,false,false,0
FRMORT001,none,,2026-08-09T09:06:11.000Z,21.39104607,-157.73719078,UAV 1,1,1:3001:2318,FRMORT001,1:1:71:10:1:0:1,0,false,false,false,false,0
FRTRK1002,move to,LOC_남측제1방어선,2026-08-09T09:06:11.000Z,21.38790813,-157.74823978,UAV 1,1,1:3001:2488,FRTRK1002,1:1:225:7:12:0:0,0,false,false,false,false,0
ENM35003,move to,LOC_적북측접근로,2026-08-09T09:06:11.000Z,21.37284295,-157.73531993,UAV 1,2,1:3001:2529,ENM35003,1:1:225:7:1:6:0,0,false,false,false,false,0
FRTRK2004,move to,LOC_남측제1방어선,2026-08-09T09:06:11.000Z,21.38772322,-157.74853529,UAV 1,1,1:3001:2211,FRTRK2004,1:1:225:7:12:8:0,0,false,false,false,false,0
FRMORT002,none,,2026-08-09T09:06:11.000Z,21.39112390,-157.73727132,UAV 1,1,1:3001:2277,FRMORT002,1:1:71:10:1:0:1,0,false,false,false,false,0
FRMORT004,none,,2026-08-09T09:06:11.000Z,21.39119933,-157.73718822,UAV 1,1,1:3001:2402,FRMORT004,1:1:71:10:1:0:1,0,false,false,false,false,0
FRMORT003,none,,2026-08-09T09:06:11.000Z,21.39112150,-157.73710768,UAV 1,1,1:3001:2474,FRMORT003,1:1:71:10:1:0:1,0,false,false,false,false,0
ENM1A2001,move to,LOC_중앙계곡,2026-08-09T09:06:11.000Z,21.37562315,-157.74241183,UAV 1,2,1:3001:2243,ENM1A2001,1:1:225:1:1:3:0,0,false,false,false,false,0
FRTRK1005,move to,LOC_남측제1방어선,2026-08-09T09:06:11.000Z,21.38791980,-157.74832768,UAV 1,1,1:3001:2408,FRTRK1005,1:1:225:7:12:0:0,0,false,false,false,false,0
ENM1A2004,move to,LOC_중앙계곡,2026-08-09T09:06:11.000Z,21.37558091,-157.74223828,UAV 1,2,1:3001:2521,ENM1A2004,1:1:225:1:1:3:0,0,false,false,false,false,0
ENM1A2003,move to,LOC_중앙계곡,2026-08-09T09:06:11.000Z,21.37559378,-157.74229641,UAV 1,2,1:3001:2199,ENM1A2003,1:1:225:1:1:3:0,0,false,false,false,false,0
FRLAV002,move to,LOC_중앙킬존남측,2026-08-09T09:06:11.000Z,21.38935764,-157.74554213,UAV 1,1,1:3001:2326,FRLAV002,1:1:39:2:6:1:0,0,false,false,false,false,0
ENM1A2002,move to,LOC_중앙계곡,2026-08-09T09:06:11.000Z,21.37560682,-157.74235470,UAV 1,2,1:3001:2328,ENM1A2002,1:1:225:1:1:3:0,0,false,false,false,false,0
FRLAV001,move to,LOC_중앙킬존남측,2026-08-09T09:06:11.000Z,21.38932682,-157.74547348,UAV 1,1,1:3001:2453,FRLAV001,1:1:39:2:6:1:0,0,false,false,false,false,0
FRLAV003,move to,LOC_중앙킬존남측,2026-08-09T09:06:11.000Z,21.38939730,-157.74561013,UAV 1,1,1:3001:2459,FRLAV003,1:1:39:2:6:1:0,0,false,false,false,false,0
FRLAV005,move to,LOC_중앙킬존남측,2026-08-09T09:06:11.000Z,21.38948346,-157.74574605,UAV 1,1,1:3001:2482,FRLAV005,1:1:39:2:6:1:0,0,false,false,false,false,0
FRTRK2003,move to,LOC_남측제1방어선,2026-08-09T09:06:11.000Z,21.38779110,-157.74847776,UAV 1,1,1:3001:2498,FRTRK2003,1:1:225:7:12:8:0,0,false,false,false,false,0
FRLAV004,move to,LOC_중앙킬존남측,2026-08-09T09:06:11.000Z,21.38943954,-157.74567807,UAV 1,1,1:3001:2520,FRLAV004,1:1:39:2:6:1:0,0,false,false,false,false,0
ENCAESAR002,move to,LOC_북측예비방어선,2026-08-09T09:06:14.000Z,21.37055453,-157.73599206,UAV 1,2,1:3001:2229,ENCAESAR002,1:1:71:4:0:0:0,0,false,false,false,false,0
ENT72012,move to,LOC_중앙계곡,2026-08-09T09:06:14.000Z,21.37363408,-157.74148579,UAV 1,2,1:3001:2230,ENT72012,1:1:222:1:2:1:0,0,false,false,false,false,0
ENBTR60001,move to,LOC_중앙계곡,2026-08-09T09:06:14.000Z,21.37135859,-157.74069279,UAV 1,2,1:3001:2237,ENBTR60001,1:1:222:2:8:1:0,0,false,false,false,false,0
ENMORT005,none,,2026-08-09T09:06:14.000Z,21.37457651,-157.73710572,UAV 1,2,1:3001:2242,ENMORT005,1:1:71:10:1:0:1,0,false,false,false,false,0
ENM1A2005,move to,LOC_중앙계곡,2026-08-09T09:06:14.000Z,21.37572816,-157.74212732,UAV 1,2,1:3001:2256,ENM1A2005,1:1:225:1:1:3:0,0,false,false,false,false,0
FRT69001,move to,LOC_중앙킬존남측,2026-08-09T09:06:14.000Z,21.38565738,-157.73763898,UAV 1,1,1:3001:2260,FRT69001,1:1:45:1:2:1:0,0,false,false,false,false,0
ENMORT004,none,,2026-08-09T09:06:14.000Z,21.37447596,-157.73706256,UAV 1,2,1:3001:2265,ENMORT004,1:1:71:10:1:0:1,0,false,false,false,false,0
ENGAZ001,move to,LOC_적북측접근로,2026-08-09T09:06:14.000Z,21.37269655,-157.73536340,UAV 1,2,1:3001:2289,ENGAZ001,1:1:222:7:8:0:0,0,false,false,false,false,0
ENBTR60006,move to,LOC_중앙계곡,2026-08-09T09:06:14.000Z,21.37139065,-157.74053339,UAV 1,2,1:3001:2298,ENBTR60006,1:1:222:2:8:1:0,0,false,false,false,false,0
ENBTR80004,move to,LOC_중앙계곡,2026-08-09T09:06:14.000Z,21.37146599,-157.74047834,UAV 1,2,1:3001:2314,ENBTR80004,1:1:222:2:13:0:0,0,false,false,false,false,0
ENBTR80001,move to,LOC_중앙계곡,2026-08-09T09:06:14.000Z,21.37153735,-157.74052421,UAV 1,2,1:3001:2332,ENBTR80001,1:1:222:2:13:0:0,0,false,false,false,false,0
ENCAESAR004,move to,LOC_북측예비방어선,2026-08-09T09:06:14.000Z,21.37100669,-157.73714491,UAV 1,2,1:3001:2333,ENCAESAR004,1:1:71:4:0:0:0,0,false,false,false,false,0
ENGAZ002,move to,LOC_적북측접근로,2026-08-09T09:06:14.000Z,21.37273839,-157.73548004,UAV 1,2,1:3001:2356,ENGAZ002,1:1:222:7:8:0:0,0,false,false,false,false,0
ENBTR80006,move to,LOC_중앙계곡,2026-08-09T09:06:14.000Z,21.37157194,-157.74036615,UAV 1,2,1:3001:2363,ENBTR80006,1:1:222:2:13:0:0,0,false,false,false,false,0
ENT72011,move to,LOC_중앙계곡,2026-08-09T09:06:14.000Z,21.37363243,-157.74155243,UAV 1,2,1:3001:2367,ENT72011,1:1:222:1:2:1:0,0,false,false,false,false,0
ENGAZ003,move to,LOC_적북측접근로,2026-08-09T09:06:14.000Z,21.37272209,-157.73524934,UAV 1,2,1:3001:2384,ENGAZ003,1:1:222:7:8:0:0,0,false,false,false,false,0
ENBTR80003,move to,LOC_중앙계곡,2026-08-09T09:06:14.000Z,21.37165829,-157.74041333,UAV 1,2,1:3001:2388,ENBTR80003,1:1:222:2:13:0:0,0,false,false,false,false,0
FRT80008,move to,LOC_중앙킬존남측,2026-08-09T09:06:14.000Z,21.38171108,-157.74839949,UAV 1,1,1:3001:2391,FRT80008,1:1:222:1:1:1:0,0,false,false,false,false,0
ENCAESAR003,move to,LOC_적북측접근로,2026-08-09T09:06:14.000Z,21.37017417,-157.73600436,UAV 1,2,1:3001:2417,ENCAESAR003,1:1:71:4:0:0:0,0,false,false,false,false,0
ENMORT001,none,,2026-08-09T09:06:14.000Z,21.37443553,-157.73716992,UAV 1,2,1:3001:2424,ENMORT001,1:1:71:10:1:0:1,0,false,false,false,false,0
ENBTR60007,move to,LOC_중앙계곡,2026-08-09T09:06:14.000Z,21.37119307,-157.74059974,UAV 1,2,1:3001:2450,ENBTR60007,1:1:222:2:8:1:0,0,false,false,false,false,0
ENBTR60008,move to,LOC_중앙계곡,2026-08-09T09:06:14.000Z,21.37125818,-157.74054360,UAV 1,2,1:3001:2461,ENBTR60008,1:1:222:2:8:1:0,0,false,false,false,false,0
FRTRK2002,move to,LOC_남측제1방어선,2026-08-09T09:06:14.000Z,21.38768197,-157.74818993,UAV 1,1,1:3001:2462,FRTRK2002,1:1:225:7:12:8:0,0,false,false,false,false,0
ENBTR80007,move to,LOC_중앙계곡,2026-08-09T09:06:14.000Z,21.37138835,-157.74043183,UAV 1,2,1:3001:2463,ENBTR80007,1:1:222:2:13:0:0,0,false,false,false,false,0
ENMORT002,none,,2026-08-09T09:06:14.000Z,21.37453609,-157.73721308,UAV 1,2,1:3001:2469,ENMORT002,1:1:71:10:1:0:1,0,false,false,false,false,0
ENGAZ004,move to,LOC_적북측접근로,2026-08-09T09:06:14.000Z,21.37277036,-157.73533957,UAV 1,2,1:3001:2473,ENGAZ004,1:1:222:7:8:0:0,0,false,false,false,false,0
ENBTR80005,move to,LOC_중앙계곡,2026-08-09T09:06:14.000Z,21.37151414,-157.74042180,UAV 1,2,1:3001:2481,ENBTR80005,1:1:222:2:13:0:0,0,false,false,false,false,0
ENMIM001,move to,LOC_적북측접근로,2026-08-09T09:06:14.000Z,21.37053459,-157.73934836,UAV 1,2,1:3001:2490,ENMIM001,1:1:225:28:2:0:0,0,false,false,false,false,0
ENCAESAR001,move to,LOC_적북측접근로,2026-08-09T09:06:14.000Z,21.37049667,-157.73750111,UAV 1,2,1:3001:2495,ENCAESAR001,1:1:71:4:0:0:0,0,false,false,false,false,0
ENMORT003,none,,2026-08-09T09:06:14.000Z,21.37463664,-157.73725624,UAV 1,2,1:3001:2500,ENMORT003,1:1:71:10:1:0:1,0,false,false,false,false,0
ENBTR60004,move to,LOC_중앙계곡,2026-08-09T09:06:14.000Z,21.37128049,-157.74064676,UAV 1,2,1:3001:2507,ENBTR60004,1:1:222:2:8:1:0,0,false,false,false,false,0
ENBTR60005,move to,LOC_중앙계곡,2026-08-09T09:06:14.000Z,21.37133994,-157.74059020,UAV 1,2,1:3001:2537,ENBTR60005,1:1:222:2:8:1:0,0,false,false,false,false,0
ENT72010,move to,LOC_중앙계곡,2026-08-09T09:06:14.000Z,21.37373035,-157.74147677,UAV 1,2,1:3001:2396,ENT72010,1:1:222:1:2:1:0,0,false,false,false,false,0
ENT72007,move to,LOC_중앙계곡,2026-08-09T09:06:14.000Z,21.37381565,-157.74153448,UAV 1,2,1:3001:2222,ENT72007,1:1:222:1:2:1:0,0,false,false,false,false,0
ENT72006,move to,LOC_중앙계곡,2026-08-09T09:06:14.000Z,21.37388796,-157.74146187,UAV 1,2,1:3001:2413,ENT72006,1:1:222:1:2:1:0,0,false,false,false,false,0
ENBTR80002,move to,LOC_중앙계곡,2026-08-09T09:06:14.000Z,21.37159820,-157.74046865,UAV 1,2,1:3001:2519,ENBTR80002,1:1:222:2:13:0:0,0,false,false,false,false,0
ENT72003,move to,LOC_중앙계곡,2026-08-09T09:06:14.000Z,21.37399159,-157.74151727,UAV 1,2,1:3001:2225,ENT72003,1:1:222:1:2:1:0,0,false,false,false,false,0
ENBTR60003,move to,LOC_중앙계곡,2026-08-09T09:06:14.000Z,21.37148125,-157.74058032,UAV 1,2,1:3001:2320,ENBTR60003,1:1:222:2:8:1:0,0,false,false,false,false,0
ENT72009,move to,LOC_중앙계곡,2026-08-09T09:06:14.000Z,21.37371881,-157.74154399,UAV 1,2,1:3001:2362,ENT72009,1:1:222:1:2:1:0,0,false,false,false,false,0
ENT72004,move to,LOC_중앙계곡,2026-08-09T09:06:14.000Z,21.37398133,-157.74145311,UAV 1,2,1:3001:2373,ENT72004,1:1:222:1:2:1:0,0,false,false,false,false,0
ENBTR60002,move to,LOC_중앙계곡,2026-08-09T09:06:14.000Z,21.37141547,-157.74063621,UAV 1,2,1:3001:2423,ENBTR60002,1:1:222:2:8:1:0,0,false,false,false,false,0
ENT72008,move to,LOC_중앙계곡,2026-08-09T09:06:14.000Z,21.37380171,-157.74146998,UAV 1,2,1:3001:2250,ENT72008,1:1:222:1:2:1:0,0,false,false,false,false,0
ENT72002,move to,LOC_중앙계곡,2026-08-09T09:06:14.000Z,21.37407329,-157.74144449,UAV 1,2,1:3001:2263,ENT72002,1:1:222:1:2:1:0,0,false,false,false,false,0
ENT72005,move to,LOC_중앙계곡,2026-08-09T09:06:14.000Z,21.37389806,-157.74152645,UAV 1,2,1:3001:2283,ENT72005,1:1:222:1:2:1:0,0,false,false,false,false,0
ENT72001,move to,LOC_중앙계곡,2026-08-09T09:06:14.000Z,21.37407903,-157.74150871,UAV 1,2,1:3001:2316,ENT72001,1:1:222:1:2:1:0,0,false,false,false,false,0
ENM35001,move to,LOC_적북측접근로,2026-08-09T09:06:14.000Z,21.37277362,-157.73561570,UAV 1,2,1:3001:2389,ENM35001,1:1:225:7:1:6:0,0,false,false,false,false,0
FRMORT001,none,,2026-08-09T09:06:14.000Z,21.39104607,-157.73719078,UAV 1,1,1:3001:2318,FRMORT001,1:1:71:10:1:0:1,0,false,false,false,false,0
FRTRK2004,move to,LOC_남측제1방어선,2026-08-09T09:06:14.000Z,21.38770851,-157.74840830,UAV 1,1,1:3001:2211,FRTRK2004,1:1:225:7:12:8:0,0,false,false,false,false,0
FRMORT002,none,,2026-08-09T09:06:14.000Z,21.39112390,-157.73727132,UAV 1,1,1:3001:2277,FRMORT002,1:1:71:10:1:0:1,0,false,false,false,false,0
FRMORT004,none,,2026-08-09T09:06:14.000Z,21.39119933,-157.73718822,UAV 1,1,1:3001:2402,FRMORT004,1:1:71:10:1:0:1,0,false,false,false,false,0
FRMORT003,none,,2026-08-09T09:06:14.000Z,21.39112150,-157.73710768,UAV 1,1,1:3001:2474,FRMORT003,1:1:71:10:1:0:1,0,false,false,false,false,0
ENM1A2001,move to,LOC_중앙계곡,2026-08-09T09:06:14.000Z,21.37579761,-157.74234180,UAV 1,2,1:3001:2243,ENM1A2001,1:1:225:1:1:3:0,0,false,false,false,false,0
ENM1A2004,move to,LOC_중앙계곡,2026-08-09T09:06:14.000Z,21.37574494,-157.74218115,UAV 1,2,1:3001:2521,ENM1A2004,1:1:225:1:1:3:0,0,false,false,false,false,0
ENM1A2003,move to,LOC_중앙계곡,2026-08-09T09:06:14.000Z,21.37576090,-157.74223528,UAV 1,2,1:3001:2199,ENM1A2003,1:1:225:1:1:3:0,0,false,false,false,false,0
FRLAV002,move to,LOC_중앙킬존남측,2026-08-09T09:06:14.000Z,21.38917692,-157.74556063,UAV 1,1,1:3001:2326,FRLAV002,1:1:39:2:6:1:0,0,false,false,false,false,0
ENM1A2002,move to,LOC_중앙계곡,2026-08-09T09:06:14.000Z,21.37577915,-157.74228861,UAV 1,2,1:3001:2328,ENM1A2002,1:1:225:1:1:3:0,0,false,false,false,false,0
FRLAV001,move to,LOC_중앙킬존남측,2026-08-09T09:06:14.000Z,21.38914232,-157.74549393,UAV 1,1,1:3001:2453,FRLAV001,1:1:39:2:6:1:0,0,false,false,false,false,0
FRLAV003,move to,LOC_중앙킬존남측,2026-08-09T09:06:14.000Z,21.38921335,-157.74562741,UAV 1,1,1:3001:2459,FRLAV003,1:1:39:2:6:1:0,0,false,false,false,false,0
FRLAV005,move to,LOC_중앙킬존남측,2026-08-09T09:06:14.000Z,21.38929175,-157.74576087,UAV 1,1,1:3001:2482,FRLAV005,1:1:39:2:6:1:0,0,false,false,false,false,0
FRTRK2003,move to,LOC_남측제1방어선,2026-08-09T09:06:14.000Z,21.38777575,-157.74835376,UAV 1,1,1:3001:2498,FRTRK2003,1:1:225:7:12:8:0,0,false,false,false,false,0
FRLAV004,move to,LOC_중앙킬존남측,2026-08-09T09:06:14.000Z,21.38924931,-157.74569435,UAV 1,1,1:3001:2520,FRLAV004,1:1:39:2:6:1:0,0,false,false,false,false,0
FRTRK1003,move to,LOC_남측제1방어선,2026-08-09T09:06:14.000Z,21.38783488,-157.74824331,UAV 1,1,1:3001:2249,FRTRK1003,1:1:225:7:12:0:0,0,false,false,false,false,0
FRLAV006,move to,LOC_중앙킬존남측,2026-08-09T09:06:14.000Z,21.38933221,-157.74582777,UAV 1,1,1:3001:2331,FRLAV006,1:1:39:2:6:1:0,0,false,false,false,false,0
FRLAV008,move to,LOC_중앙킬존남측,2026-08-09T09:06:14.000Z,21.38941439,-157.74596209,UAV 1,1,1:3001:2381,FRLAV008,1:1:39:2:6:1:0,0,false,false,false,false,0
FRLAV007,move to,LOC_중앙킬존남측,2026-08-09T09:06:14.000Z,21.38937519,-157.74589470,UAV 1,1,1:3001:2492,FRLAV007,1:1:39:2:6:1:0,0,false,false,false,false,0
ENCAESAR002,move to,LOC_북측예비방어선,2026-08-09T09:06:16.000Z,21.37063647,-157.73619852,UAV 1,2,1:3001:2229,ENCAESAR002,1:1:71:4:0:0:0,0,false,false,false,false,0
ENT72012,move to,LOC_중앙계곡,2026-08-09T09:06:16.000Z,21.37381029,-157.74146995,UAV 1,2,1:3001:2230,ENT72012,1:1:222:1:2:1:0,0,false,false,false,false,0
ENBTR60001,move to,LOC_중앙계곡,2026-08-09T09:06:16.000Z,21.37155253,-157.74070012,UAV 1,2,1:3001:2237,ENBTR60001,1:1:222:2:8:1:0,0,false,false,false,false,0
ENMORT005,none,,2026-08-09T09:06:16.000Z,21.37457651,-157.73710572,UAV 1,2,1:3001:2242,ENMORT005,1:1:71:10:1:0:1,0,false,false,false,false,0
ENM1A2005,move to,LOC_중앙계곡,2026-08-09T09:06:16.000Z,21.37592817,-157.74206112,UAV 1,2,1:3001:2256,ENM1A2005,1:1:225:1:1:3:0,0,false,false,false,false,0
FRT69001,move to,LOC_중앙킬존남측,2026-08-09T09:06:16.000Z,21.38555992,-157.73781659,UAV 1,1,1:3001:2260,FRT69001,1:1:45:1:2:1:0,0,false,false,false,false,0
ENMORT004,none,,2026-08-09T09:06:16.000Z,21.37447596,-157.73706256,UAV 1,2,1:3001:2265,ENMORT004,1:1:71:10:1:0:1,0,false,false,false,false,0
ENGAZ001,move to,LOC_적북측접근로,2026-08-09T09:06:16.000Z,21.37265380,-157.73556293,UAV 1,2,1:3001:2289,ENGAZ001,1:1:222:7:8:0:0,0,false,false,false,false,0
ENBTR60006,move to,LOC_중앙계곡,2026-08-09T09:06:16.000Z,21.37158490,-157.74054474,UAV 1,2,1:3001:2298,ENBTR60006,1:1:222:2:8:1:0,0,false,false,false,false,0
ENBTR80004,move to,LOC_중앙계곡,2026-08-09T09:06:16.000Z,21.37165637,-157.74049093,UAV 1,2,1:3001:2314,ENBTR80004,1:1:222:2:13:0:0,0,false,false,false,false,0
ENBTR80001,move to,LOC_중앙계곡,2026-08-09T09:06:16.000Z,21.37173525,-157.74053623,UAV 1,2,1:3001:2332,ENBTR80001,1:1:222:2:13:0:0,0,false,false,false,false,0
ENCAESAR004,move to,LOC_북측예비방어선,2026-08-09T09:06:16.000Z,21.37108437,-157.73734018,UAV 1,2,1:3001:2333,ENCAESAR004,1:1:71:4:0:0:0,0,false,false,false,false,0
ENGAZ002,move to,LOC_적북측접근로,2026-08-09T09:06:16.000Z,21.37269644,-157.73566656,UAV 1,2,1:3001:2356,ENGAZ002,1:1:222:7:8:0:0,0,false,false,false,false,0
ENBTR80006,move to,LOC_중앙계곡,2026-08-09T09:06:16.000Z,21.37176041,-157.74038157,UAV 1,2,1:3001:2363,ENBTR80006,1:1:222:2:13:0:0,0,false,false,false,false,0
ENT72011,move to,LOC_중앙계곡,2026-08-09T09:06:16.000Z,21.37381745,-157.74153357,UAV 1,2,1:3001:2367,ENT72011,1:1:222:1:2:1:0,0,false,false,false,false,0
ENGAZ003,move to,LOC_적북측접근로,2026-08-09T09:06:16.000Z,21.37267623,-157.73546326,UAV 1,2,1:3001:2384,ENGAZ003,1:1:222:7:8:0:0,0,false,false,false,false,0
ENBTR80003,move to,LOC_중앙계곡,2026-08-09T09:06:16.000Z,21.37185026,-157.74042801,UAV 1,2,1:3001:2388,ENBTR80003,1:1:222:2:13:0:0,0,false,false,false,false,0
FRT80008,move to,LOC_중앙킬존남측,2026-08-09T09:06:16.000Z,21.38162862,-157.74821114,UAV 1,1,1:3001:2391,FRT80008,1:1:222:1:1:1:0,0,false,false,false,false,0
ENCAESAR003,move to,LOC_적북측접근로,2026-08-09T09:06:16.000Z,21.37021749,-157.73621926,UAV 1,2,1:3001:2417,ENCAESAR003,1:1:71:4:0:0:0,0,false,false,false,false,0
ENMORT001,none,,2026-08-09T09:06:16.000Z,21.37443553,-157.73716992,UAV 1,2,1:3001:2424,ENMORT001,1:1:71:10:1:0:1,0,false,false,false,false,0
ENBTR60007,move to,LOC_중앙계곡,2026-08-09T09:06:16.000Z,21.37138540,-157.74060907,UAV 1,2,1:3001:2450,ENBTR60007,1:1:222:2:8:1:0,0,false,false,false,false,0
ENBTR60008,move to,LOC_중앙계곡,2026-08-09T09:06:16.000Z,21.37145152,-157.74055446,UAV 1,2,1:3001:2461,ENBTR60008,1:1:222:2:8:1:0,0,false,false,false,false,0
FRTRK2002,move to,LOC_남측제1방어선,2026-08-09T09:06:16.000Z,21.38767744,-157.74815085,UAV 1,1,1:3001:2462,FRTRK2002,1:1:225:7:12:8:0,0,false,false,false,false,0
ENBTR80007,move to,LOC_중앙계곡,2026-08-09T09:06:16.000Z,21.37157943,-157.74044549,UAV 1,2,1:3001:2463,ENBTR80007,1:1:222:2:13:0:0,0,false,false,false,false,0
ENMORT002,none,,2026-08-09T09:06:16.000Z,21.37453609,-157.73721308,UAV 1,2,1:3001:2469,ENMORT002,1:1:71:10:1:0:1,0,false,false,false,false,0
ENGAZ004,move to,LOC_적북측접근로,2026-08-09T09:06:16.000Z,21.37272289,-157.73555058,UAV 1,2,1:3001:2473,ENGAZ004,1:1:222:7:8:0:0,0,false,false,false,false,0
ENBTR80005,move to,LOC_중앙계곡,2026-08-09T09:06:16.000Z,21.37170428,-157.74043586,UAV 1,2,1:3001:2481,ENBTR80005,1:1:222:2:13:0:0,0,false,false,false,false,0
ENMIM001,move to,LOC_적북측접근로,2026-08-09T09:06:16.000Z,21.37060670,-157.73956511,UAV 1,2,1:3001:2490,ENMIM001,1:1:225:28:2:0:0,0,false,false,false,false,0
ENCAESAR001,move to,LOC_적북측접근로,2026-08-09T09:06:16.000Z,21.37053947,-157.73771870,UAV 1,2,1:3001:2495,ENCAESAR001,1:1:71:4:0:0:0,0,false,false,false,false,0
ENMORT003,none,,2026-08-09T09:06:16.000Z,21.37463664,-157.73725624,UAV 1,2,1:3001:2500,ENMORT003,1:1:71:10:1:0:1,0,false,false,false,false,0
ENBTR60004,move to,LOC_중앙계곡,2026-08-09T09:06:16.000Z,21.37147415,-157.74065513,UAV 1,2,1:3001:2507,ENBTR60004,1:1:222:2:8:1:0,0,false,false,false,false,0
ENBTR60005,move to,LOC_중앙계곡,2026-08-09T09:06:16.000Z,21.37153221,-157.74059996,UAV 1,2,1:3001:2537,ENBTR60005,1:1:222:2:8:1:0,0,false,false,false,false,0
ENT72010,move to,LOC_중앙계곡,2026-08-09T09:06:16.000Z,21.37392198,-157.74145955,UAV 1,2,1:3001:2396,ENT72010,1:1:222:1:2:1:0,0,false,false,false,false,0
ENT72007,move to,LOC_중앙계곡,2026-08-09T09:06:16.000Z,21.37400909,-157.74151474,UAV 1,2,1:3001:2222,ENT72007,1:1:222:1:2:1:0,0,false,false,false,false,0
ENT72006,move to,LOC_중앙계곡,2026-08-09T09:06:16.000Z,21.37408749,-157.74144396,UAV 1,2,1:3001:2413,ENT72006,1:1:222:1:2:1:0,0,false,false,false,false,0
ENBTR80002,move to,LOC_중앙계곡,2026-08-09T09:06:16.000Z,21.37180231,-157.74048264,UAV 1,2,1:3001:2519,ENBTR80002,1:1:222:2:13:0:0,0,false,false,false,false,0
ENT72003,move to,LOC_중앙계곡,2026-08-09T09:06:16.000Z,21.37417772,-157.74149825,UAV 1,2,1:3001:2225,ENT72003,1:1:222:1:2:1:0,0,false,false,false,false,0
ENBTR60003,move to,LOC_중앙계곡,2026-08-09T09:06:16.000Z,21.37168225,-157.74059097,UAV 1,2,1:3001:2320,ENBTR60003,1:1:222:2:8:1:0,0,false,false,false,false,0
ENT72009,move to,LOC_중앙계곡,2026-08-09T09:06:16.000Z,21.37391804,-157.74152367,UAV 1,2,1:3001:2362,ENT72009,1:1:222:1:2:1:0,0,false,false,false,false,0
ENT72004,move to,LOC_중앙계곡,2026-08-09T09:06:16.000Z,21.37417129,-157.74143608,UAV 1,2,1:3001:2373,ENT72004,1:1:222:1:2:1:0,0,false,false,false,false,0
ENBTR60002,move to,LOC_중앙계곡,2026-08-09T09:06:16.000Z,21.37160896,-157.74064498,UAV 1,2,1:3001:2423,ENBTR60002,1:1:222:2:8:1:0,0,false,false,false,false,0
ENT72008,move to,LOC_중앙계곡,2026-08-09T09:06:16.000Z,21.37400266,-157.74145194,UAV 1,2,1:3001:2250,ENT72008,1:1:222:1:2:1:0,0,false,false,false,false,0
ENT72002,move to,LOC_중앙계곡,2026-08-09T09:06:16.000Z,21.37426346,-157.74142746,UAV 1,2,1:3001:2263,ENT72002,1:1:222:1:2:1:0,0,false,false,false,false,0
ENT72005,move to,LOC_중앙계곡,2026-08-09T09:06:16.000Z,21.37409475,-157.74150636,UAV 1,2,1:3001:2283,ENT72005,1:1:222:1:2:1:0,0,false,false,false,false,0
ENT72001,move to,LOC_중앙계곡,2026-08-09T09:06:16.000Z,21.37426888,-157.74148929,UAV 1,2,1:3001:2316,ENT72001,1:1:222:1:2:1:0,0,false,false,false,false,0
ENM35001,move to,LOC_적북측접근로,2026-08-09T09:06:16.000Z,21.37272666,-157.73581497,UAV 1,2,1:3001:2389,ENM35001,1:1:225:7:1:6:0,0,false,false,false,false,0
FRMORT001,none,,2026-08-09T09:06:16.000Z,21.39104607,-157.73719078,UAV 1,1,1:3001:2318,FRMORT001,1:1:71:10:1:0:1,0,false,false,false,false,0
FRTRK2004,move to,LOC_남측제1방어선,2026-08-09T09:06:16.000Z,21.38769094,-157.74825667,UAV 1,1,1:3001:2211,FRTRK2004,1:1:225:7:12:8:0,0,false,false,false,false,0
FRMORT002,none,,2026-08-09T09:06:16.000Z,21.39112390,-157.73727132,UAV 1,1,1:3001:2277,FRMORT002,1:1:71:10:1:0:1,0,false,false,false,false,0
FRMORT004,none,,2026-08-09T09:06:16.000Z,21.39119933,-157.73718822,UAV 1,1,1:3001:2402,FRMORT004,1:1:71:10:1:0:1,0,false,false,false,false,0
FRMORT003,none,,2026-08-09T09:06:16.000Z,21.39112150,-157.73710768,UAV 1,1,1:3001:2474,FRMORT003,1:1:71:10:1:0:1,0,false,false,false,false,0
FRLAV002,move to,LOC_중앙킬존남측,2026-08-09T09:06:16.000Z,21.38898155,-157.74558063,UAV 1,1,1:3001:2326,FRLAV002,1:1:39:2:6:1:0,0,false,false,false,false,0
FRLAV001,move to,LOC_중앙킬존남측,2026-08-09T09:06:16.000Z,21.38894658,-157.74551563,UAV 1,1,1:3001:2453,FRLAV001,1:1:39:2:6:1:0,0,false,false,false,false,0
FRLAV003,move to,LOC_중앙킬존남측,2026-08-09T09:06:16.000Z,21.38902335,-157.74564527,UAV 1,1,1:3001:2459,FRLAV003,1:1:39:2:6:1:0,0,false,false,false,false,0
FRLAV005,move to,LOC_중앙킬존남측,2026-08-09T09:06:16.000Z,21.38910175,-157.74577555,UAV 1,1,1:3001:2482,FRLAV005,1:1:39:2:6:1:0,0,false,false,false,false,0
FRLAV004,move to,LOC_중앙킬존남측,2026-08-09T09:06:16.000Z,21.38906347,-157.74571025,UAV 1,1,1:3001:2520,FRLAV004,1:1:39:2:6:1:0,0,false,false,false,false,0
FRTRK1003,move to,LOC_남측제1방어선,2026-08-09T09:06:16.000Z,21.38781630,-157.74810227,UAV 1,1,1:3001:2249,FRTRK1003,1:1:225:7:12:0:0,0,false,false,false,false,0
FRLAV006,move to,LOC_중앙킬존남측,2026-08-09T09:06:16.000Z,21.38913969,-157.74584106,UAV 1,1,1:3001:2331,FRLAV006,1:1:39:2:6:1:0,0,false,false,false,false,0
FRLAV008,move to,LOC_중앙킬존남측,2026-08-09T09:06:16.000Z,21.38922063,-157.74597230,UAV 1,1,1:3001:2381,FRLAV008,1:1:39:2:6:1:0,0,false,false,false,false,0
FRLAV007,move to,LOC_중앙킬존남측,2026-08-09T09:06:16.000Z,21.38917966,-157.74590660,UAV 1,1,1:3001:2492,FRLAV007,1:1:39:2:6:1:0,0,false,false,false,false,0
FRTRK1002,move to,LOC_남측제1방어선,2026-08-09T09:06:16.000Z,21.38785923,-157.74788984,UAV 1,1,1:3001:2488,FRTRK1002,1:1:225:7:12:0:0,0,false,false,false,false,0
FRTRK1004,move to,LOC_남측제1방어선,2026-08-09T09:06:16.000Z,21.38795585,-157.74807139,UAV 1,1,1:3001:2533,FRTRK1004,1:1:225:7:12:0:0,0,false,false,false,false,0
ENCAESAR002,move to,LOC_북측예비방어선,2026-08-09T09:06:18.000Z,21.37070092,-157.73636090,UAV 1,2,1:3001:2229,ENCAESAR002,1:1:71:4:0:0:0,0,false,false,false,false,0
ENT72012,move to,LOC_중앙계곡,2026-08-09T09:06:18.000Z,21.37398386,-157.74145434,UAV 1,2,1:3001:2230,ENT72012,1:1:222:1:2:1:0,0,false,false,false,false,0
ENBTR60001,move to,LOC_중앙계곡,2026-08-09T09:06:18.000Z,21.37172199,-157.74070652,UAV 1,2,1:3001:2237,ENBTR60001,1:1:222:2:8:1:0,0,false,false,false,false,0
ENMORT005,none,,2026-08-09T09:06:18.000Z,21.37457651,-157.73710572,UAV 1,2,1:3001:2242,ENMORT005,1:1:71:10:1:0:1,0,false,false,false,false,0
ENM1A2005,move to,LOC_중앙계곡,2026-08-09T09:06:18.000Z,21.37609698,-157.74200525,UAV 1,2,1:3001:2256,ENM1A2005,1:1:225:1:1:3:0,0,false,false,false,false,0
FRT69001,move to,LOC_중앙킬존남측,2026-08-09T09:06:18.000Z,21.38547701,-157.73796768,UAV 1,1,1:3001:2260,FRT69001,1:1:45:1:2:1:0,0,false,false,false,false,0
ENMORT004,none,,2026-08-09T09:06:18.000Z,21.37447596,-157.73706256,UAV 1,2,1:3001:2265,ENMORT004,1:1:71:10:1:0:1,0,false,false,false,false,0
ENGAZ001,move to,LOC_적북측접근로,2026-08-09T09:06:18.000Z,21.37261747,-157.73573253,UAV 1,2,1:3001:2289,ENGAZ001,1:1:222:7:8:0:0,0,false,false,false,false,0
ENBTR60006,move to,LOC_중앙계곡,2026-08-09T09:06:18.000Z,21.37175092,-157.74055444,UAV 1,2,1:3001:2298,ENBTR60006,1:1:222:2:8:1:0,0,false,false,false,false,0
ENBTR80004,move to,LOC_중앙계곡,2026-08-09T09:06:18.000Z,21.37182800,-157.74050228,UAV 1,2,1:3001:2314,ENBTR80004,1:1:222:2:13:0:0,0,false,false,false,false,0
ENBTR80001,move to,LOC_중앙계곡,2026-08-09T09:06:18.000Z,21.37189902,-157.74054618,UAV 1,2,1:3001:2332,ENBTR80001,1:1:222:2:13:0:0,0,false,false,false,false,0
ENCAESAR004,move to,LOC_북측예비방어선,2026-08-09T09:06:18.000Z,21.37114757,-157.73749906,UAV 1,2,1:3001:2333,ENCAESAR004,1:1:71:4:0:0:0,0,false,false,false,false,0
ENGAZ002,move to,LOC_적북측접근로,2026-08-09T09:06:18.000Z,21.37265585,-157.73584705,UAV 1,2,1:3001:2356,ENGAZ002,1:1:222:7:8:0:0,0,false,false,false,false,0
ENBTR80006,move to,LOC_중앙계곡,2026-08-09T09:06:18.000Z,21.37192813,-157.74039529,UAV 1,2,1:3001:2363,ENBTR80006,1:1:222:2:13:0:0,0,false,false,false,false,0
ENT72011,move to,LOC_중앙계곡,2026-08-09T09:06:18.000Z,21.37398859,-157.74151612,UAV 1,2,1:3001:2367,ENT72011,1:1:222:1:2:1:0,0,false,false,false,false,0
ENGAZ003,move to,LOC_적북측접근로,2026-08-09T09:06:18.000Z,21.37264121,-157.73562659,UAV 1,2,1:3001:2384,ENGAZ003,1:1:222:7:8:0:0,0,false,false,false,false,0
ENBTR80003,move to,LOC_중앙계곡,2026-08-09T09:06:18.000Z,21.37201410,-157.74044054,UAV 1,2,1:3001:2388,ENBTR80003,1:1:222:2:13:0:0,0,false,false,false,false,0
FRT80008,move to,LOC_중앙킬존남측,2026-08-09T09:06:18.000Z,21.38156046,-157.74805547,UAV 1,1,1:3001:2391,FRT80008,1:1:222:1:1:1:0,0,false,false,false,false,0
ENCAESAR003,move to,LOC_적북측접근로,2026-08-09T09:06:18.000Z,21.37025167,-157.73638879,UAV 1,2,1:3001:2417,ENCAESAR003,1:1:71:4:0:0:0,0,false,false,false,false,0
ENMORT001,none,,2026-08-09T09:06:18.000Z,21.37443553,-157.73716992,UAV 1,2,1:3001:2424,ENMORT001,1:1:71:10:1:0:1,0,false,false,false,false,0
ENBTR60007,move to,LOC_중앙계곡,2026-08-09T09:06:18.000Z,21.37155596,-157.74061734,UAV 1,2,1:3001:2450,ENBTR60007,1:1:222:2:8:1:0,0,false,false,false,false,0
ENBTR60008,move to,LOC_중앙계곡,2026-08-09T09:06:18.000Z,21.37161872,-157.74056385,UAV 1,2,1:3001:2461,ENBTR60008,1:1:222:2:8:1:0,0,false,false,false,false,0
FRTRK2002,move to,LOC_남측제1방어선,2026-08-09T09:06:18.000Z,21.38767336,-157.74811557,UAV 1,1,1:3001:2462,FRTRK2002,1:1:225:7:12:8:0,0,false,false,false,false,0
ENBTR80007,move to,LOC_중앙계곡,2026-08-09T09:06:18.000Z,21.37174806,-157.74045754,UAV 1,2,1:3001:2463,ENBTR80007,1:1:222:2:13:0:0,0,false,false,false,false,0
ENMORT002,none,,2026-08-09T09:06:18.000Z,21.37453609,-157.73721308,UAV 1,2,1:3001:2469,ENMORT002,1:1:71:10:1:0:1,0,false,false,false,false,0
ENGAZ004,move to,LOC_적북측접근로,2026-08-09T09:06:18.000Z,21.37268622,-157.73571355,UAV 1,2,1:3001:2473,ENGAZ004,1:1:222:7:8:0:0,0,false,false,false,false,0
ENBTR80005,move to,LOC_중앙계곡,2026-08-09T09:06:18.000Z,21.37187120,-157.74044820,UAV 1,2,1:3001:2481,ENBTR80005,1:1:222:2:13:0:0,0,false,false,false,false,0
ENMIM001,move to,LOC_적북측접근로,2026-08-09T09:06:18.000Z,21.37065917,-157.73972281,UAV 1,2,1:3001:2490,ENMIM001,1:1:225:28:2:0:0,0,false,false,false,false,0
ENCAESAR001,move to,LOC_적북측접근로,2026-08-09T09:06:18.000Z,21.37057058,-157.73787690,UAV 1,2,1:3001:2495,ENCAESAR001,1:1:71:4:0:0:0,0,false,false,false,false,0
ENMORT003,none,,2026-08-09T09:06:18.000Z,21.37463664,-157.73725624,UAV 1,2,1:3001:2500,ENMORT003,1:1:71:10:1:0:1,0,false,false,false,false,0
ENBTR60004,move to,LOC_중앙계곡,2026-08-09T09:06:18.000Z,21.37164187,-157.74066238,UAV 1,2,1:3001:2507,ENBTR60004,1:1:222:2:8:1:0,0,false,false,false,false,0
ENBTR60005,move to,LOC_중앙계곡,2026-08-09T09:06:18.000Z,21.37170172,-157.74060857,UAV 1,2,1:3001:2537,ENBTR60005,1:1:222:2:8:1:0,0,false,false,false,false,0
ENT72010,move to,LOC_중앙계곡,2026-08-09T09:06:18.000Z,21.37408685,-157.74144473,UAV 1,2,1:3001:2396,ENT72010,1:1:222:1:2:1:0,0,false,false,false,false,0
ENT72007,move to,LOC_중앙계곡,2026-08-09T09:06:18.000Z,21.37417199,-157.74149811,UAV 1,2,1:3001:2222,ENT72007,1:1:222:1:2:1:0,0,false,false,false,false,0
ENT72006,move to,LOC_중앙계곡,2026-08-09T09:06:18.000Z,21.37424954,-157.74142943,UAV 1,2,1:3001:2413,ENT72006,1:1:222:1:2:1:0,0,false,false,false,false,0
ENBTR80002,move to,LOC_중앙계곡,2026-08-09T09:06:18.000Z,21.37196235,-157.74049362,UAV 1,2,1:3001:2519,ENBTR80002,1:1:222:2:13:0:0,0,false,false,false,false,0
ENT72003,move to,LOC_중앙계곡,2026-08-09T09:06:18.000Z,21.37435121,-157.74148051,UAV 1,2,1:3001:2225,ENT72003,1:1:222:1:2:1:0,0,false,false,false,false,0
ENBTR60003,move to,LOC_중앙계곡,2026-08-09T09:06:18.000Z,21.37185422,-157.74060009,UAV 1,2,1:3001:2320,ENBTR60003,1:1:222:2:8:1:0,0,false,false,false,false,0
ENT72009,move to,LOC_중앙계곡,2026-08-09T09:06:18.000Z,21.37407966,-157.74150719,UAV 1,2,1:3001:2362,ENT72009,1:1:222:1:2:1:0,0,false,false,false,false,0
ENT72004,move to,LOC_중앙계곡,2026-08-09T09:06:18.000Z,21.37434345,-157.74142065,UAV 1,2,1:3001:2373,ENT72004,1:1:222:1:2:1:0,0,false,false,false,false,0
ENT72008,move to,LOC_중앙계곡,2026-08-09T09:06:18.000Z,21.37416184,-157.74143765,UAV 1,2,1:3001:2250,ENT72008,1:1:222:1:2:1:0,0,false,false,false,false,0
ENT72002,move to,LOC_중앙계곡,2026-08-09T09:06:18.000Z,21.37444919,-157.74141082,UAV 1,2,1:3001:2263,ENT72002,1:1:222:1:2:1:0,0,false,false,false,false,0
ENT72005,move to,LOC_중앙계곡,2026-08-09T09:06:18.000Z,21.37425875,-157.74148961,UAV 1,2,1:3001:2283,ENT72005,1:1:222:1:2:1:0,0,false,false,false,false,0
ENM35001,move to,LOC_적북측접근로,2026-08-09T09:06:18.000Z,21.37268557,-157.73598932,UAV 1,2,1:3001:2389,ENM35001,1:1:225:7:1:6:0,0,false,false,false,false,0
FRTRK2004,move to,LOC_남측제1방어선,2026-08-09T09:06:18.000Z,21.38768291,-157.74818739,UAV 1,1,1:3001:2211,FRTRK2004,1:1:225:7:12:8:0,0,false,false,false,false,0
FRLAV002,move to,LOC_중앙킬존남측,2026-08-09T09:06:18.000Z,21.38881751,-157.74559743,UAV 1,1,1:3001:2326,FRLAV002,1:1:39:2:6:1:0,0,false,false,false,false,0
FRLAV001,move to,LOC_중앙킬존남측,2026-08-09T09:06:18.000Z,21.38878352,-157.74553370,UAV 1,1,1:3001:2453,FRLAV001,1:1:39:2:6:1:0,0,false,false,false,false,0
FRLAV003,move to,LOC_중앙킬존남측,2026-08-09T09:06:18.000Z,21.38885657,-157.74566093,UAV 1,1,1:3001:2459,FRLAV003,1:1:39:2:6:1:0,0,false,false,false,false,0
FRLAV005,move to,LOC_중앙킬존남측,2026-08-09T09:06:18.000Z,21.38893766,-157.74578823,UAV 1,1,1:3001:2482,FRLAV005,1:1:39:2:6:1:0,0,false,false,false,false,0
FRLAV004,move to,LOC_중앙킬존남측,2026-08-09T09:06:18.000Z,21.38889525,-157.74572465,UAV 1,1,1:3001:2520,FRLAV004,1:1:39:2:6:1:0,0,false,false,false,false,0
FRTRK1003,move to,LOC_남측제1방어선,2026-08-09T09:06:18.000Z,21.38780373,-157.74800690,UAV 1,1,1:3001:2249,FRTRK1003,1:1:225:7:12:0:0,0,false,false,false,false,0
FRLAV006,move to,LOC_중앙킬존남측,2026-08-09T09:06:18.000Z,21.38897711,-157.74585229,UAV 1,1,1:3001:2331,FRLAV006,1:1:39:2:6:1:0,0,false,false,false,false,0
FRLAV008,move to,LOC_중앙킬존남측,2026-08-09T09:06:18.000Z,21.38905392,-157.74598109,UAV 1,1,1:3001:2381,FRLAV008,1:1:39:2:6:1:0,0,false,false,false,false,0
FRLAV007,move to,LOC_중앙킬존남측,2026-08-09T09:06:18.000Z,21.38901675,-157.74591651,UAV 1,1,1:3001:2492,FRLAV007,1:1:39:2:6:1:0,0,false,false,false,false,0
FRTRK1004,move to,LOC_남측제1방어선,2026-08-09T09:06:18.000Z,21.38794050,-157.74796744,UAV 1,1,1:3001:2533,FRTRK1004,1:1:225:7:12:0:0,0,false,false,false,false,0
FRTRK1001,move to,LOC_남측제1방어선,2026-08-09T09:06:18.000Z,21.38792700,-157.74786809,UAV 1,1,1:3001:2278,FRTRK1001,1:1:225:7:12:0:0,0,false,false,false,false,0
ENCAESAR002,move to,LOC_북측예비방어선,2026-08-09T09:06:20.000Z,21.37076999,-157.73653495,UAV 1,2,1:3001:2229,ENCAESAR002,1:1:71:4:0:0:0,0,false,false,false,false,0
ENT72012,move to,LOC_중앙계곡,2026-08-09T09:06:20.000Z,21.37417265,-157.74143736,UAV 1,2,1:3001:2230,ENT72012,1:1:222:1:2:1:0,0,false,false,false,false,0
ENBTR60001,move to,LOC_중앙계곡,2026-08-09T09:06:20.000Z,21.37192229,-157.74071409,UAV 1,2,1:3001:2237,ENBTR60001,1:1:222:2:8:1:0,0,false,false,false,false,0
ENMORT005,none,,2026-08-09T09:06:20.000Z,21.37457651,-157.73710572,UAV 1,2,1:3001:2242,ENMORT005,1:1:71:10:1:0:1,0,false,false,false,false,0
ENM1A2005,move to,LOC_중앙계곡,2026-08-09T09:06:20.000Z,21.37630127,-157.74193763,UAV 1,2,1:3001:2256,ENM1A2005,1:1:225:1:1:3:0,0,false,false,false,false,0
FRT69001,move to,LOC_중앙킬존남측,2026-08-09T09:06:20.000Z,21.38537642,-157.73815100,UAV 1,1,1:3001:2260,FRT69001,1:1:45:1:2:1:0,0,false,false,false,false,0
ENMORT004,none,,2026-08-09T09:06:20.000Z,21.37447596,-157.73706256,UAV 1,2,1:3001:2265,ENMORT004,1:1:71:10:1:0:1,0,false,false,false,false,0
ENGAZ001,move to,LOC_적북측접근로,2026-08-09T09:06:20.000Z,21.37257206,-157.73594445,UAV 1,2,1:3001:2289,ENGAZ001,1:1:222:7:8:0:0,0,false,false,false,false,0
ENBTR60006,move to,LOC_중앙계곡,2026-08-09T09:06:20.000Z,21.37194730,-157.74056591,UAV 1,2,1:3001:2298,ENBTR60006,1:1:222:2:8:1:0,0,false,false,false,false,0
ENBTR80004,move to,LOC_중앙계곡,2026-08-09T09:06:20.000Z,21.37201904,-157.74051492,UAV 1,2,1:3001:2314,ENBTR80004,1:1:222:2:13:0:0,0,false,false,false,false,0
ENBTR80001,move to,LOC_중앙계곡,2026-08-09T09:06:20.000Z,21.37209145,-157.74055787,UAV 1,2,1:3001:2332,ENBTR80001,1:1:222:2:13:0:0,0,false,false,false,false,0
ENCAESAR004,move to,LOC_북측예비방어선,2026-08-09T09:06:20.000Z,21.37122275,-157.73768807,UAV 1,2,1:3001:2333,ENCAESAR004,1:1:71:4:0:0:0,0,false,false,false,false,0
ENGAZ002,move to,LOC_적북측접근로,2026-08-09T09:06:20.000Z,21.37260940,-157.73605358,UAV 1,2,1:3001:2356,ENGAZ002,1:1:222:7:8:0:0,0,false,false,false,false,0
ENBTR80006,move to,LOC_중앙계곡,2026-08-09T09:06:20.000Z,21.37212289,-157.74041123,UAV 1,2,1:3001:2363,ENBTR80006,1:1:222:2:13:0:0,0,false,false,false,false,0
ENT72011,move to,LOC_중앙계곡,2026-08-09T09:06:20.000Z,21.37417889,-157.74149673,UAV 1,2,1:3001:2367,ENT72011,1:1:222:1:2:1:0,0,false,false,false,false,0
ENGAZ003,move to,LOC_적북측접근로,2026-08-09T09:06:20.000Z,21.37259659,-157.73583468,UAV 1,2,1:3001:2384,ENGAZ003,1:1:222:7:8:0:0,0,false,false,false,false,0
ENBTR80003,move to,LOC_중앙계곡,2026-08-09T09:06:20.000Z,21.37221508,-157.74045591,UAV 1,2,1:3001:2388,ENBTR80003,1:1:222:2:13:0:0,0,false,false,false,false,0
FRT80008,move to,LOC_중앙킬존남측,2026-08-09T09:06:20.000Z,21.38147975,-157.74787111,UAV 1,1,1:3001:2391,FRT80008,1:1:222:1:1:1:0,0,false,false,false,false,0
ENCAESAR003,move to,LOC_적북측접근로,2026-08-09T09:06:20.000Z,21.37028800,-157.73656905,UAV 1,2,1:3001:2417,ENCAESAR003,1:1:71:4:0:0:0,0,false,false,false,false,0
ENMORT001,none,,2026-08-09T09:06:20.000Z,21.37443553,-157.73716992,UAV 1,2,1:3001:2424,ENMORT001,1:1:71:10:1:0:1,0,false,false,false,false,0
ENBTR60007,move to,LOC_중앙계곡,2026-08-09T09:06:20.000Z,21.37175443,-157.74062697,UAV 1,2,1:3001:2450,ENBTR60007,1:1:222:2:8:1:0,0,false,false,false,false,0
ENBTR60008,move to,LOC_중앙계곡,2026-08-09T09:06:20.000Z,21.37181546,-157.74057489,UAV 1,2,1:3001:2461,ENBTR60008,1:1:222:2:8:1:0,0,false,false,false,false,0
FRTRK2002,move to,LOC_남측제1방어선,2026-08-09T09:06:20.000Z,21.38766477,-157.74804134,UAV 1,1,1:3001:2462,FRTRK2002,1:1:225:7:12:8:0,0,false,false,false,false,0
ENBTR80007,move to,LOC_중앙계곡,2026-08-09T09:06:20.000Z,21.37194061,-157.74047129,UAV 1,2,1:3001:2463,ENBTR80007,1:1:222:2:13:0:0,0,false,false,false,false,0
ENMORT002,none,,2026-08-09T09:06:20.000Z,21.37453609,-157.73721308,UAV 1,2,1:3001:2469,ENMORT002,1:1:71:10:1:0:1,0,false,false,false,false,0
ENGAZ004,move to,LOC_적북측접근로,2026-08-09T09:06:20.000Z,21.37263877,-157.73592449,UAV 1,2,1:3001:2473,ENGAZ004,1:1:222:7:8:0:0,0,false,false,false,false,0
ENBTR80005,move to,LOC_중앙계곡,2026-08-09T09:06:20.000Z,21.37206582,-157.74046259,UAV 1,2,1:3001:2481,ENBTR80005,1:1:222:2:13:0:0,0,false,false,false,false,0
ENMIM001,move to,LOC_적북측접근로,2026-08-09T09:06:20.000Z,21.37071991,-157.73990537,UAV 1,2,1:3001:2490,ENMIM001,1:1:225:28:2:0:0,0,false,false,false,false,0
ENCAESAR001,move to,LOC_적북측접근로,2026-08-09T09:06:20.000Z,21.37061363,-157.73809579,UAV 1,2,1:3001:2495,ENCAESAR001,1:1:71:4:0:0:0,0,false,false,false,false,0
ENMORT003,none,,2026-08-09T09:06:20.000Z,21.37463664,-157.73725624,UAV 1,2,1:3001:2500,ENMORT003,1:1:71:10:1:0:1,0,false,false,false,false,0
ENBTR60004,move to,LOC_중앙계곡,2026-08-09T09:06:20.000Z,21.37183894,-157.74067090,UAV 1,2,1:3001:2507,ENBTR60004,1:1:222:2:8:1:0,0,false,false,false,false,0
ENBTR60005,move to,LOC_중앙계곡,2026-08-09T09:06:20.000Z,21.37189771,-157.74061852,UAV 1,2,1:3001:2537,ENBTR60005,1:1:222:2:8:1:0,0,false,false,false,false,0
ENT72010,move to,LOC_중앙계곡,2026-08-09T09:06:20.000Z,21.37428687,-157.74142676,UAV 1,2,1:3001:2396,ENT72010,1:1:222:1:2:1:0,0,false,false,false,false,0
ENT72006,move to,LOC_중앙계곡,2026-08-09T09:06:20.000Z,21.37446990,-157.74140966,UAV 1,2,1:3001:2413,ENT72006,1:1:222:1:2:1:0,0,false,false,false,false,0
ENBTR80002,move to,LOC_중앙계곡,2026-08-09T09:06:20.000Z,21.37215395,-157.74050675,UAV 1,2,1:3001:2519,ENBTR80002,1:1:222:2:13:0:0,0,false,false,false,false,0
ENBTR60003,move to,LOC_중앙계곡,2026-08-09T09:06:20.000Z,21.37205245,-157.74061059,UAV 1,2,1:3001:2320,ENBTR60003,1:1:222:2:8:1:0,0,false,false,false,false,0
ENT72009,move to,LOC_중앙계곡,2026-08-09T09:06:20.000Z,21.37427944,-157.74148681,UAV 1,2,1:3001:2362,ENT72009,1:1:222:1:2:1:0,0,false,false,false,false,0
ENT72004,move to,LOC_중앙계곡,2026-08-09T09:06:20.000Z,21.37455975,-157.74140126,UAV 1,2,1:3001:2373,ENT72004,1:1:222:1:2:1:0,0,false,false,false,false,0
ENT72008,move to,LOC_중앙계곡,2026-08-09T09:06:20.000Z,21.37437177,-157.74141880,UAV 1,2,1:3001:2250,ENT72008,1:1:222:1:2:1:0,0,false,false,false,false,0
ENT72002,move to,LOC_중앙계곡,2026-08-09T09:06:20.000Z,21.37464301,-157.74139346,UAV 1,2,1:3001:2263,ENT72002,1:1:222:1:2:1:0,0,false,false,false,false,0
ENM35001,move to,LOC_적북측접근로,2026-08-09T09:06:20.000Z,21.37263745,-157.73619355,UAV 1,2,1:3001:2389,ENM35001,1:1:225:7:1:6:0,0,false,false,false,false,0
FRTRK2004,move to,LOC_남측제1방어선,2026-08-09T09:06:20.000Z,21.38767862,-157.74815033,UAV 1,1,1:3001:2211,FRTRK2004,1:1:225:7:12:8:0,0,false,false,false,false,0
FRLAV002,move to,LOC_중앙킬존남측,2026-08-09T09:06:20.000Z,21.38862273,-157.74561737,UAV 1,1,1:3001:2326,FRLAV002,1:1:39:2:6:1:0,0,false,false,false,false,0
FRLAV001,move to,LOC_중앙킬존남측,2026-08-09T09:06:20.000Z,21.38858815,-157.74555536,UAV 1,1,1:3001:2453,FRLAV001,1:1:39:2:6:1:0,0,false,false,false,false,0
FRLAV003,move to,LOC_중앙킬존남측,2026-08-09T09:06:20.000Z,21.38866426,-157.74567900,UAV 1,1,1:3001:2459,FRLAV003,1:1:39:2:6:1:0,0,false,false,false,false,0
FRLAV005,move to,LOC_중앙킬존남측,2026-08-09T09:06:20.000Z,21.38874292,-157.74580328,UAV 1,1,1:3001:2482,FRLAV005,1:1:39:2:6:1:0,0,false,false,false,false,0
FRLAV004,move to,LOC_중앙킬존남측,2026-08-09T09:06:20.000Z,21.38870389,-157.74574103,UAV 1,1,1:3001:2520,FRLAV004,1:1:39:2:6:1:0,0,false,false,false,false,0
FRTRK1003,move to,LOC_남측제1방어선,2026-08-09T09:06:20.000Z,21.38778626,-157.74787431,UAV 1,1,1:3001:2249,FRTRK1003,1:1:225:7:12:0:0,0,false,false,false,false,0
FRLAV006,move to,LOC_중앙킬존남측,2026-08-09T09:06:20.000Z,21.38878212,-157.74586575,UAV 1,1,1:3001:2331,FRLAV006,1:1:39:2:6:1:0,0,false,false,false,false,0
FRLAV008,move to,LOC_중앙킬존남측,2026-08-09T09:06:20.000Z,21.38886688,-157.74599094,UAV 1,1,1:3001:2381,FRLAV008,1:1:39:2:6:1:0,0,false,false,false,false,0
FRLAV007,move to,LOC_중앙킬존남측,2026-08-09T09:06:20.000Z,21.38882422,-157.74592823,UAV 1,1,1:3001:2492,FRLAV007,1:1:39:2:6:1:0,0,false,false,false,false,0
FRTRK1004,move to,LOC_남측제1방어선,2026-08-09T09:06:20.000Z,21.38792142,-157.74783823,UAV 1,1,1:3001:2533,FRTRK1004,1:1:225:7:12:0:0,0,false,false,false,false,0
FRTRK1001,move to,LOC_남측제1방어선,2026-08-09T09:06:20.000Z,21.38790869,-157.74774423,UAV 1,1,1:3001:2278,FRTRK1001,1:1:225:7:12:0:0,0,false,false,false,false,0
FRM113003,move to,LOC_중앙킬존남측,2026-08-09T09:06:20.000Z,21.38929433,-157.74716025,UAV 1,1,1:3001:2282,FRM113003,1:1:225:2:3:1:0,0,false,false,false,false,0
FRM113002,move to,LOC_중앙킬존남측,2026-08-09T09:06:20.000Z,21.38925863,-157.74709494,UAV 1,1,1:3001:2344,FRM113002,1:1:225:2:3:1:0,0,false,false,false,false,0
FRT69004,move to,LOC_중앙킬존남측,2026-08-09T09:06:20.000Z,21.38559837,-157.73811707,UAV 1,1,1:3001:2405,FRT69004,1:1:45:1:2:1:0,0,false,false,false,false,0
ENBTR60002,move to,LOC_중앙계곡,2026-08-09T09:06:20.000Z,21.37197092,-157.74066139,UAV 1,2,1:3001:2423,ENBTR60002,1:1:222:2:8:1:0,0,false,false,false,false,0
FRM113005,move to,LOC_중앙킬존남측,2026-08-09T09:06:20.000Z,21.38945512,-157.74730041,UAV 1,1,1:3001:2476,FRM113005,1:1:225:2:3:1:0,0,false,false,false,false,0
FRM113001,move to,LOC_중앙킬존남측,2026-08-09T09:06:20.000Z,21.38923657,-157.74703085,UAV 1,1,1:3001:2477,FRM113001,1:1:225:2:3:1:0,0,false,false,false,false,0
FRM113004,move to,LOC_중앙킬존남측,2026-08-09T09:06:20.000Z,21.38934718,-157.74722724,UAV 1,1,1:3001:2489,FRM113004,1:1:225:2:3:1:0,0,false,false,false,false,0
M933HE 1,fired_by,,2026-08-09T09:06:20.000Z,21.38252693,-157.74423482,UAV 1,2,1:3001:2547,M933HE 1,2:9:225:2:11:1:0,0,false,false,false,false,0
M933HE 5,fired_by,,2026-08-09T09:06:20.000Z,21.38260774,-157.74387519,UAV 1,2,1:3001:2551,M933HE 5,2:9:225:2:11:1:0,0,false,false,false,false,0
M933HE 6,fired_by,,2026-08-09T09:06:20.000Z,21.38549736,-157.73902287,UAV 1,2,1:3001:2552,M933HE 6,2:9:225:2:11:1:0,0,false,false,false,false,0
ENCAESAR002,move to,LOC_북측예비방어선,2026-08-09T09:06:22.000Z,21.37083491,-157.73669853,UAV 1,2,1:3001:2229,ENCAESAR002,1:1:71:4:0:0:0,0,false,false,false,false,0
ENT72012,move to,LOC_중앙계곡,2026-08-09T09:06:22.000Z,21.37434349,-157.74142200,UAV 1,2,1:3001:2230,ENT72012,1:1:222:1:2:1:0,0,false,false,false,false,0
ENMORT005,none,,2026-08-09T09:06:22.000Z,21.37457651,-157.73710572,UAV 1,2,1:3001:2242,ENMORT005,1:1:71:10:1:0:1,0,false,false,false,false,0
ENM1A2005,move to,LOC_중앙계곡,2026-08-09T09:06:22.000Z,21.37644016,-157.74189166,UAV 1,2,1:3001:2256,ENM1A2005,1:1:225:1:1:3:0,0,false,false,false,false,0
ENMORT004,none,,2026-08-09T09:06:22.000Z,21.37447596,-157.73706256,UAV 1,2,1:3001:2265,ENMORT004,1:1:71:10:1:0:1,0,false,false,false,false,0
ENGAZ001,move to,LOC_적북측접근로,2026-08-09T09:06:22.000Z,21.37253581,-157.73611369,UAV 1,2,1:3001:2289,ENGAZ001,1:1:222:7:8:0:0,0,false,false,false,false,0
ENBTR60006,move to,LOC_중앙계곡,2026-08-09T09:06:22.000Z,21.37210982,-157.74057540,UAV 1,2,1:3001:2298,ENBTR60006,1:1:222:2:8:1:0,0,false,false,false,false,0
ENBTR80004,move to,LOC_중앙계곡,2026-08-09T09:06:22.000Z,21.37218033,-157.74052558,UAV 1,2,1:3001:2314,ENBTR80004,1:1:222:2:13:0:0,0,false,false,false,false,0
ENBTR80001,move to,LOC_중앙계곡,2026-08-09T09:06:22.000Z,21.37225970,-157.74056809,UAV 1,2,1:3001:2332,ENBTR80001,1:1:222:2:13:0:0,0,false,false,false,false,0
ENCAESAR004,move to,LOC_북측예비방어선,2026-08-09T09:06:22.000Z,21.37127965,-157.73783111,UAV 1,2,1:3001:2333,ENCAESAR004,1:1:71:4:0:0:0,0,false,false,false,false,0
ENGAZ002,move to,LOC_적북측접근로,2026-08-09T09:06:22.000Z,21.37257216,-157.73621915,UAV 1,2,1:3001:2356,ENGAZ002,1:1:222:7:8:0:0,0,false,false,false,false,0
ENBTR80006,move to,LOC_중앙계곡,2026-08-09T09:06:22.000Z,21.37228819,-157.74042475,UAV 1,2,1:3001:2363,ENBTR80006,1:1:222:2:13:0:0,0,false,false,false,false,0
ENGAZ003,move to,LOC_적북측접근로,2026-08-09T09:06:22.000Z,21.37255913,-157.73600942,UAV 1,2,1:3001:2384,ENGAZ003,1:1:222:7:8:0:0,0,false,false,false,false,0
ENBTR80003,move to,LOC_중앙계곡,2026-08-09T09:06:22.000Z,21.37237647,-157.74046825,UAV 1,2,1:3001:2388,ENBTR80003,1:1:222:2:13:0:0,0,false,false,false,false,0
FRT80008,move to,LOC_중앙킬존남측,2026-08-09T09:06:22.000Z,21.38140946,-157.74771055,UAV 1,1,1:3001:2391,FRT80008,1:1:222:1:1:1:0,0,false,false,false,false,0
ENCAESAR003,move to,LOC_적북측접근로,2026-08-09T09:06:22.000Z,21.37032519,-157.73675353,UAV 1,2,1:3001:2417,ENCAESAR003,1:1:71:4:0:0:0,0,false,false,false,false,0
ENMORT001,none,,2026-08-09T09:06:22.000Z,21.37443553,-157.73716992,UAV 1,2,1:3001:2424,ENMORT001,1:1:71:10:1:0:1,0,false,false,false,false,0
ENBTR60007,move to,LOC_중앙계곡,2026-08-09T09:06:22.000Z,21.37191451,-157.74063474,UAV 1,2,1:3001:2450,ENBTR60007,1:1:222:2:8:1:0,0,false,false,false,false,0
ENBTR60008,move to,LOC_중앙계곡,2026-08-09T09:06:22.000Z,21.37197760,-157.74058400,UAV 1,2,1:3001:2461,ENBTR60008,1:1:222:2:8:1:0,0,false,false,false,false,0
FRTRK2002,move to,LOC_남측제1방어선,2026-08-09T09:06:22.000Z,21.38765407,-157.74794888,UAV 1,1,1:3001:2462,FRTRK2002,1:1:225:7:12:8:0,0,false,false,false,false,0
ENBTR80007,move to,LOC_중앙계곡,2026-08-09T09:06:22.000Z,21.37210506,-157.74048304,UAV 1,2,1:3001:2463,ENBTR80007,1:1:222:2:13:0:0,0,false,false,false,false,0
ENMORT002,none,,2026-08-09T09:06:22.000Z,21.37453609,-157.73721308,UAV 1,2,1:3001:2469,ENMORT002,1:1:71:10:1:0:1,0,false,false,false,false,0
ENGAZ004,move to,LOC_적북측접근로,2026-08-09T09:06:22.000Z,21.37259993,-157.73609713,UAV 1,2,1:3001:2473,ENGAZ004,1:1:222:7:8:0:0,0,false,false,false,false,0
ENBTR80005,move to,LOC_중앙계곡,2026-08-09T09:06:22.000Z,21.37223040,-157.74047476,UAV 1,2,1:3001:2481,ENBTR80005,1:1:222:2:13:0:0,0,false,false,false,false,0
ENMIM001,move to,LOC_적북측접근로,2026-08-09T09:06:22.000Z,21.37076972,-157.74005511,UAV 1,2,1:3001:2490,ENMIM001,1:1:225:28:2:0:0,0,false,false,false,false,0
ENCAESAR001,move to,LOC_적북측접근로,2026-08-09T09:06:22.000Z,21.37064846,-157.73827288,UAV 1,2,1:3001:2495,ENCAESAR001,1:1:71:4:0:0:0,0,false,false,false,false,0
ENMORT003,none,,2026-08-09T09:06:22.000Z,21.37463664,-157.73725624,UAV 1,2,1:3001:2500,ENMORT003,1:1:71:10:1:0:1,0,false,false,false,false,0
ENBTR60004,move to,LOC_중앙계곡,2026-08-09T09:06:22.000Z,21.37200035,-157.74067788,UAV 1,2,1:3001:2507,ENBTR60004,1:1:222:2:8:1:0,0,false,false,false,false,0
ENBTR60005,move to,LOC_중앙계곡,2026-08-09T09:06:22.000Z,21.37205675,-157.74062660,UAV 1,2,1:3001:2537,ENBTR60005,1:1:222:2:8:1:0,0,false,false,false,false,0
ENT72010,move to,LOC_중앙계곡,2026-08-09T09:06:22.000Z,21.37446497,-157.74141076,UAV 1,2,1:3001:2396,ENT72010,1:1:222:1:2:1:0,0,false,false,false,false,0
ENT72006,move to,LOC_중앙계곡,2026-08-09T09:06:22.000Z,21.37464008,-157.74139439,UAV 1,2,1:3001:2413,ENT72006,1:1:222:1:2:1:0,0,false,false,false,false,0
ENBTR80002,move to,LOC_중앙계곡,2026-08-09T09:06:22.000Z,21.37232484,-157.74051847,UAV 1,2,1:3001:2519,ENBTR80002,1:1:222:2:13:0:0,0,false,false,false,false,0
ENBTR60003,move to,LOC_중앙계곡,2026-08-09T09:06:22.000Z,21.37221369,-157.74061914,UAV 1,2,1:3001:2320,ENBTR60003,1:1:222:2:8:1:0,0,false,false,false,false,0
ENT72004,move to,LOC_중앙계곡,2026-08-09T09:06:22.000Z,21.37470678,-157.74138808,UAV 1,2,1:3001:2373,ENT72004,1:1:222:1:2:1:0,0,false,false,false,false,0
ENT72008,move to,LOC_중앙계곡,2026-08-09T09:06:22.000Z,21.37455409,-157.74140243,UAV 1,2,1:3001:2250,ENT72008,1:1:222:1:2:1:0,0,false,false,false,false,0
ENT72002,move to,LOC_중앙계곡,2026-08-09T09:06:22.000Z,21.37479284,-157.74138004,UAV 1,2,1:3001:2263,ENT72002,1:1:222:1:2:1:0,0,false,false,false,false,0
ENM35001,move to,LOC_적북측접근로,2026-08-09T09:06:22.000Z,21.37259749,-157.73636314,UAV 1,2,1:3001:2389,ENM35001,1:1:225:7:1:6:0,0,false,false,false,false,0
FRTRK2004,move to,LOC_남측제1방어선,2026-08-09T09:06:22.000Z,21.38767435,-157.74811342,UAV 1,1,1:3001:2211,FRTRK2004,1:1:225:7:12:8:0,0,false,false,false,false,0
FRLAV002,move to,LOC_중앙킬존남측,2026-08-09T09:06:22.000Z,21.38845897,-157.74563413,UAV 1,1,1:3001:2326,FRLAV002,1:1:39:2:6:1:0,0,false,false,false,false,0
FRLAV001,move to,LOC_중앙킬존남측,2026-08-09T09:06:22.000Z,21.38842542,-157.74557339,UAV 1,1,1:3001:2453,FRLAV001,1:1:39:2:6:1:0,0,false,false,false,false,0
FRLAV005,move to,LOC_중앙킬존남측,2026-08-09T09:06:22.000Z,21.38858233,-157.74581570,UAV 1,1,1:3001:2482,FRLAV005,1:1:39:2:6:1:0,0,false,false,false,false,0
FRLAV004,move to,LOC_중앙킬존남측,2026-08-09T09:06:22.000Z,21.38854046,-157.74575502,UAV 1,1,1:3001:2520,FRLAV004,1:1:39:2:6:1:0,0,false,false,false,false,0
FRTRK1003,move to,LOC_남측제1방어선,2026-08-09T09:06:22.000Z,21.38777011,-157.74775171,UAV 1,1,1:3001:2249,FRTRK1003,1:1:225:7:12:0:0,0,false,false,false,false,0
FRLAV006,move to,LOC_중앙킬존남측,2026-08-09T09:06:22.000Z,21.38862363,-157.74587669,UAV 1,1,1:3001:2331,FRLAV006,1:1:39:2:6:1:0,0,false,false,false,false,0
FRLAV008,move to,LOC_중앙킬존남측,2026-08-09T09:06:22.000Z,21.38870260,-157.74599960,UAV 1,1,1:3001:2381,FRLAV008,1:1:39:2:6:1:0,0,false,false,false,false,0
FRLAV007,move to,LOC_중앙킬존남측,2026-08-09T09:06:22.000Z,21.38866429,-157.74593796,UAV 1,1,1:3001:2492,FRLAV007,1:1:39:2:6:1:0,0,false,false,false,false,0
FRTRK1004,move to,LOC_남측제1방어선,2026-08-09T09:06:22.000Z,21.38790728,-157.74774253,UAV 1,1,1:3001:2533,FRTRK1004,1:1:225:7:12:0:0,0,false,false,false,false,0
FRTRK1001,move to,LOC_남측제1방어선,2026-08-09T09:06:22.000Z,21.38789348,-157.74764132,UAV 1,1,1:3001:2278,FRTRK1001,1:1:225:7:12:0:0,0,false,false,false,false,0
FRM113003,move to,LOC_중앙킬존남측,2026-08-09T09:06:22.000Z,21.38912890,-157.74714564,UAV 1,1,1:3001:2282,FRM113003,1:1:225:2:3:1:0,0,false,false,false,false,0
FRM113002,move to,LOC_중앙킬존남측,2026-08-09T09:06:22.000Z,21.38909598,-157.74708178,UAV 1,1,1:3001:2344,FRM113002,1:1:225:2:3:1:0,0,false,false,false,false,0
FRM113005,move to,LOC_중앙킬존남측,2026-08-09T09:06:22.000Z,21.38930757,-157.74728523,UAV 1,1,1:3001:2476,FRM113005,1:1:225:2:3:1:0,0,false,false,false,false,0
FRM113001,move to,LOC_중앙킬존남측,2026-08-09T09:06:22.000Z,21.38907225,-157.74701878,UAV 1,1,1:3001:2477,FRM113001,1:1:225:2:3:1:0,0,false,false,false,false,0
FRM113004,move to,LOC_중앙킬존남측,2026-08-09T09:06:22.000Z,21.38916710,-157.74721002,UAV 1,1,1:3001:2489,FRM113004,1:1:225:2:3:1:0,0,false,false,false,false,0
M933HE 1,fired_by,,2026-08-09T09:06:22.000Z,21.38311876,-157.74476554,UAV 1,,,,,,,,,,
M933HE 5,fired_by,,2026-08-09T09:06:22.000Z,21.38321608,-157.74437436,UAV 1,,,,,,,,,,
FRM113007,move to,LOC_중앙킬존남측,2026-08-09T09:06:22.000Z,21.38932335,-157.74740919,UAV 1,1,1:3001:2342,FRM113007,1:1:225:2:3:1:0,0,false,false,false,false,0
FRM113006,move to,LOC_중앙킬존남측,2026-08-09T09:06:22.000Z,21.38927670,-157.74734307,UAV 1,1,1:3001:2392,FRM113006,1:1:225:2:3:1:0,0,false,false,false,false,0
FRTRK1005,move to,LOC_남측제1방어선,2026-08-09T09:06:22.000Z,21.38778194,-157.74734085,UAV 1,1,1:3001:2408,FRTRK1005,1:1:225:7:12:0:0,0,false,false,false,false,0
FRTRK1002,move to,LOC_남측제1방어선,2026-08-09T09:06:22.000Z,21.38779083,-157.74740049,UAV 1,1,1:3001:2488,FRTRK1002,1:1:225:7:12:0:0,0,false,false,false,false,0
M933HE 7,fired_by,,2026-08-09T09:06:22.000Z,21.37346783,-157.74093374,UAV 1,1,1:3001:2553,M933HE 7,2:9:225:2:11:1:0,0,false,false,false,false,0
ENCAESAR002,move to,LOC_북측예비방어선,2026-08-09T09:06:24.000Z,21.37091552,-157.73690164,UAV 1,2,1:3001:2229,ENCAESAR002,1:1:71:4:0:0:0,0,false,false,false,false,0
ENT72012,move to,LOC_중앙계곡,2026-08-09T09:06:24.000Z,21.37456743,-157.74140186,UAV 1,2,1:3001:2230,ENT72012,1:1:222:1:2:1:0,0,false,false,false,false,0
ENMORT005,none,,2026-08-09T09:06:24.000Z,21.37457651,-157.73710572,UAV 1,2,1:3001:2242,ENMORT005,1:1:71:10:1:0:1,0,false,false,false,false,0
ENM1A2005,move to,LOC_중앙계곡,2026-08-09T09:06:24.000Z,21.37662252,-157.74183131,UAV 1,2,1:3001:2256,ENM1A2005,1:1:225:1:1:3:0,0,false,false,false,false,0
ENMORT004,none,,2026-08-09T09:06:24.000Z,21.37447596,-157.73706256,UAV 1,2,1:3001:2265,ENMORT004,1:1:71:10:1:0:1,0,false,false,false,false,0
ENGAZ001,move to,LOC_적북측접근로,2026-08-09T09:06:24.000Z,21.37249156,-157.73632023,UAV 1,2,1:3001:2289,ENGAZ001,1:1:222:7:8:0:0,0,false,false,false,false,0
ENBTR60006,move to,LOC_중앙계곡,2026-08-09T09:06:24.000Z,21.37231279,-157.74058726,UAV 1,2,1:3001:2298,ENBTR60006,1:1:222:2:8:1:0,0,false,false,false,false,0
ENBTR80004,move to,LOC_중앙계곡,2026-08-09T09:06:24.000Z,21.37238634,-157.74053921,UAV 1,2,1:3001:2314,ENBTR80004,1:1:222:2:13:0:0,0,false,false,false,false,0
ENBTR80001,move to,LOC_중앙계곡,2026-08-09T09:06:24.000Z,21.37246713,-157.74058069,UAV 1,2,1:3001:2332,ENBTR80001,1:1:222:2:13:0:0,0,false,false,false,false,0
ENCAESAR004,move to,LOC_북측예비방어선,2026-08-09T09:06:24.000Z,21.37136239,-157.73803912,UAV 1,2,1:3001:2333,ENCAESAR004,1:1:71:4:0:0:0,0,false,false,false,false,0
ENGAZ002,move to,LOC_적북측접근로,2026-08-09T09:06:24.000Z,21.37252468,-157.73643024,UAV 1,2,1:3001:2356,ENGAZ002,1:1:222:7:8:0:0,0,false,false,false,false,0
ENBTR80006,move to,LOC_중앙계곡,2026-08-09T09:06:24.000Z,21.37248673,-157.74044100,UAV 1,2,1:3001:2363,ENBTR80006,1:1:222:2:13:0:0,0,false,false,false,false,0
ENGAZ003,move to,LOC_적북측접근로,2026-08-09T09:06:24.000Z,21.37251522,-157.73621420,UAV 1,2,1:3001:2384,ENGAZ003,1:1:222:7:8:0:0,0,false,false,false,false,0
ENBTR80003,move to,LOC_중앙계곡,2026-08-09T09:06:24.000Z,21.37257666,-157.74048356,UAV 1,2,1:3001:2388,ENBTR80003,1:1:222:2:13:0:0,0,false,false,false,false,0
FRT80008,move to,LOC_중앙킬존남측,2026-08-09T09:06:24.000Z,21.38132392,-157.74751517,UAV 1,1,1:3001:2391,FRT80008,1:1:222:1:1:1:0,0,false,false,false,false,0
ENCAESAR003,move to,LOC_적북측접근로,2026-08-09T09:06:24.000Z,21.37037163,-157.73698389,UAV 1,2,1:3001:2417,ENCAESAR003,1:1:71:4:0:0:0,0,false,false,false,false,0
ENMORT001,none,,2026-08-09T09:06:24.000Z,21.37443553,-157.73716992,UAV 1,2,1:3001:2424,ENMORT001,1:1:71:10:1:0:1,0,false,false,false,false,0
ENBTR60007,move to,LOC_중앙계곡,2026-08-09T09:06:24.000Z,21.37211132,-157.74064428,UAV 1,2,1:3001:2450,ENBTR60007,1:1:222:2:8:1:0,0,false,false,false,false,0
ENBTR60008,move to,LOC_중앙계곡,2026-08-09T09:06:24.000Z,21.37217774,-157.74059524,UAV 1,2,1:3001:2461,ENBTR60008,1:1:222:2:8:1:0,0,false,false,false,false,0
FRTRK2002,move to,LOC_남측제1방어선,2026-08-09T09:06:24.000Z,21.38763616,-157.74779412,UAV 1,1,1:3001:2462,FRTRK2002,1:1:225:7:12:8:0,0,false,false,false,false,0
ENBTR80007,move to,LOC_중앙계곡,2026-08-09T09:06:24.000Z,21.37230512,-157.74049734,UAV 1,2,1:3001:2463,ENBTR80007,1:1:222:2:13:0:0,0,false,false,false,false,0
ENMORT002,none,,2026-08-09T09:06:24.000Z,21.37453609,-157.73721308,UAV 1,2,1:3001:2469,ENMORT002,1:1:71:10:1:0:1,0,false,false,false,false,0
ENGAZ004,move to,LOC_적북측접근로,2026-08-09T09:06:24.000Z,21.37255421,-157.73630035,UAV 1,2,1:3001:2473,ENGAZ004,1:1:222:7:8:0:0,0,false,false,false,false,0
ENBTR80005,move to,LOC_중앙계곡,2026-08-09T09:06:24.000Z,21.37243022,-157.74048953,UAV 1,2,1:3001:2481,ENBTR80005,1:1:222:2:13:0:0,0,false,false,false,false,0
ENMIM001,move to,LOC_적북측접근로,2026-08-09T09:06:24.000Z,21.37083197,-157.74024222,UAV 1,2,1:3001:2490,ENMIM001,1:1:225:28:2:0:0,0,false,false,false,false,0
ENCAESAR001,move to,LOC_적북측접근로,2026-08-09T09:06:24.000Z,21.37068782,-157.73847299,UAV 1,2,1:3001:2495,ENCAESAR001,1:1:71:4:0:0:0,0,false,false,false,false,0
ENMORT003,none,,2026-08-09T09:06:24.000Z,21.37463664,-157.73725624,UAV 1,2,1:3001:2500,ENMORT003,1:1:71:10:1:0:1,0,false,false,false,false,0
ENBTR60005,move to,LOC_중앙계곡,2026-08-09T09:06:24.000Z,21.37225896,-157.74063687,UAV 1,2,1:3001:2537,ENBTR60005,1:1:222:2:8:1:0,0,false,false,false,false,0
ENT72010,move to,LOC_중앙계곡,2026-08-09T09:06:24.000Z,21.37467348,-157.74139202,UAV 1,2,1:3001:2396,ENT72010,1:1:222:1:2:1:0,0,false,false,false,false,0
ENT72006,move to,LOC_중앙계곡,2026-08-09T09:06:24.000Z,21.37480985,-157.74137916,UAV 1,2,1:3001:2413,ENT72006,1:1:222:1:2:1:0,0,false,false,false,false,0
ENBTR80002,move to,LOC_중앙계곡,2026-08-09T09:06:24.000Z,21.37252981,-157.74053253,UAV 1,2,1:3001:2519,ENBTR80002,1:1:222:2:13:0:0,0,false,false,false,false,0
ENBTR60003,move to,LOC_중앙계곡,2026-08-09T09:06:24.000Z,21.37241662,-157.74062990,UAV 1,2,1:3001:2320,ENBTR60003,1:1:222:2:8:1:0,0,false,false,false,false,0
ENT72004,move to,LOC_중앙계곡,2026-08-09T09:06:24.000Z,21.37488666,-157.74137195,UAV 1,2,1:3001:2373,ENT72004,1:1:222:1:2:1:0,0,false,false,false,false,0
ENT72002,move to,LOC_중앙계곡,2026-08-09T09:06:24.000Z,21.37498108,-157.74136318,UAV 1,2,1:3001:2263,ENT72002,1:1:222:1:2:1:0,0,false,false,false,false,0
ENM35001,move to,LOC_적북측접근로,2026-08-09T09:06:24.000Z,21.37254842,-157.73657134,UAV 1,2,1:3001:2389,ENM35001,1:1:225:7:1:6:0,0,false,false,false,false,0
FRTRK2004,move to,LOC_남측제1방어선,2026-08-09T09:06:24.000Z,21.38766531,-157.74803545,UAV 1,1,1:3001:2211,FRTRK2004,1:1:225:7:12:8:0,0,false,false,false,false,0
FRLAV001,move to,LOC_중앙킬존남측,2026-08-09T09:06:24.000Z,21.38820381,-157.74559795,UAV 1,1,1:3001:2453,FRLAV001,1:1:39:2:6:1:0,0,false,false,false,false,0
FRLAV005,move to,LOC_중앙킬존남측,2026-08-09T09:06:24.000Z,21.38836412,-157.74583256,UAV 1,1,1:3001:2482,FRLAV005,1:1:39:2:6:1:0,0,false,false,false,false,0
FRLAV004,move to,LOC_중앙킬존남측,2026-08-09T09:06:24.000Z,21.38832370,-157.74577357,UAV 1,1,1:3001:2520,FRLAV004,1:1:39:2:6:1:0,0,false,false,false,false,0
FRTRK1003,move to,LOC_남측제1방어선,2026-08-09T09:06:24.000Z,21.38774510,-157.74756190,UAV 1,1,1:3001:2249,FRTRK1003,1:1:225:7:12:0:0,0,false,false,false,false,0
FRLAV006,move to,LOC_중앙킬존남측,2026-08-09T09:06:24.000Z,21.38840289,-157.74589193,UAV 1,1,1:3001:2331,FRLAV006,1:1:39:2:6:1:0,0,false,false,false,false,0
FRLAV008,move to,LOC_중앙킬존남측,2026-08-09T09:06:24.000Z,21.38848291,-157.74601118,UAV 1,1,1:3001:2381,FRLAV008,1:1:39:2:6:1:0,0,false,false,false,false,0
FRLAV007,move to,LOC_중앙킬존남측,2026-08-09T09:06:24.000Z,21.38844347,-157.74595139,UAV 1,1,1:3001:2492,FRLAV007,1:1:39:2:6:1:0,0,false,false,false,false,0
FRTRK1004,move to,LOC_남측제1방어선,2026-08-09T09:06:24.000Z,21.38788910,-157.74761942,UAV 1,1,1:3001:2533,FRTRK1004,1:1:225:7:12:0:0,0,false,false,false,false,0
FRTRK1001,move to,LOC_남측제1방어선,2026-08-09T09:06:24.000Z,21.38786997,-157.74748226,UAV 1,1,1:3001:2278,FRTRK1001,1:1:225:7:12:0:0,0,false,false,false,false,0
FRM113002,move to,LOC_중앙킬존남측,2026-08-09T09:06:24.000Z,21.38889570,-157.74706557,UAV 1,1,1:3001:2344,FRM113002,1:1:225:2:3:1:0,0,false,false,false,false,0
FRM113001,move to,LOC_중앙킬존남측,2026-08-09T09:06:24.000Z,21.38887742,-157.74700446,UAV 1,1,1:3001:2477,FRM113001,1:1:225:2:3:1:0,0,false,false,false,false,0
FRM113004,move to,LOC_중앙킬존남측,2026-08-09T09:06:24.000Z,21.38898140,-157.74719226,UAV 1,1,1:3001:2489,FRM113004,1:1:225:2:3:1:0,0,false,false,false,false,0
FRM113007,move to,LOC_중앙킬존남측,2026-08-09T09:06:24.000Z,21.38911671,-157.74738494,UAV 1,1,1:3001:2342,FRM113007,1:1:225:2:3:1:0,0,false,false,false,false,0
FRM113006,move to,LOC_중앙킬존남측,2026-08-09T09:06:24.000Z,21.38904964,-157.74731805,UAV 1,1,1:3001:2392,FRM113006,1:1:225:2:3:1:0,0,false,false,false,false,0
FRTRK2001,move to,LOC_남측제1방어선,2026-08-09T09:06:24.000Z,21.38775394,-157.74818251,UAV 1,1,1:3001:2458,FRTRK2001,1:1:225:7:12:8:0,0,false,false,false,false,0
FRLAV003,move to,LOC_중앙킬존남측,2026-08-09T09:06:24.000Z,21.38828257,-157.74571486,UAV 1,1,1:3001:2459,FRLAV003,1:1:39:2:6:1:0,0,false,false,false,false,0
M933HE 3,fired_by,,2026-08-09T09:06:24.000Z,21.37376567,-157.73705476,UAV 1,1,1:3001:2549,M933HE 3,2:9:225:2:11:1:0,0,false,false,false,false,0
M107 4,fired_by,,2026-08-09T09:06:24.000Z,21.37953735,-157.73710844,UAV 1,1,1:3001:2558,M107 4,2:9:225:2:14:2:0,0,false,false,false,false,0
ENCAESAR002,move to,LOC_북측예비방어선,2026-08-09T09:06:26.000Z,21.37098837,-157.73708520,UAV 1,2,1:3001:2229,ENCAESAR002,1:1:71:4:0:0:0,0,false,false,false,false,0
ENT72012,move to,LOC_중앙계곡,2026-08-09T09:06:26.000Z,21.37473525,-157.74138677,UAV 1,2,1:3001:2230,ENT72012,1:1:222:1:2:1:0,0,false,false,false,false,0
ENMORT005,none,,2026-08-09T09:06:26.000Z,21.37457651,-157.73710572,UAV 1,2,1:3001:2242,ENMORT005,1:1:71:10:1:0:1,0,false,false,false,false,0
ENM1A2005,move to,LOC_중앙계곡,2026-08-09T09:06:26.000Z,21.37680202,-157.74177189,UAV 1,2,1:3001:2256,ENM1A2005,1:1:225:1:1:3:0,0,false,false,false,false,0
ENMORT004,none,,2026-08-09T09:06:26.000Z,21.37447596,-157.73706256,UAV 1,2,1:3001:2265,ENMORT004,1:1:71:10:1:0:1,0,false,false,false,false,0
ENGAZ001,move to,LOC_적북측접근로,2026-08-09T09:06:26.000Z,21.37244721,-157.73652725,UAV 1,2,1:3001:2289,ENGAZ001,1:1:222:7:8:0:0,0,false,false,false,false,0
ENBTR60006,move to,LOC_중앙계곡,2026-08-09T09:06:26.000Z,21.37251859,-157.74059928,UAV 1,2,1:3001:2298,ENBTR60006,1:1:222:2:8:1:0,0,false,false,false,false,0
ENBTR80004,move to,LOC_중앙계곡,2026-08-09T09:06:26.000Z,21.37258571,-157.74055239,UAV 1,2,1:3001:2314,ENBTR80004,1:1:222:2:13:0:0,0,false,false,false,false,0
ENBTR80001,move to,LOC_중앙계곡,2026-08-09T09:06:26.000Z,21.37265261,-157.74059195,UAV 1,2,1:3001:2332,ENBTR80001,1:1:222:2:13:0:0,0,false,false,false,false,0
ENCAESAR004,move to,LOC_북측예비방어선,2026-08-09T09:06:26.000Z,21.37145084,-157.73826149,UAV 1,2,1:3001:2333,ENCAESAR004,1:1:71:4:0:0:0,0,false,false,false,false,0
ENGAZ002,move to,LOC_적북측접근로,2026-08-09T09:06:26.000Z,21.37247845,-157.73663578,UAV 1,2,1:3001:2356,ENGAZ002,1:1:222:7:8:0:0,0,false,false,false,false,0
ENBTR80006,move to,LOC_중앙계곡,2026-08-09T09:06:26.000Z,21.37268424,-157.74045716,UAV 1,2,1:3001:2363,ENBTR80006,1:1:222:2:13:0:0,0,false,false,false,false,0
ENGAZ003,move to,LOC_적북측접근로,2026-08-09T09:06:26.000Z,21.37247141,-157.73641852,UAV 1,2,1:3001:2384,ENGAZ003,1:1:222:7:8:0:0,0,false,false,false,false,0
ENBTR80003,move to,LOC_중앙계곡,2026-08-09T09:06:26.000Z,21.37277721,-157.74049890,UAV 1,2,1:3001:2388,ENBTR80003,1:1:222:2:13:0:0,0,false,false,false,false,0
FRT80008,move to,LOC_중앙킬존남측,2026-08-09T09:06:26.000Z,21.38123952,-157.74732241,UAV 1,1,1:3001:2391,FRT80008,1:1:222:1:1:1:0,0,false,false,false,false,0
ENCAESAR003,move to,LOC_적북측접근로,2026-08-09T09:06:26.000Z,21.37040938,-157.73717120,UAV 1,2,1:3001:2417,ENCAESAR003,1:1:71:4:0:0:0,0,false,false,false,false,0
ENMORT001,none,,2026-08-09T09:06:26.000Z,21.37443553,-157.73716992,UAV 1,2,1:3001:2424,ENMORT001,1:1:71:10:1:0:1,0,false,false,false,false,0
ENBTR60007,move to,LOC_중앙계곡,2026-08-09T09:06:26.000Z,21.37230998,-157.74065392,UAV 1,2,1:3001:2450,ENBTR60007,1:1:222:2:8:1:0,0,false,false,false,false,0
ENBTR60008,move to,LOC_중앙계곡,2026-08-09T09:06:26.000Z,21.37237742,-157.74060645,UAV 1,2,1:3001:2461,ENBTR60008,1:1:222:2:8:1:0,0,false,false,false,false,0
FRTRK2002,move to,LOC_남측제1방어선,2026-08-09T09:06:26.000Z,21.38761217,-157.74758681,UAV 1,1,1:3001:2462,FRTRK2002,1:1:225:7:12:8:0,0,false,false,false,false,0
ENBTR80007,move to,LOC_중앙계곡,2026-08-09T09:06:26.000Z,21.37249985,-157.74051125,UAV 1,2,1:3001:2463,ENBTR80007,1:1:222:2:13:0:0,0,false,false,false,false,0
ENMORT002,none,,2026-08-09T09:06:26.000Z,21.37453609,-157.73721308,UAV 1,2,1:3001:2469,ENMORT002,1:1:71:10:1:0:1,0,false,false,false,false,0
ENGAZ004,move to,LOC_적북측접근로,2026-08-09T09:06:26.000Z,21.37250807,-157.73650546,UAV 1,2,1:3001:2473,ENGAZ004,1:1:222:7:8:0:0,0,false,false,false,false,0
ENBTR80005,move to,LOC_중앙계곡,2026-08-09T09:06:26.000Z,21.37262675,-157.74050406,UAV 1,2,1:3001:2481,ENBTR80005,1:1:222:2:13:0:0,0,false,false,false,false,0
ENMIM001,move to,LOC_적북측접근로,2026-08-09T09:06:26.000Z,21.37089168,-157.74042169,UAV 1,2,1:3001:2490,ENMIM001,1:1:225:28:2:0:0,0,false,false,false,false,0
ENCAESAR001,move to,LOC_적북측접근로,2026-08-09T09:06:26.000Z,21.37072691,-157.73867178,UAV 1,2,1:3001:2495,ENCAESAR001,1:1:71:4:0:0:0,0,false,false,false,false,0
ENMORT003,none,,2026-08-09T09:06:26.000Z,21.37463664,-157.73725624,UAV 1,2,1:3001:2500,ENMORT003,1:1:71:10:1:0:1,0,false,false,false,false,0
ENBTR60005,move to,LOC_중앙계곡,2026-08-09T09:06:26.000Z,21.37246404,-157.74064729,UAV 1,2,1:3001:2537,ENBTR60005,1:1:222:2:8:1:0,0,false,false,false,false,0
ENT72010,move to,LOC_중앙계곡,2026-08-09T09:06:26.000Z,21.37484580,-157.74137654,UAV 1,2,1:3001:2396,ENT72010,1:1:222:1:2:1:0,0,false,false,false,false,0
ENT72006,move to,LOC_중앙계곡,2026-08-09T09:06:26.000Z,21.37500357,-157.74136178,UAV 1,2,1:3001:2413,ENT72006,1:1:222:1:2:1:0,0,false,false,false,false,0
ENBTR80002,move to,LOC_중앙계곡,2026-08-09T09:06:26.000Z,21.37271699,-157.74054536,UAV 1,2,1:3001:2519,ENBTR80002,1:1:222:2:13:0:0,0,false,false,false,false,0
ENBTR60003,move to,LOC_중앙계곡,2026-08-09T09:06:26.000Z,21.37260999,-157.74064014,UAV 1,2,1:3001:2320,ENBTR60003,1:1:222:2:8:1:0,0,false,false,false,false,0
ENT72004,move to,LOC_중앙계곡,2026-08-09T09:06:26.000Z,21.37508879,-157.74135384,UAV 1,2,1:3001:2373,ENT72004,1:1:222:1:2:1:0,0,false,false,false,false,0
ENT72002,move to,LOC_중앙계곡,2026-08-09T09:06:26.000Z,21.37517905,-157.74134545,UAV 1,2,1:3001:2263,ENT72002,1:1:222:1:2:1:0,0,false,false,false,false,0
ENM35001,move to,LOC_적북측접근로,2026-08-09T09:06:26.000Z,21.37250000,-157.73677683,UAV 1,2,1:3001:2389,ENM35001,1:1:225:7:1:6:0,0,false,false,false,false,0
FRTRK2004,move to,LOC_남측제1방어선,2026-08-09T09:06:26.000Z,21.38765168,-157.74791773,UAV 1,1,1:3001:2211,FRTRK2004,1:1:225:7:12:8:0,0,false,false,false,false,0
FRLAV001,move to,LOC_중앙킬존남측,2026-08-09T09:06:26.000Z,21.38799459,-157.74562114,UAV 1,1,1:3001:2453,FRLAV001,1:1:39:2:6:1:0,0,false,false,false,false,0
FRLAV005,move to,LOC_중앙킬존남측,2026-08-09T09:06:26.000Z,21.38815366,-157.74584883,UAV 1,1,1:3001:2482,FRLAV005,1:1:39:2:6:1:0,0,false,false,false,false,0
FRLAV004,move to,LOC_중앙킬존남측,2026-08-09T09:06:26.000Z,21.38811057,-157.74579181,UAV 1,1,1:3001:2520,FRLAV004,1:1:39:2:6:1:0,0,false,false,false,false,0
FRTRK1003,move to,LOC_남측제1방어선,2026-08-09T09:06:26.000Z,21.38771218,-157.74731208,UAV 1,1,1:3001:2249,FRTRK1003,1:1:225:7:12:0:0,0,false,false,false,false,0
FRLAV006,move to,LOC_중앙킬존남측,2026-08-09T09:06:26.000Z,21.38819244,-157.74590646,UAV 1,1,1:3001:2331,FRLAV006,1:1:39:2:6:1:0,0,false,false,false,false,0
FRLAV008,move to,LOC_중앙킬존남측,2026-08-09T09:06:26.000Z,21.38827347,-157.74602222,UAV 1,1,1:3001:2381,FRLAV008,1:1:39:2:6:1:0,0,false,false,false,false,0
FRLAV007,move to,LOC_중앙킬존남측,2026-08-09T09:06:26.000Z,21.38823324,-157.74596419,UAV 1,1,1:3001:2492,FRLAV007,1:1:39:2:6:1:0,0,false,false,false,false,0
FRTRK1004,move to,LOC_남측제1방어선,2026-08-09T09:06:26.000Z,21.38786522,-157.74745771,UAV 1,1,1:3001:2533,FRTRK1004,1:1:225:7:12:0:0,0,false,false,false,false,0
FRTRK1001,move to,LOC_남측제1방어선,2026-08-09T09:06:26.000Z,21.38783603,-157.74725260,UAV 1,1,1:3001:2278,FRTRK1001,1:1:225:7:12:0:0,0,false,false,false,false,0
FRM113002,move to,LOC_중앙킬존남측,2026-08-09T09:06:26.000Z,21.38870697,-157.74705030,UAV 1,1,1:3001:2344,FRM113002,1:1:225:2:3:1:0,0,false,false,false,false,0
FRM113001,move to,LOC_중앙킬존남측,2026-08-09T09:06:26.000Z,21.38869056,-157.74699072,UAV 1,1,1:3001:2477,FRM113001,1:1:225:2:3:1:0,0,false,false,false,false,0
FRM113007,move to,LOC_중앙킬존남측,2026-08-09T09:06:26.000Z,21.38891383,-157.74736113,UAV 1,1,1:3001:2342,FRM113007,1:1:225:2:3:1:0,0,false,false,false,false,0
FRM113006,move to,LOC_중앙킬존남측,2026-08-09T09:06:26.000Z,21.38887554,-157.74729887,UAV 1,1,1:3001:2392,FRM113006,1:1:225:2:3:1:0,0,false,false,false,false,0
FRTRK2001,move to,LOC_남측제1방어선,2026-08-09T09:06:26.000Z,21.38775147,-157.74816254,UAV 1,1,1:3001:2458,FRTRK2001,1:1:225:7:12:8:0,0,false,false,false,false,0
M107 4,fired_by,,2026-08-09T09:06:26.000Z,21.37810281,-157.73707069,UAV 1,,,,,,,,,,
ENT72008,move to,LOC_중앙계곡,2026-08-09T09:06:26.000Z,21.37491202,-157.74137029,UAV 1,2,1:3001:2250,ENT72008,1:1:222:1:2:1:0,0,false,false,false,false,0
FRM113003,move to,LOC_중앙킬존남측,2026-08-09T09:06:26.000Z,21.38873394,-157.74711076,UAV 1,1,1:3001:2282,FRM113003,1:1:225:2:3:1:0,0,false,false,false,false,0
ENM35004,move to,LOC_적북측접근로,2026-08-09T09:06:26.000Z,21.37257453,-157.73668818,UAV 1,2,1:3001:2285,ENM35004,1:1:225:7:1:6:0,0,false,false,false,false,0
ENM35002,move to,LOC_적북측접근로,2026-08-09T09:06:26.000Z,21.37255082,-157.73678792,UAV 1,2,1:3001:2375,ENM35002,1:1:225:7:1:6:0,0,false,false,false,false,0
FRTRK1002,move to,LOC_남측제1방어선,2026-08-09T09:06:26.000Z,21.38771873,-157.74688458,UAV 1,1,1:3001:2488,FRTRK1002,1:1:225:7:12:0:0,0,false,false,false,false,0
FRTRK2003,move to,LOC_남측제1방어선,2026-08-09T09:06:26.000Z,21.38773903,-157.74805713,UAV 1,1,1:3001:2498,FRTRK2003,1:1:225:7:12:8:0,0,false,false,false,false,0
ENCAESAR002,move to,LOC_북측예비방어선,2026-08-09T09:06:28.000Z,21.37106344,-157.73727436,UAV 1,2,1:3001:2229,ENCAESAR002,1:1:71:4:0:0:0,0,false,false,false,false,0
ENT72012,move to,LOC_중앙계곡,2026-08-09T09:06:28.000Z,21.37492163,-157.74137001,UAV 1,2,1:3001:2230,ENT72012,1:1:222:1:2:1:0,0,false,false,false,false,0
ENMORT005,none,,2026-08-09T09:06:28.000Z,21.37457651,-157.73710572,UAV 1,2,1:3001:2242,ENMORT005,1:1:71:10:1:0:1,0,false,false,false,false,0
ENM1A2005,move to,LOC_중앙계곡,2026-08-09T09:06:28.000Z,21.37698862,-157.74171013,UAV 1,2,1:3001:2256,ENM1A2005,1:1:225:1:1:3:0,0,false,false,false,false,0
ENMORT004,none,,2026-08-09T09:06:28.000Z,21.37447596,-157.73706256,UAV 1,2,1:3001:2265,ENMORT004,1:1:71:10:1:0:1,0,false,false,false,false,0
ENGAZ001,move to,LOC_적북측접근로,2026-08-09T09:06:28.000Z,21.37240343,-157.73673159,UAV 1,2,1:3001:2289,ENGAZ001,1:1:222:7:8:0:0,0,false,false,false,false,0
ENBTR60006,move to,LOC_중앙계곡,2026-08-09T09:06:28.000Z,21.37271705,-157.74061087,UAV 1,2,1:3001:2298,ENBTR60006,1:1:222:2:8:1:0,0,false,false,false,false,0
ENBTR80004,move to,LOC_중앙계곡,2026-08-09T09:06:28.000Z,21.37277107,-157.74056465,UAV 1,2,1:3001:2314,ENBTR80004,1:1:222:2:13:0:0,0,false,false,false,false,0
ENBTR80001,move to,LOC_중앙계곡,2026-08-09T09:06:28.000Z,21.37284182,-157.74060345,UAV 1,2,1:3001:2332,ENBTR80001,1:1:222:2:13:0:0,0,false,false,false,false,0
ENCAESAR004,move to,LOC_북측예비방어선,2026-08-09T09:06:28.000Z,21.37151349,-157.73841900,UAV 1,2,1:3001:2333,ENCAESAR004,1:1:71:4:0:0:0,0,false,false,false,false,0
ENGAZ002,move to,LOC_적북측접근로,2026-08-09T09:06:28.000Z,21.37243285,-157.73683852,UAV 1,2,1:3001:2356,ENGAZ002,1:1:222:7:8:0:0,0,false,false,false,false,0
ENBTR80006,move to,LOC_중앙계곡,2026-08-09T09:06:28.000Z,21.37288053,-157.74047322,UAV 1,2,1:3001:2363,ENBTR80006,1:1:222:2:13:0:0,0,false,false,false,false,0
ENGAZ003,move to,LOC_적북측접근로,2026-08-09T09:06:28.000Z,21.37242727,-157.73662439,UAV 1,2,1:3001:2384,ENGAZ003,1:1:222:7:8:0:0,0,false,false,false,false,0
ENBTR80003,move to,LOC_중앙계곡,2026-08-09T09:06:28.000Z,21.37296382,-157.74051317,UAV 1,2,1:3001:2388,ENBTR80003,1:1:222:2:13:0:0,0,false,false,false,false,0
FRT80008,move to,LOC_중앙킬존남측,2026-08-09T09:06:28.000Z,21.38115884,-157.74713812,UAV 1,1,1:3001:2391,FRT80008,1:1:222:1:1:1:0,0,false,false,false,false,0
ENCAESAR003,move to,LOC_적북측접근로,2026-08-09T09:06:28.000Z,21.37044397,-157.73734278,UAV 1,2,1:3001:2417,ENCAESAR003,1:1:71:4:0:0:0,0,false,false,false,false,0
ENMORT001,none,,2026-08-09T09:06:28.000Z,21.37443553,-157.73716992,UAV 1,2,1:3001:2424,ENMORT001,1:1:71:10:1:0:1,0,false,false,false,false,0
ENBTR60007,move to,LOC_중앙계곡,2026-08-09T09:06:28.000Z,21.37251484,-157.74066386,UAV 1,2,1:3001:2450,ENBTR60007,1:1:222:2:8:1:0,0,false,false,false,false,0
ENBTR60008,move to,LOC_중앙계곡,2026-08-09T09:06:28.000Z,21.37258181,-157.74061792,UAV 1,2,1:3001:2461,ENBTR60008,1:1:222:2:8:1:0,0,false,false,false,false,0
FRTRK2002,move to,LOC_남측제1방어선,2026-08-09T09:06:28.000Z,21.38758383,-157.74734188,UAV 1,1,1:3001:2462,FRTRK2002,1:1:225:7:12:8:0,0,false,false,false,false,0
ENBTR80007,move to,LOC_중앙계곡,2026-08-09T09:06:28.000Z,21.37269756,-157.74052538,UAV 1,2,1:3001:2463,ENBTR80007,1:1:222:2:13:0:0,0,false,false,false,false,0
ENMORT002,none,,2026-08-09T09:06:28.000Z,21.37453609,-157.73721308,UAV 1,2,1:3001:2469,ENMORT002,1:1:71:10:1:0:1,0,false,false,false,false,0
ENGAZ004,move to,LOC_적북측접근로,2026-08-09T09:06:28.000Z,21.37246195,-157.73671046,UAV 1,2,1:3001:2473,ENGAZ004,1:1:222:7:8:0:0,0,false,false,false,false,0
ENBTR80005,move to,LOC_중앙계곡,2026-08-09T09:06:28.000Z,21.37282404,-157.74051865,UAV 1,2,1:3001:2481,ENBTR80005,1:1:222:2:13:0:0,0,false,false,false,false,0
ENMIM001,move to,LOC_적북측접근로,2026-08-09T09:06:28.000Z,21.37095148,-157.74060143,UAV 1,2,1:3001:2490,ENMIM001,1:1:225:28:2:0:0,0,false,false,false,false,0
ENCAESAR001,move to,LOC_적북측접근로,2026-08-09T09:06:28.000Z,21.37077123,-157.73889711,UAV 1,2,1:3001:2495,ENCAESAR001,1:1:71:4:0:0:0,0,false,false,false,false,0
ENMORT003,none,,2026-08-09T09:06:28.000Z,21.37463664,-157.73725624,UAV 1,2,1:3001:2500,ENMORT003,1:1:71:10:1:0:1,0,false,false,false,false,0
ENBTR60005,move to,LOC_중앙계곡,2026-08-09T09:06:28.000Z,21.37266568,-157.74065753,UAV 1,2,1:3001:2537,ENBTR60005,1:1:222:2:8:1:0,0,false,false,false,false,0
ENT72010,move to,LOC_중앙계곡,2026-08-09T09:06:28.000Z,21.37503530,-157.74135951,UAV 1,2,1:3001:2396,ENT72010,1:1:222:1:2:1:0,0,false,false,false,false,0
ENT72006,move to,LOC_중앙계곡,2026-08-09T09:06:28.000Z,21.37519970,-157.74134418,UAV 1,2,1:3001:2413,ENT72006,1:1:222:1:2:1:0,0,false,false,false,false,0
ENBTR80002,move to,LOC_중앙계곡,2026-08-09T09:06:28.000Z,21.37290536,-157.74055828,UAV 1,2,1:3001:2519,ENBTR80002,1:1:222:2:13:0:0,0,false,false,false,false,0
ENBTR60003,move to,LOC_중앙계곡,2026-08-09T09:06:28.000Z,21.37280186,-157.74065031,UAV 1,2,1:3001:2320,ENBTR60003,1:1:222:2:8:1:0,0,false,false,false,false,0
ENT72004,move to,LOC_중앙계곡,2026-08-09T09:06:28.000Z,21.37528122,-157.74133658,UAV 1,2,1:3001:2373,ENT72004,1:1:222:1:2:1:0,0,false,false,false,false,0
ENT72002,move to,LOC_중앙계곡,2026-08-09T09:06:28.000Z,21.37536666,-157.74132864,UAV 1,2,1:3001:2263,ENT72002,1:1:222:1:2:1:0,0,false,false,false,false,0
ENM35001,move to,LOC_적북측접근로,2026-08-09T09:06:28.000Z,21.37244942,-157.73699146,UAV 1,2,1:3001:2389,ENM35001,1:1:225:7:1:6:0,0,false,false,false,false,0
FRTRK2004,move to,LOC_남측제1방어선,2026-08-09T09:06:28.000Z,21.38763317,-157.74775800,UAV 1,1,1:3001:2211,FRTRK2004,1:1:225:7:12:8:0,0,false,false,false,false,0
FRLAV001,move to,LOC_중앙킬존남측,2026-08-09T09:06:28.000Z,21.38780550,-157.74564210,UAV 1,1,1:3001:2453,FRLAV001,1:1:39:2:6:1:0,0,false,false,false,false,0
FRTRK1003,move to,LOC_남측제1방어선,2026-08-09T09:06:28.000Z,21.38768310,-157.74709140,UAV 1,1,1:3001:2249,FRTRK1003,1:1:225:7:12:0:0,0,false,false,false,false,0
FRLAV008,move to,LOC_중앙킬존남측,2026-08-09T09:06:28.000Z,21.38807556,-157.74603265,UAV 1,1,1:3001:2381,FRLAV008,1:1:39:2:6:1:0,0,false,false,false,false,0
FRLAV007,move to,LOC_중앙킬존남측,2026-08-09T09:06:28.000Z,21.38803164,-157.74597645,UAV 1,1,1:3001:2492,FRLAV007,1:1:39:2:6:1:0,0,false,false,false,false,0
FRTRK1004,move to,LOC_남측제1방어선,2026-08-09T09:06:28.000Z,21.38783039,-157.74722188,UAV 1,1,1:3001:2533,FRTRK1004,1:1:225:7:12:0:0,0,false,false,false,false,0
FRTRK1001,move to,LOC_남측제1방어선,2026-08-09T09:06:28.000Z,21.38780035,-157.74701122,UAV 1,1,1:3001:2278,FRTRK1001,1:1:225:7:12:0:0,0,false,false,false,false,0
FRM113002,move to,LOC_중앙킬존남측,2026-08-09T09:06:28.000Z,21.38850356,-157.74703384,UAV 1,1,1:3001:2344,FRM113002,1:1:225:2:3:1:0,0,false,false,false,false,0
FRM113001,move to,LOC_중앙킬존남측,2026-08-09T09:06:28.000Z,21.38849457,-157.74697632,UAV 1,1,1:3001:2477,FRM113001,1:1:225:2:3:1:0,0,false,false,false,false,0
FRM113006,move to,LOC_중앙킬존남측,2026-08-09T09:06:28.000Z,21.38866905,-157.74727612,UAV 1,1,1:3001:2392,FRM113006,1:1:225:2:3:1:0,0,false,false,false,false,0
FRTRK2001,move to,LOC_남측제1방어선,2026-08-09T09:06:28.000Z,21.38774739,-157.74812958,UAV 1,1,1:3001:2458,FRTRK2001,1:1:225:7:12:8:0,0,false,false,false,false,0
ENT72008,move to,LOC_중앙계곡,2026-08-09T09:06:28.000Z,21.37511132,-157.74135240,UAV 1,2,1:3001:2250,ENT72008,1:1:222:1:2:1:0,0,false,false,false,false,0
ENM35004,move to,LOC_적북측접근로,2026-08-09T09:06:28.000Z,21.37252420,-157.73689257,UAV 1,2,1:3001:2285,ENM35004,1:1:225:7:1:6:0,0,false,false,false,false,0
ENM35002,move to,LOC_적북측접근로,2026-08-09T09:06:28.000Z,21.37249876,-157.73699920,UAV 1,2,1:3001:2375,ENM35002,1:1:225:7:1:6:0,0,false,false,false,false,0
FRTRK1002,move to,LOC_남측제1방어선,2026-08-09T09:06:28.000Z,21.38769601,-157.74672205,UAV 1,1,1:3001:2488,FRTRK1002,1:1:225:7:12:0:0,0,false,false,false,false,0
FRTRK2003,move to,LOC_남측제1방어선,2026-08-09T09:06:28.000Z,21.38772750,-157.74796399,UAV 1,1,1:3001:2498,FRTRK2003,1:1:225:7:12:8:0,0,false,false,false,false,0
FRTRK1005,move to,LOC_남측제1방어선,2026-08-09T09:06:28.000Z,21.38768727,-157.74666332,UAV 1,1,1:3001:2408,FRTRK1005,1:1:225:7:12:0:0,0,false,false,false,false,0
FRM113004,move to,LOC_중앙킬존남측,2026-08-09T09:06:28.000Z,21.38859521,-157.74715533,UAV 1,1,1:3001:2489,FRM113004,1:1:225:2:3:1:0,0,false,false,false,false,0
M107 3,fired_by,,2026-08-09T09:06:28.000Z,21.37151346,-157.74150372,UAV 1,1,1:3001:2557,M107 3,2:9:225:2:14:2:0,0,false,false,false,false,0
ENCAESAR002,move to,LOC_북측예비방어선,2026-08-09T09:06:30.000Z,21.37113436,-157.73745304,UAV 1,2,1:3001:2229,ENCAESAR002,1:1:71:4:0:0:0,0,false,false,false,false,0
ENT72012,move to,LOC_중앙계곡,2026-08-09T09:06:30.000Z,21.37510992,-157.74135308,UAV 1,2,1:3001:2230,ENT72012,1:1:222:1:2:1:0,0,false,false,false,false,0
ENMORT005,none,,2026-08-09T09:06:30.000Z,21.37457651,-157.73710572,UAV 1,2,1:3001:2242,ENMORT005,1:1:71:10:1:0:1,0,false,false,false,false,0
ENM1A2005,move to,LOC_중앙계곡,2026-08-09T09:06:30.000Z,21.37716078,-157.74165315,UAV 1,2,1:3001:2256,ENM1A2005,1:1:225:1:1:3:0,0,false,false,false,false,0
ENMORT004,none,,2026-08-09T09:06:30.000Z,21.37447596,-157.73706256,UAV 1,2,1:3001:2265,ENMORT004,1:1:71:10:1:0:1,0,false,false,false,false,0
ENGAZ001,move to,LOC_적북측접근로,2026-08-09T09:06:30.000Z,21.37236284,-157.73692104,UAV 1,2,1:3001:2289,ENGAZ001,1:1:222:7:8:0:0,0,false,false,false,false,0
ENBTR60006,move to,LOC_중앙계곡,2026-08-09T09:06:30.000Z,21.37288606,-157.74062075,UAV 1,2,1:3001:2298,ENBTR60006,1:1:222:2:8:1:0,0,false,false,false,false,0
ENBTR80004,move to,LOC_중앙계곡,2026-08-09T09:06:30.000Z,21.37294698,-157.74057628,UAV 1,2,1:3001:2314,ENBTR80004,1:1:222:2:13:0:0,0,false,false,false,false,0
ENBTR80001,move to,LOC_중앙계곡,2026-08-09T09:06:30.000Z,21.37302196,-157.74061439,UAV 1,2,1:3001:2332,ENBTR80001,1:1:222:2:13:0:0,0,false,false,false,false,0
ENCAESAR004,move to,LOC_북측예비방어선,2026-08-09T09:06:30.000Z,21.37158553,-157.73860010,UAV 1,2,1:3001:2333,ENCAESAR004,1:1:71:4:0:0:0,0,false,false,false,false,0
ENGAZ002,move to,LOC_적북측접근로,2026-08-09T09:06:30.000Z,21.37239039,-157.73702734,UAV 1,2,1:3001:2356,ENGAZ002,1:1:222:7:8:0:0,0,false,false,false,false,0
ENBTR80006,move to,LOC_중앙계곡,2026-08-09T09:06:30.000Z,21.37305354,-157.74048737,UAV 1,2,1:3001:2363,ENBTR80006,1:1:222:2:13:0:0,0,false,false,false,false,0
ENGAZ003,move to,LOC_적북측접근로,2026-08-09T09:06:30.000Z,21.37238642,-157.73681490,UAV 1,2,1:3001:2384,ENGAZ003,1:1:222:7:8:0:0,0,false,false,false,false,0
ENBTR80003,move to,LOC_중앙계곡,2026-08-09T09:06:30.000Z,21.37313646,-157.74052638,UAV 1,2,1:3001:2388,ENBTR80003,1:1:222:2:13:0:0,0,false,false,false,false,0
FRT80008,move to,LOC_중앙킬존남측,2026-08-09T09:06:30.000Z,21.38108470,-157.74696877,UAV 1,1,1:3001:2391,FRT80008,1:1:222:1:1:1:0,0,false,false,false,false,0
ENCAESAR003,move to,LOC_적북측접근로,2026-08-09T09:06:30.000Z,21.37048529,-157.73754776,UAV 1,2,1:3001:2417,ENCAESAR003,1:1:71:4:0:0:0,0,false,false,false,false,0
ENMORT001,none,,2026-08-09T09:06:30.000Z,21.37443553,-157.73716992,UAV 1,2,1:3001:2424,ENMORT001,1:1:71:10:1:0:1,0,false,false,false,false,0
ENBTR60007,move to,LOC_중앙계곡,2026-08-09T09:06:30.000Z,21.37269952,-157.74067282,UAV 1,2,1:3001:2450,ENBTR60007,1:1:222:2:8:1:0,0,false,false,false,false,0
ENBTR60008,move to,LOC_중앙계곡,2026-08-09T09:06:30.000Z,21.37276235,-157.74062806,UAV 1,2,1:3001:2461,ENBTR60008,1:1:222:2:8:1:0,0,false,false,false,false,0
FRTRK2002,move to,LOC_남측제1방어선,2026-08-09T09:06:30.000Z,21.38756139,-157.74714799,UAV 1,1,1:3001:2462,FRTRK2002,1:1:225:7:12:8:0,0,false,false,false,false,0
ENBTR80007,move to,LOC_중앙계곡,2026-08-09T09:06:30.000Z,21.37287814,-157.74053828,UAV 1,2,1:3001:2463,ENBTR80007,1:1:222:2:13:0:0,0,false,false,false,false,0
ENMORT002,none,,2026-08-09T09:06:30.000Z,21.37453609,-157.73721308,UAV 1,2,1:3001:2469,ENMORT002,1:1:71:10:1:0:1,0,false,false,false,false,0
ENGAZ004,move to,LOC_적북측접근로,2026-08-09T09:06:30.000Z,21.37241937,-157.73689974,UAV 1,2,1:3001:2473,ENGAZ004,1:1:222:7:8:0:0,0,false,false,false,false,0
ENBTR80005,move to,LOC_중앙계곡,2026-08-09T09:06:30.000Z,21.37299645,-157.74053139,UAV 1,2,1:3001:2481,ENBTR80005,1:1:222:2:13:0:0,0,false,false,false,false,0
ENMIM001,move to,LOC_적북측접근로,2026-08-09T09:06:30.000Z,21.37101840,-157.74080257,UAV 1,2,1:3001:2490,ENMIM001,1:1:225:28:2:0:0,0,false,false,false,false,0
ENCAESAR001,move to,LOC_적북측접근로,2026-08-09T09:06:30.000Z,21.37080761,-157.73908208,UAV 1,2,1:3001:2495,ENCAESAR001,1:1:71:4:0:0:0,0,false,false,false,false,0
ENMORT003,none,,2026-08-09T09:06:30.000Z,21.37463664,-157.73725624,UAV 1,2,1:3001:2500,ENMORT003,1:1:71:10:1:0:1,0,false,false,false,false,0
ENBTR60005,move to,LOC_중앙계곡,2026-08-09T09:06:30.000Z,21.37283311,-157.74066603,UAV 1,2,1:3001:2537,ENBTR60005,1:1:222:2:8:1:0,0,false,false,false,false,0
ENT72010,move to,LOC_중앙계곡,2026-08-09T09:06:30.000Z,21.37521847,-157.74134305,UAV 1,2,1:3001:2396,ENT72010,1:1:222:1:2:1:0,0,false,false,false,false,0
ENT72006,move to,LOC_중앙계곡,2026-08-09T09:06:30.000Z,21.37537228,-157.74132870,UAV 1,2,1:3001:2413,ENT72006,1:1:222:1:2:1:0,0,false,false,false,false,0
ENBTR80002,move to,LOC_중앙계곡,2026-08-09T09:06:30.000Z,21.37308395,-157.74057052,UAV 1,2,1:3001:2519,ENBTR80002,1:1:222:2:13:0:0,0,false,false,false,false,0
ENBTR60003,move to,LOC_중앙계곡,2026-08-09T09:06:30.000Z,21.37298104,-157.74065981,UAV 1,2,1:3001:2320,ENBTR60003,1:1:222:2:8:1:0,0,false,false,false,false,0
ENT72004,move to,LOC_중앙계곡,2026-08-09T09:06:30.000Z,21.37545085,-157.74132138,UAV 1,2,1:3001:2373,ENT72004,1:1:222:1:2:1:0,0,false,false,false,false,0
ENT72002,move to,LOC_중앙계곡,2026-08-09T09:06:30.000Z,21.37554509,-157.74131266,UAV 1,2,1:3001:2263,ENT72002,1:1:222:1:2:1:0,0,false,false,false,false,0
ENM35001,move to,LOC_적북측접근로,2026-08-09T09:06:30.000Z,21.37240312,-157.73718795,UAV 1,2,1:3001:2389,ENM35001,1:1:225:7:1:6:0,0,false,false,false,false,0
FRTRK2004,move to,LOC_남측제1방어선,2026-08-09T09:06:30.000Z,21.38760961,-157.74755463,UAV 1,1,1:3001:2211,FRTRK2004,1:1:225:7:12:8:0,0,false,false,false,false,0
FRLAV001,move to,LOC_중앙킬존남측,2026-08-09T09:06:30.000Z,21.38763133,-157.74566141,UAV 1,1,1:3001:2453,FRLAV001,1:1:39:2:6:1:0,0,false,false,false,false,0
FRTRK1003,move to,LOC_남측제1방어선,2026-08-09T09:06:30.000Z,21.38766217,-157.74693255,UAV 1,1,1:3001:2249,FRTRK1003,1:1:225:7:12:0:0,0,false,false,false,false,0
FRTRK1004,move to,LOC_남측제1방어선,2026-08-09T09:06:30.000Z,21.38779710,-157.74699640,UAV 1,1,1:3001:2533,FRTRK1004,1:1:225:7:12:0:0,0,false,false,false,false,0
FRTRK1001,move to,LOC_남측제1방어선,2026-08-09T09:06:30.000Z,21.38777600,-157.74684654,UAV 1,1,1:3001:2278,FRTRK1001,1:1:225:7:12:0:0,0,false,false,false,false,0
FRM113002,move to,LOC_중앙킬존남측,2026-08-09T09:06:30.000Z,21.38831338,-157.74701845,UAV 1,1,1:3001:2344,FRM113002,1:1:225:2:3:1:0,0,false,false,false,false,0
FRM113001,move to,LOC_중앙킬존남측,2026-08-09T09:06:30.000Z,21.38830164,-157.74696214,UAV 1,1,1:3001:2477,FRM113001,1:1:225:2:3:1:0,0,false,false,false,false,0
FRM113006,move to,LOC_중앙킬존남측,2026-08-09T09:06:30.000Z,21.38849039,-157.74725644,UAV 1,1,1:3001:2392,FRM113006,1:1:225:2:3:1:0,0,false,false,false,false,0
FRTRK2001,move to,LOC_남측제1방어선,2026-08-09T09:06:30.000Z,21.38774112,-157.74807886,UAV 1,1,1:3001:2458,FRTRK2001,1:1:225:7:12:8:0,0,false,false,false,false,0
ENT72008,move to,LOC_중앙계곡,2026-08-09T09:06:30.000Z,21.37528686,-157.74133664,UAV 1,2,1:3001:2250,ENT72008,1:1:222:1:2:1:0,0,false,false,false,false,0
ENM35004,move to,LOC_적북측접근로,2026-08-09T09:06:30.000Z,21.37247396,-157.73709656,UAV 1,2,1:3001:2285,ENM35004,1:1:225:7:1:6:0,0,false,false,false,false,0
ENM35002,move to,LOC_적북측접근로,2026-08-09T09:06:30.000Z,21.37244952,-157.73719900,UAV 1,2,1:3001:2375,ENM35002,1:1:225:7:1:6:0,0,false,false,false,false,0
FRTRK2003,move to,LOC_남측제1방어선,2026-08-09T09:06:30.000Z,21.38771301,-157.74784688,UAV 1,1,1:3001:2498,FRTRK2003,1:1:225:7:12:8:0,0,false,false,false,false,0
FRTRK1005,move to,LOC_남측제1방어선,2026-08-09T09:06:30.000Z,21.38766052,-157.74647205,UAV 1,1,1:3001:2408,FRTRK1005,1:1:225:7:12:0:0,0,false,false,false,false,0
M107 3,fired_by,,2026-08-09T09:06:30.000Z,21.36973399,-157.74181460,UAV 1,,,,,,,,,,
ENCAESAR002,move to,LOC_북측예비방어선,2026-08-09T09:06:32.000Z,21.37120603,-157.73763364,UAV 1,2,1:3001:2229,ENCAESAR002,1:1:71:4:0:0:0,0,false,false,false,false,0
ENT72012,move to,LOC_중앙계곡,2026-08-09T09:06:32.000Z,21.37529370,-157.74133655,UAV 1,2,1:3001:2230,ENT72012,1:1:222:1:2:1:0,0,false,false,false,false,0
ENMORT005,none,,2026-08-09T09:06:32.000Z,21.37457651,-157.73710572,UAV 1,2,1:3001:2242,ENMORT005,1:1:71:10:1:0:1,0,false,false,false,false,0
ENM1A2005,move to,LOC_중앙계곡,2026-08-09T09:06:32.000Z,21.37734009,-157.74159380,UAV 1,2,1:3001:2256,ENM1A2005,1:1:225:1:1:3:0,0,false,false,false,false,0
ENMORT004,none,,2026-08-09T09:06:32.000Z,21.37447596,-157.73706256,UAV 1,2,1:3001:2265,ENMORT004,1:1:71:10:1:0:1,0,false,false,false,false,0
ENGAZ001,move to,LOC_적북측접근로,2026-08-09T09:06:32.000Z,21.37232111,-157.73711585,UAV 1,2,1:3001:2289,ENGAZ001,1:1:222:7:8:0:0,0,false,false,false,false,0
ENBTR60006,move to,LOC_중앙계곡,2026-08-09T09:06:32.000Z,21.37306536,-157.74063122,UAV 1,2,1:3001:2298,ENBTR60006,1:1:222:2:8:1:0,0,false,false,false,false,0
ENBTR80004,move to,LOC_중앙계곡,2026-08-09T09:06:32.000Z,21.37313139,-157.74058848,UAV 1,2,1:3001:2314,ENBTR80004,1:1:222:2:13:0:0,0,false,false,false,false,0
ENBTR80001,move to,LOC_중앙계곡,2026-08-09T09:06:32.000Z,21.37320476,-157.74062549,UAV 1,2,1:3001:2332,ENBTR80001,1:1:222:2:13:0:0,0,false,false,false,false,0
ENCAESAR004,move to,LOC_북측예비방어선,2026-08-09T09:06:32.000Z,21.37166445,-157.73879851,UAV 1,2,1:3001:2333,ENCAESAR004,1:1:71:4:0:0:0,0,false,false,false,false,0
ENGAZ002,move to,LOC_적북측접근로,2026-08-09T09:06:32.000Z,21.37234680,-157.73722113,UAV 1,2,1:3001:2356,ENGAZ002,1:1:222:7:8:0:0,0,false,false,false,false,0
ENBTR80006,move to,LOC_중앙계곡,2026-08-09T09:06:32.000Z,21.37323794,-157.74050246,UAV 1,2,1:3001:2363,ENBTR80006,1:1:222:2:13:0:0,0,false,false,false,false,0
ENGAZ003,move to,LOC_적북측접근로,2026-08-09T09:06:32.000Z,21.37234449,-157.73701048,UAV 1,2,1:3001:2384,ENGAZ003,1:1:222:7:8:0:0,0,false,false,false,false,0
ENBTR80003,move to,LOC_중앙계곡,2026-08-09T09:06:32.000Z,21.37332457,-157.74054076,UAV 1,2,1:3001:2388,ENBTR80003,1:1:222:2:13:0:0,0,false,false,false,false,0
FRT80008,move to,LOC_중앙킬존남측,2026-08-09T09:06:32.000Z,21.38100489,-157.74678648,UAV 1,1,1:3001:2391,FRT80008,1:1:222:1:1:1:0,0,false,false,false,false,0
ENCAESAR003,move to,LOC_적북측접근로,2026-08-09T09:06:32.000Z,21.37052502,-157.73774487,UAV 1,2,1:3001:2417,ENCAESAR003,1:1:71:4:0:0:0,0,false,false,false,false,0
ENMORT001,none,,2026-08-09T09:06:32.000Z,21.37443553,-157.73716992,UAV 1,2,1:3001:2424,ENMORT001,1:1:71:10:1:0:1,0,false,false,false,false,0
ENBTR60007,move to,LOC_중앙계곡,2026-08-09T09:06:32.000Z,21.37287718,-157.74068144,UAV 1,2,1:3001:2450,ENBTR60007,1:1:222:2:8:1:0,0,false,false,false,false,0
ENBTR60008,move to,LOC_중앙계곡,2026-08-09T09:06:32.000Z,21.37294160,-157.74063813,UAV 1,2,1:3001:2461,ENBTR60008,1:1:222:2:8:1:0,0,false,false,false,false,0
FRTRK2002,move to,LOC_남측제1방어선,2026-08-09T09:06:32.000Z,21.38754011,-157.74696411,UAV 1,1,1:3001:2462,FRTRK2002,1:1:225:7:12:8:0,0,false,false,false,false,0
ENBTR80007,move to,LOC_중앙계곡,2026-08-09T09:06:32.000Z,21.37305961,-157.74055124,UAV 1,2,1:3001:2463,ENBTR80007,1:1:222:2:13:0:0,0,false,false,false,false,0
ENMORT002,none,,2026-08-09T09:06:32.000Z,21.37453609,-157.73721308,UAV 1,2,1:3001:2469,ENMORT002,1:1:71:10:1:0:1,0,false,false,false,false,0
ENGAZ004,move to,LOC_적북측접근로,2026-08-09T09:06:32.000Z,21.37237554,-157.73709456,UAV 1,2,1:3001:2473,ENGAZ004,1:1:222:7:8:0:0,0,false,false,false,false,0
ENBTR80005,move to,LOC_중앙계곡,2026-08-09T09:06:32.000Z,21.37318149,-157.74054507,UAV 1,2,1:3001:2481,ENBTR80005,1:1:222:2:13:0:0,0,false,false,false,false,0
ENMIM001,move to,LOC_적북측접근로,2026-08-09T09:06:32.000Z,21.37108281,-157.74099617,UAV 1,2,1:3001:2490,ENMIM001,1:1:225:28:2:0:0,0,false,false,false,false,0
ENCAESAR001,move to,LOC_적북측접근로,2026-08-09T09:06:32.000Z,21.37084561,-157.73927532,UAV 1,2,1:3001:2495,ENCAESAR001,1:1:71:4:0:0:0,0,false,false,false,false,0
ENMORT003,none,,2026-08-09T09:06:32.000Z,21.37463664,-157.73725624,UAV 1,2,1:3001:2500,ENMORT003,1:1:71:10:1:0:1,0,false,false,false,false,0
ENBTR60005,move to,LOC_중앙계곡,2026-08-09T09:06:32.000Z,21.37301338,-157.74067518,UAV 1,2,1:3001:2537,ENBTR60005,1:1:222:2:8:1:0,0,false,false,false,false,0
ENT72010,move to,LOC_중앙계곡,2026-08-09T09:06:32.000Z,21.37540222,-157.74132654,UAV 1,2,1:3001:2396,ENT72010,1:1:222:1:2:1:0,0,false,false,false,false,0
ENT72006,move to,LOC_중앙계곡,2026-08-09T09:06:32.000Z,21.37555963,-157.74131189,UAV 1,2,1:3001:2413,ENT72006,1:1:222:1:2:1:0,0,false,false,false,false,0
ENBTR80002,move to,LOC_중앙계곡,2026-08-09T09:06:32.000Z,21.37326851,-157.74058318,UAV 1,2,1:3001:2519,ENBTR80002,1:1:222:2:13:0:0,0,false,false,false,false,0
ENBTR60003,move to,LOC_중앙계곡,2026-08-09T09:06:32.000Z,21.37315886,-157.74066924,UAV 1,2,1:3001:2320,ENBTR60003,1:1:222:2:8:1:0,0,false,false,false,false,0
ENT72004,move to,LOC_중앙계곡,2026-08-09T09:06:32.000Z,21.37563969,-157.74130445,UAV 1,2,1:3001:2373,ENT72004,1:1:222:1:2:1:0,0,false,false,false,false,0
ENT72002,move to,LOC_중앙계곡,2026-08-09T09:06:32.000Z,21.37573231,-157.74129589,UAV 1,2,1:3001:2263,ENT72002,1:1:222:1:2:1:0,0,false,false,false,false,0
ENM35001,move to,LOC_적북측접근로,2026-08-09T09:06:32.000Z,21.37236033,-157.73736955,UAV 1,2,1:3001:2389,ENM35001,1:1:225:7:1:6:0,0,false,false,false,false,0
FRTRK2004,move to,LOC_남측제1방어선,2026-08-09T09:06:32.000Z,21.38758385,-157.74733224,UAV 1,1,1:3001:2211,FRTRK2004,1:1:225:7:12:8:0,0,false,false,false,false,0
FRTRK1003,move to,LOC_남측제1방어선,2026-08-09T09:06:32.000Z,21.38763596,-157.74673365,UAV 1,1,1:3001:2249,FRTRK1003,1:1:225:7:12:0:0,0,false,false,false,false,0
FRTRK1004,move to,LOC_남측제1방어선,2026-08-09T09:06:32.000Z,21.38777145,-157.74682274,UAV 1,1,1:3001:2533,FRTRK1004,1:1:225:7:12:0:0,0,false,false,false,false,0
FRTRK1001,move to,LOC_남측제1방어선,2026-08-09T09:06:32.000Z,21.38774875,-157.74666214,UAV 1,1,1:3001:2278,FRTRK1001,1:1:225:7:12:0:0,0,false,false,false,false,0
FRM113001,move to,LOC_중앙킬존남측,2026-08-09T09:06:32.000Z,21.38809608,-157.74694703,UAV 1,1,1:3001:2477,FRM113001,1:1:225:2:3:1:0,0,false,false,false,false,0
FRTRK2001,move to,LOC_남측제1방어선,2026-08-09T09:06:32.000Z,21.38773129,-157.74799943,UAV 1,1,1:3001:2458,FRTRK2001,1:1:225:7:12:8:0,0,false,false,false,false,0
ENT72008,move to,LOC_중앙계곡,2026-08-09T09:06:32.000Z,21.37547151,-157.74132006,UAV 1,2,1:3001:2250,ENT72008,1:1:222:1:2:1:0,0,false,false,false,false,0
ENM35004,move to,LOC_적북측접근로,2026-08-09T09:06:32.000Z,21.37242688,-157.73728772,UAV 1,2,1:3001:2285,ENM35004,1:1:225:7:1:6:0,0,false,false,false,false,0
ENM35002,move to,LOC_적북측접근로,2026-08-09T09:06:32.000Z,21.37240455,-157.73738146,UAV 1,2,1:3001:2375,ENM35002,1:1:225:7:1:6:0,0,false,false,false,false,0
FRTRK2003,move to,LOC_남측제1방어선,2026-08-09T09:06:32.000Z,21.38769368,-157.74769072,UAV 1,1,1:3001:2498,FRTRK2003,1:1:225:7:12:8:0,0,false,false,false,false,0
FRM113005,move to,LOC_중앙킬존남측,2026-08-09T09:06:32.000Z,21.38832495,-157.74718408,UAV 1,1,1:3001:2476,FRM113005,1:1:225:2:3:1:0,0,false,false,false,false,0
ENM35003,move to,LOC_적북측접근로,2026-08-09T09:06:32.000Z,21.37238138,-157.73727913,UAV 1,2,1:3001:2529,ENM35003,1:1:225:7:1:6:0,0,false,false,false,false,0
ENCAESAR002,move to,LOC_북측예비방어선,2026-08-09T09:06:33.000Z,21.37120603,-157.73763364,UAV 1,2,1:3001:2229,ENCAESAR002,1:1:71:4:0:0:0,0,false,false,false,false,0
ENT72012,move to,LOC_중앙계곡,2026-08-09T09:06:33.000Z,21.37529370,-157.74133655,UAV 1,2,1:3001:2230,ENT72012,1:1:222:1:2:1:0,0,false,false,false,false,0
ENMORT005,none,,2026-08-09T09:06:33.000Z,21.37457651,-157.73710572,UAV 1,2,1:3001:2242,ENMORT005,1:1:71:10:1:0:1,0,false,false,false,false,0
ENM1A2005,move to,LOC_중앙계곡,2026-08-09T09:06:33.000Z,21.37734009,-157.74159380,UAV 1,2,1:3001:2256,ENM1A2005,1:1:225:1:1:3:0,0,false,false,false,false,0
ENMORT004,none,,2026-08-09T09:06:33.000Z,21.37447596,-157.73706256,UAV 1,2,1:3001:2265,ENMORT004,1:1:71:10:1:0:1,0,false,false,false,false,0
ENGAZ001,move to,LOC_적북측접근로,2026-08-09T09:06:33.000Z,21.37232111,-157.73711585,UAV 1,2,1:3001:2289,ENGAZ001,1:1:222:7:8:0:0,0,false,false,false,false,0
ENBTR60006,move to,LOC_중앙계곡,2026-08-09T09:06:33.000Z,21.37306536,-157.74063122,UAV 1,2,1:3001:2298,ENBTR60006,1:1:222:2:8:1:0,0,false,false,false,false,0
ENBTR80004,move to,LOC_중앙계곡,2026-08-09T09:06:33.000Z,21.37313139,-157.74058848,UAV 1,2,1:3001:2314,ENBTR80004,1:1:222:2:13:0:0,0,false,false,false,false,0
ENBTR80001,move to,LOC_중앙계곡,2026-08-09T09:06:33.000Z,21.37320476,-157.74062549,UAV 1,2,1:3001:2332,ENBTR80001,1:1:222:2:13:0:0,0,false,false,false,false,0
ENCAESAR004,move to,LOC_북측예비방어선,2026-08-09T09:06:33.000Z,21.37166445,-157.73879851,UAV 1,2,1:3001:2333,ENCAESAR004,1:1:71:4:0:0:0,0,false,false,false,false,0
ENGAZ002,move to,LOC_적북측접근로,2026-08-09T09:06:33.000Z,21.37234680,-157.73722113,UAV 1,2,1:3001:2356,ENGAZ002,1:1:222:7:8:0:0,0,false,false,false,false,0
ENBTR80006,move to,LOC_중앙계곡,2026-08-09T09:06:33.000Z,21.37323794,-157.74050246,UAV 1,2,1:3001:2363,ENBTR80006,1:1:222:2:13:0:0,0,false,false,false,false,0
ENGAZ003,move to,LOC_적북측접근로,2026-08-09T09:06:33.000Z,21.37234449,-157.73701048,UAV 1,2,1:3001:2384,ENGAZ003,1:1:222:7:8:0:0,0,false,false,false,false,0
ENBTR80003,move to,LOC_중앙계곡,2026-08-09T09:06:33.000Z,21.37332457,-157.74054076,UAV 1,2,1:3001:2388,ENBTR80003,1:1:222:2:13:0:0,0,false,false,false,false,0
FRT80008,move to,LOC_중앙킬존남측,2026-08-09T09:06:33.000Z,21.38100489,-157.74678648,UAV 1,1,1:3001:2391,FRT80008,1:1:222:1:1:1:0,0,false,false,false,false,0
ENCAESAR003,move to,LOC_적북측접근로,2026-08-09T09:06:33.000Z,21.37052502,-157.73774487,UAV 1,2,1:3001:2417,ENCAESAR003,1:1:71:4:0:0:0,0,false,false,false,false,0
ENMORT001,none,,2026-08-09T09:06:33.000Z,21.37443553,-157.73716992,UAV 1,2,1:3001:2424,ENMORT001,1:1:71:10:1:0:1,0,false,false,false,false,0
ENBTR60007,move to,LOC_중앙계곡,2026-08-09T09:06:33.000Z,21.37287718,-157.74068144,UAV 1,2,1:3001:2450,ENBTR60007,1:1:222:2:8:1:0,0,false,false,false,false,0
ENBTR60008,move to,LOC_중앙계곡,2026-08-09T09:06:33.000Z,21.37294160,-157.74063813,UAV 1,2,1:3001:2461,ENBTR60008,1:1:222:2:8:1:0,0,false,false,false,false,0
FRTRK2002,move to,LOC_남측제1방어선,2026-08-09T09:06:33.000Z,21.38754011,-157.74696411,UAV 1,1,1:3001:2462,FRTRK2002,1:1:225:7:12:8:0,0,false,false,false,false,0
ENBTR80007,move to,LOC_중앙계곡,2026-08-09T09:06:33.000Z,21.37305961,-157.74055124,UAV 1,2,1:3001:2463,ENBTR80007,1:1:222:2:13:0:0,0,false,false,false,false,0
ENMORT002,none,,2026-08-09T09:06:33.000Z,21.37453609,-157.73721308,UAV 1,2,1:3001:2469,ENMORT002,1:1:71:10:1:0:1,0,false,false,false,false,0
ENGAZ004,move to,LOC_적북측접근로,2026-08-09T09:06:33.000Z,21.37237554,-157.73709456,UAV 1,2,1:3001:2473,ENGAZ004,1:1:222:7:8:0:0,0,false,false,false,false,0
ENBTR80005,move to,LOC_중앙계곡,2026-08-09T09:06:33.000Z,21.37318149,-157.74054507,UAV 1,2,1:3001:2481,ENBTR80005,1:1:222:2:13:0:0,0,false,false,false,false,0
ENMIM001,move to,LOC_적북측접근로,2026-08-09T09:06:33.000Z,21.37108281,-157.74099617,UAV 1,2,1:3001:2490,ENMIM001,1:1:225:28:2:0:0,0,false,false,false,false,0
ENCAESAR001,move to,LOC_적북측접근로,2026-08-09T09:06:33.000Z,21.37084561,-157.73927532,UAV 1,2,1:3001:2495,ENCAESAR001,1:1:71:4:0:0:0,0,false,false,false,false,0
ENMORT003,none,,2026-08-09T09:06:33.000Z,21.37463664,-157.73725624,UAV 1,2,1:3001:2500,ENMORT003,1:1:71:10:1:0:1,0,false,false,false,false,0
ENBTR60005,move to,LOC_중앙계곡,2026-08-09T09:06:33.000Z,21.37301338,-157.74067518,UAV 1,2,1:3001:2537,ENBTR60005,1:1:222:2:8:1:0,0,false,false,false,false,0
ENT72010,move to,LOC_중앙계곡,2026-08-09T09:06:33.000Z,21.37540222,-157.74132654,UAV 1,2,1:3001:2396,ENT72010,1:1:222:1:2:1:0,0,false,false,false,false,0
ENT72006,move to,LOC_중앙계곡,2026-08-09T09:06:33.000Z,21.37555963,-157.74131189,UAV 1,2,1:3001:2413,ENT72006,1:1:222:1:2:1:0,0,false,false,false,false,0
ENBTR80002,move to,LOC_중앙계곡,2026-08-09T09:06:33.000Z,21.37326851,-157.74058318,UAV 1,2,1:3001:2519,ENBTR80002,1:1:222:2:13:0:0,0,false,false,false,false,0
ENBTR60003,move to,LOC_중앙계곡,2026-08-09T09:06:33.000Z,21.37315886,-157.74066924,UAV 1,2,1:3001:2320,ENBTR60003,1:1:222:2:8:1:0,0,false,false,false,false,0
ENT72004,move to,LOC_중앙계곡,2026-08-09T09:06:33.000Z,21.37563969,-157.74130445,UAV 1,2,1:3001:2373,ENT72004,1:1:222:1:2:1:0,0,false,false,false,false,0
ENT72002,move to,LOC_중앙계곡,2026-08-09T09:06:33.000Z,21.37573231,-157.74129589,UAV 1,2,1:3001:2263,ENT72002,1:1:222:1:2:1:0,0,false,false,false,false,0
ENM35001,move to,LOC_적북측접근로,2026-08-09T09:06:33.000Z,21.37236033,-157.73736955,UAV 1,2,1:3001:2389,ENM35001,1:1:225:7:1:6:0,0,false,false,false,false,0
FRTRK2004,move to,LOC_남측제1방어선,2026-08-09T09:06:33.000Z,21.38758385,-157.74733224,UAV 1,1,1:3001:2211,FRTRK2004,1:1:225:7:12:8:0,0,false,false,false,false,0
FRTRK1003,move to,LOC_남측제1방어선,2026-08-09T09:06:33.000Z,21.38763596,-157.74673365,UAV 1,1,1:3001:2249,FRTRK1003,1:1:225:7:12:0:0,0,false,false,false,false,0
FRTRK1004,move to,LOC_남측제1방어선,2026-08-09T09:06:33.000Z,21.38777145,-157.74682274,UAV 1,1,1:3001:2533,FRTRK1004,1:1:225:7:12:0:0,0,false,false,false,false,0
FRTRK1001,move to,LOC_남측제1방어선,2026-08-09T09:06:33.000Z,21.38774875,-157.74666214,UAV 1,1,1:3001:2278,FRTRK1001,1:1:225:7:12:0:0,0,false,false,false,false,0
FRM113001,move to,LOC_중앙킬존남측,2026-08-09T09:06:33.000Z,21.38809608,-157.74694703,UAV 1,1,1:3001:2477,FRM113001,1:1:225:2:3:1:0,0,false,false,false,false,0
FRTRK2001,move to,LOC_남측제1방어선,2026-08-09T09:06:33.000Z,21.38773129,-157.74799943,UAV 1,1,1:3001:2458,FRTRK2001,1:1:225:7:12:8:0,0,false,false,false,false,0
ENT72008,move to,LOC_중앙계곡,2026-08-09T09:06:33.000Z,21.37547151,-157.74132006,UAV 1,2,1:3001:2250,ENT72008,1:1:222:1:2:1:0,0,false,false,false,false,0
ENM35004,move to,LOC_적북측접근로,2026-08-09T09:06:33.000Z,21.37242688,-157.73728772,UAV 1,2,1:3001:2285,ENM35004,1:1:225:7:1:6:0,0,false,false,false,false,0
ENM35002,move to,LOC_적북측접근로,2026-08-09T09:06:33.000Z,21.37240455,-157.73738146,UAV 1,2,1:3001:2375,ENM35002,1:1:225:7:1:6:0,0,false,false,false,false,0
FRTRK2003,move to,LOC_남측제1방어선,2026-08-09T09:06:33.000Z,21.38769368,-157.74769072,UAV 1,1,1:3001:2498,FRTRK2003,1:1:225:7:12:8:0,0,false,false,false,false,0
FRM113005,move to,LOC_중앙킬존남측,2026-08-09T09:06:33.000Z,21.38832495,-157.74718408,UAV 1,1,1:3001:2476,FRM113005,1:1:225:2:3:1:0,0,false,false,false,false,0
ENM35003,move to,LOC_적북측접근로,2026-08-09T09:06:33.000Z,21.37238138,-157.73727913,UAV 1,2,1:3001:2529,ENM35003,1:1:225:7:1:6:0,0,false,false,false,false,0
ENCAESAR002,move to,LOC_북측예비방어선,2026-08-09T09:06:34.000Z,21.37127588,-157.73780963,UAV 1,2,1:3001:2229,ENCAESAR002,1:1:71:4:0:0:0,0,false,false,false,false,0
ENT72012,move to,LOC_중앙계곡,2026-08-09T09:06:34.000Z,21.37548013,-157.74131979,UAV 1,2,1:3001:2230,ENT72012,1:1:222:1:2:1:0,0,false,false,false,false,0
ENMORT005,none,,2026-08-09T09:06:34.000Z,21.37457651,-157.73710572,UAV 1,2,1:3001:2242,ENMORT005,1:1:71:10:1:0:1,0,false,false,false,false,0
ENM1A2005,move to,LOC_중앙계곡,2026-08-09T09:06:34.000Z,21.37751790,-157.74153495,UAV 1,2,1:3001:2256,ENM1A2005,1:1:225:1:1:3:0,0,false,false,false,false,0
ENMORT004,none,,2026-08-09T09:06:34.000Z,21.37447596,-157.73706256,UAV 1,2,1:3001:2265,ENMORT004,1:1:71:10:1:0:1,0,false,false,false,false,0
ENGAZ001,move to,LOC_적북측접근로,2026-08-09T09:06:34.000Z,21.37227968,-157.73730921,UAV 1,2,1:3001:2289,ENGAZ001,1:1:222:7:8:0:0,0,false,false,false,false,0
ENBTR60006,move to,LOC_중앙계곡,2026-08-09T09:06:34.000Z,21.37325259,-157.74064216,UAV 1,2,1:3001:2298,ENBTR60006,1:1:222:2:8:1:0,0,false,false,false,false,0
ENBTR80004,move to,LOC_중앙계곡,2026-08-09T09:06:34.000Z,21.37332008,-157.74060096,UAV 1,2,1:3001:2314,ENBTR80004,1:1:222:2:13:0:0,0,false,false,false,false,0
ENCAESAR004,move to,LOC_북측예비방어선,2026-08-09T09:06:34.000Z,21.37173463,-157.73897494,UAV 1,2,1:3001:2333,ENCAESAR004,1:1:71:4:0:0:0,0,false,false,false,false,0
ENGAZ002,move to,LOC_적북측접근로,2026-08-09T09:06:34.000Z,21.37230329,-157.73741458,UAV 1,2,1:3001:2356,ENGAZ002,1:1:222:7:8:0:0,0,false,false,false,false,0
ENBTR80006,move to,LOC_중앙계곡,2026-08-09T09:06:34.000Z,21.37342295,-157.74051760,UAV 1,2,1:3001:2363,ENBTR80006,1:1:222:2:13:0:0,0,false,false,false,false,0
ENGAZ003,move to,LOC_적북측접근로,2026-08-09T09:06:34.000Z,21.37230283,-157.73720480,UAV 1,2,1:3001:2384,ENGAZ003,1:1:222:7:8:0:0,0,false,false,false,false,0
ENBTR80003,move to,LOC_중앙계곡,2026-08-09T09:06:34.000Z,21.37351078,-157.74055500,UAV 1,2,1:3001:2388,ENBTR80003,1:1:222:2:13:0:0,0,false,false,false,false,0
FRT80008,move to,LOC_중앙킬존남측,2026-08-09T09:06:34.000Z,21.38092623,-157.74660682,UAV 1,1,1:3001:2391,FRT80008,1:1:222:1:1:1:0,0,false,false,false,false,0
ENCAESAR003,move to,LOC_적북측접근로,2026-08-09T09:06:34.000Z,21.37056489,-157.73794263,UAV 1,2,1:3001:2417,ENCAESAR003,1:1:71:4:0:0:0,0,false,false,false,false,0
ENMORT001,none,,2026-08-09T09:06:34.000Z,21.37443553,-157.73716992,UAV 1,2,1:3001:2424,ENMORT001,1:1:71:10:1:0:1,0,false,false,false,false,0
ENBTR60007,move to,LOC_중앙계곡,2026-08-09T09:06:34.000Z,21.37306372,-157.74069049,UAV 1,2,1:3001:2450,ENBTR60007,1:1:222:2:8:1:0,0,false,false,false,false,0
ENBTR60008,move to,LOC_중앙계곡,2026-08-09T09:06:34.000Z,21.37312600,-157.74064848,UAV 1,2,1:3001:2461,ENBTR60008,1:1:222:2:8:1:0,0,false,false,false,false,0
ENBTR80007,move to,LOC_중앙계곡,2026-08-09T09:06:34.000Z,21.37324626,-157.74056458,UAV 1,2,1:3001:2463,ENBTR80007,1:1:222:2:13:0:0,0,false,false,false,false,0
ENMORT002,none,,2026-08-09T09:06:34.000Z,21.37453609,-157.73721308,UAV 1,2,1:3001:2469,ENMORT002,1:1:71:10:1:0:1,0,false,false,false,false,0
ENGAZ004,move to,LOC_적북측접근로,2026-08-09T09:06:34.000Z,21.37233210,-157.73728763,UAV 1,2,1:3001:2473,ENGAZ004,1:1:222:7:8:0:0,0,false,false,false,false,0
ENBTR80005,move to,LOC_중앙계곡,2026-08-09T09:06:34.000Z,21.37336678,-157.74055877,UAV 1,2,1:3001:2481,ENBTR80005,1:1:222:2:13:0:0,0,false,false,false,false,0
ENMIM001,move to,LOC_적북측접근로,2026-08-09T09:06:34.000Z,21.37114626,-157.74118688,UAV 1,2,1:3001:2490,ENMIM001,1:1:225:28:2:0:0,0,false,false,false,false,0
ENCAESAR001,move to,LOC_적북측접근로,2026-08-09T09:06:34.000Z,21.37088449,-157.73947300,UAV 1,2,1:3001:2495,ENCAESAR001,1:1:71:4:0:0:0,0,false,false,false,false,0
ENMORT003,none,,2026-08-09T09:06:34.000Z,21.37463664,-157.73725624,UAV 1,2,1:3001:2500,ENMORT003,1:1:71:10:1:0:1,0,false,false,false,false,0
ENBTR60005,move to,LOC_중앙계곡,2026-08-09T09:06:34.000Z,21.37319935,-157.74068463,UAV 1,2,1:3001:2537,ENBTR60005,1:1:222:2:8:1:0,0,false,false,false,false,0
ENT72010,move to,LOC_중앙계곡,2026-08-09T09:06:34.000Z,21.37558865,-157.74130979,UAV 1,2,1:3001:2396,ENT72010,1:1:222:1:2:1:0,0,false,false,false,false,0
ENT72006,move to,LOC_중앙계곡,2026-08-09T09:06:34.000Z,21.37574546,-157.74129522,UAV 1,2,1:3001:2413,ENT72006,1:1:222:1:2:1:0,0,false,false,false,false,0
ENBTR60003,move to,LOC_중앙계곡,2026-08-09T09:06:34.000Z,21.37334874,-157.74067930,UAV 1,2,1:3001:2320,ENBTR60003,1:1:222:2:8:1:0,0,false,false,false,false,0
ENT72004,move to,LOC_중앙계곡,2026-08-09T09:06:34.000Z,21.37582614,-157.74128774,UAV 1,2,1:3001:2373,ENT72004,1:1:222:1:2:1:0,0,false,false,false,false,0
ENT72002,move to,LOC_중앙계곡,2026-08-09T09:06:34.000Z,21.37591941,-157.74127913,UAV 1,2,1:3001:2263,ENT72002,1:1:222:1:2:1:0,0,false,false,false,false,0
ENM35001,move to,LOC_적북측접근로,2026-08-09T09:06:34.000Z,21.37231474,-157.73756302,UAV 1,2,1:3001:2389,ENM35001,1:1:225:7:1:6:0,0,false,false,false,false,0
ENT72008,move to,LOC_중앙계곡,2026-08-09T09:06:34.000Z,21.37565733,-157.74130337,UAV 1,2,1:3001:2250,ENT72008,1:1:222:1:2:1:0,0,false,false,false,false,0
ENM35004,move to,LOC_적북측접근로,2026-08-09T09:06:34.000Z,21.37238087,-157.73747459,UAV 1,2,1:3001:2285,ENM35004,1:1:225:7:1:6:0,0,false,false,false,false,0
ENM35002,move to,LOC_적북측접근로,2026-08-09T09:06:34.000Z,21.37235722,-157.73757352,UAV 1,2,1:3001:2375,ENM35002,1:1:225:7:1:6:0,0,false,false,false,false,0
ENM35003,move to,LOC_적북측접근로,2026-08-09T09:06:34.000Z,21.37233701,-157.73746748,UAV 1,2,1:3001:2529,ENM35003,1:1:225:7:1:6:0,0,false,false,false,false,0
ENCAESAR002,move to,LOC_북측예비방어선,2026-08-09T09:06:36.000Z,21.37134136,-157.73797464,UAV 1,2,1:3001:2229,ENCAESAR002,1:1:71:4:0:0:0,0,false,false,false,false,0
ENT72012,move to,LOC_중앙계곡,2026-08-09T09:06:36.000Z,21.37564481,-157.74130498,UAV 1,2,1:3001:2230,ENT72012,1:1:222:1:2:1:0,0,false,false,false,false,0
ENMORT005,none,,2026-08-09T09:06:36.000Z,21.37457651,-157.73710572,UAV 1,2,1:3001:2242,ENMORT005,1:1:71:10:1:0:1,0,false,false,false,false,0
ENM1A2005,move to,LOC_중앙계곡,2026-08-09T09:06:36.000Z,21.37767633,-157.74148252,UAV 1,2,1:3001:2256,ENM1A2005,1:1:225:1:1:3:0,0,false,false,false,false,0
ENMORT004,none,,2026-08-09T09:06:36.000Z,21.37447596,-157.73706256,UAV 1,2,1:3001:2265,ENMORT004,1:1:71:10:1:0:1,0,false,false,false,false,0
ENGAZ001,move to,LOC_적북측접근로,2026-08-09T09:06:36.000Z,21.37224294,-157.73748070,UAV 1,2,1:3001:2289,ENGAZ001,1:1:222:7:8:0:0,0,false,false,false,false,0
ENBTR60006,move to,LOC_중앙계곡,2026-08-09T09:06:36.000Z,21.37341902,-157.74065188,UAV 1,2,1:3001:2298,ENBTR60006,1:1:222:2:8:1:0,0,false,false,false,false,0
ENBTR80004,move to,LOC_중앙계곡,2026-08-09T09:06:36.000Z,21.37348561,-157.74061190,UAV 1,2,1:3001:2314,ENBTR80004,1:1:222:2:13:0:0,0,false,false,false,false,0
ENCAESAR004,move to,LOC_북측예비방어선,2026-08-09T09:06:36.000Z,21.37180204,-157.73914439,UAV 1,2,1:3001:2333,ENCAESAR004,1:1:71:4:0:0:0,0,false,false,false,false,0
ENGAZ002,move to,LOC_적북측접근로,2026-08-09T09:06:36.000Z,21.37226523,-157.73758380,UAV 1,2,1:3001:2356,ENGAZ002,1:1:222:7:8:0:0,0,false,false,false,false,0
ENBTR80006,move to,LOC_중앙계곡,2026-08-09T09:06:36.000Z,21.37358849,-157.74053114,UAV 1,2,1:3001:2363,ENBTR80006,1:1:222:2:13:0:0,0,false,false,false,false,0
ENGAZ003,move to,LOC_적북측접근로,2026-08-09T09:06:36.000Z,21.37226613,-157.73737597,UAV 1,2,1:3001:2384,ENGAZ003,1:1:222:7:8:0:0,0,false,false,false,false,0
ENBTR80003,move to,LOC_중앙계곡,2026-08-09T09:06:36.000Z,21.37367626,-157.74056766,UAV 1,2,1:3001:2388,ENBTR80003,1:1:222:2:13:0:0,0,false,false,false,false,0
FRT80008,move to,LOC_중앙킬존남측,2026-08-09T09:06:36.000Z,21.38089109,-157.74652657,UAV 1,1,1:3001:2391,FRT80008,1:1:222:1:1:1:0,0,false,false,false,false,0
ENCAESAR003,move to,LOC_적북측접근로,2026-08-09T09:06:36.000Z,21.37060045,-157.73811907,UAV 1,2,1:3001:2417,ENCAESAR003,1:1:71:4:0:0:0,0,false,false,false,false,0
ENMORT001,none,,2026-08-09T09:06:36.000Z,21.37443553,-157.73716992,UAV 1,2,1:3001:2424,ENMORT001,1:1:71:10:1:0:1,0,false,false,false,false,0
ENBTR60007,move to,LOC_중앙계곡,2026-08-09T09:06:36.000Z,21.37322875,-157.74069849,UAV 1,2,1:3001:2450,ENBTR60007,1:1:222:2:8:1:0,0,false,false,false,false,0
ENBTR60008,move to,LOC_중앙계곡,2026-08-09T09:06:36.000Z,21.37329287,-157.74065785,UAV 1,2,1:3001:2461,ENBTR60008,1:1:222:2:8:1:0,0,false,false,false,false,0
ENBTR80007,move to,LOC_중앙계곡,2026-08-09T09:06:36.000Z,21.37341070,-157.74057633,UAV 1,2,1:3001:2463,ENBTR80007,1:1:222:2:13:0:0,0,false,false,false,false,0
ENMORT002,none,,2026-08-09T09:06:36.000Z,21.37453609,-157.73721308,UAV 1,2,1:3001:2469,ENMORT002,1:1:71:10:1:0:1,0,false,false,false,false,0
ENGAZ004,move to,LOC_적북측접근로,2026-08-09T09:06:36.000Z,21.37229361,-157.73745871,UAV 1,2,1:3001:2473,ENGAZ004,1:1:222:7:8:0:0,0,false,false,false,false,0
ENBTR80005,move to,LOC_중앙계곡,2026-08-09T09:06:36.000Z,21.37353212,-157.74057100,UAV 1,2,1:3001:2481,ENBTR80005,1:1:222:2:13:0:0,0,false,false,false,false,0
ENMIM001,move to,LOC_적북측접근로,2026-08-09T09:06:36.000Z,21.37120120,-157.74135201,UAV 1,2,1:3001:2490,ENMIM001,1:1:225:28:2:0:0,0,false,false,false,false,0
ENCAESAR001,move to,LOC_적북측접근로,2026-08-09T09:06:36.000Z,21.37091799,-157.73964332,UAV 1,2,1:3001:2495,ENCAESAR001,1:1:71:4:0:0:0,0,false,false,false,false,0
ENMORT003,none,,2026-08-09T09:06:36.000Z,21.37463664,-157.73725624,UAV 1,2,1:3001:2500,ENMORT003,1:1:71:10:1:0:1,0,false,false,false,false,0
ENBTR60005,move to,LOC_중앙계곡,2026-08-09T09:06:36.000Z,21.37336496,-157.74069304,UAV 1,2,1:3001:2537,ENBTR60005,1:1:222:2:8:1:0,0,false,false,false,false,0
ENT72010,move to,LOC_중앙계곡,2026-08-09T09:06:36.000Z,21.37575366,-157.74129496,UAV 1,2,1:3001:2396,ENT72010,1:1:222:1:2:1:0,0,false,false,false,false,0
ENT72006,move to,LOC_중앙계곡,2026-08-09T09:06:36.000Z,21.37591191,-157.74128028,UAV 1,2,1:3001:2413,ENT72006,1:1:222:1:2:1:0,0,false,false,false,false,0
ENT72004,move to,LOC_중앙계곡,2026-08-09T09:06:36.000Z,21.37599295,-157.74127278,UAV 1,2,1:3001:2373,ENT72004,1:1:222:1:2:1:0,0,false,false,false,false,0
ENT72002,move to,LOC_중앙계곡,2026-08-09T09:06:36.000Z,21.37608522,-157.74126428,UAV 1,2,1:3001:2263,ENT72002,1:1:222:1:2:1:0,0,false,false,false,false,0
ENM35001,move to,LOC_적북측접근로,2026-08-09T09:06:36.000Z,21.37227445,-157.73773396,UAV 1,2,1:3001:2389,ENM35001,1:1:225:7:1:6:0,0,false,false,false,false,0
ENT72008,move to,LOC_중앙계곡,2026-08-09T09:06:36.000Z,21.37582343,-157.74128846,UAV 1,2,1:3001:2250,ENT72008,1:1:222:1:2:1:0,0,false,false,false,false,0
ENM35004,move to,LOC_적북측접근로,2026-08-09T09:06:36.000Z,21.37233843,-157.73764692,UAV 1,2,1:3001:2285,ENM35004,1:1:225:7:1:6:0,0,false,false,false,false,0
ENM35002,move to,LOC_적북측접근로,2026-08-09T09:06:36.000Z,21.37231535,-157.73774341,UAV 1,2,1:3001:2375,ENM35002,1:1:225:7:1:6:0,0,false,false,false,false,0
ENM35003,move to,LOC_적북측접근로,2026-08-09T09:06:36.000Z,21.37229650,-157.73763941,UAV 1,2,1:3001:2529,ENM35003,1:1:225:7:1:6:0,0,false,false,false,false,0
ENCAESAR002,move to,LOC_북측예비방어선,2026-08-09T09:06:38.000Z,21.37141851,-157.73816903,UAV 1,2,1:3001:2229,ENCAESAR002,1:1:71:4:0:0:0,0,false,false,false,false,0
ENT72012,move to,LOC_중앙계곡,2026-08-09T09:06:38.000Z,21.37581871,-157.74128934,UAV 1,2,1:3001:2230,ENT72012,1:1:222:1:2:1:0,0,false,false,false,false,0
ENMORT005,none,,2026-08-09T09:06:38.000Z,21.37457651,-157.73710572,UAV 1,2,1:3001:2242,ENMORT005,1:1:71:10:1:0:1,0,false,false,false,false,0
ENM1A2005,move to,LOC_중앙계곡,2026-08-09T09:06:38.000Z,21.37784210,-157.74142765,UAV 1,2,1:3001:2256,ENM1A2005,1:1:225:1:1:3:0,0,false,false,false,false,0
ENMORT004,none,,2026-08-09T09:06:38.000Z,21.37447596,-157.73706256,UAV 1,2,1:3001:2265,ENMORT004,1:1:71:10:1:0:1,0,false,false,false,false,0
ENGAZ001,move to,LOC_적북측접근로,2026-08-09T09:06:38.000Z,21.37220505,-157.73765759,UAV 1,2,1:3001:2289,ENGAZ001,1:1:222:7:8:0:0,0,false,false,false,false,0
ENBTR80004,move to,LOC_중앙계곡,2026-08-09T09:06:38.000Z,21.37365802,-157.74062331,UAV 1,2,1:3001:2314,ENBTR80004,1:1:222:2:13:0:0,0,false,false,false,false,0
ENCAESAR004,move to,LOC_북측예비방어선,2026-08-09T09:06:38.000Z,21.37186549,-157.73930392,UAV 1,2,1:3001:2333,ENCAESAR004,1:1:71:4:0:0:0,0,false,false,false,false,0
ENGAZ002,move to,LOC_적북측접근로,2026-08-09T09:06:38.000Z,21.37222499,-157.73776270,UAV 1,2,1:3001:2356,ENGAZ002,1:1:222:7:8:0:0,0,false,false,false,false,0
ENBTR80006,move to,LOC_중앙계곡,2026-08-09T09:06:38.000Z,21.37376217,-157.74054535,UAV 1,2,1:3001:2363,ENBTR80006,1:1:222:2:13:0:0,0,false,false,false,false,0
ENGAZ003,move to,LOC_적북측접근로,2026-08-09T09:06:38.000Z,21.37222771,-157.73755516,UAV 1,2,1:3001:2384,ENGAZ003,1:1:222:7:8:0:0,0,false,false,false,false,0
ENBTR80003,move to,LOC_중앙계곡,2026-08-09T09:06:38.000Z,21.37384993,-157.74058094,UAV 1,2,1:3001:2388,ENBTR80003,1:1:222:2:13:0:0,0,false,false,false,false,0
ENCAESAR003,move to,LOC_적북측접근로,2026-08-09T09:06:38.000Z,21.37063533,-157.73829208,UAV 1,2,1:3001:2417,ENCAESAR003,1:1:71:4:0:0:0,0,false,false,false,false,0
ENMORT001,none,,2026-08-09T09:06:38.000Z,21.37443553,-157.73716992,UAV 1,2,1:3001:2424,ENMORT001,1:1:71:10:1:0:1,0,false,false,false,false,0
ENBTR60007,move to,LOC_중앙계곡,2026-08-09T09:06:38.000Z,21.37340164,-157.74070688,UAV 1,2,1:3001:2450,ENBTR60007,1:1:222:2:8:1:0,0,false,false,false,false,0
ENBTR60008,move to,LOC_중앙계곡,2026-08-09T09:06:38.000Z,21.37346697,-157.74066762,UAV 1,2,1:3001:2461,ENBTR60008,1:1:222:2:8:1:0,0,false,false,false,false,0
ENBTR80007,move to,LOC_중앙계곡,2026-08-09T09:06:38.000Z,21.37358486,-157.74058877,UAV 1,2,1:3001:2463,ENBTR80007,1:1:222:2:13:0:0,0,false,false,false,false,0
ENMORT002,none,,2026-08-09T09:06:38.000Z,21.37453609,-157.73721308,UAV 1,2,1:3001:2469,ENMORT002,1:1:71:10:1:0:1,0,false,false,false,false,0
ENGAZ004,move to,LOC_적북측접근로,2026-08-09T09:06:38.000Z,21.37225381,-157.73763563,UAV 1,2,1:3001:2473,ENGAZ004,1:1:222:7:8:0:0,0,false,false,false,false,0
ENBTR80005,move to,LOC_중앙계곡,2026-08-09T09:06:38.000Z,21.37370572,-157.74058383,UAV 1,2,1:3001:2481,ENBTR80005,1:1:222:2:13:0:0,0,false,false,false,false,0
ENMIM001,move to,LOC_적북측접근로,2026-08-09T09:06:38.000Z,21.37125983,-157.74152826,UAV 1,2,1:3001:2490,ENMIM001,1:1:225:28:2:0:0,0,false,false,false,false,0
ENCAESAR001,move to,LOC_적북측접근로,2026-08-09T09:06:38.000Z,21.37095345,-157.73982363,UAV 1,2,1:3001:2495,ENCAESAR001,1:1:71:4:0:0:0,0,false,false,false,false,0
ENMORT003,none,,2026-08-09T09:06:38.000Z,21.37463664,-157.73725624,UAV 1,2,1:3001:2500,ENMORT003,1:1:71:10:1:0:1,0,false,false,false,false,0
ENBTR60005,move to,LOC_중앙계곡,2026-08-09T09:06:38.000Z,21.37353770,-157.74070181,UAV 1,2,1:3001:2537,ENBTR60005,1:1:222:2:8:1:0,0,false,false,false,false,0
ENT72010,move to,LOC_중앙계곡,2026-08-09T09:06:38.000Z,21.37592887,-157.74127922,UAV 1,2,1:3001:2396,ENT72010,1:1:222:1:2:1:0,0,false,false,false,false,0
ENT72006,move to,LOC_중앙계곡,2026-08-09T09:06:38.000Z,21.37608548,-157.74126471,UAV 1,2,1:3001:2413,ENT72006,1:1:222:1:2:1:0,0,false,false,false,false,0
ENT72004,move to,LOC_중앙계곡,2026-08-09T09:06:38.000Z,21.37616602,-157.74125727,UAV 1,2,1:3001:2373,ENT72004,1:1:222:1:2:1:0,0,false,false,false,false,0
ENT72002,move to,LOC_중앙계곡,2026-08-09T09:06:38.000Z,21.37625847,-157.74124876,UAV 1,2,1:3001:2263,ENT72002,1:1:222:1:2:1:0,0,false,false,false,false,0
ENM35001,move to,LOC_적북측접근로,2026-08-09T09:06:38.000Z,21.37223323,-157.73790892,UAV 1,2,1:3001:2389,ENM35001,1:1:225:7:1:6:0,0,false,false,false,false,0
ENT72008,move to,LOC_중앙계곡,2026-08-09T09:06:38.000Z,21.37599811,-157.74127277,UAV 1,2,1:3001:2250,ENT72008,1:1:222:1:2:1:0,0,false,false,false,false,0
ENM35004,move to,LOC_적북측접근로,2026-08-09T09:06:38.000Z,21.37229563,-157.73782072,UAV 1,2,1:3001:2285,ENM35004,1:1:225:7:1:6:0,0,false,false,false,false,0
ENM35002,move to,LOC_적북측접근로,2026-08-09T09:06:38.000Z,21.37227206,-157.73791910,UAV 1,2,1:3001:2375,ENM35002,1:1:225:7:1:6:0,0,false,false,false,false,0
ENM35003,move to,LOC_적북측접근로,2026-08-09T09:06:38.000Z,21.37225524,-157.73781456,UAV 1,2,1:3001:2529,ENM35003,1:1:225:7:1:6:0,0,false,false,false,false,0
ENCAESAR002,move to,LOC_북측예비방어선,2026-08-09T09:06:39.000Z,21.37141851,-157.73816903,UAV 1,2,1:3001:2229,ENCAESAR002,1:1:71:4:0:0:0,0,false,false,false,false,0
ENT72012,move to,LOC_중앙계곡,2026-08-09T09:06:39.000Z,21.37581871,-157.74128934,UAV 1,2,1:3001:2230,ENT72012,1:1:222:1:2:1:0,0,false,false,false,false,0
ENMORT005,none,,2026-08-09T09:06:39.000Z,21.37457651,-157.73710572,UAV 1,2,1:3001:2242,ENMORT005,1:1:71:10:1:0:1,0,false,false,false,false,0
ENM1A2005,move to,LOC_중앙계곡,2026-08-09T09:06:39.000Z,21.37784210,-157.74142765,UAV 1,2,1:3001:2256,ENM1A2005,1:1:225:1:1:3:0,0,false,false,false,false,0
ENMORT004,none,,2026-08-09T09:06:39.000Z,21.37447596,-157.73706256,UAV 1,2,1:3001:2265,ENMORT004,1:1:71:10:1:0:1,0,false,false,false,false,0
ENGAZ001,move to,LOC_적북측접근로,2026-08-09T09:06:39.000Z,21.37220505,-157.73765759,UAV 1,2,1:3001:2289,ENGAZ001,1:1:222:7:8:0:0,0,false,false,false,false,0
ENBTR80004,move to,LOC_중앙계곡,2026-08-09T09:06:39.000Z,21.37365802,-157.74062331,UAV 1,2,1:3001:2314,ENBTR80004,1:1:222:2:13:0:0,0,false,false,false,false,0
ENCAESAR004,move to,LOC_북측예비방어선,2026-08-09T09:06:39.000Z,21.37186549,-157.73930392,UAV 1,2,1:3001:2333,ENCAESAR004,1:1:71:4:0:0:0,0,false,false,false,false,0
ENGAZ002,move to,LOC_적북측접근로,2026-08-09T09:06:39.000Z,21.37222499,-157.73776270,UAV 1,2,1:3001:2356,ENGAZ002,1:1:222:7:8:0:0,0,false,false,false,false,0
ENBTR80006,move to,LOC_중앙계곡,2026-08-09T09:06:39.000Z,21.37376217,-157.74054535,UAV 1,2,1:3001:2363,ENBTR80006,1:1:222:2:13:0:0,0,false,false,false,false,0
ENGAZ003,move to,LOC_적북측접근로,2026-08-09T09:06:39.000Z,21.37222771,-157.73755516,UAV 1,2,1:3001:2384,ENGAZ003,1:1:222:7:8:0:0,0,false,false,false,false,0
ENBTR80003,move to,LOC_중앙계곡,2026-08-09T09:06:39.000Z,21.37384993,-157.74058094,UAV 1,2,1:3001:2388,ENBTR80003,1:1:222:2:13:0:0,0,false,false,false,false,0
ENCAESAR003,move to,LOC_적북측접근로,2026-08-09T09:06:39.000Z,21.37063533,-157.73829208,UAV 1,2,1:3001:2417,ENCAESAR003,1:1:71:4:0:0:0,0,false,false,false,false,0
ENMORT001,none,,2026-08-09T09:06:39.000Z,21.37443553,-157.73716992,UAV 1,2,1:3001:2424,ENMORT001,1:1:71:10:1:0:1,0,false,false,false,false,0
ENBTR60007,move to,LOC_중앙계곡,2026-08-09T09:06:39.000Z,21.37340164,-157.74070688,UAV 1,2,1:3001:2450,ENBTR60007,1:1:222:2:8:1:0,0,false,false,false,false,0
ENBTR60008,move to,LOC_중앙계곡,2026-08-09T09:06:39.000Z,21.37346697,-157.74066762,UAV 1,2,1:3001:2461,ENBTR60008,1:1:222:2:8:1:0,0,false,false,false,false,0
ENBTR80007,move to,LOC_중앙계곡,2026-08-09T09:06:39.000Z,21.37358486,-157.74058877,UAV 1,2,1:3001:2463,ENBTR80007,1:1:222:2:13:0:0,0,false,false,false,false,0
ENMORT002,none,,2026-08-09T09:06:39.000Z,21.37453609,-157.73721308,UAV 1,2,1:3001:2469,ENMORT002,1:1:71:10:1:0:1,0,false,false,false,false,0
ENGAZ004,move to,LOC_적북측접근로,2026-08-09T09:06:39.000Z,21.37225381,-157.73763563,UAV 1,2,1:3001:2473,ENGAZ004,1:1:222:7:8:0:0,0,false,false,false,false,0
ENBTR80005,move to,LOC_중앙계곡,2026-08-09T09:06:39.000Z,21.37370572,-157.74058383,UAV 1,2,1:3001:2481,ENBTR80005,1:1:222:2:13:0:0,0,false,false,false,false,0
ENMIM001,move to,LOC_적북측접근로,2026-08-09T09:06:39.000Z,21.37125983,-157.74152826,UAV 1,2,1:3001:2490,ENMIM001,1:1:225:28:2:0:0,0,false,false,false,false,0
ENCAESAR001,move to,LOC_적북측접근로,2026-08-09T09:06:39.000Z,21.37095345,-157.73982363,UAV 1,2,1:3001:2495,ENCAESAR001,1:1:71:4:0:0:0,0,false,false,false,false,0
ENMORT003,none,,2026-08-09T09:06:39.000Z,21.37463664,-157.73725624,UAV 1,2,1:3001:2500,ENMORT003,1:1:71:10:1:0:1,0,false,false,false,false,0
ENBTR60005,move to,LOC_중앙계곡,2026-08-09T09:06:39.000Z,21.37353770,-157.74070181,UAV 1,2,1:3001:2537,ENBTR60005,1:1:222:2:8:1:0,0,false,false,false,false,0
ENT72010,move to,LOC_중앙계곡,2026-08-09T09:06:39.000Z,21.37592887,-157.74127922,UAV 1,2,1:3001:2396,ENT72010,1:1:222:1:2:1:0,0,false,false,false,false,0
ENT72006,move to,LOC_중앙계곡,2026-08-09T09:06:39.000Z,21.37608548,-157.74126471,UAV 1,2,1:3001:2413,ENT72006,1:1:222:1:2:1:0,0,false,false,false,false,0
ENT72004,move to,LOC_중앙계곡,2026-08-09T09:06:39.000Z,21.37616602,-157.74125727,UAV 1,2,1:3001:2373,ENT72004,1:1:222:1:2:1:0,0,false,false,false,false,0
ENT72002,move to,LOC_중앙계곡,2026-08-09T09:06:39.000Z,21.37625847,-157.74124876,UAV 1,2,1:3001:2263,ENT72002,1:1:222:1:2:1:0,0,false,false,false,false,0
ENM35001,move to,LOC_적북측접근로,2026-08-09T09:06:39.000Z,21.37223323,-157.73790892,UAV 1,2,1:3001:2389,ENM35001,1:1:225:7:1:6:0,0,false,false,false,false,0
ENT72008,move to,LOC_중앙계곡,2026-08-09T09:06:39.000Z,21.37599811,-157.74127277,UAV 1,2,1:3001:2250,ENT72008,1:1:222:1:2:1:0,0,false,false,false,false,0
ENM35004,move to,LOC_적북측접근로,2026-08-09T09:06:39.000Z,21.37229563,-157.73782072,UAV 1,2,1:3001:2285,ENM35004,1:1:225:7:1:6:0,0,false,false,false,false,0
ENM35002,move to,LOC_적북측접근로,2026-08-09T09:06:39.000Z,21.37227206,-157.73791910,UAV 1,2,1:3001:2375,ENM35002,1:1:225:7:1:6:0,0,false,false,false,false,0
ENM35003,move to,LOC_적북측접근로,2026-08-09T09:06:39.000Z,21.37225524,-157.73781456,UAV 1,2,1:3001:2529,ENM35003,1:1:225:7:1:6:0,0,false,false,false,false,0
ENCAESAR002,move to,LOC_북측예비방어선,2026-08-09T09:06:41.000Z,21.37148392,-157.73833385,UAV 1,2,1:3001:2229,ENCAESAR002,1:1:71:4:0:0:0,0,false,false,false,false,0
ENT72012,move to,LOC_중앙계곡,2026-08-09T09:06:41.000Z,21.37601195,-157.74127196,UAV 1,2,1:3001:2230,ENT72012,1:1:222:1:2:1:0,0,false,false,false,false,0
ENMORT005,none,,2026-08-09T09:06:41.000Z,21.37457651,-157.73710572,UAV 1,2,1:3001:2242,ENMORT005,1:1:71:10:1:0:1,0,false,false,false,false,0
ENM1A2005,move to,LOC_중앙계곡,2026-08-09T09:06:41.000Z,21.37802521,-157.74136704,UAV 1,2,1:3001:2256,ENM1A2005,1:1:225:1:1:3:0,0,false,false,false,false,0
ENMORT004,none,,2026-08-09T09:06:41.000Z,21.37447596,-157.73706256,UAV 1,2,1:3001:2265,ENMORT004,1:1:71:10:1:0:1,0,false,false,false,false,0
ENGAZ001,move to,LOC_적북측접근로,2026-08-09T09:06:41.000Z,21.37216214,-157.73785788,UAV 1,2,1:3001:2289,ENGAZ001,1:1:222:7:8:0:0,0,false,false,false,false,0
ENBTR80004,move to,LOC_중앙계곡,2026-08-09T09:06:41.000Z,21.37385154,-157.74063610,UAV 1,2,1:3001:2314,ENBTR80004,1:1:222:2:13:0:0,0,false,false,false,false,0
ENCAESAR004,move to,LOC_북측예비방어선,2026-08-09T09:06:41.000Z,21.37194178,-157.73949571,UAV 1,2,1:3001:2333,ENCAESAR004,1:1:71:4:0:0:0,0,false,false,false,false,0
ENGAZ002,move to,LOC_적북측접근로,2026-08-09T09:06:41.000Z,21.37218066,-157.73795980,UAV 1,2,1:3001:2356,ENGAZ002,1:1:222:7:8:0:0,0,false,false,false,false,0
ENBTR80006,move to,LOC_중앙계곡,2026-08-09T09:06:41.000Z,21.37395545,-157.74056116,UAV 1,2,1:3001:2363,ENBTR80006,1:1:222:2:13:0:0,0,false,false,false,false,0
ENGAZ003,move to,LOC_적북측접근로,2026-08-09T09:06:41.000Z,21.37218534,-157.73775275,UAV 1,2,1:3001:2384,ENGAZ003,1:1:222:7:8:0:0,0,false,false,false,false,0
ENBTR80003,move to,LOC_중앙계곡,2026-08-09T09:06:41.000Z,21.37404529,-157.74059588,UAV 1,2,1:3001:2388,ENBTR80003,1:1:222:2:13:0:0,0,false,false,false,false,0
ENCAESAR003,move to,LOC_적북측접근로,2026-08-09T09:06:41.000Z,21.37067694,-157.73849853,UAV 1,2,1:3001:2417,ENCAESAR003,1:1:71:4:0:0:0,0,false,false,false,false,0
ENMORT001,none,,2026-08-09T09:06:41.000Z,21.37443553,-157.73716992,UAV 1,2,1:3001:2424,ENMORT001,1:1:71:10:1:0:1,0,false,false,false,false,0
ENBTR60007,move to,LOC_중앙계곡,2026-08-09T09:06:41.000Z,21.37359374,-157.74071620,UAV 1,2,1:3001:2450,ENBTR60007,1:1:222:2:8:1:0,0,false,false,false,false,0
ENBTR60008,move to,LOC_중앙계곡,2026-08-09T09:06:41.000Z,21.37365895,-157.74067840,UAV 1,2,1:3001:2461,ENBTR60008,1:1:222:2:8:1:0,0,false,false,false,false,0
ENBTR80007,move to,LOC_중앙계곡,2026-08-09T09:06:41.000Z,21.37377680,-157.74060249,UAV 1,2,1:3001:2463,ENBTR80007,1:1:222:2:13:0:0,0,false,false,false,false,0
ENMORT002,none,,2026-08-09T09:06:41.000Z,21.37453609,-157.73721308,UAV 1,2,1:3001:2469,ENMORT002,1:1:71:10:1:0:1,0,false,false,false,false,0
ENGAZ004,move to,LOC_적북측접근로,2026-08-09T09:06:41.000Z,21.37220896,-157.73783499,UAV 1,2,1:3001:2473,ENGAZ004,1:1:222:7:8:0:0,0,false,false,false,false,0
ENBTR80005,move to,LOC_중앙계곡,2026-08-09T09:06:41.000Z,21.37389902,-157.74059812,UAV 1,2,1:3001:2481,ENBTR80005,1:1:222:2:13:0:0,0,false,false,false,false,0
ENMIM001,move to,LOC_적북측접근로,2026-08-09T09:06:41.000Z,21.37128362,-157.74159974,UAV 1,2,1:3001:2490,ENMIM001,1:1:225:28:2:0:0,0,false,false,false,false,0
ENCAESAR001,move to,LOC_적북측접근로,2026-08-09T09:06:41.000Z,21.37098985,-157.74000871,UAV 1,2,1:3001:2495,ENCAESAR001,1:1:71:4:0:0:0,0,false,false,false,false,0
ENMORT003,none,,2026-08-09T09:06:41.000Z,21.37463664,-157.73725624,UAV 1,2,1:3001:2500,ENMORT003,1:1:71:10:1:0:1,0,false,false,false,false,0
ENBTR60005,move to,LOC_중앙계곡,2026-08-09T09:06:41.000Z,21.37373055,-157.74071160,UAV 1,2,1:3001:2537,ENBTR60005,1:1:222:2:8:1:0,0,false,false,false,false,0
ENT72010,move to,LOC_중앙계곡,2026-08-09T09:06:41.000Z,21.37612107,-157.74126195,UAV 1,2,1:3001:2396,ENT72010,1:1:222:1:2:1:0,0,false,false,false,false,0
ENT72006,move to,LOC_중앙계곡,2026-08-09T09:06:41.000Z,21.37627768,-157.74124747,UAV 1,2,1:3001:2413,ENT72006,1:1:222:1:2:1:0,0,false,false,false,false,0
ENT72004,move to,LOC_중앙계곡,2026-08-09T09:06:41.000Z,21.37635776,-157.74124008,UAV 1,2,1:3001:2373,ENT72004,1:1:222:1:2:1:0,0,false,false,false,false,0
ENT72002,move to,LOC_중앙계곡,2026-08-09T09:06:41.000Z,21.37644938,-157.74123166,UAV 1,2,1:3001:2263,ENT72002,1:1:222:1:2:1:0,0,false,false,false,false,0
ENM35001,move to,LOC_적북측접근로,2026-08-09T09:06:41.000Z,21.37218623,-157.73810833,UAV 1,2,1:3001:2389,ENM35001,1:1:225:7:1:6:0,0,false,false,false,false,0
ENT72008,move to,LOC_중앙계곡,2026-08-09T09:06:41.000Z,21.37619023,-157.74125552,UAV 1,2,1:3001:2250,ENT72008,1:1:222:1:2:1:0,0,false,false,false,false,0
ENM35004,move to,LOC_적북측접근로,2026-08-09T09:06:41.000Z,21.37224663,-157.73801967,UAV 1,2,1:3001:2285,ENM35004,1:1:225:7:1:6:0,0,false,false,false,false,0
ENM35002,move to,LOC_적북측접근로,2026-08-09T09:06:41.000Z,21.37222320,-157.73811735,UAV 1,2,1:3001:2375,ENM35002,1:1:225:7:1:6:0,0,false,false,false,false,0
ENM35003,move to,LOC_적북측접근로,2026-08-09T09:06:41.000Z,21.37220835,-157.73801361,UAV 1,2,1:3001:2529,ENM35003,1:1:225:7:1:6:0,0,false,false,false,false,0
FRT80007,none,,2026-08-09T09:06:41.000Z,21.38085089,-157.74643495,UAV 1,1,1:3001:2439,FRT80007,1:1:222:1:1:1:0,0,false,false,false,false,0
ENCAESAR002,move to,LOC_북측예비방어선,2026-08-09T09:06:42.000Z,21.37156376,-157.73853501,UAV 1,2,1:3001:2229,ENCAESAR002,1:1:71:4:0:0:0,0,false,false,false,false,0
ENT72012,move to,LOC_중앙계곡,2026-08-09T09:06:42.000Z,21.37619916,-157.74125513,UAV 1,2,1:3001:2230,ENT72012,1:1:222:1:2:1:0,0,false,false,false,false,0
ENMORT005,none,,2026-08-09T09:06:42.000Z,21.37457651,-157.73710572,UAV 1,2,1:3001:2242,ENMORT005,1:1:71:10:1:0:1,0,false,false,false,false,0
ENMORT004,none,,2026-08-09T09:06:42.000Z,21.37447596,-157.73706256,UAV 1,2,1:3001:2265,ENMORT004,1:1:71:10:1:0:1,0,false,false,false,false,0
ENGAZ001,move to,LOC_적북측접근로,2026-08-09T09:06:42.000Z,21.37212120,-157.73804897,UAV 1,2,1:3001:2289,ENGAZ001,1:1:222:7:8:0:0,0,false,false,false,false,0
ENBTR80004,move to,LOC_중앙계곡,2026-08-09T09:06:42.000Z,21.37404007,-157.74064857,UAV 1,2,1:3001:2314,ENBTR80004,1:1:222:2:13:0:0,0,false,false,false,false,0
ENCAESAR004,move to,LOC_북측예비방어선,2026-08-09T09:06:42.000Z,21.37201284,-157.73967436,UAV 1,2,1:3001:2333,ENCAESAR004,1:1:71:4:0:0:0,0,false,false,false,false,0
ENGAZ002,move to,LOC_적북측접근로,2026-08-09T09:06:42.000Z,21.37213703,-157.73815381,UAV 1,2,1:3001:2356,ENGAZ002,1:1:222:7:8:0:0,0,false,false,false,false,0
ENBTR80006,move to,LOC_중앙계곡,2026-08-09T09:06:42.000Z,21.37414663,-157.74057681,UAV 1,2,1:3001:2363,ENBTR80006,1:1:222:2:13:0:0,0,false,false,false,false,0
ENGAZ003,move to,LOC_적북측접근로,2026-08-09T09:06:42.000Z,21.37214391,-157.73794601,UAV 1,2,1:3001:2384,ENGAZ003,1:1:222:7:8:0:0,0,false,false,false,false,0
ENBTR80003,move to,LOC_중앙계곡,2026-08-09T09:06:42.000Z,21.37423460,-157.74061036,UAV 1,2,1:3001:2388,ENBTR80003,1:1:222:2:13:0:0,0,false,false,false,false,0
ENCAESAR003,move to,LOC_적북측접근로,2026-08-09T09:06:42.000Z,21.37071741,-157.73869930,UAV 1,2,1:3001:2417,ENCAESAR003,1:1:71:4:0:0:0,0,false,false,false,false,0
ENMORT001,none,,2026-08-09T09:06:42.000Z,21.37443553,-157.73716992,UAV 1,2,1:3001:2424,ENMORT001,1:1:71:10:1:0:1,0,false,false,false,false,0
ENBTR60007,move to,LOC_중앙계곡,2026-08-09T09:06:42.000Z,21.37378166,-157.74072532,UAV 1,2,1:3001:2450,ENBTR60007,1:1:222:2:8:1:0,0,false,false,false,false,0
ENBTR60008,move to,LOC_중앙계곡,2026-08-09T09:06:42.000Z,21.37384680,-157.74068895,UAV 1,2,1:3001:2461,ENBTR60008,1:1:222:2:8:1:0,0,false,false,false,false,0
ENBTR80007,move to,LOC_중앙계곡,2026-08-09T09:06:42.000Z,21.37396543,-157.74061596,UAV 1,2,1:3001:2463,ENBTR80007,1:1:222:2:13:0:0,0,false,false,false,false,0
ENMORT002,none,,2026-08-09T09:06:42.000Z,21.37453609,-157.73721308,UAV 1,2,1:3001:2469,ENMORT002,1:1:71:10:1:0:1,0,false,false,false,false,0
ENGAZ004,move to,LOC_적북측접근로,2026-08-09T09:06:42.000Z,21.37216598,-157.73802604,UAV 1,2,1:3001:2473,ENGAZ004,1:1:222:7:8:0:0,0,false,false,false,false,0
ENBTR80005,move to,LOC_중앙계곡,2026-08-09T09:06:42.000Z,21.37408826,-157.74061211,UAV 1,2,1:3001:2481,ENBTR80005,1:1:222:2:13:0:0,0,false,false,false,false,0
ENMIM001,move to,LOC_적북측접근로,2026-08-09T09:06:42.000Z,21.37128623,-157.74160760,UAV 1,2,1:3001:2490,ENMIM001,1:1:225:28:2:0:0,0,false,false,false,false,0
ENCAESAR001,move to,LOC_적북측접근로,2026-08-09T09:06:42.000Z,21.37102837,-157.74020458,UAV 1,2,1:3001:2495,ENCAESAR001,1:1:71:4:0:0:0,0,false,false,false,false,0
ENMORT003,none,,2026-08-09T09:06:42.000Z,21.37463664,-157.73725624,UAV 1,2,1:3001:2500,ENMORT003,1:1:71:10:1:0:1,0,false,false,false,false,0
ENBTR60005,move to,LOC_중앙계곡,2026-08-09T09:06:42.000Z,21.37391913,-157.74072118,UAV 1,2,1:3001:2537,ENBTR60005,1:1:222:2:8:1:0,0,false,false,false,false,0
ENT72010,move to,LOC_중앙계곡,2026-08-09T09:06:42.000Z,21.37630790,-157.74124516,UAV 1,2,1:3001:2396,ENT72010,1:1:222:1:2:1:0,0,false,false,false,false,0
ENT72006,move to,LOC_중앙계곡,2026-08-09T09:06:42.000Z,21.37646358,-157.74123079,UAV 1,2,1:3001:2413,ENT72006,1:1:222:1:2:1:0,0,false,false,false,false,0
ENT72004,move to,LOC_중앙계곡,2026-08-09T09:06:42.000Z,21.37654347,-157.74122343,UAV 1,2,1:3001:2373,ENT72004,1:1:222:1:2:1:0,0,false,false,false,false,0
ENT72002,move to,LOC_중앙계곡,2026-08-09T09:06:42.000Z,21.37663568,-157.74121498,UAV 1,2,1:3001:2263,ENT72002,1:1:222:1:2:1:0,0,false,false,false,false,0
ENM35001,move to,LOC_적북측접근로,2026-08-09T09:06:42.000Z,21.37214025,-157.73830346,UAV 1,2,1:3001:2389,ENM35001,1:1:225:7:1:6:0,0,false,false,false,false,0
ENT72008,move to,LOC_중앙계곡,2026-08-09T09:06:42.000Z,21.37637657,-157.74123879,UAV 1,2,1:3001:2250,ENT72008,1:1:222:1:2:1:0,0,false,false,false,false,0
ENM35004,move to,LOC_적북측접근로,2026-08-09T09:06:42.000Z,21.37219953,-157.73821095,UAV 1,2,1:3001:2285,ENM35004,1:1:225:7:1:6:0,0,false,false,false,false,0
ENM35002,move to,LOC_적북측접근로,2026-08-09T09:06:42.000Z,21.37217530,-157.73831173,UAV 1,2,1:3001:2375,ENM35002,1:1:225:7:1:6:0,0,false,false,false,false,0
ENM35003,move to,LOC_적북측접근로,2026-08-09T09:06:42.000Z,21.37216294,-157.73820635,UAV 1,2,1:3001:2529,ENM35003,1:1:225:7:1:6:0,0,false,false,false,false,0
FRT80008,move to,LOC_목표A남측,2026-08-09T09:06:42.000Z,21.38083548,-157.74631103,UAV 1,1,1:3001:2391,FRT80008,1:1:222:1:1:1:0,0,false,false,false,false,0
ENCAESAR002,move to,LOC_북측예비방어선,2026-08-09T09:06:44.000Z,21.37163502,-157.73871457,UAV 1,2,1:3001:2229,ENCAESAR002,1:1:71:4:0:0:0,0,false,false,false,false,0
ENT72012,move to,LOC_중앙계곡,2026-08-09T09:06:44.000Z,21.37638589,-157.74123834,UAV 1,2,1:3001:2230,ENT72012,1:1:222:1:2:1:0,0,false,false,false,false,0
ENMORT005,none,,2026-08-09T09:06:44.000Z,21.37457651,-157.73710572,UAV 1,2,1:3001:2242,ENMORT005,1:1:71:10:1:0:1,0,false,false,false,false,0
ENMORT004,none,,2026-08-09T09:06:44.000Z,21.37447596,-157.73706256,UAV 1,2,1:3001:2265,ENMORT004,1:1:71:10:1:0:1,0,false,false,false,false,0
ENGAZ001,move to,LOC_적북측접근로,2026-08-09T09:06:44.000Z,21.37208153,-157.73823413,UAV 1,2,1:3001:2289,ENGAZ001,1:1:222:7:8:0:0,0,false,false,false,false,0
ENBTR80004,move to,LOC_중앙계곡,2026-08-09T09:06:44.000Z,21.37423264,-157.74066131,UAV 1,2,1:3001:2314,ENBTR80004,1:1:222:2:13:0:0,0,false,false,false,false,0
ENCAESAR004,move to,LOC_북측예비방어선,2026-08-09T09:06:44.000Z,21.37208787,-157.73986297,UAV 1,2,1:3001:2333,ENCAESAR004,1:1:71:4:0:0:0,0,false,false,false,false,0
ENGAZ002,move to,LOC_적북측접근로,2026-08-09T09:06:44.000Z,21.37209623,-157.73833521,UAV 1,2,1:3001:2356,ENGAZ002,1:1:222:7:8:0:0,0,false,false,false,false,0
ENBTR80006,move to,LOC_중앙계곡,2026-08-09T09:06:44.000Z,21.37433430,-157.74059216,UAV 1,2,1:3001:2363,ENBTR80006,1:1:222:2:13:0:0,0,false,false,false,false,0
ENGAZ003,move to,LOC_적북측접근로,2026-08-09T09:06:44.000Z,21.37210234,-157.73813989,UAV 1,2,1:3001:2384,ENGAZ003,1:1:222:7:8:0:0,0,false,false,false,false,0
ENBTR80003,move to,LOC_중앙계곡,2026-08-09T09:06:44.000Z,21.37441755,-157.74062435,UAV 1,2,1:3001:2388,ENBTR80003,1:1:222:2:13:0:0,0,false,false,false,false,0
ENCAESAR003,move to,LOC_적북측접근로,2026-08-09T09:06:44.000Z,21.37075779,-157.73889960,UAV 1,2,1:3001:2417,ENCAESAR003,1:1:71:4:0:0:0,0,false,false,false,false,0
ENMORT001,none,,2026-08-09T09:06:44.000Z,21.37443553,-157.73716992,UAV 1,2,1:3001:2424,ENMORT001,1:1:71:10:1:0:1,0,false,false,false,false,0
ENBTR60007,move to,LOC_중앙계곡,2026-08-09T09:06:44.000Z,21.37397113,-157.74073451,UAV 1,2,1:3001:2450,ENBTR60007,1:1:222:2:8:1:0,0,false,false,false,false,0
ENBTR60008,move to,LOC_중앙계곡,2026-08-09T09:06:44.000Z,21.37403657,-157.74069961,UAV 1,2,1:3001:2461,ENBTR60008,1:1:222:2:8:1:0,0,false,false,false,false,0
ENBTR80007,move to,LOC_중앙계곡,2026-08-09T09:06:44.000Z,21.37415702,-157.74062965,UAV 1,2,1:3001:2463,ENBTR80007,1:1:222:2:13:0:0,0,false,false,false,false,0
ENMORT002,none,,2026-08-09T09:06:44.000Z,21.37453609,-157.73721308,UAV 1,2,1:3001:2469,ENMORT002,1:1:71:10:1:0:1,0,false,false,false,false,0
ENGAZ004,move to,LOC_적북측접근로,2026-08-09T09:06:44.000Z,21.37212284,-157.73821779,UAV 1,2,1:3001:2473,ENGAZ004,1:1:222:7:8:0:0,0,false,false,false,false,0
ENBTR80005,move to,LOC_중앙계곡,2026-08-09T09:06:44.000Z,21.37427924,-157.74062623,UAV 1,2,1:3001:2481,ENBTR80005,1:1:222:2:13:0:0,0,false,false,false,false,0
ENMIM001,move to,LOC_적북측접근로,2026-08-09T09:06:44.000Z,21.37130418,-157.74166157,UAV 1,2,1:3001:2490,ENMIM001,1:1:225:28:2:0:0,0,false,false,false,false,0
ENCAESAR001,move to,LOC_적북측접근로,2026-08-09T09:06:44.000Z,21.37106336,-157.74038252,UAV 1,2,1:3001:2495,ENCAESAR001,1:1:71:4:0:0:0,0,false,false,false,false,0
ENMORT003,none,,2026-08-09T09:06:44.000Z,21.37463664,-157.73725624,UAV 1,2,1:3001:2500,ENMORT003,1:1:71:10:1:0:1,0,false,false,false,false,0
ENBTR60005,move to,LOC_중앙계곡,2026-08-09T09:06:44.000Z,21.37410993,-157.74073087,UAV 1,2,1:3001:2537,ENBTR60005,1:1:222:2:8:1:0,0,false,false,false,false,0
ENT72010,move to,LOC_중앙계곡,2026-08-09T09:06:44.000Z,21.37649411,-157.74122842,UAV 1,2,1:3001:2396,ENT72010,1:1:222:1:2:1:0,0,false,false,false,false,0
ENT72006,move to,LOC_중앙계곡,2026-08-09T09:06:44.000Z,21.37665038,-157.74121403,UAV 1,2,1:3001:2413,ENT72006,1:1:222:1:2:1:0,0,false,false,false,false,0
ENT72004,move to,LOC_중앙계곡,2026-08-09T09:06:44.000Z,21.37673115,-157.74120661,UAV 1,2,1:3001:2373,ENT72004,1:1:222:1:2:1:0,0,false,false,false,false,0
ENT72002,move to,LOC_중앙계곡,2026-08-09T09:06:44.000Z,21.37682291,-157.74119821,UAV 1,2,1:3001:2263,ENT72002,1:1:222:1:2:1:0,0,false,false,false,false,0
ENM35001,move to,LOC_적북측접근로,2026-08-09T09:06:44.000Z,21.37209377,-157.73850072,UAV 1,2,1:3001:2389,ENM35001,1:1:225:7:1:6:0,0,false,false,false,false,0
ENT72008,move to,LOC_중앙계곡,2026-08-09T09:06:44.000Z,21.37656288,-157.74122206,UAV 1,2,1:3001:2250,ENT72008,1:1:222:1:2:1:0,0,false,false,false,false,0
ENM35004,move to,LOC_적북측접근로,2026-08-09T09:06:44.000Z,21.37215062,-157.73840953,UAV 1,2,1:3001:2285,ENM35004,1:1:225:7:1:6:0,0,false,false,false,false,0
ENM35002,move to,LOC_적북측접근로,2026-08-09T09:06:44.000Z,21.37212667,-157.73850905,UAV 1,2,1:3001:2375,ENM35002,1:1:225:7:1:6:0,0,false,false,false,false,0
ENM35003,move to,LOC_적북측접근로,2026-08-09T09:06:44.000Z,21.37211611,-157.73840513,UAV 1,2,1:3001:2529,ENM35003,1:1:225:7:1:6:0,0,false,false,false,false,0
FRT80008,move to,LOC_목표A남측,2026-08-09T09:06:44.000Z,21.38098477,-157.74618167,UAV 1,1,1:3001:2391,FRT80008,1:1:222:1:1:1:0,0,false,false,false,false,0
FRT80006,move to,LOC_목표A남측,2026-08-09T09:06:44.000Z,21.38082959,-157.74634063,UAV 1,1,1:3001:2409,FRT80006,1:1:222:1:1:1:0,0,false,false,false,false,0
ENCAESAR002,move to,LOC_북측예비방어선,2026-08-09T09:06:45.000Z,21.37163502,-157.73871457,UAV 1,2,1:3001:2229,ENCAESAR002,1:1:71:4:0:0:0,0,false,false,false,false,0
ENT72012,move to,LOC_중앙계곡,2026-08-09T09:06:45.000Z,21.37638589,-157.74123834,UAV 1,2,1:3001:2230,ENT72012,1:1:222:1:2:1:0,0,false,false,false,false,0
ENMORT005,none,,2026-08-09T09:06:45.000Z,21.37457651,-157.73710572,UAV 1,2,1:3001:2242,ENMORT005,1:1:71:10:1:0:1,0,false,false,false,false,0
ENMORT004,none,,2026-08-09T09:06:45.000Z,21.37447596,-157.73706256,UAV 1,2,1:3001:2265,ENMORT004,1:1:71:10:1:0:1,0,false,false,false,false,0
ENGAZ001,move to,LOC_적북측접근로,2026-08-09T09:06:45.000Z,21.37208153,-157.73823413,UAV 1,2,1:3001:2289,ENGAZ001,1:1:222:7:8:0:0,0,false,false,false,false,0
ENBTR80004,move to,LOC_중앙계곡,2026-08-09T09:06:45.000Z,21.37423264,-157.74066131,UAV 1,2,1:3001:2314,ENBTR80004,1:1:222:2:13:0:0,0,false,false,false,false,0
ENCAESAR004,move to,LOC_북측예비방어선,2026-08-09T09:06:45.000Z,21.37208787,-157.73986297,UAV 1,2,1:3001:2333,ENCAESAR004,1:1:71:4:0:0:0,0,false,false,false,false,0
ENGAZ002,move to,LOC_적북측접근로,2026-08-09T09:06:45.000Z,21.37209623,-157.73833521,UAV 1,2,1:3001:2356,ENGAZ002,1:1:222:7:8:0:0,0,false,false,false,false,0
ENBTR80006,move to,LOC_중앙계곡,2026-08-09T09:06:45.000Z,21.37433430,-157.74059216,UAV 1,2,1:3001:2363,ENBTR80006,1:1:222:2:13:0:0,0,false,false,false,false,0
ENGAZ003,move to,LOC_적북측접근로,2026-08-09T09:06:45.000Z,21.37210234,-157.73813989,UAV 1,2,1:3001:2384,ENGAZ003,1:1:222:7:8:0:0,0,false,false,false,false,0
ENBTR80003,move to,LOC_중앙계곡,2026-08-09T09:06:45.000Z,21.37441755,-157.74062435,UAV 1,2,1:3001:2388,ENBTR80003,1:1:222:2:13:0:0,0,false,false,false,false,0
ENCAESAR003,move to,LOC_적북측접근로,2026-08-09T09:06:45.000Z,21.37075779,-157.73889960,UAV 1,2,1:3001:2417,ENCAESAR003,1:1:71:4:0:0:0,0,false,false,false,false,0
ENMORT001,none,,2026-08-09T09:06:45.000Z,21.37443553,-157.73716992,UAV 1,2,1:3001:2424,ENMORT001,1:1:71:10:1:0:1,0,false,false,false,false,0
ENBTR60007,move to,LOC_중앙계곡,2026-08-09T09:06:45.000Z,21.37397113,-157.74073451,UAV 1,2,1:3001:2450,ENBTR60007,1:1:222:2:8:1:0,0,false,false,false,false,0
ENBTR60008,move to,LOC_중앙계곡,2026-08-09T09:06:45.000Z,21.37403657,-157.74069961,UAV 1,2,1:3001:2461,ENBTR60008,1:1:222:2:8:1:0,0,false,false,false,false,0
ENBTR80007,move to,LOC_중앙계곡,2026-08-09T09:06:45.000Z,21.37415702,-157.74062965,UAV 1,2,1:3001:2463,ENBTR80007,1:1:222:2:13:0:0,0,false,false,false,false,0
ENMORT002,none,,2026-08-09T09:06:45.000Z,21.37453609,-157.73721308,UAV 1,2,1:3001:2469,ENMORT002,1:1:71:10:1:0:1,0,false,false,false,false,0
ENGAZ004,move to,LOC_적북측접근로,2026-08-09T09:06:45.000Z,21.37212284,-157.73821779,UAV 1,2,1:3001:2473,ENGAZ004,1:1:222:7:8:0:0,0,false,false,false,false,0
ENBTR80005,move to,LOC_중앙계곡,2026-08-09T09:06:45.000Z,21.37427924,-157.74062623,UAV 1,2,1:3001:2481,ENBTR80005,1:1:222:2:13:0:0,0,false,false,false,false,0
ENMIM001,move to,LOC_적북측접근로,2026-08-09T09:06:45.000Z,21.37130418,-157.74166157,UAV 1,2,1:3001:2490,ENMIM001,1:1:225:28:2:0:0,0,false,false,false,false,0
ENCAESAR001,move to,LOC_적북측접근로,2026-08-09T09:06:45.000Z,21.37106336,-157.74038252,UAV 1,2,1:3001:2495,ENCAESAR001,1:1:71:4:0:0:0,0,false,false,false,false,0
ENMORT003,none,,2026-08-09T09:06:45.000Z,21.37463664,-157.73725624,UAV 1,2,1:3001:2500,ENMORT003,1:1:71:10:1:0:1,0,false,false,false,false,0
ENBTR60005,move to,LOC_중앙계곡,2026-08-09T09:06:45.000Z,21.37410993,-157.74073087,UAV 1,2,1:3001:2537,ENBTR60005,1:1:222:2:8:1:0,0,false,false,false,false,0
ENT72010,move to,LOC_중앙계곡,2026-08-09T09:06:45.000Z,21.37649411,-157.74122842,UAV 1,2,1:3001:2396,ENT72010,1:1:222:1:2:1:0,0,false,false,false,false,0
ENT72006,move to,LOC_중앙계곡,2026-08-09T09:06:45.000Z,21.37665038,-157.74121403,UAV 1,2,1:3001:2413,ENT72006,1:1:222:1:2:1:0,0,false,false,false,false,0
ENT72004,move to,LOC_중앙계곡,2026-08-09T09:06:45.000Z,21.37673115,-157.74120661,UAV 1,2,1:3001:2373,ENT72004,1:1:222:1:2:1:0,0,false,false,false,false,0
ENT72002,move to,LOC_중앙계곡,2026-08-09T09:06:45.000Z,21.37682291,-157.74119821,UAV 1,2,1:3001:2263,ENT72002,1:1:222:1:2:1:0,0,false,false,false,false,0
ENM35001,move to,LOC_적북측접근로,2026-08-09T09:06:45.000Z,21.37209377,-157.73850072,UAV 1,2,1:3001:2389,ENM35001,1:1:225:7:1:6:0,0,false,false,false,false,0
ENT72008,move to,LOC_중앙계곡,2026-08-09T09:06:45.000Z,21.37656288,-157.74122206,UAV 1,2,1:3001:2250,ENT72008,1:1:222:1:2:1:0,0,false,false,false,false,0
ENM35004,move to,LOC_적북측접근로,2026-08-09T09:06:45.000Z,21.37215062,-157.73840953,UAV 1,2,1:3001:2285,ENM35004,1:1:225:7:1:6:0,0,false,false,false,false,0
ENM35002,move to,LOC_적북측접근로,2026-08-09T09:06:45.000Z,21.37212667,-157.73850905,UAV 1,2,1:3001:2375,ENM35002,1:1:225:7:1:6:0,0,false,false,false,false,0
ENM35003,move to,LOC_적북측접근로,2026-08-09T09:06:45.000Z,21.37211611,-157.73840513,UAV 1,2,1:3001:2529,ENM35003,1:1:225:7:1:6:0,0,false,false,false,false,0
FRT80008,move to,LOC_목표A남측,2026-08-09T09:06:45.000Z,21.38098477,-157.74618167,UAV 1,1,1:3001:2391,FRT80008,1:1:222:1:1:1:0,0,false,false,false,false,0
FRT80006,move to,LOC_목표A남측,2026-08-09T09:06:45.000Z,21.38082959,-157.74634063,UAV 1,1,1:3001:2409,FRT80006,1:1:222:1:1:1:0,0,false,false,false,false,0
ENCAESAR002,move to,LOC_북측예비방어선,2026-08-09T09:06:46.000Z,21.37171017,-157.73890393,UAV 1,2,1:3001:2229,ENCAESAR002,1:1:71:4:0:0:0,0,false,false,false,false,0
ENT72012,move to,LOC_중앙계곡,2026-08-09T09:06:46.000Z,21.37657681,-157.74122117,UAV 1,2,1:3001:2230,ENT72012,1:1:222:1:2:1:0,0,false,false,false,false,0
ENMORT005,none,,2026-08-09T09:06:46.000Z,21.37457651,-157.73710572,UAV 1,2,1:3001:2242,ENMORT005,1:1:71:10:1:0:1,0,false,false,false,false,0
ENMORT004,none,,2026-08-09T09:06:46.000Z,21.37447596,-157.73706256,UAV 1,2,1:3001:2265,ENMORT004,1:1:71:10:1:0:1,0,false,false,false,false,0
ENGAZ001,move to,LOC_적북측접근로,2026-08-09T09:06:46.000Z,21.37204588,-157.73840052,UAV 1,2,1:3001:2289,ENGAZ001,1:1:222:7:8:0:0,0,false,false,false,false,0
ENBTR80004,move to,LOC_중앙계곡,2026-08-09T09:06:46.000Z,21.37441954,-157.74067367,UAV 1,2,1:3001:2314,ENBTR80004,1:1:222:2:13:0:0,0,false,false,false,false,0
ENCAESAR004,move to,LOC_북측예비방어선,2026-08-09T09:06:46.000Z,21.37216246,-157.74005049,UAV 1,2,1:3001:2333,ENCAESAR004,1:1:71:4:0:0:0,0,false,false,false,false,0
ENGAZ002,move to,LOC_적북측접근로,2026-08-09T09:06:46.000Z,21.37204809,-157.73854922,UAV 1,2,1:3001:2356,ENGAZ002,1:1:222:7:8:0:0,0,false,false,false,false,0
ENBTR80006,move to,LOC_중앙계곡,2026-08-09T09:06:46.000Z,21.37452495,-157.74060776,UAV 1,2,1:3001:2363,ENBTR80006,1:1:222:2:13:0:0,0,false,false,false,false,0
ENGAZ003,move to,LOC_적북측접근로,2026-08-09T09:06:46.000Z,21.37206628,-157.73830806,UAV 1,2,1:3001:2384,ENGAZ003,1:1:222:7:8:0:0,0,false,false,false,false,0
ENBTR80003,move to,LOC_중앙계곡,2026-08-09T09:06:46.000Z,21.37460875,-157.74063898,UAV 1,2,1:3001:2388,ENBTR80003,1:1:222:2:13:0:0,0,false,false,false,false,0
ENCAESAR003,move to,LOC_적북측접근로,2026-08-09T09:06:46.000Z,21.37079761,-157.73909715,UAV 1,2,1:3001:2417,ENCAESAR003,1:1:71:4:0:0:0,0,false,false,false,false,0
ENMORT001,none,,2026-08-09T09:06:46.000Z,21.37443553,-157.73716992,UAV 1,2,1:3001:2424,ENMORT001,1:1:71:10:1:0:1,0,false,false,false,false,0
ENBTR60007,move to,LOC_중앙계곡,2026-08-09T09:06:46.000Z,21.37416742,-157.74074403,UAV 1,2,1:3001:2450,ENBTR60007,1:1:222:2:8:1:0,0,false,false,false,false,0
ENBTR60008,move to,LOC_중앙계곡,2026-08-09T09:06:46.000Z,21.37423536,-157.74071077,UAV 1,2,1:3001:2461,ENBTR60008,1:1:222:2:8:1:0,0,false,false,false,false,0
ENBTR80007,move to,LOC_중앙계곡,2026-08-09T09:06:46.000Z,21.37434942,-157.74064340,UAV 1,2,1:3001:2463,ENBTR80007,1:1:222:2:13:0:0,0,false,false,false,false,0
ENMORT002,none,,2026-08-09T09:06:46.000Z,21.37453609,-157.73721308,UAV 1,2,1:3001:2469,ENMORT002,1:1:71:10:1:0:1,0,false,false,false,false,0
ENGAZ004,move to,LOC_적북측접근로,2026-08-09T09:06:46.000Z,21.37208027,-157.73840700,UAV 1,2,1:3001:2473,ENGAZ004,1:1:222:7:8:0:0,0,false,false,false,false,0
ENBTR80005,move to,LOC_중앙계곡,2026-08-09T09:06:46.000Z,21.37446673,-157.74064010,UAV 1,2,1:3001:2481,ENBTR80005,1:1:222:2:13:0:0,0,false,false,false,false,0
ENMIM001,move to,LOC_적북측접근로,2026-08-09T09:06:46.000Z,21.37131384,-157.74169068,UAV 1,2,1:3001:2490,ENMIM001,1:1:225:28:2:0:0,0,false,false,false,false,0
ENCAESAR001,move to,LOC_적북측접근로,2026-08-09T09:06:46.000Z,21.37110192,-157.74057856,UAV 1,2,1:3001:2495,ENCAESAR001,1:1:71:4:0:0:0,0,false,false,false,false,0
ENMORT003,none,,2026-08-09T09:06:46.000Z,21.37463664,-157.73725624,UAV 1,2,1:3001:2500,ENMORT003,1:1:71:10:1:0:1,0,false,false,false,false,0
ENBTR60005,move to,LOC_중앙계곡,2026-08-09T09:06:46.000Z,21.37430775,-157.74074092,UAV 1,2,1:3001:2537,ENBTR60005,1:1:222:2:8:1:0,0,false,false,false,false,0
ENT72010,move to,LOC_중앙계곡,2026-08-09T09:06:46.000Z,21.37668554,-157.74121122,UAV 1,2,1:3001:2396,ENT72010,1:1:222:1:2:1:0,0,false,false,false,false,0
ENT72006,move to,LOC_중앙계곡,2026-08-09T09:06:46.000Z,21.37684185,-157.74119685,UAV 1,2,1:3001:2413,ENT72006,1:1:222:1:2:1:0,0,false,false,false,false,0
ENT72004,move to,LOC_중앙계곡,2026-08-09T09:06:46.000Z,21.37692219,-157.74118948,UAV 1,2,1:3001:2373,ENT72004,1:1:222:1:2:1:0,0,false,false,false,false,0
ENT72002,move to,LOC_중앙계곡,2026-08-09T09:06:46.000Z,21.37701432,-157.74118106,UAV 1,2,1:3001:2263,ENT72002,1:1:222:1:2:1:0,0,false,false,false,false,0
ENM35001,move to,LOC_적북측접근로,2026-08-09T09:06:46.000Z,21.37204741,-157.73869745,UAV 1,2,1:3001:2389,ENM35001,1:1:225:7:1:6:0,0,false,false,false,false,0
ENT72008,move to,LOC_중앙계곡,2026-08-09T09:06:46.000Z,21.37675471,-157.74120484,UAV 1,2,1:3001:2250,ENT72008,1:1:222:1:2:1:0,0,false,false,false,false,0
ENM35004,move to,LOC_적북측접근로,2026-08-09T09:06:46.000Z,21.37210199,-157.73860701,UAV 1,2,1:3001:2285,ENM35004,1:1:225:7:1:6:0,0,false,false,false,false,0
ENM35002,move to,LOC_적북측접근로,2026-08-09T09:06:46.000Z,21.37207845,-157.73870473,UAV 1,2,1:3001:2375,ENM35002,1:1:225:7:1:6:0,0,false,false,false,false,0
ENM35003,move to,LOC_적북측접근로,2026-08-09T09:06:46.000Z,21.37206952,-157.73860286,UAV 1,2,1:3001:2529,ENM35003,1:1:225:7:1:6:0,0,false,false,false,false,0
ENCAESAR002,move to,LOC_북측예비방어선,2026-08-09T09:06:47.000Z,21.37171017,-157.73890393,UAV 1,2,1:3001:2229,ENCAESAR002,1:1:71:4:0:0:0,0,false,false,false,false,0
ENT72012,move to,LOC_중앙계곡,2026-08-09T09:06:47.000Z,21.37657681,-157.74122117,UAV 1,2,1:3001:2230,ENT72012,1:1:222:1:2:1:0,0,false,false,false,false,0
ENMORT005,none,,2026-08-09T09:06:47.000Z,21.37457651,-157.73710572,UAV 1,2,1:3001:2242,ENMORT005,1:1:71:10:1:0:1,0,false,false,false,false,0
ENMORT004,none,,2026-08-09T09:06:47.000Z,21.37447596,-157.73706256,UAV 1,2,1:3001:2265,ENMORT004,1:1:71:10:1:0:1,0,false,false,false,false,0
ENGAZ001,move to,LOC_적북측접근로,2026-08-09T09:06:47.000Z,21.37204588,-157.73840052,UAV 1,2,1:3001:2289,ENGAZ001,1:1:222:7:8:0:0,0,false,false,false,false,0
ENBTR80004,move to,LOC_중앙계곡,2026-08-09T09:06:47.000Z,21.37441954,-157.74067367,UAV 1,2,1:3001:2314,ENBTR80004,1:1:222:2:13:0:0,0,false,false,false,false,0
ENCAESAR004,move to,LOC_북측예비방어선,2026-08-09T09:06:47.000Z,21.37216246,-157.74005049,UAV 1,2,1:3001:2333,ENCAESAR004,1:1:71:4:0:0:0,0,false,false,false,false,0
ENGAZ002,move to,LOC_적북측접근로,2026-08-09T09:06:47.000Z,21.37204809,-157.73854922,UAV 1,2,1:3001:2356,ENGAZ002,1:1:222:7:8:0:0,0,false,false,false,false,0
ENBTR80006,move to,LOC_중앙계곡,2026-08-09T09:06:47.000Z,21.37452495,-157.74060776,UAV 1,2,1:3001:2363,ENBTR80006,1:1:222:2:13:0:0,0,false,false,false,false,0
ENGAZ003,move to,LOC_적북측접근로,2026-08-09T09:06:47.000Z,21.37206628,-157.73830806,UAV 1,2,1:3001:2384,ENGAZ003,1:1:222:7:8:0:0,0,false,false,false,false,0
ENBTR80003,move to,LOC_중앙계곡,2026-08-09T09:06:47.000Z,21.37460875,-157.74063898,UAV 1,2,1:3001:2388,ENBTR80003,1:1:222:2:13:0:0,0,false,false,false,false,0
ENCAESAR003,move to,LOC_적북측접근로,2026-08-09T09:06:47.000Z,21.37079761,-157.73909715,UAV 1,2,1:3001:2417,ENCAESAR003,1:1:71:4:0:0:0,0,false,false,false,false,0
ENMORT001,none,,2026-08-09T09:06:47.000Z,21.37443553,-157.73716992,UAV 1,2,1:3001:2424,ENMORT001,1:1:71:10:1:0:1,0,false,false,false,false,0
ENBTR60007,move to,LOC_중앙계곡,2026-08-09T09:06:47.000Z,21.37416742,-157.74074403,UAV 1,2,1:3001:2450,ENBTR60007,1:1:222:2:8:1:0,0,false,false,false,false,0
ENBTR60008,move to,LOC_중앙계곡,2026-08-09T09:06:47.000Z,21.37423536,-157.74071077,UAV 1,2,1:3001:2461,ENBTR60008,1:1:222:2:8:1:0,0,false,false,false,false,0
ENBTR80007,move to,LOC_중앙계곡,2026-08-09T09:06:47.000Z,21.37434942,-157.74064340,UAV 1,2,1:3001:2463,ENBTR80007,1:1:222:2:13:0:0,0,false,false,false,false,0
ENMORT002,none,,2026-08-09T09:06:47.000Z,21.37453609,-157.73721308,UAV 1,2,1:3001:2469,ENMORT002,1:1:71:10:1:0:1,0,false,false,false,false,0
ENGAZ004,move to,LOC_적북측접근로,2026-08-09T09:06:47.000Z,21.37208027,-157.73840700,UAV 1,2,1:3001:2473,ENGAZ004,1:1:222:7:8:0:0,0,false,false,false,false,0
ENBTR80005,move to,LOC_중앙계곡,2026-08-09T09:06:47.000Z,21.37446673,-157.74064010,UAV 1,2,1:3001:2481,ENBTR80005,1:1:222:2:13:0:0,0,false,false,false,false,0
ENMIM001,move to,LOC_적북측접근로,2026-08-09T09:06:47.000Z,21.37131384,-157.74169068,UAV 1,2,1:3001:2490,ENMIM001,1:1:225:28:2:0:0,0,false,false,false,false,0
ENCAESAR001,move to,LOC_적북측접근로,2026-08-09T09:06:47.000Z,21.37110192,-157.74057856,UAV 1,2,1:3001:2495,ENCAESAR001,1:1:71:4:0:0:0,0,false,false,false,false,0
ENMORT003,none,,2026-08-09T09:06:47.000Z,21.37463664,-157.73725624,UAV 1,2,1:3001:2500,ENMORT003,1:1:71:10:1:0:1,0,false,false,false,false,0
ENBTR60005,move to,LOC_중앙계곡,2026-08-09T09:06:47.000Z,21.37430775,-157.74074092,UAV 1,2,1:3001:2537,ENBTR60005,1:1:222:2:8:1:0,0,false,false,false,false,0
ENT72010,move to,LOC_중앙계곡,2026-08-09T09:06:47.000Z,21.37668554,-157.74121122,UAV 1,2,1:3001:2396,ENT72010,1:1:222:1:2:1:0,0,false,false,false,false,0
ENT72006,move to,LOC_중앙계곡,2026-08-09T09:06:47.000Z,21.37684185,-157.74119685,UAV 1,2,1:3001:2413,ENT72006,1:1:222:1:2:1:0,0,false,false,false,false,0
ENT72004,move to,LOC_중앙계곡,2026-08-09T09:06:47.000Z,21.37692219,-157.74118948,UAV 1,2,1:3001:2373,ENT72004,1:1:222:1:2:1:0,0,false,false,false,false,0
ENT72002,move to,LOC_중앙계곡,2026-08-09T09:06:47.000Z,21.37701432,-157.74118106,UAV 1,2,1:3001:2263,ENT72002,1:1:222:1:2:1:0,0,false,false,false,false,0
ENM35001,move to,LOC_적북측접근로,2026-08-09T09:06:47.000Z,21.37204741,-157.73869745,UAV 1,2,1:3001:2389,ENM35001,1:1:225:7:1:6:0,0,false,false,false,false,0
ENT72008,move to,LOC_중앙계곡,2026-08-09T09:06:47.000Z,21.37675471,-157.74120484,UAV 1,2,1:3001:2250,ENT72008,1:1:222:1:2:1:0,0,false,false,false,false,0
ENM35004,move to,LOC_적북측접근로,2026-08-09T09:06:47.000Z,21.37210199,-157.73860701,UAV 1,2,1:3001:2285,ENM35004,1:1:225:7:1:6:0,0,false,false,false,false,0
ENM35002,move to,LOC_적북측접근로,2026-08-09T09:06:47.000Z,21.37207845,-157.73870473,UAV 1,2,1:3001:2375,ENM35002,1:1:225:7:1:6:0,0,false,false,false,false,0
ENM35003,move to,LOC_적북측접근로,2026-08-09T09:06:47.000Z,21.37206952,-157.73860286,UAV 1,2,1:3001:2529,ENM35003,1:1:225:7:1:6:0,0,false,false,false,false,0
ENCAESAR002,move to,LOC_북측예비방어선,2026-08-09T09:06:49.000Z,21.37177982,-157.73907942,UAV 1,2,1:3001:2229,ENCAESAR002,1:1:71:4:0:0:0,0,false,false,false,false,0
ENT72012,move to,LOC_중앙계곡,2026-08-09T09:06:49.000Z,21.37675636,-157.74120502,UAV 1,2,1:3001:2230,ENT72012,1:1:222:1:2:1:0,0,false,false,false,false,0
ENMORT005,none,,2026-08-09T09:06:49.000Z,21.37457651,-157.73710572,UAV 1,2,1:3001:2242,ENMORT005,1:1:71:10:1:0:1,0,false,false,false,false,0
ENMORT004,none,,2026-08-09T09:06:49.000Z,21.37447596,-157.73706256,UAV 1,2,1:3001:2265,ENMORT004,1:1:71:10:1:0:1,0,false,false,false,false,0
ENBTR80004,move to,LOC_중앙계곡,2026-08-09T09:06:49.000Z,21.37460064,-157.74068564,UAV 1,2,1:3001:2314,ENBTR80004,1:1:222:2:13:0:0,0,false,false,false,false,0
ENCAESAR004,move to,LOC_북측예비방어선,2026-08-09T09:06:49.000Z,21.37223360,-157.74022934,UAV 1,2,1:3001:2333,ENCAESAR004,1:1:71:4:0:0:0,0,false,false,false,false,0
ENGAZ002,move to,LOC_적북측접근로,2026-08-09T09:06:49.000Z,21.37200656,-157.73873387,UAV 1,2,1:3001:2356,ENGAZ002,1:1:222:7:8:0:0,0,false,false,false,false,0
ENBTR80006,move to,LOC_중앙계곡,2026-08-09T09:06:49.000Z,21.37470167,-157.74062222,UAV 1,2,1:3001:2363,ENBTR80006,1:1:222:2:13:0:0,0,false,false,false,false,0
ENGAZ003,move to,LOC_적북측접근로,2026-08-09T09:06:49.000Z,21.37202358,-157.73850720,UAV 1,2,1:3001:2384,ENGAZ003,1:1:222:7:8:0:0,0,false,false,false,false,0
ENBTR80003,move to,LOC_중앙계곡,2026-08-09T09:06:49.000Z,21.37478854,-157.74065273,UAV 1,2,1:3001:2388,ENBTR80003,1:1:222:2:13:0:0,0,false,false,false,false,0
ENCAESAR003,move to,LOC_적북측접근로,2026-08-09T09:06:49.000Z,21.37083620,-157.73928859,UAV 1,2,1:3001:2417,ENCAESAR003,1:1:71:4:0:0:0,0,false,false,false,false,0
ENMORT001,none,,2026-08-09T09:06:49.000Z,21.37443553,-157.73716992,UAV 1,2,1:3001:2424,ENMORT001,1:1:71:10:1:0:1,0,false,false,false,false,0
ENBTR60007,move to,LOC_중앙계곡,2026-08-09T09:06:49.000Z,21.37434743,-157.74075276,UAV 1,2,1:3001:2450,ENBTR60007,1:1:222:2:8:1:0,0,false,false,false,false,0
ENBTR60008,move to,LOC_중앙계곡,2026-08-09T09:06:49.000Z,21.37441265,-157.74072072,UAV 1,2,1:3001:2461,ENBTR60008,1:1:222:2:8:1:0,0,false,false,false,false,0
ENBTR80007,move to,LOC_중앙계곡,2026-08-09T09:06:49.000Z,21.37452863,-157.74065620,UAV 1,2,1:3001:2463,ENBTR80007,1:1:222:2:13:0:0,0,false,false,false,false,0
ENMORT002,none,,2026-08-09T09:06:49.000Z,21.37453609,-157.73721308,UAV 1,2,1:3001:2469,ENMORT002,1:1:71:10:1:0:1,0,false,false,false,false,0
ENGAZ004,move to,LOC_적북측접근로,2026-08-09T09:06:49.000Z,21.37203857,-157.73859238,UAV 1,2,1:3001:2473,ENGAZ004,1:1:222:7:8:0:0,0,false,false,false,false,0
ENBTR80005,move to,LOC_중앙계곡,2026-08-09T09:06:49.000Z,21.37464646,-157.74065338,UAV 1,2,1:3001:2481,ENBTR80005,1:1:222:2:13:0:0,0,false,false,false,false,0
ENMIM001,none,,2026-08-09T09:06:49.000Z,21.37132923,-157.74173708,UAV 1,2,1:3001:2490,ENMIM001,1:1:225:28:2:0:0,0,false,false,false,false,0
ENCAESAR001,move to,LOC_적북측접근로,2026-08-09T09:06:49.000Z,21.37113940,-157.74076912,UAV 1,2,1:3001:2495,ENCAESAR001,1:1:71:4:0:0:0,0,false,false,false,false,0
ENMORT003,none,,2026-08-09T09:06:49.000Z,21.37463664,-157.73725624,UAV 1,2,1:3001:2500,ENMORT003,1:1:71:10:1:0:1,0,false,false,false,false,0
ENBTR60005,move to,LOC_중앙계곡,2026-08-09T09:06:49.000Z,21.37447835,-157.74074958,UAV 1,2,1:3001:2537,ENBTR60005,1:1:222:2:8:1:0,0,false,false,false,false,0
ENT72010,move to,LOC_중앙계곡,2026-08-09T09:06:49.000Z,21.37686455,-157.74119514,UAV 1,2,1:3001:2396,ENT72010,1:1:222:1:2:1:0,0,false,false,false,false,0
ENT72006,move to,LOC_중앙계곡,2026-08-09T09:06:49.000Z,21.37702152,-157.74118073,UAV 1,2,1:3001:2413,ENT72006,1:1:222:1:2:1:0,0,false,false,false,false,0
ENT72004,move to,LOC_중앙계곡,2026-08-09T09:06:49.000Z,21.37710196,-157.74117336,UAV 1,2,1:3001:2373,ENT72004,1:1:222:1:2:1:0,0,false,false,false,false,0
ENT72002,move to,LOC_중앙계곡,2026-08-09T09:06:49.000Z,21.37719426,-157.74116494,UAV 1,2,1:3001:2263,ENT72002,1:1:222:1:2:1:0,0,false,false,false,false,0
ENM35001,move to,LOC_적북측접근로,2026-08-09T09:06:49.000Z,21.37200308,-157.73888557,UAV 1,2,1:3001:2389,ENM35001,1:1:225:7:1:6:0,0,false,false,false,false,0
ENT72008,move to,LOC_중앙계곡,2026-08-09T09:06:49.000Z,21.37693389,-157.74118875,UAV 1,2,1:3001:2250,ENT72008,1:1:222:1:2:1:0,0,false,false,false,false,0
ENM35004,move to,LOC_적북측접근로,2026-08-09T09:06:49.000Z,21.37205623,-157.73879284,UAV 1,2,1:3001:2285,ENM35004,1:1:225:7:1:6:0,0,false,false,false,false,0
ENM35002,move to,LOC_적북측접근로,2026-08-09T09:06:49.000Z,21.37203220,-157.73889241,UAV 1,2,1:3001:2375,ENM35002,1:1:225:7:1:6:0,0,false,false,false,false,0
ENM35003,move to,LOC_적북측접근로,2026-08-09T09:06:49.000Z,21.37202555,-157.73878951,UAV 1,2,1:3001:2529,ENM35003,1:1:225:7:1:6:0,0,false,false,false,false,0
ENCAESAR002,move to,LOC_북측예비방어선,2026-08-09T09:06:50.000Z,21.37184621,-157.73924670,UAV 1,2,1:3001:2229,ENCAESAR002,1:1:71:4:0:0:0,0,false,false,false,false,0
ENT72012,move to,LOC_중앙계곡,2026-08-09T09:06:50.000Z,21.37692802,-157.74118959,UAV 1,2,1:3001:2230,ENT72012,1:1:222:1:2:1:0,0,false,false,false,false,0
ENMORT005,none,,2026-08-09T09:06:50.000Z,21.37457651,-157.73710572,UAV 1,2,1:3001:2242,ENMORT005,1:1:71:10:1:0:1,0,false,false,false,false,0
ENMORT004,none,,2026-08-09T09:06:50.000Z,21.37447596,-157.73706256,UAV 1,2,1:3001:2265,ENMORT004,1:1:71:10:1:0:1,0,false,false,false,false,0
ENBTR80004,move to,LOC_중앙계곡,2026-08-09T09:06:50.000Z,21.37477060,-157.74069689,UAV 1,2,1:3001:2314,ENBTR80004,1:1:222:2:13:0:0,0,false,false,false,false,0
ENCAESAR004,move to,LOC_북측예비방어선,2026-08-09T09:06:50.000Z,21.37230157,-157.74040021,UAV 1,2,1:3001:2333,ENCAESAR004,1:1:71:4:0:0:0,0,false,false,false,false,0
ENGAZ002,move to,LOC_적북측접근로,2026-08-09T09:06:50.000Z,21.37196483,-157.73891939,UAV 1,2,1:3001:2356,ENGAZ002,1:1:222:7:8:0:0,0,false,false,false,false,0
ENBTR80006,move to,LOC_중앙계곡,2026-08-09T09:06:50.000Z,21.37487500,-157.74063640,UAV 1,2,1:3001:2363,ENBTR80006,1:1:222:2:13:0:0,0,false,false,false,false,0
ENGAZ003,move to,LOC_적북측접근로,2026-08-09T09:06:50.000Z,21.37198655,-157.73867991,UAV 1,2,1:3001:2384,ENGAZ003,1:1:222:7:8:0:0,0,false,false,false,false,0
ENBTR80003,move to,LOC_중앙계곡,2026-08-09T09:06:50.000Z,21.37496104,-157.74066592,UAV 1,2,1:3001:2388,ENBTR80003,1:1:222:2:13:0:0,0,false,false,false,false,0
ENCAESAR003,move to,LOC_적북측접근로,2026-08-09T09:06:50.000Z,21.37087183,-157.73946534,UAV 1,2,1:3001:2417,ENCAESAR003,1:1:71:4:0:0:0,0,false,false,false,false,0
ENMORT001,none,,2026-08-09T09:06:50.000Z,21.37443553,-157.73716992,UAV 1,2,1:3001:2424,ENMORT001,1:1:71:10:1:0:1,0,false,false,false,false,0
ENBTR60007,move to,LOC_중앙계곡,2026-08-09T09:06:50.000Z,21.37451158,-157.74076073,UAV 1,2,1:3001:2450,ENBTR60007,1:1:222:2:8:1:0,0,false,false,false,false,0
ENBTR60008,move to,LOC_중앙계곡,2026-08-09T09:06:50.000Z,21.37457833,-157.74073003,UAV 1,2,1:3001:2461,ENBTR60008,1:1:222:2:8:1:0,0,false,false,false,false,0
ENBTR80007,move to,LOC_중앙계곡,2026-08-09T09:06:50.000Z,21.37469826,-157.74066832,UAV 1,2,1:3001:2463,ENBTR80007,1:1:222:2:13:0:0,0,false,false,false,false,0
ENMORT002,none,,2026-08-09T09:06:50.000Z,21.37453609,-157.73721308,UAV 1,2,1:3001:2469,ENMORT002,1:1:71:10:1:0:1,0,false,false,false,false,0
ENGAZ004,move to,LOC_적북측접근로,2026-08-09T09:06:50.000Z,21.37199850,-157.73877047,UAV 1,2,1:3001:2473,ENGAZ004,1:1:222:7:8:0:0,0,false,false,false,false,0
ENBTR80005,move to,LOC_중앙계곡,2026-08-09T09:06:50.000Z,21.37481750,-157.74066603,UAV 1,2,1:3001:2481,ENBTR80005,1:1:222:2:13:0:0,0,false,false,false,false,0
ENMIM001,none,,2026-08-09T09:06:50.000Z,21.37133190,-157.74174512,UAV 1,2,1:3001:2490,ENMIM001,1:1:225:28:2:0:0,0,false,false,false,false,0
ENCAESAR001,move to,LOC_적북측접근로,2026-08-09T09:06:50.000Z,21.37117508,-157.74095055,UAV 1,2,1:3001:2495,ENCAESAR001,1:1:71:4:0:0:0,0,false,false,false,false,0
ENMORT003,none,,2026-08-09T09:06:50.000Z,21.37463664,-157.73725624,UAV 1,2,1:3001:2500,ENMORT003,1:1:71:10:1:0:1,0,false,false,false,false,0
ENBTR60005,move to,LOC_중앙계곡,2026-08-09T09:06:50.000Z,21.37465222,-157.74075841,UAV 1,2,1:3001:2537,ENBTR60005,1:1:222:2:8:1:0,0,false,false,false,false,0
ENT72010,move to,LOC_중앙계곡,2026-08-09T09:06:50.000Z,21.37703704,-157.74117964,UAV 1,2,1:3001:2396,ENT72010,1:1:222:1:2:1:0,0,false,false,false,false,0
ENT72006,move to,LOC_중앙계곡,2026-08-09T09:06:50.000Z,21.37719424,-157.74116524,UAV 1,2,1:3001:2413,ENT72006,1:1:222:1:2:1:0,0,false,false,false,false,0
ENT72004,move to,LOC_중앙계곡,2026-08-09T09:06:50.000Z,21.37727463,-157.74115788,UAV 1,2,1:3001:2373,ENT72004,1:1:222:1:2:1:0,0,false,false,false,false,0
ENT72002,move to,LOC_중앙계곡,2026-08-09T09:06:50.000Z,21.37736716,-157.74114946,UAV 1,2,1:3001:2263,ENT72002,1:1:222:1:2:1:0,0,false,false,false,false,0
ENM35001,move to,LOC_적북측접근로,2026-08-09T09:06:50.000Z,21.37196113,-157.73906360,UAV 1,2,1:3001:2389,ENM35001,1:1:225:7:1:6:0,0,false,false,false,false,0
ENT72008,move to,LOC_중앙계곡,2026-08-09T09:06:50.000Z,21.37710662,-157.74117324,UAV 1,2,1:3001:2250,ENT72008,1:1:222:1:2:1:0,0,false,false,false,false,0
ENM35004,move to,LOC_적북측접근로,2026-08-09T09:06:50.000Z,21.37201198,-157.73897251,UAV 1,2,1:3001:2285,ENM35004,1:1:225:7:1:6:0,0,false,false,false,false,0
ENM35002,move to,LOC_적북측접근로,2026-08-09T09:06:50.000Z,21.37198847,-157.73906985,UAV 1,2,1:3001:2375,ENM35002,1:1:225:7:1:6:0,0,false,false,false,false,0
ENM35003,move to,LOC_적북측접근로,2026-08-09T09:06:50.000Z,21.37198316,-157.73896944,UAV 1,2,1:3001:2529,ENM35003,1:1:225:7:1:6:0,0,false,false,false,false,0
ENBTR60003,move to,LOC_중앙계곡,2026-08-09T09:06:50.000Z,21.37480598,-157.74075654,UAV 1,2,1:3001:2320,ENBTR60003,1:1:222:2:8:1:0,0,false,false,false,false,0
ENCAESAR002,move to,LOC_북측예비방어선,2026-08-09T09:06:51.000Z,21.37184621,-157.73924670,UAV 1,2,1:3001:2229,ENCAESAR002,1:1:71:4:0:0:0,0,false,false,false,false,0
ENT72012,move to,LOC_중앙계곡,2026-08-09T09:06:51.000Z,21.37692802,-157.74118959,UAV 1,2,1:3001:2230,ENT72012,1:1:222:1:2:1:0,0,false,false,false,false,0
ENMORT005,none,,2026-08-09T09:06:51.000Z,21.37457651,-157.73710572,UAV 1,2,1:3001:2242,ENMORT005,1:1:71:10:1:0:1,0,false,false,false,false,0
ENMORT004,none,,2026-08-09T09:06:51.000Z,21.37447596,-157.73706256,UAV 1,2,1:3001:2265,ENMORT004,1:1:71:10:1:0:1,0,false,false,false,false,0
ENBTR80004,move to,LOC_중앙계곡,2026-08-09T09:06:51.000Z,21.37477060,-157.74069689,UAV 1,2,1:3001:2314,ENBTR80004,1:1:222:2:13:0:0,0,false,false,false,false,0
ENCAESAR004,move to,LOC_북측예비방어선,2026-08-09T09:06:51.000Z,21.37230157,-157.74040021,UAV 1,2,1:3001:2333,ENCAESAR004,1:1:71:4:0:0:0,0,false,false,false,false,0
ENGAZ002,move to,LOC_적북측접근로,2026-08-09T09:06:51.000Z,21.37196483,-157.73891939,UAV 1,2,1:3001:2356,ENGAZ002,1:1:222:7:8:0:0,0,false,false,false,false,0
ENBTR80006,move to,LOC_중앙계곡,2026-08-09T09:06:51.000Z,21.37487500,-157.74063640,UAV 1,2,1:3001:2363,ENBTR80006,1:1:222:2:13:0:0,0,false,false,false,false,0
ENGAZ003,move to,LOC_적북측접근로,2026-08-09T09:06:51.000Z,21.37198655,-157.73867991,UAV 1,2,1:3001:2384,ENGAZ003,1:1:222:7:8:0:0,0,false,false,false,false,0
ENBTR80003,move to,LOC_중앙계곡,2026-08-09T09:06:51.000Z,21.37496104,-157.74066592,UAV 1,2,1:3001:2388,ENBTR80003,1:1:222:2:13:0:0,0,false,false,false,false,0
ENCAESAR003,move to,LOC_적북측접근로,2026-08-09T09:06:51.000Z,21.37087183,-157.73946534,UAV 1,2,1:3001:2417,ENCAESAR003,1:1:71:4:0:0:0,0,false,false,false,false,0
ENMORT001,none,,2026-08-09T09:06:51.000Z,21.37443553,-157.73716992,UAV 1,2,1:3001:2424,ENMORT001,1:1:71:10:1:0:1,0,false,false,false,false,0
ENBTR60007,move to,LOC_중앙계곡,2026-08-09T09:06:51.000Z,21.37451158,-157.74076073,UAV 1,2,1:3001:2450,ENBTR60007,1:1:222:2:8:1:0,0,false,false,false,false,0
ENBTR60008,move to,LOC_중앙계곡,2026-08-09T09:06:51.000Z,21.37457833,-157.74073003,UAV 1,2,1:3001:2461,ENBTR60008,1:1:222:2:8:1:0,0,false,false,false,false,0
ENBTR80007,move to,LOC_중앙계곡,2026-08-09T09:06:51.000Z,21.37469826,-157.74066832,UAV 1,2,1:3001:2463,ENBTR80007,1:1:222:2:13:0:0,0,false,false,false,false,0
ENMORT002,none,,2026-08-09T09:06:51.000Z,21.37453609,-157.73721308,UAV 1,2,1:3001:2469,ENMORT002,1:1:71:10:1:0:1,0,false,false,false,false,0
ENGAZ004,move to,LOC_적북측접근로,2026-08-09T09:06:51.000Z,21.37199850,-157.73877047,UAV 1,2,1:3001:2473,ENGAZ004,1:1:222:7:8:0:0,0,false,false,false,false,0
ENBTR80005,move to,LOC_중앙계곡,2026-08-09T09:06:51.000Z,21.37481750,-157.74066603,UAV 1,2,1:3001:2481,ENBTR80005,1:1:222:2:13:0:0,0,false,false,false,false,0
ENMIM001,none,,2026-08-09T09:06:51.000Z,21.37133190,-157.74174512,UAV 1,2,1:3001:2490,ENMIM001,1:1:225:28:2:0:0,0,false,false,false,false,0
ENCAESAR001,move to,LOC_적북측접근로,2026-08-09T09:06:51.000Z,21.37117508,-157.74095055,UAV 1,2,1:3001:2495,ENCAESAR001,1:1:71:4:0:0:0,0,false,false,false,false,0
ENMORT003,none,,2026-08-09T09:06:51.000Z,21.37463664,-157.73725624,UAV 1,2,1:3001:2500,ENMORT003,1:1:71:10:1:0:1,0,false,false,false,false,0
ENBTR60005,move to,LOC_중앙계곡,2026-08-09T09:06:51.000Z,21.37465222,-157.74075841,UAV 1,2,1:3001:2537,ENBTR60005,1:1:222:2:8:1:0,0,false,false,false,false,0
ENT72010,move to,LOC_중앙계곡,2026-08-09T09:06:51.000Z,21.37703704,-157.74117964,UAV 1,2,1:3001:2396,ENT72010,1:1:222:1:2:1:0,0,false,false,false,false,0
ENT72006,move to,LOC_중앙계곡,2026-08-09T09:06:51.000Z,21.37719424,-157.74116524,UAV 1,2,1:3001:2413,ENT72006,1:1:222:1:2:1:0,0,false,false,false,false,0
ENT72004,move to,LOC_중앙계곡,2026-08-09T09:06:51.000Z,21.37727463,-157.74115788,UAV 1,2,1:3001:2373,ENT72004,1:1:222:1:2:1:0,0,false,false,false,false,0
ENT72002,move to,LOC_중앙계곡,2026-08-09T09:06:51.000Z,21.37736716,-157.74114946,UAV 1,2,1:3001:2263,ENT72002,1:1:222:1:2:1:0,0,false,false,false,false,0
ENM35001,move to,LOC_적북측접근로,2026-08-09T09:06:51.000Z,21.37196113,-157.73906360,UAV 1,2,1:3001:2389,ENM35001,1:1:225:7:1:6:0,0,false,false,false,false,0
ENT72008,move to,LOC_중앙계곡,2026-08-09T09:06:51.000Z,21.37710662,-157.74117324,UAV 1,2,1:3001:2250,ENT72008,1:1:222:1:2:1:0,0,false,false,false,false,0
ENM35004,move to,LOC_적북측접근로,2026-08-09T09:06:51.000Z,21.37201198,-157.73897251,UAV 1,2,1:3001:2285,ENM35004,1:1:225:7:1:6:0,0,false,false,false,false,0
ENM35002,move to,LOC_적북측접근로,2026-08-09T09:06:51.000Z,21.37198847,-157.73906985,UAV 1,2,1:3001:2375,ENM35002,1:1:225:7:1:6:0,0,false,false,false,false,0
ENM35003,move to,LOC_적북측접근로,2026-08-09T09:06:51.000Z,21.37198316,-157.73896944,UAV 1,2,1:3001:2529,ENM35003,1:1:225:7:1:6:0,0,false,false,false,false,0
ENBTR60003,move to,LOC_중앙계곡,2026-08-09T09:06:51.000Z,21.37480598,-157.74075654,UAV 1,2,1:3001:2320,ENBTR60003,1:1:222:2:8:1:0,0,false,false,false,false,0
ENCAESAR002,move to,LOC_북측예비방어선,2026-08-09T09:06:53.000Z,21.37191711,-157.73942534,UAV 1,2,1:3001:2229,ENCAESAR002,1:1:71:4:0:0:0,0,false,false,false,false,0
ENT72012,move to,LOC_중앙계곡,2026-08-09T09:06:53.000Z,21.37710979,-157.74117324,UAV 1,2,1:3001:2230,ENT72012,1:1:222:1:2:1:0,0,false,false,false,false,0
ENMORT005,none,,2026-08-09T09:06:53.000Z,21.37457651,-157.73710572,UAV 1,2,1:3001:2242,ENMORT005,1:1:71:10:1:0:1,0,false,false,false,false,0
ENMORT004,none,,2026-08-09T09:06:53.000Z,21.37447596,-157.73706256,UAV 1,2,1:3001:2265,ENMORT004,1:1:71:10:1:0:1,0,false,false,false,false,0
ENBTR80004,move to,LOC_중앙계곡,2026-08-09T09:06:53.000Z,21.37495429,-157.74070903,UAV 1,2,1:3001:2314,ENBTR80004,1:1:222:2:13:0:0,0,false,false,false,false,0
ENCAESAR004,move to,LOC_북측예비방어선,2026-08-09T09:06:53.000Z,21.37237609,-157.74058757,UAV 1,2,1:3001:2333,ENCAESAR004,1:1:71:4:0:0:0,0,false,false,false,false,0
ENGAZ002,move to,LOC_적북측접근로,2026-08-09T09:06:53.000Z,21.37192331,-157.73910401,UAV 1,2,1:3001:2356,ENGAZ002,1:1:222:7:8:0:0,0,false,false,false,false,0
ENBTR80006,move to,LOC_중앙계곡,2026-08-09T09:06:53.000Z,21.37505566,-157.74065118,UAV 1,2,1:3001:2363,ENBTR80006,1:1:222:2:13:0:0,0,false,false,false,false,0
ENGAZ003,move to,LOC_적북측접근로,2026-08-09T09:06:53.000Z,21.37194457,-157.73887572,UAV 1,2,1:3001:2384,ENGAZ003,1:1:222:7:8:0:0,0,false,false,false,false,0
ENBTR80003,move to,LOC_중앙계곡,2026-08-09T09:06:53.000Z,21.37514302,-157.74067984,UAV 1,2,1:3001:2388,ENBTR80003,1:1:222:2:13:0:0,0,false,false,false,false,0
ENCAESAR003,move to,LOC_적북측접근로,2026-08-09T09:06:53.000Z,21.37091081,-157.73965870,UAV 1,2,1:3001:2417,ENCAESAR003,1:1:71:4:0:0:0,0,false,false,false,false,0
ENMORT001,none,,2026-08-09T09:06:53.000Z,21.37443553,-157.73716992,UAV 1,2,1:3001:2424,ENMORT001,1:1:71:10:1:0:1,0,false,false,false,false,0
ENBTR60007,move to,LOC_중앙계곡,2026-08-09T09:06:53.000Z,21.37469576,-157.74076966,UAV 1,2,1:3001:2450,ENBTR60007,1:1:222:2:8:1:0,0,false,false,false,false,0
ENBTR60008,move to,LOC_중앙계곡,2026-08-09T09:06:53.000Z,21.37476164,-157.74074032,UAV 1,2,1:3001:2461,ENBTR60008,1:1:222:2:8:1:0,0,false,false,false,false,0
ENBTR80007,move to,LOC_중앙계곡,2026-08-09T09:06:53.000Z,21.37488179,-157.74068144,UAV 1,2,1:3001:2463,ENBTR80007,1:1:222:2:13:0:0,0,false,false,false,false,0
ENMORT002,none,,2026-08-09T09:06:53.000Z,21.37453609,-157.73721308,UAV 1,2,1:3001:2469,ENMORT002,1:1:71:10:1:0:1,0,false,false,false,false,0
ENGAZ004,move to,LOC_적북측접근로,2026-08-09T09:06:53.000Z,21.37195532,-157.73896242,UAV 1,2,1:3001:2473,ENGAZ004,1:1:222:7:8:0:0,0,false,false,false,false,0
ENBTR80005,move to,LOC_중앙계곡,2026-08-09T09:06:53.000Z,21.37499967,-157.74067950,UAV 1,2,1:3001:2481,ENBTR80005,1:1:222:2:13:0:0,0,false,false,false,false,0
ENMIM001,none,,2026-08-09T09:06:53.000Z,21.37133190,-157.74174512,UAV 1,2,1:3001:2490,ENMIM001,1:1:225:28:2:0:0,0,false,false,false,false,0
ENCAESAR001,move to,LOC_적북측접근로,2026-08-09T09:06:53.000Z,21.37121376,-157.74114724,UAV 1,2,1:3001:2495,ENCAESAR001,1:1:71:4:0:0:0,0,false,false,false,false,0
ENMORT003,none,,2026-08-09T09:06:53.000Z,21.37463664,-157.73725624,UAV 1,2,1:3001:2500,ENMORT003,1:1:71:10:1:0:1,0,false,false,false,false,0
ENBTR60005,move to,LOC_중앙계곡,2026-08-09T09:06:53.000Z,21.37483318,-157.74076760,UAV 1,2,1:3001:2537,ENBTR60005,1:1:222:2:8:1:0,0,false,false,false,false,0
ENT72010,move to,LOC_중앙계곡,2026-08-09T09:06:53.000Z,21.37721852,-157.74116333,UAV 1,2,1:3001:2396,ENT72010,1:1:222:1:2:1:0,0,false,false,false,false,0
ENT72006,move to,LOC_중앙계곡,2026-08-09T09:06:53.000Z,21.37737591,-157.74114894,UAV 1,2,1:3001:2413,ENT72006,1:1:222:1:2:1:0,0,false,false,false,false,0
ENT72004,move to,LOC_중앙계곡,2026-08-09T09:06:53.000Z,21.37745618,-157.74114161,UAV 1,2,1:3001:2373,ENT72004,1:1:222:1:2:1:0,0,false,false,false,false,0
ENT72002,move to,LOC_중앙계곡,2026-08-09T09:06:53.000Z,21.37754789,-157.74113327,UAV 1,2,1:3001:2263,ENT72002,1:1:222:1:2:1:0,0,false,false,false,false,0
ENM35001,move to,LOC_적북측접근로,2026-08-09T09:06:53.000Z,21.37191655,-157.73925279,UAV 1,2,1:3001:2389,ENM35001,1:1:225:7:1:6:0,0,false,false,false,false,0
ENT72008,move to,LOC_중앙계곡,2026-08-09T09:06:53.000Z,21.37728821,-157.74115694,UAV 1,2,1:3001:2250,ENT72008,1:1:222:1:2:1:0,0,false,false,false,false,0
ENM35004,move to,LOC_적북측접근로,2026-08-09T09:06:53.000Z,21.37196594,-157.73915948,UAV 1,2,1:3001:2285,ENM35004,1:1:225:7:1:6:0,0,false,false,false,false,0
ENM35002,move to,LOC_적북측접근로,2026-08-09T09:06:53.000Z,21.37194193,-157.73925868,UAV 1,2,1:3001:2375,ENM35002,1:1:225:7:1:6:0,0,false,false,false,false,0
ENM35003,move to,LOC_적북측접근로,2026-08-09T09:06:53.000Z,21.37193893,-157.73915718,UAV 1,2,1:3001:2529,ENM35003,1:1:225:7:1:6:0,0,false,false,false,false,0
ENBTR60003,move to,LOC_중앙계곡,2026-08-09T09:06:53.000Z,21.37498761,-157.74076617,UAV 1,2,1:3001:2320,ENBTR60003,1:1:222:2:8:1:0,0,false,false,false,false,0
ENGAZ001,move to,LOC_적북측접근로,2026-08-09T09:06:53.000Z,21.37192565,-157.73896174,UAV 1,2,1:3001:2289,ENGAZ001,1:1:222:7:8:0:0,0,false,false,false,false,0
ENBTR60006,move to,LOC_중앙계곡,2026-08-09T09:06:53.000Z,21.37488837,-157.74073772,UAV 1,2,1:3001:2298,ENBTR60006,1:1:222:2:8:1:0,0,false,false,false,false,0
ENBTR80002,move to,LOC_중앙계곡,2026-08-09T09:06:53.000Z,21.37508823,-157.74070795,UAV 1,2,1:3001:2519,ENBTR80002,1:1:222:2:13:0:0,0,false,false,false,false,0
ENCAESAR002,move to,LOC_북측예비방어선,2026-08-09T09:06:54.000Z,21.37199350,-157.73961783,UAV 1,2,1:3001:2229,ENCAESAR002,1:1:71:4:0:0:0,0,false,false,false,false,0
ENT72012,move to,LOC_중앙계곡,2026-08-09T09:06:54.000Z,21.37730905,-157.74115532,UAV 1,2,1:3001:2230,ENT72012,1:1:222:1:2:1:0,0,false,false,false,false,0
ENMORT005,none,,2026-08-09T09:06:54.000Z,21.37457651,-157.73710572,UAV 1,2,1:3001:2242,ENMORT005,1:1:71:10:1:0:1,0,false,false,false,false,0
ENMORT004,none,,2026-08-09T09:06:54.000Z,21.37447596,-157.73706256,UAV 1,2,1:3001:2265,ENMORT004,1:1:71:10:1:0:1,0,false,false,false,false,0
ENBTR80004,move to,LOC_중앙계곡,2026-08-09T09:06:54.000Z,21.37515313,-157.74072218,UAV 1,2,1:3001:2314,ENBTR80004,1:1:222:2:13:0:0,0,false,false,false,false,0
ENCAESAR004,move to,LOC_북측예비방어선,2026-08-09T09:06:54.000Z,21.37245246,-157.74077956,UAV 1,2,1:3001:2333,ENCAESAR004,1:1:71:4:0:0:0,0,false,false,false,false,0
ENGAZ002,move to,LOC_적북측접근로,2026-08-09T09:06:54.000Z,21.37187649,-157.73931216,UAV 1,2,1:3001:2356,ENGAZ002,1:1:222:7:8:0:0,0,false,false,false,false,0
ENBTR80006,move to,LOC_중앙계곡,2026-08-09T09:06:54.000Z,21.37525591,-157.74066757,UAV 1,2,1:3001:2363,ENBTR80006,1:1:222:2:13:0:0,0,false,false,false,false,0
ENGAZ003,move to,LOC_적북측접근로,2026-08-09T09:06:54.000Z,21.37190108,-157.73907854,UAV 1,2,1:3001:2384,ENGAZ003,1:1:222:7:8:0:0,0,false,false,false,false,0
ENBTR80003,move to,LOC_중앙계곡,2026-08-09T09:06:54.000Z,21.37534150,-157.74069502,UAV 1,2,1:3001:2388,ENBTR80003,1:1:222:2:13:0:0,0,false,false,false,false,0
ENCAESAR003,move to,LOC_적북측접근로,2026-08-09T09:06:54.000Z,21.37095059,-157.73985605,UAV 1,2,1:3001:2417,ENCAESAR003,1:1:71:4:0:0:0,0,false,false,false,false,0
ENMORT001,none,,2026-08-09T09:06:54.000Z,21.37443553,-157.73716992,UAV 1,2,1:3001:2424,ENMORT001,1:1:71:10:1:0:1,0,false,false,false,false,0
ENBTR60007,move to,LOC_중앙계곡,2026-08-09T09:06:54.000Z,21.37489449,-157.74077930,UAV 1,2,1:3001:2450,ENBTR60007,1:1:222:2:8:1:0,0,false,false,false,false,0
ENBTR60008,move to,LOC_중앙계곡,2026-08-09T09:06:54.000Z,21.37496071,-157.74075150,UAV 1,2,1:3001:2461,ENBTR60008,1:1:222:2:8:1:0,0,false,false,false,false,0
ENBTR80007,move to,LOC_중앙계곡,2026-08-09T09:06:54.000Z,21.37508031,-157.74069562,UAV 1,2,1:3001:2463,ENBTR80007,1:1:222:2:13:0:0,0,false,false,false,false,0
ENMORT002,none,,2026-08-09T09:06:54.000Z,21.37453609,-157.73721308,UAV 1,2,1:3001:2469,ENMORT002,1:1:71:10:1:0:1,0,false,false,false,false,0
ENGAZ004,move to,LOC_적북측접근로,2026-08-09T09:06:54.000Z,21.37190912,-157.73916776,UAV 1,2,1:3001:2473,ENGAZ004,1:1:222:7:8:0:0,0,false,false,false,false,0
ENBTR80005,move to,LOC_중앙계곡,2026-08-09T09:06:54.000Z,21.37519907,-157.74069424,UAV 1,2,1:3001:2481,ENBTR80005,1:1:222:2:13:0:0,0,false,false,false,false,0
ENMIM001,none,,2026-08-09T09:06:54.000Z,21.37133190,-157.74174512,UAV 1,2,1:3001:2490,ENMIM001,1:1:225:28:2:0:0,0,false,false,false,false,0
ENCAESAR001,move to,LOC_적북측접근로,2026-08-09T09:06:54.000Z,21.37125334,-157.74134845,UAV 1,2,1:3001:2495,ENCAESAR001,1:1:71:4:0:0:0,0,false,false,false,false,0
ENMORT003,none,,2026-08-09T09:06:54.000Z,21.37463664,-157.73725624,UAV 1,2,1:3001:2500,ENMORT003,1:1:71:10:1:0:1,0,false,false,false,false,0
ENBTR60005,move to,LOC_중앙계곡,2026-08-09T09:06:54.000Z,21.37503278,-157.74077774,UAV 1,2,1:3001:2537,ENBTR60005,1:1:222:2:8:1:0,0,false,false,false,false,0
ENT72010,move to,LOC_중앙계곡,2026-08-09T09:06:54.000Z,21.37741770,-157.74114543,UAV 1,2,1:3001:2396,ENT72010,1:1:222:1:2:1:0,0,false,false,false,false,0
ENT72006,move to,LOC_중앙계곡,2026-08-09T09:06:54.000Z,21.37757413,-157.74113115,UAV 1,2,1:3001:2413,ENT72006,1:1:222:1:2:1:0,0,false,false,false,false,0
ENT72004,move to,LOC_중앙계곡,2026-08-09T09:06:54.000Z,21.37765438,-157.74112384,UAV 1,2,1:3001:2373,ENT72004,1:1:222:1:2:1:0,0,false,false,false,false,0
ENT72008,move to,LOC_중앙계곡,2026-08-09T09:06:54.000Z,21.37748710,-157.74113908,UAV 1,2,1:3001:2250,ENT72008,1:1:222:1:2:1:0,0,false,false,false,false,0
ENM35004,move to,LOC_적북측접근로,2026-08-09T09:06:54.000Z,21.37191524,-157.73936536,UAV 1,2,1:3001:2285,ENM35004,1:1:225:7:1:6:0,0,false,false,false,false,0
ENM35002,move to,LOC_적북측접근로,2026-08-09T09:06:54.000Z,21.37189193,-157.73946158,UAV 1,2,1:3001:2375,ENM35002,1:1:225:7:1:6:0,0,false,false,false,false,0
ENBTR60003,move to,LOC_중앙계곡,2026-08-09T09:06:54.000Z,21.37518687,-157.74077673,UAV 1,2,1:3001:2320,ENBTR60003,1:1:222:2:8:1:0,0,false,false,false,false,0
ENBTR80002,move to,LOC_중앙계곡,2026-08-09T09:06:54.000Z,21.37528719,-157.74072159,UAV 1,2,1:3001:2519,ENBTR80002,1:1:222:2:13:0:0,0,false,false,false,false,0
ENCAESAR002,move to,LOC_북측예비방어선,2026-08-09T09:06:56.000Z,21.37206036,-157.73978631,UAV 1,2,1:3001:2229,ENCAESAR002,1:1:71:4:0:0:0,0,false,false,false,false,0
ENT72012,move to,LOC_중앙계곡,2026-08-09T09:06:56.000Z,21.37747759,-157.74114017,UAV 1,2,1:3001:2230,ENT72012,1:1:222:1:2:1:0,0,false,false,false,false,0
ENMORT005,none,,2026-08-09T09:06:56.000Z,21.37457651,-157.73710572,UAV 1,2,1:3001:2242,ENMORT005,1:1:71:10:1:0:1,0,false,false,false,false,0
ENMORT004,none,,2026-08-09T09:06:56.000Z,21.37447596,-157.73706256,UAV 1,2,1:3001:2265,ENMORT004,1:1:71:10:1:0:1,0,false,false,false,false,0
ENBTR80004,move to,LOC_중앙계곡,2026-08-09T09:06:56.000Z,21.37532177,-157.74073334,UAV 1,2,1:3001:2314,ENBTR80004,1:1:222:2:13:0:0,0,false,false,false,false,0
ENCAESAR004,move to,LOC_북측예비방어선,2026-08-09T09:06:56.000Z,21.37252115,-157.74095225,UAV 1,2,1:3001:2333,ENCAESAR004,1:1:71:4:0:0:0,0,false,false,false,false,0
ENGAZ002,move to,LOC_적북측접근로,2026-08-09T09:06:56.000Z,21.37183855,-157.73948086,UAV 1,2,1:3001:2356,ENGAZ002,1:1:222:7:8:0:0,0,false,false,false,false,0
ENBTR80006,move to,LOC_중앙계곡,2026-08-09T09:06:56.000Z,21.37542162,-157.74068113,UAV 1,2,1:3001:2363,ENBTR80006,1:1:222:2:13:0:0,0,false,false,false,false,0
ENGAZ003,move to,LOC_적북측접근로,2026-08-09T09:06:56.000Z,21.37186215,-157.73926013,UAV 1,2,1:3001:2384,ENGAZ003,1:1:222:7:8:0:0,0,false,false,false,false,0
ENBTR80003,move to,LOC_중앙계곡,2026-08-09T09:06:56.000Z,21.37550944,-157.74070786,UAV 1,2,1:3001:2388,ENBTR80003,1:1:222:2:13:0:0,0,false,false,false,false,0
ENCAESAR003,move to,LOC_적북측접근로,2026-08-09T09:06:56.000Z,21.37098574,-157.74003046,UAV 1,2,1:3001:2417,ENCAESAR003,1:1:71:4:0:0:0,0,false,false,false,false,0
ENMORT001,none,,2026-08-09T09:06:56.000Z,21.37443553,-157.73716992,UAV 1,2,1:3001:2424,ENMORT001,1:1:71:10:1:0:1,0,false,false,false,false,0
ENBTR60007,move to,LOC_중앙계곡,2026-08-09T09:06:56.000Z,21.37506393,-157.74078752,UAV 1,2,1:3001:2450,ENBTR60007,1:1:222:2:8:1:0,0,false,false,false,false,0
ENBTR60008,move to,LOC_중앙계곡,2026-08-09T09:06:56.000Z,21.37512971,-157.74076098,UAV 1,2,1:3001:2461,ENBTR60008,1:1:222:2:8:1:0,0,false,false,false,false,0
ENBTR80007,move to,LOC_중앙계곡,2026-08-09T09:06:56.000Z,21.37525080,-157.74070780,UAV 1,2,1:3001:2463,ENBTR80007,1:1:222:2:13:0:0,0,false,false,false,false,0
ENMORT002,none,,2026-08-09T09:06:56.000Z,21.37453609,-157.73721308,UAV 1,2,1:3001:2469,ENMORT002,1:1:71:10:1:0:1,0,false,false,false,false,0
ENGAZ004,move to,LOC_적북측접근로,2026-08-09T09:06:56.000Z,21.37186945,-157.73934414,UAV 1,2,1:3001:2473,ENGAZ004,1:1:222:7:8:0:0,0,false,false,false,false,0
ENBTR80005,move to,LOC_중앙계곡,2026-08-09T09:06:56.000Z,21.37536634,-157.74070661,UAV 1,2,1:3001:2481,ENBTR80005,1:1:222:2:13:0:0,0,false,false,false,false,0
ENMIM001,none,,2026-08-09T09:06:56.000Z,21.37133190,-157.74174512,UAV 1,2,1:3001:2490,ENMIM001,1:1:225:28:2:0:0,0,false,false,false,false,0
ENCAESAR001,move to,LOC_적북측접근로,2026-08-09T09:06:56.000Z,21.37129010,-157.74153540,UAV 1,2,1:3001:2495,ENCAESAR001,1:1:71:4:0:0:0,0,false,false,false,false,0
ENMORT003,none,,2026-08-09T09:06:56.000Z,21.37463664,-157.73725624,UAV 1,2,1:3001:2500,ENMORT003,1:1:71:10:1:0:1,0,false,false,false,false,0
ENBTR60005,move to,LOC_중앙계곡,2026-08-09T09:06:56.000Z,21.37520138,-157.74078630,UAV 1,2,1:3001:2537,ENBTR60005,1:1:222:2:8:1:0,0,false,false,false,false,0
ENT72010,move to,LOC_중앙계곡,2026-08-09T09:06:56.000Z,21.37758489,-157.74113041,UAV 1,2,1:3001:2396,ENT72010,1:1:222:1:2:1:0,0,false,false,false,false,0
ENT72008,move to,LOC_중앙계곡,2026-08-09T09:06:56.000Z,21.37765421,-157.74112408,UAV 1,2,1:3001:2250,ENT72008,1:1:222:1:2:1:0,0,false,false,false,false,0
ENM35004,move to,LOC_적북측접근로,2026-08-09T09:06:56.000Z,21.37187357,-157.73953455,UAV 1,2,1:3001:2285,ENM35004,1:1:225:7:1:6:0,0,false,false,false,false,0
ENM35002,move to,LOC_적북측접근로,2026-08-09T09:06:56.000Z,21.37184946,-157.73963392,UAV 1,2,1:3001:2375,ENM35002,1:1:225:7:1:6:0,0,false,false,false,false,0
ENBTR60003,move to,LOC_중앙계곡,2026-08-09T09:06:56.000Z,21.37535499,-157.74078564,UAV 1,2,1:3001:2320,ENBTR60003,1:1:222:2:8:1:0,0,false,false,false,false,0
ENBTR80002,move to,LOC_중앙계곡,2026-08-09T09:06:56.000Z,21.37545496,-157.74073310,UAV 1,2,1:3001:2519,ENBTR80002,1:1:222:2:13:0:0,0,false,false,false,false,0
ENBTR60006,move to,LOC_중앙계곡,2026-08-09T09:06:56.000Z,21.37525664,-157.74075923,UAV 1,2,1:3001:2298,ENBTR60006,1:1:222:2:8:1:0,0,false,false,false,false,0
ENBTR80001,move to,LOC_중앙계곡,2026-08-09T09:06:56.000Z,21.37539563,-157.74075857,UAV 1,2,1:3001:2332,ENBTR80001,1:1:222:2:13:0:0,0,false,false,false,false,0
ENCAESAR002,move to,LOC_북측예비방어선,2026-08-09T09:06:57.000Z,21.37206036,-157.73978631,UAV 1,2,1:3001:2229,ENCAESAR002,1:1:71:4:0:0:0,0,false,false,false,false,0
ENT72012,move to,LOC_중앙계곡,2026-08-09T09:06:57.000Z,21.37747759,-157.74114017,UAV 1,2,1:3001:2230,ENT72012,1:1:222:1:2:1:0,0,false,false,false,false,0
ENMORT005,none,,2026-08-09T09:06:57.000Z,21.37457651,-157.73710572,UAV 1,2,1:3001:2242,ENMORT005,1:1:71:10:1:0:1,0,false,false,false,false,0
ENMORT004,none,,2026-08-09T09:06:57.000Z,21.37447596,-157.73706256,UAV 1,2,1:3001:2265,ENMORT004,1:1:71:10:1:0:1,0,false,false,false,false,0
ENBTR80004,move to,LOC_중앙계곡,2026-08-09T09:06:57.000Z,21.37532177,-157.74073334,UAV 1,2,1:3001:2314,ENBTR80004,1:1:222:2:13:0:0,0,false,false,false,false,0
ENCAESAR004,move to,LOC_북측예비방어선,2026-08-09T09:06:57.000Z,21.37252115,-157.74095225,UAV 1,2,1:3001:2333,ENCAESAR004,1:1:71:4:0:0:0,0,false,false,false,false,0
ENGAZ002,move to,LOC_적북측접근로,2026-08-09T09:06:57.000Z,21.37183855,-157.73948086,UAV 1,2,1:3001:2356,ENGAZ002,1:1:222:7:8:0:0,0,false,false,false,false,0
ENBTR80006,move to,LOC_중앙계곡,2026-08-09T09:06:57.000Z,21.37542162,-157.74068113,UAV 1,2,1:3001:2363,ENBTR80006,1:1:222:2:13:0:0,0,false,false,false,false,0
ENGAZ003,move to,LOC_적북측접근로,2026-08-09T09:06:57.000Z,21.37186215,-157.73926013,UAV 1,2,1:3001:2384,ENGAZ003,1:1:222:7:8:0:0,0,false,false,false,false,0
ENBTR80003,move to,LOC_중앙계곡,2026-08-09T09:06:57.000Z,21.37550944,-157.74070786,UAV 1,2,1:3001:2388,ENBTR80003,1:1:222:2:13:0:0,0,false,false,false,false,0
ENCAESAR003,move to,LOC_적북측접근로,2026-08-09T09:06:57.000Z,21.37098574,-157.74003046,UAV 1,2,1:3001:2417,ENCAESAR003,1:1:71:4:0:0:0,0,false,false,false,false,0
ENMORT001,none,,2026-08-09T09:06:57.000Z,21.37443553,-157.73716992,UAV 1,2,1:3001:2424,ENMORT001,1:1:71:10:1:0:1,0,false,false,false,false,0
ENBTR60007,move to,LOC_중앙계곡,2026-08-09T09:06:57.000Z,21.37506393,-157.74078752,UAV 1,2,1:3001:2450,ENBTR60007,1:1:222:2:8:1:0,0,false,false,false,false,0
ENBTR60008,move to,LOC_중앙계곡,2026-08-09T09:06:57.000Z,21.37512971,-157.74076098,UAV 1,2,1:3001:2461,ENBTR60008,1:1:222:2:8:1:0,0,false,false,false,false,0
ENBTR80007,move to,LOC_중앙계곡,2026-08-09T09:06:57.000Z,21.37525080,-157.74070780,UAV 1,2,1:3001:2463,ENBTR80007,1:1:222:2:13:0:0,0,false,false,false,false,0
ENMORT002,none,,2026-08-09T09:06:57.000Z,21.37453609,-157.73721308,UAV 1,2,1:3001:2469,ENMORT002,1:1:71:10:1:0:1,0,false,false,false,false,0
ENGAZ004,move to,LOC_적북측접근로,2026-08-09T09:06:57.000Z,21.37186945,-157.73934414,UAV 1,2,1:3001:2473,ENGAZ004,1:1:222:7:8:0:0,0,false,false,false,false,0
ENBTR80005,move to,LOC_중앙계곡,2026-08-09T09:06:57.000Z,21.37536634,-157.74070661,UAV 1,2,1:3001:2481,ENBTR80005,1:1:222:2:13:0:0,0,false,false,false,false,0
ENMIM001,none,,2026-08-09T09:06:57.000Z,21.37133190,-157.74174512,UAV 1,2,1:3001:2490,ENMIM001,1:1:225:28:2:0:0,0,false,false,false,false,0
ENCAESAR001,move to,LOC_적북측접근로,2026-08-09T09:06:57.000Z,21.37129010,-157.74153540,UAV 1,2,1:3001:2495,ENCAESAR001,1:1:71:4:0:0:0,0,false,false,false,false,0
ENMORT003,none,,2026-08-09T09:06:57.000Z,21.37463664,-157.73725624,UAV 1,2,1:3001:2500,ENMORT003,1:1:71:10:1:0:1,0,false,false,false,false,0
ENBTR60005,move to,LOC_중앙계곡,2026-08-09T09:06:57.000Z,21.37520138,-157.74078630,UAV 1,2,1:3001:2537,ENBTR60005,1:1:222:2:8:1:0,0,false,false,false,false,0
ENT72010,move to,LOC_중앙계곡,2026-08-09T09:06:57.000Z,21.37758489,-157.74113041,UAV 1,2,1:3001:2396,ENT72010,1:1:222:1:2:1:0,0,false,false,false,false,0
ENT72008,move to,LOC_중앙계곡,2026-08-09T09:06:57.000Z,21.37765421,-157.74112408,UAV 1,2,1:3001:2250,ENT72008,1:1:222:1:2:1:0,0,false,false,false,false,0
ENM35004,move to,LOC_적북측접근로,2026-08-09T09:06:57.000Z,21.37187357,-157.73953455,UAV 1,2,1:3001:2285,ENM35004,1:1:225:7:1:6:0,0,false,false,false,false,0
ENM35002,move to,LOC_적북측접근로,2026-08-09T09:06:57.000Z,21.37184946,-157.73963392,UAV 1,2,1:3001:2375,ENM35002,1:1:225:7:1:6:0,0,false,false,false,false,0
ENBTR60003,move to,LOC_중앙계곡,2026-08-09T09:06:57.000Z,21.37535499,-157.74078564,UAV 1,2,1:3001:2320,ENBTR60003,1:1:222:2:8:1:0,0,false,false,false,false,0
ENBTR80002,move to,LOC_중앙계곡,2026-08-09T09:06:57.000Z,21.37545496,-157.74073310,UAV 1,2,1:3001:2519,ENBTR80002,1:1:222:2:13:0:0,0,false,false,false,false,0
ENBTR60006,move to,LOC_중앙계곡,2026-08-09T09:06:57.000Z,21.37525664,-157.74075923,UAV 1,2,1:3001:2298,ENBTR60006,1:1:222:2:8:1:0,0,false,false,false,false,0
ENBTR80001,move to,LOC_중앙계곡,2026-08-09T09:06:57.000Z,21.37539563,-157.74075857,UAV 1,2,1:3001:2332,ENBTR80001,1:1:222:2:13:0:0,0,false,false,false,false,0
ENCAESAR002,move to,LOC_북측예비방어선,2026-08-09T09:06:59.000Z,21.37213254,-157.73996817,UAV 1,2,1:3001:2229,ENCAESAR002,1:1:71:4:0:0:0,0,false,false,false,false,0
ENMORT005,none,,2026-08-09T09:06:59.000Z,21.37457651,-157.73710572,UAV 1,2,1:3001:2242,ENMORT005,1:1:71:10:1:0:1,0,false,false,false,false,0
ENMORT004,none,,2026-08-09T09:06:59.000Z,21.37447596,-157.73706256,UAV 1,2,1:3001:2265,ENMORT004,1:1:71:10:1:0:1,0,false,false,false,false,0
ENBTR80004,move to,LOC_중앙계곡,2026-08-09T09:06:59.000Z,21.37550648,-157.74074555,UAV 1,2,1:3001:2314,ENBTR80004,1:1:222:2:13:0:0,0,false,false,false,false,0
ENCAESAR004,move to,LOC_북측예비방어선,2026-08-09T09:06:59.000Z,21.37258857,-157.74112175,UAV 1,2,1:3001:2333,ENCAESAR004,1:1:71:4:0:0:0,0,false,false,false,false,0
ENGAZ002,move to,LOC_적북측접근로,2026-08-09T09:06:59.000Z,21.37179462,-157.73967619,UAV 1,2,1:3001:2356,ENGAZ002,1:1:222:7:8:0:0,0,false,false,false,false,0
ENBTR80006,move to,LOC_중앙계곡,2026-08-09T09:06:59.000Z,21.37560823,-157.74069639,UAV 1,2,1:3001:2363,ENBTR80006,1:1:222:2:13:0:0,0,false,false,false,false,0
ENGAZ003,move to,LOC_적북측접근로,2026-08-09T09:06:59.000Z,21.37182227,-157.73944611,UAV 1,2,1:3001:2384,ENGAZ003,1:1:222:7:8:0:0,0,false,false,false,false,0
ENBTR80003,move to,LOC_중앙계곡,2026-08-09T09:06:59.000Z,21.37569542,-157.74072209,UAV 1,2,1:3001:2388,ENBTR80003,1:1:222:2:13:0:0,0,false,false,false,false,0
ENCAESAR003,move to,LOC_적북측접근로,2026-08-09T09:06:59.000Z,21.37102317,-157.74021613,UAV 1,2,1:3001:2417,ENCAESAR003,1:1:71:4:0:0:0,0,false,false,false,false,0
ENMORT001,none,,2026-08-09T09:06:59.000Z,21.37443553,-157.73716992,UAV 1,2,1:3001:2424,ENMORT001,1:1:71:10:1:0:1,0,false,false,false,false,0
ENBTR60007,move to,LOC_중앙계곡,2026-08-09T09:06:59.000Z,21.37524993,-157.74079655,UAV 1,2,1:3001:2450,ENBTR60007,1:1:222:2:8:1:0,0,false,false,false,false,0
ENBTR60008,move to,LOC_중앙계곡,2026-08-09T09:06:59.000Z,21.37531545,-157.74077141,UAV 1,2,1:3001:2461,ENBTR60008,1:1:222:2:8:1:0,0,false,false,false,false,0
ENBTR80007,move to,LOC_중앙계곡,2026-08-09T09:06:59.000Z,21.37543423,-157.74072091,UAV 1,2,1:3001:2463,ENBTR80007,1:1:222:2:13:0:0,0,false,false,false,false,0
ENMORT002,none,,2026-08-09T09:06:59.000Z,21.37453609,-157.73721308,UAV 1,2,1:3001:2469,ENMORT002,1:1:71:10:1:0:1,0,false,false,false,false,0
ENGAZ004,move to,LOC_적북측접근로,2026-08-09T09:06:59.000Z,21.37182703,-157.73953267,UAV 1,2,1:3001:2473,ENGAZ004,1:1:222:7:8:0:0,0,false,false,false,false,0
ENBTR80005,move to,LOC_중앙계곡,2026-08-09T09:06:59.000Z,21.37555210,-157.74072034,UAV 1,2,1:3001:2481,ENBTR80005,1:1:222:2:13:0:0,0,false,false,false,false,0
ENMIM001,none,,2026-08-09T09:06:59.000Z,21.37133190,-157.74174512,UAV 1,2,1:3001:2490,ENMIM001,1:1:225:28:2:0:0,0,false,false,false,false,0
ENCAESAR001,move to,LOC_적북측접근로,2026-08-09T09:06:59.000Z,21.37130005,-157.74158597,UAV 1,2,1:3001:2495,ENCAESAR001,1:1:71:4:0:0:0,0,false,false,false,false,0
ENMORT003,none,,2026-08-09T09:06:59.000Z,21.37463664,-157.73725624,UAV 1,2,1:3001:2500,ENMORT003,1:1:71:10:1:0:1,0,false,false,false,false,0
ENBTR60005,move to,LOC_중앙계곡,2026-08-09T09:06:59.000Z,21.37538707,-157.74079573,UAV 1,2,1:3001:2537,ENBTR60005,1:1:222:2:8:1:0,0,false,false,false,false,0
ENM35004,move to,LOC_적북측접근로,2026-08-09T09:06:59.000Z,21.37182594,-157.73972794,UAV 1,2,1:3001:2285,ENM35004,1:1:225:7:1:6:0,0,false,false,false,false,0
ENM35002,move to,LOC_적북측접근로,2026-08-09T09:06:59.000Z,21.37180228,-157.73982538,UAV 1,2,1:3001:2375,ENM35002,1:1:225:7:1:6:0,0,false,false,false,false,0
ENBTR60003,move to,LOC_중앙계곡,2026-08-09T09:06:59.000Z,21.37554052,-157.74079547,UAV 1,2,1:3001:2320,ENBTR60003,1:1:222:2:8:1:0,0,false,false,false,false,0
ENBTR80002,move to,LOC_중앙계곡,2026-08-09T09:06:59.000Z,21.37564068,-157.74074583,UAV 1,2,1:3001:2519,ENBTR80002,1:1:222:2:13:0:0,0,false,false,false,false,0
ENBTR60006,move to,LOC_중앙계곡,2026-08-09T09:06:59.000Z,21.37544203,-157.74077006,UAV 1,2,1:3001:2298,ENBTR60006,1:1:222:2:8:1:0,0,false,false,false,false,0
ENBTR80001,move to,LOC_중앙계곡,2026-08-09T09:06:59.000Z,21.37558122,-157.74076984,UAV 1,2,1:3001:2332,ENBTR80001,1:1:222:2:13:0:0,0,false,false,false,false,0
ENCAESAR002,move to,LOC_북측예비방어선,2026-08-09T09:07:00.000Z,21.37220503,-157.74015084,UAV 1,2,1:3001:2229,ENCAESAR002,1:1:71:4:0:0:0,0,false,false,false,false,0
ENMORT005,none,,2026-08-09T09:07:00.000Z,21.37457651,-157.73710572,UAV 1,2,1:3001:2242,ENMORT005,1:1:71:10:1:0:1,0,false,false,false,false,0
ENMORT004,none,,2026-08-09T09:07:00.000Z,21.37447596,-157.73706256,UAV 1,2,1:3001:2265,ENMORT004,1:1:71:10:1:0:1,0,false,false,false,false,0
ENBTR80004,move to,LOC_중앙계곡,2026-08-09T09:07:00.000Z,21.37569081,-157.74075774,UAV 1,2,1:3001:2314,ENBTR80004,1:1:222:2:13:0:0,0,false,false,false,false,0
ENCAESAR004,move to,LOC_북측예비방어선,2026-08-09T09:07:00.000Z,21.37266174,-157.74130570,UAV 1,2,1:3001:2333,ENCAESAR004,1:1:71:4:0:0:0,0,false,false,false,false,0
ENGAZ002,move to,LOC_적북측접근로,2026-08-09T09:07:00.000Z,21.37175217,-157.73986494,UAV 1,2,1:3001:2356,ENGAZ002,1:1:222:7:8:0:0,0,false,false,false,false,0
ENBTR80006,move to,LOC_중앙계곡,2026-08-09T09:07:00.000Z,21.37579118,-157.74071136,UAV 1,2,1:3001:2363,ENBTR80006,1:1:222:2:13:0:0,0,false,false,false,false,0
ENGAZ003,move to,LOC_적북측접근로,2026-08-09T09:07:00.000Z,21.37178052,-157.73964082,UAV 1,2,1:3001:2384,ENGAZ003,1:1:222:7:8:0:0,0,false,false,false,false,0
ENBTR80003,move to,LOC_중앙계곡,2026-08-09T09:07:00.000Z,21.37587804,-157.74073605,UAV 1,2,1:3001:2388,ENBTR80003,1:1:222:2:13:0:0,0,false,false,false,false,0
ENCAESAR003,move to,LOC_적북측접근로,2026-08-09T09:07:00.000Z,21.37105759,-157.74038688,UAV 1,2,1:3001:2417,ENCAESAR003,1:1:71:4:0:0:0,0,false,false,false,false,0
ENMORT001,none,,2026-08-09T09:07:00.000Z,21.37443553,-157.73716992,UAV 1,2,1:3001:2424,ENMORT001,1:1:71:10:1:0:1,0,false,false,false,false,0
ENBTR60007,move to,LOC_중앙계곡,2026-08-09T09:07:00.000Z,21.37543393,-157.74080547,UAV 1,2,1:3001:2450,ENBTR60007,1:1:222:2:8:1:0,0,false,false,false,false,0
ENBTR60008,move to,LOC_중앙계곡,2026-08-09T09:07:00.000Z,21.37549911,-157.74078173,UAV 1,2,1:3001:2461,ENBTR60008,1:1:222:2:8:1:0,0,false,false,false,false,0
ENBTR80007,move to,LOC_중앙계곡,2026-08-09T09:07:00.000Z,21.37561933,-157.74073413,UAV 1,2,1:3001:2463,ENBTR80007,1:1:222:2:13:0:0,0,false,false,false,false,0
ENMORT002,none,,2026-08-09T09:07:00.000Z,21.37453609,-157.73721308,UAV 1,2,1:3001:2469,ENMORT002,1:1:71:10:1:0:1,0,false,false,false,false,0
ENGAZ004,move to,LOC_적북측접근로,2026-08-09T09:07:00.000Z,21.37178381,-157.73972480,UAV 1,2,1:3001:2473,ENGAZ004,1:1:222:7:8:0:0,0,false,false,false,false,0
ENBTR80005,move to,LOC_중앙계곡,2026-08-09T09:07:00.000Z,21.37573622,-157.74073395,UAV 1,2,1:3001:2481,ENBTR80005,1:1:222:2:13:0:0,0,false,false,false,false,0
ENMIM001,none,,2026-08-09T09:07:00.000Z,21.37133190,-157.74174512,UAV 1,2,1:3001:2490,ENMIM001,1:1:225:28:2:0:0,0,false,false,false,false,0
ENCAESAR001,move to,LOC_적북측접근로,2026-08-09T09:07:00.000Z,21.37130661,-157.74161941,UAV 1,2,1:3001:2495,ENCAESAR001,1:1:71:4:0:0:0,0,false,false,false,false,0
ENMORT003,none,,2026-08-09T09:07:00.000Z,21.37463664,-157.73725624,UAV 1,2,1:3001:2500,ENMORT003,1:1:71:10:1:0:1,0,false,false,false,false,0
ENBTR60005,move to,LOC_중앙계곡,2026-08-09T09:07:00.000Z,21.37557109,-157.74080508,UAV 1,2,1:3001:2537,ENBTR60005,1:1:222:2:8:1:0,0,false,false,false,false,0
ENM35004,move to,LOC_적북측접근로,2026-08-09T09:07:00.000Z,21.37177943,-157.73991684,UAV 1,2,1:3001:2285,ENM35004,1:1:225:7:1:6:0,0,false,false,false,false,0
ENM35002,move to,LOC_적북측접근로,2026-08-09T09:07:00.000Z,21.37175788,-157.74000554,UAV 1,2,1:3001:2375,ENM35002,1:1:225:7:1:6:0,0,false,false,false,false,0
ENBTR80002,move to,LOC_중앙계곡,2026-08-09T09:07:00.000Z,21.37582345,-157.74075836,UAV 1,2,1:3001:2519,ENBTR80002,1:1:222:2:13:0:0,0,false,false,false,false,0
ENBTR60006,move to,LOC_중앙계곡,2026-08-09T09:07:00.000Z,21.37562629,-157.74078082,UAV 1,2,1:3001:2298,ENBTR60006,1:1:222:2:8:1:0,0,false,false,false,false,0
ENBTR80001,move to,LOC_중앙계곡,2026-08-09T09:07:00.000Z,21.37576515,-157.74078102,UAV 1,2,1:3001:2332,ENBTR80001,1:1:222:2:13:0:0,0,false,false,false,false,0
ENCAESAR002,move to,LOC_북측예비방어선,2026-08-09T09:07:01.000Z,21.37220503,-157.74015084,UAV 1,2,1:3001:2229,ENCAESAR002,1:1:71:4:0:0:0,0,false,false,false,false,0
ENMORT005,none,,2026-08-09T09:07:01.000Z,21.37457651,-157.73710572,UAV 1,2,1:3001:2242,ENMORT005,1:1:71:10:1:0:1,0,false,false,false,false,0
ENMORT004,none,,2026-08-09T09:07:01.000Z,21.37447596,-157.73706256,UAV 1,2,1:3001:2265,ENMORT004,1:1:71:10:1:0:1,0,false,false,false,false,0
ENBTR80004,move to,LOC_중앙계곡,2026-08-09T09:07:01.000Z,21.37569081,-157.74075774,UAV 1,2,1:3001:2314,ENBTR80004,1:1:222:2:13:0:0,0,false,false,false,false,0
ENCAESAR004,move to,LOC_북측예비방어선,2026-08-09T09:07:01.000Z,21.37266174,-157.74130570,UAV 1,2,1:3001:2333,ENCAESAR004,1:1:71:4:0:0:0,0,false,false,false,false,0
ENGAZ002,move to,LOC_적북측접근로,2026-08-09T09:07:01.000Z,21.37175217,-157.73986494,UAV 1,2,1:3001:2356,ENGAZ002,1:1:222:7:8:0:0,0,false,false,false,false,0
ENBTR80006,move to,LOC_중앙계곡,2026-08-09T09:07:01.000Z,21.37579118,-157.74071136,UAV 1,2,1:3001:2363,ENBTR80006,1:1:222:2:13:0:0,0,false,false,false,false,0
ENGAZ003,move to,LOC_적북측접근로,2026-08-09T09:07:01.000Z,21.37178052,-157.73964082,UAV 1,2,1:3001:2384,ENGAZ003,1:1:222:7:8:0:0,0,false,false,false,false,0
ENBTR80003,move to,LOC_중앙계곡,2026-08-09T09:07:01.000Z,21.37587804,-157.74073605,UAV 1,2,1:3001:2388,ENBTR80003,1:1:222:2:13:0:0,0,false,false,false,false,0
ENCAESAR003,move to,LOC_적북측접근로,2026-08-09T09:07:01.000Z,21.37105759,-157.74038688,UAV 1,2,1:3001:2417,ENCAESAR003,1:1:71:4:0:0:0,0,false,false,false,false,0
ENMORT001,none,,2026-08-09T09:07:01.000Z,21.37443553,-157.73716992,UAV 1,2,1:3001:2424,ENMORT001,1:1:71:10:1:0:1,0,false,false,false,false,0
ENBTR60007,move to,LOC_중앙계곡,2026-08-09T09:07:01.000Z,21.37543393,-157.74080547,UAV 1,2,1:3001:2450,ENBTR60007,1:1:222:2:8:1:0,0,false,false,false,false,0
ENBTR60008,move to,LOC_중앙계곡,2026-08-09T09:07:01.000Z,21.37549911,-157.74078173,UAV 1,2,1:3001:2461,ENBTR60008,1:1:222:2:8:1:0,0,false,false,false,false,0
ENBTR80007,move to,LOC_중앙계곡,2026-08-09T09:07:01.000Z,21.37561933,-157.74073413,UAV 1,2,1:3001:2463,ENBTR80007,1:1:222:2:13:0:0,0,false,false,false,false,0
ENMORT002,none,,2026-08-09T09:07:01.000Z,21.37453609,-157.73721308,UAV 1,2,1:3001:2469,ENMORT002,1:1:71:10:1:0:1,0,false,false,false,false,0
ENGAZ004,move to,LOC_적북측접근로,2026-08-09T09:07:01.000Z,21.37178381,-157.73972480,UAV 1,2,1:3001:2473,ENGAZ004,1:1:222:7:8:0:0,0,false,false,false,false,0
ENBTR80005,move to,LOC_중앙계곡,2026-08-09T09:07:01.000Z,21.37573622,-157.74073395,UAV 1,2,1:3001:2481,ENBTR80005,1:1:222:2:13:0:0,0,false,false,false,false,0
ENMIM001,none,,2026-08-09T09:07:01.000Z,21.37133190,-157.74174512,UAV 1,2,1:3001:2490,ENMIM001,1:1:225:28:2:0:0,0,false,false,false,false,0
ENCAESAR001,move to,LOC_적북측접근로,2026-08-09T09:07:01.000Z,21.37130661,-157.74161941,UAV 1,2,1:3001:2495,ENCAESAR001,1:1:71:4:0:0:0,0,false,false,false,false,0
ENMORT003,none,,2026-08-09T09:07:01.000Z,21.37463664,-157.73725624,UAV 1,2,1:3001:2500,ENMORT003,1:1:71:10:1:0:1,0,false,false,false,false,0
ENBTR60005,move to,LOC_중앙계곡,2026-08-09T09:07:01.000Z,21.37557109,-157.74080508,UAV 1,2,1:3001:2537,ENBTR60005,1:1:222:2:8:1:0,0,false,false,false,false,0
ENM35004,move to,LOC_적북측접근로,2026-08-09T09:07:01.000Z,21.37177943,-157.73991684,UAV 1,2,1:3001:2285,ENM35004,1:1:225:7:1:6:0,0,false,false,false,false,0
ENM35002,move to,LOC_적북측접근로,2026-08-09T09:07:01.000Z,21.37175788,-157.74000554,UAV 1,2,1:3001:2375,ENM35002,1:1:225:7:1:6:0,0,false,false,false,false,0
ENBTR80002,move to,LOC_중앙계곡,2026-08-09T09:07:01.000Z,21.37582345,-157.74075836,UAV 1,2,1:3001:2519,ENBTR80002,1:1:222:2:13:0:0,0,false,false,false,false,0
ENBTR60006,move to,LOC_중앙계곡,2026-08-09T09:07:01.000Z,21.37562629,-157.74078082,UAV 1,2,1:3001:2298,ENBTR60006,1:1:222:2:8:1:0,0,false,false,false,false,0
ENBTR80001,move to,LOC_중앙계곡,2026-08-09T09:07:01.000Z,21.37576515,-157.74078102,UAV 1,2,1:3001:2332,ENBTR80001,1:1:222:2:13:0:0,0,false,false,false,false,0
ENCAESAR002,move to,LOC_북측예비방어선,2026-08-09T09:07:03.000Z,21.37227351,-157.74032338,UAV 1,2,1:3001:2229,ENCAESAR002,1:1:71:4:0:0:0,0,false,false,false,false,0
ENMORT005,none,,2026-08-09T09:07:03.000Z,21.37457651,-157.73710572,UAV 1,2,1:3001:2242,ENMORT005,1:1:71:10:1:0:1,0,false,false,false,false,0
ENMORT004,none,,2026-08-09T09:07:03.000Z,21.37447596,-157.73706256,UAV 1,2,1:3001:2265,ENMORT004,1:1:71:10:1:0:1,0,false,false,false,false,0
ENBTR80004,move to,LOC_중앙계곡,2026-08-09T09:07:03.000Z,21.37586823,-157.74076948,UAV 1,2,1:3001:2314,ENBTR80004,1:1:222:2:13:0:0,0,false,false,false,false,0
ENCAESAR004,move to,LOC_북측예비방어선,2026-08-09T09:07:03.000Z,21.37273314,-157.74148520,UAV 1,2,1:3001:2333,ENCAESAR004,1:1:71:4:0:0:0,0,false,false,false,false,0
ENGAZ002,move to,LOC_적북측접근로,2026-08-09T09:07:03.000Z,21.37171121,-157.74004706,UAV 1,2,1:3001:2356,ENGAZ002,1:1:222:7:8:0:0,0,false,false,false,false,0
ENBTR80006,move to,LOC_중앙계곡,2026-08-09T09:07:03.000Z,21.37596973,-157.74072597,UAV 1,2,1:3001:2363,ENBTR80006,1:1:222:2:13:0:0,0,false,false,false,false,0
ENGAZ003,move to,LOC_적북측접근로,2026-08-09T09:07:03.000Z,21.37174122,-157.73982416,UAV 1,2,1:3001:2384,ENGAZ003,1:1:222:7:8:0:0,0,false,false,false,false,0
ENBTR80003,move to,LOC_중앙계곡,2026-08-09T09:07:03.000Z,21.37605648,-157.74074970,UAV 1,2,1:3001:2388,ENBTR80003,1:1:222:2:13:0:0,0,false,false,false,false,0
ENCAESAR003,move to,LOC_적북측접근로,2026-08-09T09:07:03.000Z,21.37109331,-157.74056409,UAV 1,2,1:3001:2417,ENCAESAR003,1:1:71:4:0:0:0,0,false,false,false,false,0
ENMORT001,none,,2026-08-09T09:07:03.000Z,21.37443553,-157.73716992,UAV 1,2,1:3001:2424,ENMORT001,1:1:71:10:1:0:1,0,false,false,false,false,0
ENBTR60007,move to,LOC_중앙계곡,2026-08-09T09:07:03.000Z,21.37561241,-157.74081413,UAV 1,2,1:3001:2450,ENBTR60007,1:1:222:2:8:1:0,0,false,false,false,false,0
ENBTR60008,move to,LOC_중앙계곡,2026-08-09T09:07:03.000Z,21.37567767,-157.74079175,UAV 1,2,1:3001:2461,ENBTR60008,1:1:222:2:8:1:0,0,false,false,false,false,0
ENBTR80007,move to,LOC_중앙계곡,2026-08-09T09:07:03.000Z,21.37579663,-157.74074680,UAV 1,2,1:3001:2463,ENBTR80007,1:1:222:2:13:0:0,0,false,false,false,false,0
ENMORT002,none,,2026-08-09T09:07:03.000Z,21.37453609,-157.73721308,UAV 1,2,1:3001:2469,ENMORT002,1:1:71:10:1:0:1,0,false,false,false,false,0
ENGAZ004,move to,LOC_적북측접근로,2026-08-09T09:07:03.000Z,21.37174239,-157.73990888,UAV 1,2,1:3001:2473,ENGAZ004,1:1:222:7:8:0:0,0,false,false,false,false,0
ENBTR80005,move to,LOC_중앙계곡,2026-08-09T09:07:03.000Z,21.37591419,-157.74074711,UAV 1,2,1:3001:2481,ENBTR80005,1:1:222:2:13:0:0,0,false,false,false,false,0
ENMIM001,none,,2026-08-09T09:07:03.000Z,21.37133190,-157.74174512,UAV 1,2,1:3001:2490,ENMIM001,1:1:225:28:2:0:0,0,false,false,false,false,0
ENCAESAR001,move to,LOC_적북측접근로,2026-08-09T09:07:03.000Z,21.37131337,-157.74165400,UAV 1,2,1:3001:2495,ENCAESAR001,1:1:71:4:0:0:0,0,false,false,false,false,0
ENMORT003,none,,2026-08-09T09:07:03.000Z,21.37463664,-157.73725624,UAV 1,2,1:3001:2500,ENMORT003,1:1:71:10:1:0:1,0,false,false,false,false,0
ENBTR60005,move to,LOC_중앙계곡,2026-08-09T09:07:03.000Z,21.37574940,-157.74081413,UAV 1,2,1:3001:2537,ENBTR60005,1:1:222:2:8:1:0,0,false,false,false,false,0
ENM35004,move to,LOC_적북측접근로,2026-08-09T09:07:03.000Z,21.37173905,-157.74008078,UAV 1,2,1:3001:2285,ENM35004,1:1:225:7:1:6:0,0,false,false,false,false,0
ENM35002,move to,LOC_적북측접근로,2026-08-09T09:07:03.000Z,21.37172003,-157.74015912,UAV 1,2,1:3001:2375,ENM35002,1:1:225:7:1:6:0,0,false,false,false,false,0
ENBTR80002,move to,LOC_중앙계곡,2026-08-09T09:07:03.000Z,21.37600252,-157.74077064,UAV 1,2,1:3001:2519,ENBTR80002,1:1:222:2:13:0:0,0,false,false,false,false,0
ENBTR60006,move to,LOC_중앙계곡,2026-08-09T09:07:03.000Z,21.37580393,-157.74079120,UAV 1,2,1:3001:2298,ENBTR60006,1:1:222:2:8:1:0,0,false,false,false,false,0
ENBTR80001,move to,LOC_중앙계곡,2026-08-09T09:07:03.000Z,21.37594371,-157.74079186,UAV 1,2,1:3001:2332,ENBTR80001,1:1:222:2:13:0:0,0,false,false,false,false,0
ENCAESAR002,move to,LOC_북측예비방어선,2026-08-09T09:07:04.000Z,21.37235094,-157.74051847,UAV 1,2,1:3001:2229,ENCAESAR002,1:1:71:4:0:0:0,0,false,false,false,false,0
ENMORT005,none,,2026-08-09T09:07:04.000Z,21.37457651,-157.73710572,UAV 1,2,1:3001:2242,ENMORT005,1:1:71:10:1:0:1,0,false,false,false,false,0
ENMORT004,none,,2026-08-09T09:07:04.000Z,21.37447596,-157.73706256,UAV 1,2,1:3001:2265,ENMORT004,1:1:71:10:1:0:1,0,false,false,false,false,0
ENBTR80004,move to,LOC_중앙계곡,2026-08-09T09:07:04.000Z,21.37605783,-157.74078201,UAV 1,2,1:3001:2314,ENBTR80004,1:1:222:2:13:0:0,0,false,false,false,false,0
ENCAESAR004,move to,LOC_북측예비방어선,2026-08-09T09:07:04.000Z,21.37280602,-157.74166843,UAV 1,2,1:3001:2333,ENCAESAR004,1:1:71:4:0:0:0,0,false,false,false,false,0
ENGAZ002,move to,LOC_적북측접근로,2026-08-09T09:07:04.000Z,21.37168614,-157.74015850,UAV 1,2,1:3001:2356,ENGAZ002,1:1:222:7:8:0:0,0,false,false,false,false,0
ENBTR80006,move to,LOC_중앙계곡,2026-08-09T09:07:04.000Z,21.37615850,-157.74074142,UAV 1,2,1:3001:2363,ENBTR80006,1:1:222:2:13:0:0,0,false,false,false,false,0
ENGAZ003,move to,LOC_적북측접근로,2026-08-09T09:07:04.000Z,21.37169888,-157.74002163,UAV 1,2,1:3001:2384,ENGAZ003,1:1:222:7:8:0:0,0,false,false,false,false,0
ENBTR80003,move to,LOC_중앙계곡,2026-08-09T09:07:04.000Z,21.37624611,-157.74076420,UAV 1,2,1:3001:2388,ENBTR80003,1:1:222:2:13:0:0,0,false,false,false,false,0
ENCAESAR003,move to,LOC_적북측접근로,2026-08-09T09:07:04.000Z,21.37113437,-157.74076778,UAV 1,2,1:3001:2417,ENCAESAR003,1:1:71:4:0:0:0,0,false,false,false,false,0
ENMORT001,none,,2026-08-09T09:07:04.000Z,21.37443553,-157.73716992,UAV 1,2,1:3001:2424,ENMORT001,1:1:71:10:1:0:1,0,false,false,false,false,0
ENBTR60007,move to,LOC_중앙계곡,2026-08-09T09:07:04.000Z,21.37580120,-157.74082329,UAV 1,2,1:3001:2450,ENBTR60007,1:1:222:2:8:1:0,0,false,false,false,false,0
ENBTR60008,move to,LOC_중앙계곡,2026-08-09T09:07:04.000Z,21.37586625,-157.74080234,UAV 1,2,1:3001:2461,ENBTR60008,1:1:222:2:8:1:0,0,false,false,false,false,0
ENBTR80007,move to,LOC_중앙계곡,2026-08-09T09:07:04.000Z,21.37598609,-157.74076034,UAV 1,2,1:3001:2463,ENBTR80007,1:1:222:2:13:0:0,0,false,false,false,false,0
ENMORT002,none,,2026-08-09T09:07:04.000Z,21.37453609,-157.73721308,UAV 1,2,1:3001:2469,ENMORT002,1:1:71:10:1:0:1,0,false,false,false,false,0
ENGAZ004,move to,LOC_적북측접근로,2026-08-09T09:07:04.000Z,21.37170349,-157.74008179,UAV 1,2,1:3001:2473,ENGAZ004,1:1:222:7:8:0:0,0,false,false,false,false,0
ENBTR80005,move to,LOC_중앙계곡,2026-08-09T09:07:04.000Z,21.37610357,-157.74076111,UAV 1,2,1:3001:2481,ENBTR80005,1:1:222:2:13:0:0,0,false,false,false,false,0
ENCAESAR001,move to,LOC_적북측접근로,2026-08-09T09:07:04.000Z,21.37132097,-157.74169280,UAV 1,2,1:3001:2495,ENCAESAR001,1:1:71:4:0:0:0,0,false,false,false,false,0
ENMORT003,none,,2026-08-09T09:07:04.000Z,21.37463664,-157.73725624,UAV 1,2,1:3001:2500,ENMORT003,1:1:71:10:1:0:1,0,false,false,false,false,0
ENBTR60005,move to,LOC_중앙계곡,2026-08-09T09:07:04.000Z,21.37593855,-157.74082374,UAV 1,2,1:3001:2537,ENBTR60005,1:1:222:2:8:1:0,0,false,false,false,false,0
ENM35004,move to,LOC_적북측접근로,2026-08-09T09:07:04.000Z,21.37169686,-157.74025211,UAV 1,2,1:3001:2285,ENM35004,1:1:225:7:1:6:0,0,false,false,false,false,0
ENM35002,move to,LOC_적북측접근로,2026-08-09T09:07:04.000Z,21.37167431,-157.74034465,UAV 1,2,1:3001:2375,ENM35002,1:1:225:7:1:6:0,0,false,false,false,false,0
ENBTR80002,move to,LOC_중앙계곡,2026-08-09T09:07:04.000Z,21.37619203,-157.74078364,UAV 1,2,1:3001:2519,ENBTR80002,1:1:222:2:13:0:0,0,false,false,false,false,0
ENBTR60006,move to,LOC_중앙계곡,2026-08-09T09:07:04.000Z,21.37599345,-157.74080227,UAV 1,2,1:3001:2298,ENBTR60006,1:1:222:2:8:1:0,0,false,false,false,false,0
ENBTR80001,move to,LOC_중앙계곡,2026-08-09T09:07:04.000Z,21.37613315,-157.74080337,UAV 1,2,1:3001:2332,ENBTR80001,1:1:222:2:13:0:0,0,false,false,false,false,0
ENCAESAR002,move to,LOC_북측예비방어선,2026-08-09T09:07:06.000Z,21.37235094,-157.74051847,UAV 1,2,1:3001:2229,ENCAESAR002,1:1:71:4:0:0:0,0,false,false,false,false,0
ENMORT005,none,,2026-08-09T09:07:06.000Z,21.37457651,-157.73710572,UAV 1,2,1:3001:2242,ENMORT005,1:1:71:10:1:0:1,0,false,false,false,false,0
ENMORT004,none,,2026-08-09T09:07:06.000Z,21.37447596,-157.73706256,UAV 1,2,1:3001:2265,ENMORT004,1:1:71:10:1:0:1,0,false,false,false,false,0
ENBTR80004,move to,LOC_중앙계곡,2026-08-09T09:07:06.000Z,21.37605783,-157.74078201,UAV 1,2,1:3001:2314,ENBTR80004,1:1:222:2:13:0:0,0,false,false,false,false,0
ENCAESAR004,move to,LOC_북측예비방어선,2026-08-09T09:07:06.000Z,21.37280602,-157.74166843,UAV 1,2,1:3001:2333,ENCAESAR004,1:1:71:4:0:0:0,0,false,false,false,false,0
ENGAZ002,move to,LOC_적북측접근로,2026-08-09T09:07:06.000Z,21.37168614,-157.74015850,UAV 1,2,1:3001:2356,ENGAZ002,1:1:222:7:8:0:0,0,false,false,false,false,0
ENBTR80006,move to,LOC_중앙계곡,2026-08-09T09:07:06.000Z,21.37615850,-157.74074142,UAV 1,2,1:3001:2363,ENBTR80006,1:1:222:2:13:0:0,0,false,false,false,false,0
ENGAZ003,move to,LOC_적북측접근로,2026-08-09T09:07:06.000Z,21.37169888,-157.74002163,UAV 1,2,1:3001:2384,ENGAZ003,1:1:222:7:8:0:0,0,false,false,false,false,0
ENBTR80003,move to,LOC_중앙계곡,2026-08-09T09:07:06.000Z,21.37624611,-157.74076420,UAV 1,2,1:3001:2388,ENBTR80003,1:1:222:2:13:0:0,0,false,false,false,false,0
ENCAESAR003,move to,LOC_적북측접근로,2026-08-09T09:07:06.000Z,21.37113437,-157.74076778,UAV 1,2,1:3001:2417,ENCAESAR003,1:1:71:4:0:0:0,0,false,false,false,false,0
ENMORT001,none,,2026-08-09T09:07:06.000Z,21.37443553,-157.73716992,UAV 1,2,1:3001:2424,ENMORT001,1:1:71:10:1:0:1,0,false,false,false,false,0
ENBTR60007,move to,LOC_중앙계곡,2026-08-09T09:07:06.000Z,21.37580120,-157.74082329,UAV 1,2,1:3001:2450,ENBTR60007,1:1:222:2:8:1:0,0,false,false,false,false,0
ENBTR60008,move to,LOC_중앙계곡,2026-08-09T09:07:06.000Z,21.37586625,-157.74080234,UAV 1,2,1:3001:2461,ENBTR60008,1:1:222:2:8:1:0,0,false,false,false,false,0
ENBTR80007,move to,LOC_중앙계곡,2026-08-09T09:07:06.000Z,21.37598609,-157.74076034,UAV 1,2,1:3001:2463,ENBTR80007,1:1:222:2:13:0:0,0,false,false,false,false,0
ENMORT002,none,,2026-08-09T09:07:06.000Z,21.37453609,-157.73721308,UAV 1,2,1:3001:2469,ENMORT002,1:1:71:10:1:0:1,0,false,false,false,false,0
ENGAZ004,move to,LOC_적북측접근로,2026-08-09T09:07:06.000Z,21.37170349,-157.74008179,UAV 1,2,1:3001:2473,ENGAZ004,1:1:222:7:8:0:0,0,false,false,false,false,0
ENBTR80005,move to,LOC_중앙계곡,2026-08-09T09:07:06.000Z,21.37610357,-157.74076111,UAV 1,2,1:3001:2481,ENBTR80005,1:1:222:2:13:0:0,0,false,false,false,false,0
ENCAESAR001,move to,LOC_적북측접근로,2026-08-09T09:07:06.000Z,21.37132097,-157.74169280,UAV 1,2,1:3001:2495,ENCAESAR001,1:1:71:4:0:0:0,0,false,false,false,false,0
ENMORT003,none,,2026-08-09T09:07:06.000Z,21.37463664,-157.73725624,UAV 1,2,1:3001:2500,ENMORT003,1:1:71:10:1:0:1,0,false,false,false,false,0
ENBTR60005,move to,LOC_중앙계곡,2026-08-09T09:07:06.000Z,21.37593855,-157.74082374,UAV 1,2,1:3001:2537,ENBTR60005,1:1:222:2:8:1:0,0,false,false,false,false,0
ENM35004,move to,LOC_적북측접근로,2026-08-09T09:07:06.000Z,21.37169686,-157.74025211,UAV 1,2,1:3001:2285,ENM35004,1:1:225:7:1:6:0,0,false,false,false,false,0
ENM35002,move to,LOC_적북측접근로,2026-08-09T09:07:06.000Z,21.37167431,-157.74034465,UAV 1,2,1:3001:2375,ENM35002,1:1:225:7:1:6:0,0,false,false,false,false,0
ENBTR80002,move to,LOC_중앙계곡,2026-08-09T09:07:06.000Z,21.37619203,-157.74078364,UAV 1,2,1:3001:2519,ENBTR80002,1:1:222:2:13:0:0,0,false,false,false,false,0
ENBTR60006,move to,LOC_중앙계곡,2026-08-09T09:07:06.000Z,21.37599345,-157.74080227,UAV 1,2,1:3001:2298,ENBTR60006,1:1:222:2:8:1:0,0,false,false,false,false,0
ENBTR80001,move to,LOC_중앙계곡,2026-08-09T09:07:06.000Z,21.37613315,-157.74080337,UAV 1,2,1:3001:2332,ENBTR80001,1:1:222:2:13:0:0,0,false,false,false,false,0
ENCAESAR002,move to,LOC_북측예비방어선,2026-08-09T09:07:07.000Z,21.37242605,-157.74070774,UAV 1,2,1:3001:2229,ENCAESAR002,1:1:71:4:0:0:0,0,false,false,false,false,0
ENMORT005,none,,2026-08-09T09:07:07.000Z,21.37457651,-157.73710572,UAV 1,2,1:3001:2242,ENMORT005,1:1:71:10:1:0:1,0,false,false,false,false,0
ENMORT004,none,,2026-08-09T09:07:07.000Z,21.37447596,-157.73706256,UAV 1,2,1:3001:2265,ENMORT004,1:1:71:10:1:0:1,0,false,false,false,false,0
ENCAESAR004,move to,LOC_북측예비방어선,2026-08-09T09:07:07.000Z,21.37288256,-157.74186084,UAV 1,2,1:3001:2333,ENCAESAR004,1:1:71:4:0:0:0,0,false,false,false,false,0
ENGAZ002,move to,LOC_적북측접근로,2026-08-09T09:07:07.000Z,21.37164741,-157.74033072,UAV 1,2,1:3001:2356,ENGAZ002,1:1:222:7:8:0:0,0,false,false,false,false,0
ENBTR80006,move to,LOC_중앙계곡,2026-08-09T09:07:07.000Z,21.37634882,-157.74075699,UAV 1,2,1:3001:2363,ENBTR80006,1:1:222:2:13:0:0,0,false,false,false,false,0
ENBTR80003,move to,LOC_중앙계곡,2026-08-09T09:07:07.000Z,21.37643485,-157.74077864,UAV 1,2,1:3001:2388,ENBTR80003,1:1:222:2:13:0:0,0,false,false,false,false,0
ENCAESAR003,move to,LOC_적북측접근로,2026-08-09T09:07:07.000Z,21.37117485,-157.74096859,UAV 1,2,1:3001:2417,ENCAESAR003,1:1:71:4:0:0:0,0,false,false,false,false,0
ENMORT001,none,,2026-08-09T09:07:07.000Z,21.37443553,-157.73716992,UAV 1,2,1:3001:2424,ENMORT001,1:1:71:10:1:0:1,0,false,false,false,false,0
ENBTR60007,move to,LOC_중앙계곡,2026-08-09T09:07:07.000Z,21.37599180,-157.74083254,UAV 1,2,1:3001:2450,ENBTR60007,1:1:222:2:8:1:0,0,false,false,false,false,0
ENBTR60008,move to,LOC_중앙계곡,2026-08-09T09:07:07.000Z,21.37605720,-157.74081306,UAV 1,2,1:3001:2461,ENBTR60008,1:1:222:2:8:1:0,0,false,false,false,false,0
ENBTR80007,move to,LOC_중앙계곡,2026-08-09T09:07:07.000Z,21.37617655,-157.74077395,UAV 1,2,1:3001:2463,ENBTR80007,1:1:222:2:13:0:0,0,false,false,false,false,0
ENMORT002,none,,2026-08-09T09:07:07.000Z,21.37453609,-157.73721308,UAV 1,2,1:3001:2469,ENMORT002,1:1:71:10:1:0:1,0,false,false,false,false,0
ENGAZ004,move to,LOC_적북측접근로,2026-08-09T09:07:07.000Z,21.37167659,-157.74020139,UAV 1,2,1:3001:2473,ENGAZ004,1:1:222:7:8:0:0,0,false,false,false,false,0
ENBTR80005,move to,LOC_중앙계곡,2026-08-09T09:07:07.000Z,21.37629402,-157.74077519,UAV 1,2,1:3001:2481,ENBTR80005,1:1:222:2:13:0:0,0,false,false,false,false,0
ENMORT003,none,,2026-08-09T09:07:07.000Z,21.37463664,-157.73725624,UAV 1,2,1:3001:2500,ENMORT003,1:1:71:10:1:0:1,0,false,false,false,false,0
ENBTR60005,move to,LOC_중앙계곡,2026-08-09T09:07:07.000Z,21.37612925,-157.74083342,UAV 1,2,1:3001:2537,ENBTR60005,1:1:222:2:8:1:0,0,false,false,false,false,0
ENM35004,move to,LOC_적북측접근로,2026-08-09T09:07:07.000Z,21.37164805,-157.74045030,UAV 1,2,1:3001:2285,ENM35004,1:1:225:7:1:6:0,0,false,false,false,false,0
ENBTR80002,move to,LOC_중앙계곡,2026-08-09T09:07:07.000Z,21.37638160,-157.74079664,UAV 1,2,1:3001:2519,ENBTR80002,1:1:222:2:13:0:0,0,false,false,false,false,0
ENBTR60006,move to,LOC_중앙계곡,2026-08-09T09:07:07.000Z,21.37618401,-157.74081341,UAV 1,2,1:3001:2298,ENBTR60006,1:1:222:2:8:1:0,0,false,false,false,false,0
ENBTR80001,move to,LOC_중앙계곡,2026-08-09T09:07:07.000Z,21.37632359,-157.74081494,UAV 1,2,1:3001:2332,ENBTR80001,1:1:222:2:13:0:0,0,false,false,false,false,0
ENCAESAR002,move to,LOC_북측예비방어선,2026-08-09T09:07:09.000Z,21.37249829,-157.74088977,UAV 1,2,1:3001:2229,ENCAESAR002,1:1:71:4:0:0:0,0,false,false,false,false,0
ENMORT005,none,,2026-08-09T09:07:09.000Z,21.37457651,-157.73710572,UAV 1,2,1:3001:2242,ENMORT005,1:1:71:10:1:0:1,0,false,false,false,false,0
ENMORT004,none,,2026-08-09T09:07:09.000Z,21.37447596,-157.73706256,UAV 1,2,1:3001:2265,ENMORT004,1:1:71:10:1:0:1,0,false,false,false,false,0
ENCAESAR004,move to,LOC_북측예비방어선,2026-08-09T09:07:09.000Z,21.37295217,-157.74203585,UAV 1,2,1:3001:2333,ENCAESAR004,1:1:71:4:0:0:0,0,false,false,false,false,0
ENGAZ002,move to,LOC_적북측접근로,2026-08-09T09:07:09.000Z,21.37160123,-157.74053603,UAV 1,2,1:3001:2356,ENGAZ002,1:1:222:7:8:0:0,0,false,false,false,false,0
ENBTR80006,move to,LOC_중앙계곡,2026-08-09T09:07:09.000Z,21.37653270,-157.74077203,UAV 1,2,1:3001:2363,ENBTR80006,1:1:222:2:13:0:0,0,false,false,false,false,0
ENBTR80003,move to,LOC_중앙계곡,2026-08-09T09:07:09.000Z,21.37661956,-157.74079277,UAV 1,2,1:3001:2388,ENBTR80003,1:1:222:2:13:0:0,0,false,false,false,false,0
ENCAESAR003,move to,LOC_적북측접근로,2026-08-09T09:07:09.000Z,21.37121558,-157.74117063,UAV 1,2,1:3001:2417,ENCAESAR003,1:1:71:4:0:0:0,0,false,false,false,false,0
ENMORT001,none,,2026-08-09T09:07:09.000Z,21.37443553,-157.73716992,UAV 1,2,1:3001:2424,ENMORT001,1:1:71:10:1:0:1,0,false,false,false,false,0
ENBTR60007,move to,LOC_중앙계곡,2026-08-09T09:07:09.000Z,21.37617688,-157.74084152,UAV 1,2,1:3001:2450,ENBTR60007,1:1:222:2:8:1:0,0,false,false,false,false,0
ENBTR60008,move to,LOC_중앙계곡,2026-08-09T09:07:09.000Z,21.37624206,-157.74082344,UAV 1,2,1:3001:2461,ENBTR60008,1:1:222:2:8:1:0,0,false,false,false,false,0
ENBTR80007,move to,LOC_중앙계곡,2026-08-09T09:07:09.000Z,21.37636056,-157.74078709,UAV 1,2,1:3001:2463,ENBTR80007,1:1:222:2:13:0:0,0,false,false,false,false,0
ENMORT002,none,,2026-08-09T09:07:09.000Z,21.37453609,-157.73721308,UAV 1,2,1:3001:2469,ENMORT002,1:1:71:10:1:0:1,0,false,false,false,false,0
ENGAZ004,move to,LOC_적북측접근로,2026-08-09T09:07:09.000Z,21.37163470,-157.74038756,UAV 1,2,1:3001:2473,ENGAZ004,1:1:222:7:8:0:0,0,false,false,false,false,0
ENBTR80005,move to,LOC_중앙계곡,2026-08-09T09:07:09.000Z,21.37647773,-157.74078878,UAV 1,2,1:3001:2481,ENBTR80005,1:1:222:2:13:0:0,0,false,false,false,false,0
ENMORT003,none,,2026-08-09T09:07:09.000Z,21.37463664,-157.73725624,UAV 1,2,1:3001:2500,ENMORT003,1:1:71:10:1:0:1,0,false,false,false,false,0
ENBTR60005,move to,LOC_중앙계곡,2026-08-09T09:07:09.000Z,21.37631407,-157.74084281,UAV 1,2,1:3001:2537,ENBTR60005,1:1:222:2:8:1:0,0,false,false,false,false,0
ENM35004,move to,LOC_적북측접근로,2026-08-09T09:07:09.000Z,21.37159814,-157.74065295,UAV 1,2,1:3001:2285,ENM35004,1:1:225:7:1:6:0,0,false,false,false,false,0
ENBTR80002,move to,LOC_중앙계곡,2026-08-09T09:07:09.000Z,21.37656612,-157.74080929,UAV 1,2,1:3001:2519,ENBTR80002,1:1:222:2:13:0:0,0,false,false,false,false,0
ENBTR60006,move to,LOC_중앙계곡,2026-08-09T09:07:09.000Z,21.37636839,-157.74082418,UAV 1,2,1:3001:2298,ENBTR60006,1:1:222:2:8:1:0,0,false,false,false,false,0
ENBTR80001,move to,LOC_중앙계곡,2026-08-09T09:07:09.000Z,21.37650763,-157.74082612,UAV 1,2,1:3001:2332,ENBTR80001,1:1:222:2:13:0:0,0,false,false,false,false,0
ENGAZ003,move to,LOC_적북측접근로,2026-08-09T09:07:09.000Z,21.37164353,-157.74027974,UAV 1,2,1:3001:2384,ENGAZ003,1:1:222:7:8:0:0,0,false,false,false,false,0
ENCAESAR002,move to,LOC_북측예비방어선,2026-08-09T09:07:10.000Z,21.37256613,-157.74106070,UAV 1,2,1:3001:2229,ENCAESAR002,1:1:71:4:0:0:0,0,false,false,false,false,0
ENMORT005,none,,2026-08-09T09:07:10.000Z,21.37457651,-157.73710572,UAV 1,2,1:3001:2242,ENMORT005,1:1:71:10:1:0:1,0,false,false,false,false,0
ENMORT004,none,,2026-08-09T09:07:10.000Z,21.37447596,-157.73706256,UAV 1,2,1:3001:2265,ENMORT004,1:1:71:10:1:0:1,0,false,false,false,false,0
ENCAESAR004,move to,LOC_북측예비방어선,2026-08-09T09:07:10.000Z,21.37302151,-157.74221016,UAV 1,2,1:3001:2333,ENCAESAR004,1:1:71:4:0:0:0,0,false,false,false,false,0
ENGAZ002,move to,LOC_적북측접근로,2026-08-09T09:07:10.000Z,21.37156029,-157.74071807,UAV 1,2,1:3001:2356,ENGAZ002,1:1:222:7:8:0:0,0,false,false,false,false,0
ENBTR80006,move to,LOC_중앙계곡,2026-08-09T09:07:10.000Z,21.37670908,-157.74078647,UAV 1,2,1:3001:2363,ENBTR80006,1:1:222:2:13:0:0,0,false,false,false,false,0
ENBTR80003,move to,LOC_중앙계곡,2026-08-09T09:07:10.000Z,21.37679627,-157.74080628,UAV 1,2,1:3001:2388,ENBTR80003,1:1:222:2:13:0:0,0,false,false,false,false,0
ENCAESAR003,move to,LOC_적북측접근로,2026-08-09T09:07:10.000Z,21.37125108,-157.74134676,UAV 1,2,1:3001:2417,ENCAESAR003,1:1:71:4:0:0:0,0,false,false,false,false,0
ENMORT001,none,,2026-08-09T09:07:10.000Z,21.37443553,-157.73716992,UAV 1,2,1:3001:2424,ENMORT001,1:1:71:10:1:0:1,0,false,false,false,false,0
ENBTR60007,move to,LOC_중앙계곡,2026-08-09T09:07:10.000Z,21.37635390,-157.74085010,UAV 1,2,1:3001:2450,ENBTR60007,1:1:222:2:8:1:0,0,false,false,false,false,0
ENBTR60008,move to,LOC_중앙계곡,2026-08-09T09:07:10.000Z,21.37641899,-157.74083338,UAV 1,2,1:3001:2461,ENBTR60008,1:1:222:2:8:1:0,0,false,false,false,false,0
ENBTR80007,move to,LOC_중앙계곡,2026-08-09T09:07:10.000Z,21.37653749,-157.74079974,UAV 1,2,1:3001:2463,ENBTR80007,1:1:222:2:13:0:0,0,false,false,false,false,0
ENMORT002,none,,2026-08-09T09:07:10.000Z,21.37453609,-157.73721308,UAV 1,2,1:3001:2469,ENMORT002,1:1:71:10:1:0:1,0,false,false,false,false,0
ENGAZ004,move to,LOC_적북측접근로,2026-08-09T09:07:10.000Z,21.37159222,-157.74057642,UAV 1,2,1:3001:2473,ENGAZ004,1:1:222:7:8:0:0,0,false,false,false,false,0
ENBTR80005,move to,LOC_중앙계곡,2026-08-09T09:07:10.000Z,21.37665441,-157.74080184,UAV 1,2,1:3001:2481,ENBTR80005,1:1:222:2:13:0:0,0,false,false,false,false,0
ENMORT003,none,,2026-08-09T09:07:10.000Z,21.37463664,-157.73725624,UAV 1,2,1:3001:2500,ENMORT003,1:1:71:10:1:0:1,0,false,false,false,false,0
ENM35004,move to,LOC_적북측접근로,2026-08-09T09:07:10.000Z,21.37155351,-157.74083419,UAV 1,2,1:3001:2285,ENM35004,1:1:225:7:1:6:0,0,false,false,false,false,0
ENBTR80002,move to,LOC_중앙계곡,2026-08-09T09:07:10.000Z,21.37674276,-157.74082140,UAV 1,2,1:3001:2519,ENBTR80002,1:1:222:2:13:0:0,0,false,false,false,false,0
ENBTR80001,move to,LOC_중앙계곡,2026-08-09T09:07:10.000Z,21.37668436,-157.74083685,UAV 1,2,1:3001:2332,ENBTR80001,1:1:222:2:13:0:0,0,false,false,false,false,0
ENGAZ003,move to,LOC_적북측접근로,2026-08-09T09:07:10.000Z,21.37160470,-157.74046087,UAV 1,2,1:3001:2384,ENGAZ003,1:1:222:7:8:0:0,0,false,false,false,false,0
ENGAZ001,move to,LOC_적북측접근로,2026-08-09T09:07:10.000Z,21.37159270,-157.74051586,UAV 1,2,1:3001:2289,ENGAZ001,1:1:222:7:8:0:0,0,false,false,false,false,0
ENCAESAR002,move to,LOC_북측예비방어선,2026-08-09T09:07:12.000Z,21.37256613,-157.74106070,UAV 1,2,1:3001:2229,ENCAESAR002,1:1:71:4:0:0:0,0,false,false,false,false,0
ENMORT005,none,,2026-08-09T09:07:12.000Z,21.37457651,-157.73710572,UAV 1,2,1:3001:2242,ENMORT005,1:1:71:10:1:0:1,0,false,false,false,false,0
ENMORT004,none,,2026-08-09T09:07:12.000Z,21.37447596,-157.73706256,UAV 1,2,1:3001:2265,ENMORT004,1:1:71:10:1:0:1,0,false,false,false,false,0
ENCAESAR004,move to,LOC_북측예비방어선,2026-08-09T09:07:12.000Z,21.37302151,-157.74221016,UAV 1,2,1:3001:2333,ENCAESAR004,1:1:71:4:0:0:0,0,false,false,false,false,0
ENGAZ002,move to,LOC_적북측접근로,2026-08-09T09:07:12.000Z,21.37156029,-157.74071807,UAV 1,2,1:3001:2356,ENGAZ002,1:1:222:7:8:0:0,0,false,false,false,false,0
ENBTR80006,move to,LOC_중앙계곡,2026-08-09T09:07:12.000Z,21.37670908,-157.74078647,UAV 1,2,1:3001:2363,ENBTR80006,1:1:222:2:13:0:0,0,false,false,false,false,0
ENBTR80003,move to,LOC_중앙계곡,2026-08-09T09:07:12.000Z,21.37679627,-157.74080628,UAV 1,2,1:3001:2388,ENBTR80003,1:1:222:2:13:0:0,0,false,false,false,false,0
ENCAESAR003,move to,LOC_적북측접근로,2026-08-09T09:07:12.000Z,21.37125108,-157.74134676,UAV 1,2,1:3001:2417,ENCAESAR003,1:1:71:4:0:0:0,0,false,false,false,false,0
ENMORT001,none,,2026-08-09T09:07:12.000Z,21.37443553,-157.73716992,UAV 1,2,1:3001:2424,ENMORT001,1:1:71:10:1:0:1,0,false,false,false,false,0
ENBTR60007,move to,LOC_중앙계곡,2026-08-09T09:07:12.000Z,21.37635390,-157.74085010,UAV 1,2,1:3001:2450,ENBTR60007,1:1:222:2:8:1:0,0,false,false,false,false,0
ENBTR60008,move to,LOC_중앙계곡,2026-08-09T09:07:12.000Z,21.37641899,-157.74083338,UAV 1,2,1:3001:2461,ENBTR60008,1:1:222:2:8:1:0,0,false,false,false,false,0
ENBTR80007,move to,LOC_중앙계곡,2026-08-09T09:07:12.000Z,21.37653749,-157.74079974,UAV 1,2,1:3001:2463,ENBTR80007,1:1:222:2:13:0:0,0,false,false,false,false,0
ENMORT002,none,,2026-08-09T09:07:12.000Z,21.37453609,-157.73721308,UAV 1,2,1:3001:2469,ENMORT002,1:1:71:10:1:0:1,0,false,false,false,false,0
ENGAZ004,move to,LOC_적북측접근로,2026-08-09T09:07:12.000Z,21.37159222,-157.74057642,UAV 1,2,1:3001:2473,ENGAZ004,1:1:222:7:8:0:0,0,false,false,false,false,0
ENBTR80005,move to,LOC_중앙계곡,2026-08-09T09:07:12.000Z,21.37665441,-157.74080184,UAV 1,2,1:3001:2481,ENBTR80005,1:1:222:2:13:0:0,0,false,false,false,false,0
ENMORT003,none,,2026-08-09T09:07:12.000Z,21.37463664,-157.73725624,UAV 1,2,1:3001:2500,ENMORT003,1:1:71:10:1:0:1,0,false,false,false,false,0
ENM35004,move to,LOC_적북측접근로,2026-08-09T09:07:12.000Z,21.37155351,-157.74083419,UAV 1,2,1:3001:2285,ENM35004,1:1:225:7:1:6:0,0,false,false,false,false,0
ENBTR80002,move to,LOC_중앙계곡,2026-08-09T09:07:12.000Z,21.37674276,-157.74082140,UAV 1,2,1:3001:2519,ENBTR80002,1:1:222:2:13:0:0,0,false,false,false,false,0
ENBTR80001,move to,LOC_중앙계곡,2026-08-09T09:07:12.000Z,21.37668436,-157.74083685,UAV 1,2,1:3001:2332,ENBTR80001,1:1:222:2:13:0:0,0,false,false,false,false,0
ENGAZ003,move to,LOC_적북측접근로,2026-08-09T09:07:12.000Z,21.37160470,-157.74046087,UAV 1,2,1:3001:2384,ENGAZ003,1:1:222:7:8:0:0,0,false,false,false,false,0
ENGAZ001,move to,LOC_적북측접근로,2026-08-09T09:07:12.000Z,21.37159270,-157.74051586,UAV 1,2,1:3001:2289,ENGAZ001,1:1:222:7:8:0:0,0,false,false,false,false,0
ENCAESAR002,move to,LOC_북측예비방어선,2026-08-09T09:07:13.000Z,21.37263356,-157.74123062,UAV 1,2,1:3001:2229,ENCAESAR002,1:1:71:4:0:0:0,0,false,false,false,false,0
ENMORT005,none,,2026-08-09T09:07:13.000Z,21.37457651,-157.73710572,UAV 1,2,1:3001:2242,ENMORT005,1:1:71:10:1:0:1,0,false,false,false,false,0
ENMORT004,none,,2026-08-09T09:07:13.000Z,21.37447596,-157.73706256,UAV 1,2,1:3001:2265,ENMORT004,1:1:71:10:1:0:1,0,false,false,false,false,0
ENCAESAR004,move to,LOC_북측예비방어선,2026-08-09T09:07:13.000Z,21.37309322,-157.74239044,UAV 1,2,1:3001:2333,ENCAESAR004,1:1:71:4:0:0:0,0,false,false,false,false,0
ENGAZ002,move to,LOC_적북측접근로,2026-08-09T09:07:13.000Z,21.37151583,-157.74091571,UAV 1,2,1:3001:2356,ENGAZ002,1:1:222:7:8:0:0,0,false,false,false,false,0
ENBTR80006,move to,LOC_중앙계곡,2026-08-09T09:07:13.000Z,21.37689329,-157.74080154,UAV 1,2,1:3001:2363,ENBTR80006,1:1:222:2:13:0:0,0,false,false,false,false,0
ENBTR80003,move to,LOC_중앙계곡,2026-08-09T09:07:13.000Z,21.37698059,-157.74082038,UAV 1,2,1:3001:2388,ENBTR80003,1:1:222:2:13:0:0,0,false,false,false,false,0
ENCAESAR003,move to,LOC_적북측접근로,2026-08-09T09:07:13.000Z,21.37128969,-157.74153831,UAV 1,2,1:3001:2417,ENCAESAR003,1:1:71:4:0:0:0,0,false,false,false,false,0
ENMORT001,none,,2026-08-09T09:07:13.000Z,21.37443553,-157.73716992,UAV 1,2,1:3001:2424,ENMORT001,1:1:71:10:1:0:1,0,false,false,false,false,0
ENBTR60007,move to,LOC_중앙계곡,2026-08-09T09:07:13.000Z,21.37653818,-157.74085904,UAV 1,2,1:3001:2450,ENBTR60007,1:1:222:2:8:1:0,0,false,false,false,false,0
ENBTR60008,move to,LOC_중앙계곡,2026-08-09T09:07:13.000Z,21.37660307,-157.74084371,UAV 1,2,1:3001:2461,ENBTR60008,1:1:222:2:8:1:0,0,false,false,false,false,0
ENBTR80007,move to,LOC_중앙계곡,2026-08-09T09:07:13.000Z,21.37672140,-157.74081288,UAV 1,2,1:3001:2463,ENBTR80007,1:1:222:2:13:0:0,0,false,false,false,false,0
ENMORT002,none,,2026-08-09T09:07:13.000Z,21.37453609,-157.73721308,UAV 1,2,1:3001:2469,ENMORT002,1:1:71:10:1:0:1,0,false,false,false,false,0
ENGAZ004,move to,LOC_적북측접근로,2026-08-09T09:07:13.000Z,21.37154852,-157.74077065,UAV 1,2,1:3001:2473,ENGAZ004,1:1:222:7:8:0:0,0,false,false,false,false,0
ENBTR80005,move to,LOC_중앙계곡,2026-08-09T09:07:13.000Z,21.37683854,-157.74081545,UAV 1,2,1:3001:2481,ENBTR80005,1:1:222:2:13:0:0,0,false,false,false,false,0
ENMORT003,none,,2026-08-09T09:07:13.000Z,21.37463664,-157.73725624,UAV 1,2,1:3001:2500,ENMORT003,1:1:71:10:1:0:1,0,false,false,false,false,0
ENM35004,move to,LOC_적북측접근로,2026-08-09T09:07:13.000Z,21.37150534,-157.74102979,UAV 1,2,1:3001:2285,ENM35004,1:1:225:7:1:6:0,0,false,false,false,false,0
ENBTR80002,move to,LOC_중앙계곡,2026-08-09T09:07:13.000Z,21.37692708,-157.74083404,UAV 1,2,1:3001:2519,ENBTR80002,1:1:222:2:13:0:0,0,false,false,false,false,0
ENBTR80001,move to,LOC_중앙계곡,2026-08-09T09:07:13.000Z,21.37686886,-157.74084806,UAV 1,2,1:3001:2332,ENBTR80001,1:1:222:2:13:0:0,0,false,false,false,false,0
ENGAZ003,move to,LOC_적북측접근로,2026-08-09T09:07:13.000Z,21.37156182,-157.74066084,UAV 1,2,1:3001:2384,ENGAZ003,1:1:222:7:8:0:0,0,false,false,false,false,0
ENCAESAR002,move to,LOC_북측예비방어선,2026-08-09T09:07:14.000Z,21.37270750,-157.74141691,UAV 1,2,1:3001:2229,ENCAESAR002,1:1:71:4:0:0:0,0,false,false,false,false,0
ENMORT005,none,,2026-08-09T09:07:14.000Z,21.37457651,-157.73710572,UAV 1,2,1:3001:2242,ENMORT005,1:1:71:10:1:0:1,0,false,false,false,false,0
ENMORT004,none,,2026-08-09T09:07:14.000Z,21.37447596,-157.73706256,UAV 1,2,1:3001:2265,ENMORT004,1:1:71:10:1:0:1,0,false,false,false,false,0
ENCAESAR004,move to,LOC_북측예비방어선,2026-08-09T09:07:14.000Z,21.37316162,-157.74256239,UAV 1,2,1:3001:2333,ENCAESAR004,1:1:71:4:0:0:0,0,false,false,false,false,0
ENGAZ002,move to,LOC_적북측접근로,2026-08-09T09:07:14.000Z,21.37148189,-157.74106663,UAV 1,2,1:3001:2356,ENGAZ002,1:1:222:7:8:0:0,0,false,false,false,false,0
ENBTR80006,move to,LOC_중앙계곡,2026-08-09T09:07:14.000Z,21.37707001,-157.74081600,UAV 1,2,1:3001:2363,ENBTR80006,1:1:222:2:13:0:0,0,false,false,false,false,0
ENBTR80003,move to,LOC_중앙계곡,2026-08-09T09:07:14.000Z,21.37715764,-157.74083392,UAV 1,2,1:3001:2388,ENBTR80003,1:1:222:2:13:0:0,0,false,false,false,false,0
ENCAESAR003,move to,LOC_적북측접근로,2026-08-09T09:07:14.000Z,21.37129899,-157.74158445,UAV 1,2,1:3001:2417,ENCAESAR003,1:1:71:4:0:0:0,0,false,false,false,false,0
ENMORT001,none,,2026-08-09T09:07:14.000Z,21.37443553,-157.73716992,UAV 1,2,1:3001:2424,ENMORT001,1:1:71:10:1:0:1,0,false,false,false,false,0
ENBTR60007,move to,LOC_중앙계곡,2026-08-09T09:07:14.000Z,21.37671448,-157.74086760,UAV 1,2,1:3001:2450,ENBTR60007,1:1:222:2:8:1:0,0,false,false,false,false,0
ENBTR60008,move to,LOC_중앙계곡,2026-08-09T09:07:14.000Z,21.37677938,-157.74085361,UAV 1,2,1:3001:2461,ENBTR60008,1:1:222:2:8:1:0,0,false,false,false,false,0
ENBTR80007,move to,LOC_중앙계곡,2026-08-09T09:07:14.000Z,21.37689782,-157.74082548,UAV 1,2,1:3001:2463,ENBTR80007,1:1:222:2:13:0:0,0,false,false,false,false,0
ENMORT002,none,,2026-08-09T09:07:14.000Z,21.37453609,-157.73721308,UAV 1,2,1:3001:2469,ENMORT002,1:1:71:10:1:0:1,0,false,false,false,false,0
ENGAZ004,move to,LOC_적북측접근로,2026-08-09T09:07:14.000Z,21.37150650,-157.74095742,UAV 1,2,1:3001:2473,ENGAZ004,1:1:222:7:8:0:0,0,false,false,false,false,0
ENBTR80005,move to,LOC_중앙계곡,2026-08-09T09:07:14.000Z,21.37701520,-157.74082851,UAV 1,2,1:3001:2481,ENBTR80005,1:1:222:2:13:0:0,0,false,false,false,false,0
ENMORT003,none,,2026-08-09T09:07:14.000Z,21.37463664,-157.73725624,UAV 1,2,1:3001:2500,ENMORT003,1:1:71:10:1:0:1,0,false,false,false,false,0
ENM35004,move to,LOC_적북측접근로,2026-08-09T09:07:14.000Z,21.37146372,-157.74119882,UAV 1,2,1:3001:2285,ENM35004,1:1:225:7:1:6:0,0,false,false,false,false,0
ENBTR80002,move to,LOC_중앙계곡,2026-08-09T09:07:14.000Z,21.37710406,-157.74084617,UAV 1,2,1:3001:2519,ENBTR80002,1:1:222:2:13:0:0,0,false,false,false,false,0
ENBTR80001,move to,LOC_중앙계곡,2026-08-09T09:07:14.000Z,21.37704571,-157.74085880,UAV 1,2,1:3001:2332,ENBTR80001,1:1:222:2:13:0:0,0,false,false,false,false,0
ENGAZ003,move to,LOC_적북측접근로,2026-08-09T09:07:14.000Z,21.37152239,-157.74084474,UAV 1,2,1:3001:2384,ENGAZ003,1:1:222:7:8:0:0,0,false,false,false,false,0
ENCAESAR002,move to,LOC_북측예비방어선,2026-08-09T09:07:16.000Z,21.37270750,-157.74141691,UAV 1,2,1:3001:2229,ENCAESAR002,1:1:71:4:0:0:0,0,false,false,false,false,0
ENMORT005,none,,2026-08-09T09:07:16.000Z,21.37457651,-157.73710572,UAV 1,2,1:3001:2242,ENMORT005,1:1:71:10:1:0:1,0,false,false,false,false,0
ENMORT004,none,,2026-08-09T09:07:16.000Z,21.37447596,-157.73706256,UAV 1,2,1:3001:2265,ENMORT004,1:1:71:10:1:0:1,0,false,false,false,false,0
ENCAESAR004,move to,LOC_북측예비방어선,2026-08-09T09:07:16.000Z,21.37316162,-157.74256239,UAV 1,2,1:3001:2333,ENCAESAR004,1:1:71:4:0:0:0,0,false,false,false,false,0
ENGAZ002,move to,LOC_적북측접근로,2026-08-09T09:07:16.000Z,21.37148189,-157.74106663,UAV 1,2,1:3001:2356,ENGAZ002,1:1:222:7:8:0:0,0,false,false,false,false,0
ENBTR80006,move to,LOC_중앙계곡,2026-08-09T09:07:16.000Z,21.37707001,-157.74081600,UAV 1,2,1:3001:2363,ENBTR80006,1:1:222:2:13:0:0,0,false,false,false,false,0
ENBTR80003,move to,LOC_중앙계곡,2026-08-09T09:07:16.000Z,21.37715764,-157.74083392,UAV 1,2,1:3001:2388,ENBTR80003,1:1:222:2:13:0:0,0,false,false,false,false,0
ENCAESAR003,move to,LOC_적북측접근로,2026-08-09T09:07:16.000Z,21.37129899,-157.74158445,UAV 1,2,1:3001:2417,ENCAESAR003,1:1:71:4:0:0:0,0,false,false,false,false,0
ENMORT001,none,,2026-08-09T09:07:16.000Z,21.37443553,-157.73716992,UAV 1,2,1:3001:2424,ENMORT001,1:1:71:10:1:0:1,0,false,false,false,false,0
ENBTR60007,move to,LOC_중앙계곡,2026-08-09T09:07:16.000Z,21.37671448,-157.74086760,UAV 1,2,1:3001:2450,ENBTR60007,1:1:222:2:8:1:0,0,false,false,false,false,0
ENBTR60008,move to,LOC_중앙계곡,2026-08-09T09:07:16.000Z,21.37677938,-157.74085361,UAV 1,2,1:3001:2461,ENBTR60008,1:1:222:2:8:1:0,0,false,false,false,false,0
ENBTR80007,move to,LOC_중앙계곡,2026-08-09T09:07:16.000Z,21.37689782,-157.74082548,UAV 1,2,1:3001:2463,ENBTR80007,1:1:222:2:13:0:0,0,false,false,false,false,0
ENMORT002,none,,2026-08-09T09:07:16.000Z,21.37453609,-157.73721308,UAV 1,2,1:3001:2469,ENMORT002,1:1:71:10:1:0:1,0,false,false,false,false,0
ENGAZ004,move to,LOC_적북측접근로,2026-08-09T09:07:16.000Z,21.37150650,-157.74095742,UAV 1,2,1:3001:2473,ENGAZ004,1:1:222:7:8:0:0,0,false,false,false,false,0
ENBTR80005,move to,LOC_중앙계곡,2026-08-09T09:07:16.000Z,21.37701520,-157.74082851,UAV 1,2,1:3001:2481,ENBTR80005,1:1:222:2:13:0:0,0,false,false,false,false,0
ENMORT003,none,,2026-08-09T09:07:16.000Z,21.37463664,-157.73725624,UAV 1,2,1:3001:2500,ENMORT003,1:1:71:10:1:0:1,0,false,false,false,false,0
ENM35004,move to,LOC_적북측접근로,2026-08-09T09:07:16.000Z,21.37146372,-157.74119882,UAV 1,2,1:3001:2285,ENM35004,1:1:225:7:1:6:0,0,false,false,false,false,0
ENBTR80002,move to,LOC_중앙계곡,2026-08-09T09:07:16.000Z,21.37710406,-157.74084617,UAV 1,2,1:3001:2519,ENBTR80002,1:1:222:2:13:0:0,0,false,false,false,false,0
ENBTR80001,move to,LOC_중앙계곡,2026-08-09T09:07:16.000Z,21.37704571,-157.74085880,UAV 1,2,1:3001:2332,ENBTR80001,1:1:222:2:13:0:0,0,false,false,false,false,0
ENGAZ003,move to,LOC_적북측접근로,2026-08-09T09:07:16.000Z,21.37152239,-157.74084474,UAV 1,2,1:3001:2384,ENGAZ003,1:1:222:7:8:0:0,0,false,false,false,false,0
ENCAESAR002,move to,LOC_북측예비방어선,2026-08-09T09:07:17.000Z,21.37277228,-157.74158015,UAV 1,2,1:3001:2229,ENCAESAR002,1:1:71:4:0:0:0,0,false,false,false,false,0
ENMORT005,none,,2026-08-09T09:07:17.000Z,21.37457651,-157.73710572,UAV 1,2,1:3001:2242,ENMORT005,1:1:71:10:1:0:1,0,false,false,false,false,0
ENMORT004,none,,2026-08-09T09:07:17.000Z,21.37447596,-157.73706256,UAV 1,2,1:3001:2265,ENMORT004,1:1:71:10:1:0:1,0,false,false,false,false,0
ENCAESAR004,move to,LOC_북측예비방어선,2026-08-09T09:07:17.000Z,21.37323204,-157.74273945,UAV 1,2,1:3001:2333,ENCAESAR004,1:1:71:4:0:0:0,0,false,false,false,false,0
ENGAZ002,move to,LOC_적북측접근로,2026-08-09T09:07:17.000Z,21.37145704,-157.74117712,UAV 1,2,1:3001:2356,ENGAZ002,1:1:222:7:8:0:0,0,false,false,false,false,0
ENBTR80006,move to,LOC_중앙계곡,2026-08-09T09:07:17.000Z,21.37725208,-157.74083090,UAV 1,2,1:3001:2363,ENBTR80006,1:1:222:2:13:0:0,0,false,false,false,false,0
ENBTR80003,move to,LOC_중앙계곡,2026-08-09T09:07:17.000Z,21.37733950,-157.74084783,UAV 1,2,1:3001:2388,ENBTR80003,1:1:222:2:13:0:0,0,false,false,false,false,0
ENCAESAR003,move to,LOC_적북측접근로,2026-08-09T09:07:17.000Z,21.37130289,-157.74160386,UAV 1,2,1:3001:2417,ENCAESAR003,1:1:71:4:0:0:0,0,false,false,false,false,0
ENMORT001,none,,2026-08-09T09:07:17.000Z,21.37443553,-157.73716992,UAV 1,2,1:3001:2424,ENMORT001,1:1:71:10:1:0:1,0,false,false,false,false,0
ENBTR60007,move to,LOC_중앙계곡,2026-08-09T09:07:17.000Z,21.37689654,-157.74087643,UAV 1,2,1:3001:2450,ENBTR60007,1:1:222:2:8:1:0,0,false,false,false,false,0
ENBTR60008,move to,LOC_중앙계곡,2026-08-09T09:07:17.000Z,21.37696140,-157.74086383,UAV 1,2,1:3001:2461,ENBTR60008,1:1:222:2:8:1:0,0,false,false,false,false,0
ENBTR80007,move to,LOC_중앙계곡,2026-08-09T09:07:17.000Z,21.37708013,-157.74083851,UAV 1,2,1:3001:2463,ENBTR80007,1:1:222:2:13:0:0,0,false,false,false,false,0
ENMORT002,none,,2026-08-09T09:07:17.000Z,21.37453609,-157.73721308,UAV 1,2,1:3001:2469,ENMORT002,1:1:71:10:1:0:1,0,false,false,false,false,0
ENBTR80005,move to,LOC_중앙계곡,2026-08-09T09:07:17.000Z,21.37719743,-157.74084199,UAV 1,2,1:3001:2481,ENBTR80005,1:1:222:2:13:0:0,0,false,false,false,false,0
ENMORT003,none,,2026-08-09T09:07:17.000Z,21.37463664,-157.73725624,UAV 1,2,1:3001:2500,ENMORT003,1:1:71:10:1:0:1,0,false,false,false,false,0
ENM35004,move to,LOC_적북측접근로,2026-08-09T09:07:17.000Z,21.37141850,-157.74138243,UAV 1,2,1:3001:2285,ENM35004,1:1:225:7:1:6:0,0,false,false,false,false,0
ENBTR80002,move to,LOC_중앙계곡,2026-08-09T09:07:17.000Z,21.37728611,-157.74085866,UAV 1,2,1:3001:2519,ENBTR80002,1:1:222:2:13:0:0,0,false,false,false,false,0
ENBTR80001,move to,LOC_중앙계곡,2026-08-09T09:07:17.000Z,21.37722792,-157.74086987,UAV 1,2,1:3001:2332,ENBTR80001,1:1:222:2:13:0:0,0,false,false,false,false,0
ENGAZ003,move to,LOC_적북측접근로,2026-08-09T09:07:17.000Z,21.37148518,-157.74101830,UAV 1,2,1:3001:2384,ENGAZ003,1:1:222:7:8:0:0,0,false,false,false,false,0
ENCAESAR002,move to,LOC_북측예비방어선,2026-08-09T09:07:19.000Z,21.37285469,-157.74178780,UAV 1,2,1:3001:2229,ENCAESAR002,1:1:71:4:0:0:0,0,false,false,false,false,0
ENMORT005,none,,2026-08-09T09:07:19.000Z,21.37457651,-157.73710572,UAV 1,2,1:3001:2242,ENMORT005,1:1:71:10:1:0:1,0,false,false,false,false,0
ENMORT004,none,,2026-08-09T09:07:19.000Z,21.37447596,-157.73706256,UAV 1,2,1:3001:2265,ENMORT004,1:1:71:10:1:0:1,0,false,false,false,false,0
ENCAESAR004,move to,LOC_북측예비방어선,2026-08-09T09:07:19.000Z,21.37330692,-157.74292781,UAV 1,2,1:3001:2333,ENCAESAR004,1:1:71:4:0:0:0,0,false,false,false,false,0
ENGAZ002,move to,LOC_적북측접근로,2026-08-09T09:07:19.000Z,21.37143038,-157.74129565,UAV 1,2,1:3001:2356,ENGAZ002,1:1:222:7:8:0:0,0,false,false,false,false,0
ENBTR80006,move to,LOC_중앙계곡,2026-08-09T09:07:19.000Z,21.37745150,-157.74084721,UAV 1,2,1:3001:2363,ENBTR80006,1:1:222:2:13:0:0,0,false,false,false,false,0
ENBTR80003,move to,LOC_중앙계곡,2026-08-09T09:07:19.000Z,21.37753931,-157.74086311,UAV 1,2,1:3001:2388,ENBTR80003,1:1:222:2:13:0:0,0,false,false,false,false,0
ENCAESAR003,move to,LOC_적북측접근로,2026-08-09T09:07:19.000Z,21.37131256,-157.74165205,UAV 1,2,1:3001:2417,ENCAESAR003,1:1:71:4:0:0:0,0,false,false,false,false,0
ENMORT001,none,,2026-08-09T09:07:19.000Z,21.37443553,-157.73716992,UAV 1,2,1:3001:2424,ENMORT001,1:1:71:10:1:0:1,0,false,false,false,false,0
ENBTR60007,move to,LOC_중앙계곡,2026-08-09T09:07:19.000Z,21.37709657,-157.74088613,UAV 1,2,1:3001:2450,ENBTR60007,1:1:222:2:8:1:0,0,false,false,false,false,0
ENBTR60008,move to,LOC_중앙계곡,2026-08-09T09:07:19.000Z,21.37716150,-157.74087507,UAV 1,2,1:3001:2461,ENBTR60008,1:1:222:2:8:1:0,0,false,false,false,false,0
ENBTR80007,move to,LOC_중앙계곡,2026-08-09T09:07:19.000Z,21.37727988,-157.74085278,UAV 1,2,1:3001:2463,ENBTR80007,1:1:222:2:13:0:0,0,false,false,false,false,0
ENMORT002,none,,2026-08-09T09:07:19.000Z,21.37453609,-157.73721308,UAV 1,2,1:3001:2469,ENMORT002,1:1:71:10:1:0:1,0,false,false,false,false,0
ENBTR80005,move to,LOC_중앙계곡,2026-08-09T09:07:19.000Z,21.37739704,-157.74085675,UAV 1,2,1:3001:2481,ENBTR80005,1:1:222:2:13:0:0,0,false,false,false,false,0
ENMORT003,none,,2026-08-09T09:07:19.000Z,21.37463664,-157.73725624,UAV 1,2,1:3001:2500,ENMORT003,1:1:71:10:1:0:1,0,false,false,false,false,0
ENBTR80002,move to,LOC_중앙계곡,2026-08-09T09:07:19.000Z,21.37748585,-157.74087235,UAV 1,2,1:3001:2519,ENBTR80002,1:1:222:2:13:0:0,0,false,false,false,false,0
ENBTR80001,move to,LOC_중앙계곡,2026-08-09T09:07:19.000Z,21.37742763,-157.74088200,UAV 1,2,1:3001:2332,ENBTR80001,1:1:222:2:13:0:0,0,false,false,false,false,0
ENGAZ003,move to,LOC_적북측접근로,2026-08-09T09:07:19.000Z,21.37145875,-157.74114158,UAV 1,2,1:3001:2384,ENGAZ003,1:1:222:7:8:0:0,0,false,false,false,false,0
ENCAESAR002,move to,LOC_북측예비방어선,2026-08-09T09:07:20.000Z,21.37285469,-157.74178780,UAV 1,2,1:3001:2229,ENCAESAR002,1:1:71:4:0:0:0,0,false,false,false,false,0
ENMORT005,none,,2026-08-09T09:07:20.000Z,21.37457651,-157.73710572,UAV 1,2,1:3001:2242,ENMORT005,1:1:71:10:1:0:1,0,false,false,false,false,0
ENMORT004,none,,2026-08-09T09:07:20.000Z,21.37447596,-157.73706256,UAV 1,2,1:3001:2265,ENMORT004,1:1:71:10:1:0:1,0,false,false,false,false,0
ENCAESAR004,move to,LOC_북측예비방어선,2026-08-09T09:07:20.000Z,21.37330692,-157.74292781,UAV 1,2,1:3001:2333,ENCAESAR004,1:1:71:4:0:0:0,0,false,false,false,false,0
ENGAZ002,move to,LOC_적북측접근로,2026-08-09T09:07:20.000Z,21.37143038,-157.74129565,UAV 1,2,1:3001:2356,ENGAZ002,1:1:222:7:8:0:0,0,false,false,false,false,0
ENBTR80006,move to,LOC_중앙계곡,2026-08-09T09:07:20.000Z,21.37745150,-157.74084721,UAV 1,2,1:3001:2363,ENBTR80006,1:1:222:2:13:0:0,0,false,false,false,false,0
ENBTR80003,move to,LOC_중앙계곡,2026-08-09T09:07:20.000Z,21.37753931,-157.74086311,UAV 1,2,1:3001:2388,ENBTR80003,1:1:222:2:13:0:0,0,false,false,false,false,0
ENCAESAR003,move to,LOC_적북측접근로,2026-08-09T09:07:20.000Z,21.37131256,-157.74165205,UAV 1,2,1:3001:2417,ENCAESAR003,1:1:71:4:0:0:0,0,false,false,false,false,0
ENMORT001,none,,2026-08-09T09:07:20.000Z,21.37443553,-157.73716992,UAV 1,2,1:3001:2424,ENMORT001,1:1:71:10:1:0:1,0,false,false,false,false,0
ENBTR60007,move to,LOC_중앙계곡,2026-08-09T09:07:20.000Z,21.37709657,-157.74088613,UAV 1,2,1:3001:2450,ENBTR60007,1:1:222:2:8:1:0,0,false,false,false,false,0
ENBTR60008,move to,LOC_중앙계곡,2026-08-09T09:07:20.000Z,21.37716150,-157.74087507,UAV 1,2,1:3001:2461,ENBTR60008,1:1:222:2:8:1:0,0,false,false,false,false,0
ENBTR80007,move to,LOC_중앙계곡,2026-08-09T09:07:20.000Z,21.37727988,-157.74085278,UAV 1,2,1:3001:2463,ENBTR80007,1:1:222:2:13:0:0,0,false,false,false,false,0
ENMORT002,none,,2026-08-09T09:07:20.000Z,21.37453609,-157.73721308,UAV 1,2,1:3001:2469,ENMORT002,1:1:71:10:1:0:1,0,false,false,false,false,0
ENBTR80005,move to,LOC_중앙계곡,2026-08-09T09:07:20.000Z,21.37739704,-157.74085675,UAV 1,2,1:3001:2481,ENBTR80005,1:1:222:2:13:0:0,0,false,false,false,false,0
ENMORT003,none,,2026-08-09T09:07:20.000Z,21.37463664,-157.73725624,UAV 1,2,1:3001:2500,ENMORT003,1:1:71:10:1:0:1,0,false,false,false,false,0
ENBTR80002,move to,LOC_중앙계곡,2026-08-09T09:07:20.000Z,21.37748585,-157.74087235,UAV 1,2,1:3001:2519,ENBTR80002,1:1:222:2:13:0:0,0,false,false,false,false,0
ENBTR80001,move to,LOC_중앙계곡,2026-08-09T09:07:20.000Z,21.37742763,-157.74088200,UAV 1,2,1:3001:2332,ENBTR80001,1:1:222:2:13:0:0,0,false,false,false,false,0
ENGAZ003,move to,LOC_적북측접근로,2026-08-09T09:07:20.000Z,21.37145875,-157.74114158,UAV 1,2,1:3001:2384,ENGAZ003,1:1:222:7:8:0:0,0,false,false,false,false,0
ENCAESAR002,move to,LOC_북측예비방어선,2026-08-09T09:07:21.000Z,21.37292446,-157.74196360,UAV 1,2,1:3001:2229,ENCAESAR002,1:1:71:4:0:0:0,0,false,false,false,false,0
ENMORT005,none,,2026-08-09T09:07:21.000Z,21.37457651,-157.73710572,UAV 1,2,1:3001:2242,ENMORT005,1:1:71:10:1:0:1,0,false,false,false,false,0
ENMORT004,none,,2026-08-09T09:07:21.000Z,21.37447596,-157.73706256,UAV 1,2,1:3001:2265,ENMORT004,1:1:71:10:1:0:1,0,false,false,false,false,0
ENCAESAR004,move to,LOC_북측예비방어선,2026-08-09T09:07:21.000Z,21.37331568,-157.74294989,UAV 1,2,1:3001:2333,ENCAESAR004,1:1:71:4:0:0:0,0,false,false,false,false,0
ENGAZ002,move to,LOC_적북측접근로,2026-08-09T09:07:21.000Z,21.37140473,-157.74140967,UAV 1,2,1:3001:2356,ENGAZ002,1:1:222:7:8:0:0,0,false,false,false,false,0
ENBTR80006,move to,LOC_중앙계곡,2026-08-09T09:07:21.000Z,21.37764106,-157.74086272,UAV 1,2,1:3001:2363,ENBTR80006,1:1:222:2:13:0:0,0,false,false,false,false,0
ENBTR80003,move to,LOC_중앙계곡,2026-08-09T09:07:21.000Z,21.37772818,-157.74087755,UAV 1,2,1:3001:2388,ENBTR80003,1:1:222:2:13:0:0,0,false,false,false,false,0
ENCAESAR003,move to,LOC_적북측접근로,2026-08-09T09:07:21.000Z,21.37131898,-157.74168406,UAV 1,2,1:3001:2417,ENCAESAR003,1:1:71:4:0:0:0,0,false,false,false,false,0
ENMORT001,none,,2026-08-09T09:07:21.000Z,21.37443553,-157.73716992,UAV 1,2,1:3001:2424,ENMORT001,1:1:71:10:1:0:1,0,false,false,false,false,0
ENBTR60007,move to,LOC_중앙계곡,2026-08-09T09:07:21.000Z,21.37728654,-157.74089535,UAV 1,2,1:3001:2450,ENBTR60007,1:1:222:2:8:1:0,0,false,false,false,false,0
ENBTR60008,move to,LOC_중앙계곡,2026-08-09T09:07:21.000Z,21.37735128,-157.74088572,UAV 1,2,1:3001:2461,ENBTR60008,1:1:222:2:8:1:0,0,false,false,false,false,0
ENBTR80007,move to,LOC_중앙계곡,2026-08-09T09:07:21.000Z,21.37746952,-157.74086633,UAV 1,2,1:3001:2463,ENBTR80007,1:1:222:2:13:0:0,0,false,false,false,false,0
ENMORT002,none,,2026-08-09T09:07:21.000Z,21.37453609,-157.73721308,UAV 1,2,1:3001:2469,ENMORT002,1:1:71:10:1:0:1,0,false,false,false,false,0
ENBTR80005,move to,LOC_중앙계곡,2026-08-09T09:07:21.000Z,21.37758682,-157.74087078,UAV 1,2,1:3001:2481,ENBTR80005,1:1:222:2:13:0:0,0,false,false,false,false,0
ENMORT003,none,,2026-08-09T09:07:21.000Z,21.37463664,-157.73725624,UAV 1,2,1:3001:2500,ENMORT003,1:1:71:10:1:0:1,0,false,false,false,false,0
ENBTR80002,move to,LOC_중앙계곡,2026-08-09T09:07:21.000Z,21.37767538,-157.74088535,UAV 1,2,1:3001:2519,ENBTR80002,1:1:222:2:13:0:0,0,false,false,false,false,0
ENBTR80001,move to,LOC_중앙계곡,2026-08-09T09:07:21.000Z,21.37761771,-157.74089355,UAV 1,2,1:3001:2332,ENBTR80001,1:1:222:2:13:0:0,0,false,false,false,false,0
ENCAESAR002,move to,LOC_북측예비방어선,2026-08-09T09:07:23.000Z,21.37299573,-157.74214319,UAV 1,2,1:3001:2229,ENCAESAR002,1:1:71:4:0:0:0,0,false,false,false,false,0
ENMORT005,none,,2026-08-09T09:07:23.000Z,21.37457651,-157.73710572,UAV 1,2,1:3001:2242,ENMORT005,1:1:71:10:1:0:1,0,false,false,false,false,0
ENMORT004,none,,2026-08-09T09:07:23.000Z,21.37447596,-157.73706256,UAV 1,2,1:3001:2265,ENMORT004,1:1:71:10:1:0:1,0,false,false,false,false,0
ENCAESAR004,move to,LOC_북측예비방어선,2026-08-09T09:07:23.000Z,21.37332072,-157.74296259,UAV 1,2,1:3001:2333,ENCAESAR004,1:1:71:4:0:0:0,0,false,false,false,false,0
ENGAZ002,move to,LOC_적북측접근로,2026-08-09T09:07:23.000Z,21.37138241,-157.74150894,UAV 1,2,1:3001:2356,ENGAZ002,1:1:222:7:8:0:0,0,false,false,false,false,0
ENBTR80006,move to,LOC_중앙계곡,2026-08-09T09:07:23.000Z,21.37781911,-157.74087729,UAV 1,2,1:3001:2363,ENBTR80006,1:1:222:2:13:0:0,0,false,false,false,false,0
ENBTR80003,move to,LOC_중앙계곡,2026-08-09T09:07:23.000Z,21.37790647,-157.74089119,UAV 1,2,1:3001:2388,ENBTR80003,1:1:222:2:13:0:0,0,false,false,false,false,0
ENMORT001,none,,2026-08-09T09:07:23.000Z,21.37443553,-157.73716992,UAV 1,2,1:3001:2424,ENMORT001,1:1:71:10:1:0:1,0,false,false,false,false,0
ENBTR60007,move to,LOC_중앙계곡,2026-08-09T09:07:23.000Z,21.37746549,-157.74090403,UAV 1,2,1:3001:2450,ENBTR60007,1:1:222:2:8:1:0,0,false,false,false,false,0
ENBTR60008,move to,LOC_중앙계곡,2026-08-09T09:07:23.000Z,21.37753044,-157.74089578,UAV 1,2,1:3001:2461,ENBTR60008,1:1:222:2:8:1:0,0,false,false,false,false,0
ENBTR80007,move to,LOC_중앙계곡,2026-08-09T09:07:23.000Z,21.37764815,-157.74087909,UAV 1,2,1:3001:2463,ENBTR80007,1:1:222:2:13:0:0,0,false,false,false,false,0
ENMORT002,none,,2026-08-09T09:07:23.000Z,21.37453609,-157.73721308,UAV 1,2,1:3001:2469,ENMORT002,1:1:71:10:1:0:1,0,false,false,false,false,0
ENBTR80005,move to,LOC_중앙계곡,2026-08-09T09:07:23.000Z,21.37776487,-157.74088394,UAV 1,2,1:3001:2481,ENBTR80005,1:1:222:2:13:0:0,0,false,false,false,false,0
ENMORT003,none,,2026-08-09T09:07:23.000Z,21.37463664,-157.73725624,UAV 1,2,1:3001:2500,ENMORT003,1:1:71:10:1:0:1,0,false,false,false,false,0
ENBTR80002,move to,LOC_중앙계곡,2026-08-09T09:07:23.000Z,21.37785358,-157.74089757,UAV 1,2,1:3001:2519,ENBTR80002,1:1:222:2:13:0:0,0,false,false,false,false,0
ENGAZ004,move to,LOC_적북측접근로,2026-08-09T09:07:23.000Z,21.37139789,-157.74144018,UAV 1,2,1:3001:2473,ENGAZ004,1:1:222:7:8:0:0,0,false,false,false,false,0
ENCAESAR002,move to,LOC_북측예비방어선,2026-08-09T09:07:24.000Z,21.37306639,-157.74232122,UAV 1,2,1:3001:2229,ENCAESAR002,1:1:71:4:0:0:0,0,false,false,false,false,0
ENMORT005,none,,2026-08-09T09:07:24.000Z,21.37457651,-157.73710572,UAV 1,2,1:3001:2242,ENMORT005,1:1:71:10:1:0:1,0,false,false,false,false,0
ENMORT004,none,,2026-08-09T09:07:24.000Z,21.37447596,-157.73706256,UAV 1,2,1:3001:2265,ENMORT004,1:1:71:10:1:0:1,0,false,false,false,false,0
ENCAESAR004,move to,LOC_북측예비방어선,2026-08-09T09:07:24.000Z,21.37334130,-157.74301448,UAV 1,2,1:3001:2333,ENCAESAR004,1:1:71:4:0:0:0,0,false,false,false,false,0
ENBTR80006,move to,LOC_중앙계곡,2026-08-09T09:07:24.000Z,21.37800483,-157.74089249,UAV 1,2,1:3001:2363,ENBTR80006,1:1:222:2:13:0:0,0,false,false,false,false,0
ENMORT001,none,,2026-08-09T09:07:24.000Z,21.37443553,-157.73716992,UAV 1,2,1:3001:2424,ENMORT001,1:1:71:10:1:0:1,0,false,false,false,false,0
ENBTR60007,move to,LOC_중앙계곡,2026-08-09T09:07:24.000Z,21.37765232,-157.74091310,UAV 1,2,1:3001:2450,ENBTR60007,1:1:222:2:8:1:0,0,false,false,false,false,0
ENBTR60008,move to,LOC_중앙계곡,2026-08-09T09:07:24.000Z,21.37771648,-157.74090623,UAV 1,2,1:3001:2461,ENBTR60008,1:1:222:2:8:1:0,0,false,false,false,false,0
ENBTR80007,move to,LOC_중앙계곡,2026-08-09T09:07:24.000Z,21.37783377,-157.74089236,UAV 1,2,1:3001:2463,ENBTR80007,1:1:222:2:13:0:0,0,false,false,false,false,0
ENMORT002,none,,2026-08-09T09:07:24.000Z,21.37453609,-157.73721308,UAV 1,2,1:3001:2469,ENMORT002,1:1:71:10:1:0:1,0,false,false,false,false,0
ENBTR80005,move to,LOC_중앙계곡,2026-08-09T09:07:24.000Z,21.37795056,-157.74089767,UAV 1,2,1:3001:2481,ENBTR80005,1:1:222:2:13:0:0,0,false,false,false,false,0
ENMORT003,none,,2026-08-09T09:07:24.000Z,21.37463664,-157.73725624,UAV 1,2,1:3001:2500,ENMORT003,1:1:71:10:1:0:1,0,false,false,false,false,0
ENBTR80002,move to,LOC_중앙계곡,2026-08-09T09:07:24.000Z,21.37803964,-157.74091033,UAV 1,2,1:3001:2519,ENBTR80002,1:1:222:2:13:0:0,0,false,false,false,false,0
ENCAESAR002,move to,LOC_북측예비방어선,2026-08-09T09:07:26.000Z,21.37306639,-157.74232122,UAV 1,2,1:3001:2229,ENCAESAR002,1:1:71:4:0:0:0,0,false,false,false,false,0
ENMORT005,none,,2026-08-09T09:07:26.000Z,21.37457651,-157.73710572,UAV 1,2,1:3001:2242,ENMORT005,1:1:71:10:1:0:1,0,false,false,false,false,0
ENMORT004,none,,2026-08-09T09:07:26.000Z,21.37447596,-157.73706256,UAV 1,2,1:3001:2265,ENMORT004,1:1:71:10:1:0:1,0,false,false,false,false,0
ENCAESAR004,move to,LOC_북측예비방어선,2026-08-09T09:07:26.000Z,21.37334130,-157.74301448,UAV 1,2,1:3001:2333,ENCAESAR004,1:1:71:4:0:0:0,0,false,false,false,false,0
ENBTR80006,move to,LOC_중앙계곡,2026-08-09T09:07:26.000Z,21.37800483,-157.74089249,UAV 1,2,1:3001:2363,ENBTR80006,1:1:222:2:13:0:0,0,false,false,false,false,0
ENMORT001,none,,2026-08-09T09:07:26.000Z,21.37443553,-157.73716992,UAV 1,2,1:3001:2424,ENMORT001,1:1:71:10:1:0:1,0,false,false,false,false,0
ENBTR60007,move to,LOC_중앙계곡,2026-08-09T09:07:26.000Z,21.37765232,-157.74091310,UAV 1,2,1:3001:2450,ENBTR60007,1:1:222:2:8:1:0,0,false,false,false,false,0
ENBTR60008,move to,LOC_중앙계곡,2026-08-09T09:07:26.000Z,21.37771648,-157.74090623,UAV 1,2,1:3001:2461,ENBTR60008,1:1:222:2:8:1:0,0,false,false,false,false,0
ENBTR80007,move to,LOC_중앙계곡,2026-08-09T09:07:26.000Z,21.37783377,-157.74089236,UAV 1,2,1:3001:2463,ENBTR80007,1:1:222:2:13:0:0,0,false,false,false,false,0
ENMORT002,none,,2026-08-09T09:07:26.000Z,21.37453609,-157.73721308,UAV 1,2,1:3001:2469,ENMORT002,1:1:71:10:1:0:1,0,false,false,false,false,0
ENBTR80005,move to,LOC_중앙계곡,2026-08-09T09:07:26.000Z,21.37795056,-157.74089767,UAV 1,2,1:3001:2481,ENBTR80005,1:1:222:2:13:0:0,0,false,false,false,false,0
ENMORT003,none,,2026-08-09T09:07:26.000Z,21.37463664,-157.73725624,UAV 1,2,1:3001:2500,ENMORT003,1:1:71:10:1:0:1,0,false,false,false,false,0
ENBTR80002,move to,LOC_중앙계곡,2026-08-09T09:07:26.000Z,21.37803964,-157.74091033,UAV 1,2,1:3001:2519,ENBTR80002,1:1:222:2:13:0:0,0,false,false,false,false,0
ENCAESAR002,move to,LOC_북측예비방어선,2026-08-09T09:07:27.000Z,21.37314145,-157.74251036,UAV 1,2,1:3001:2229,ENCAESAR002,1:1:71:4:0:0:0,0,false,false,false,false,0
ENMORT005,none,,2026-08-09T09:07:27.000Z,21.37457651,-157.73710572,UAV 1,2,1:3001:2242,ENMORT005,1:1:71:10:1:0:1,0,false,false,false,false,0
ENMORT004,none,,2026-08-09T09:07:27.000Z,21.37447596,-157.73706256,UAV 1,2,1:3001:2265,ENMORT004,1:1:71:10:1:0:1,0,false,false,false,false,0
ENCAESAR004,move to,LOC_북측예비방어선,2026-08-09T09:07:27.000Z,21.37335398,-157.74304644,UAV 1,2,1:3001:2333,ENCAESAR004,1:1:71:4:0:0:0,0,false,false,false,false,0
ENMORT001,none,,2026-08-09T09:07:27.000Z,21.37443553,-157.73716992,UAV 1,2,1:3001:2424,ENMORT001,1:1:71:10:1:0:1,0,false,false,false,false,0
ENBTR60007,move to,LOC_중앙계곡,2026-08-09T09:07:27.000Z,21.37784344,-157.74092237,UAV 1,2,1:3001:2450,ENBTR60007,1:1:222:2:8:1:0,0,false,false,false,false,0
ENMORT002,none,,2026-08-09T09:07:27.000Z,21.37453609,-157.73721308,UAV 1,2,1:3001:2469,ENMORT002,1:1:71:10:1:0:1,0,false,false,false,false,0
ENMORT003,none,,2026-08-09T09:07:27.000Z,21.37463664,-157.73725624,UAV 1,2,1:3001:2500,ENMORT003,1:1:71:10:1:0:1,0,false,false,false,false,0
ENCAESAR002,move to,LOC_북측예비방어선,2026-08-09T09:07:28.000Z,21.37314145,-157.74251036,UAV 1,2,1:3001:2229,ENCAESAR002,1:1:71:4:0:0:0,0,false,false,false,false,0
ENMORT005,none,,2026-08-09T09:07:28.000Z,21.37457651,-157.73710572,UAV 1,2,1:3001:2242,ENMORT005,1:1:71:10:1:0:1,0,false,false,false,false,0
ENMORT004,none,,2026-08-09T09:07:28.000Z,21.37447596,-157.73706256,UAV 1,2,1:3001:2265,ENMORT004,1:1:71:10:1:0:1,0,false,false,false,false,0
ENCAESAR004,move to,LOC_북측예비방어선,2026-08-09T09:07:28.000Z,21.37335398,-157.74304644,UAV 1,2,1:3001:2333,ENCAESAR004,1:1:71:4:0:0:0,0,false,false,false,false,0
ENMORT001,none,,2026-08-09T09:07:28.000Z,21.37443553,-157.73716992,UAV 1,2,1:3001:2424,ENMORT001,1:1:71:10:1:0:1,0,false,false,false,false,0
ENBTR60007,move to,LOC_중앙계곡,2026-08-09T09:07:28.000Z,21.37784344,-157.74092237,UAV 1,2,1:3001:2450,ENBTR60007,1:1:222:2:8:1:0,0,false,false,false,false,0
ENMORT002,none,,2026-08-09T09:07:28.000Z,21.37453609,-157.73721308,UAV 1,2,1:3001:2469,ENMORT002,1:1:71:10:1:0:1,0,false,false,false,false,0
ENMORT003,none,,2026-08-09T09:07:28.000Z,21.37463664,-157.73725624,UAV 1,2,1:3001:2500,ENMORT003,1:1:71:10:1:0:1,0,false,false,false,false,0
ENCAESAR002,move to,LOC_북측예비방어선,2026-08-09T09:07:29.000Z,21.37321403,-157.74269325,UAV 1,2,1:3001:2229,ENCAESAR002,1:1:71:4:0:0:0,0,false,false,false,false,0
ENMORT005,none,,2026-08-09T09:07:29.000Z,21.37457651,-157.73710572,UAV 1,2,1:3001:2242,ENMORT005,1:1:71:10:1:0:1,0,false,false,false,false,0
ENMORT004,none,,2026-08-09T09:07:29.000Z,21.37447596,-157.73706256,UAV 1,2,1:3001:2265,ENMORT004,1:1:71:10:1:0:1,0,false,false,false,false,0
ENCAESAR004,move to,LOC_북측예비방어선,2026-08-09T09:07:29.000Z,21.37336994,-157.74308668,UAV 1,2,1:3001:2333,ENCAESAR004,1:1:71:4:0:0:0,0,false,false,false,false,0
ENMORT001,none,,2026-08-09T09:07:29.000Z,21.37443553,-157.73716992,UAV 1,2,1:3001:2424,ENMORT001,1:1:71:10:1:0:1,0,false,false,false,false,0
ENMORT002,none,,2026-08-09T09:07:29.000Z,21.37453609,-157.73721308,UAV 1,2,1:3001:2469,ENMORT002,1:1:71:10:1:0:1,0,false,false,false,false,0
ENMORT003,none,,2026-08-09T09:07:29.000Z,21.37463664,-157.73725624,UAV 1,2,1:3001:2500,ENMORT003,1:1:71:10:1:0:1,0,false,false,false,false,0
ENCAESAR002,move to,LOC_북측예비방어선,2026-08-09T09:07:30.000Z,21.37321403,-157.74269325,UAV 1,2,1:3001:2229,ENCAESAR002,1:1:71:4:0:0:0,0,false,false,false,false,0
ENMORT005,none,,2026-08-09T09:07:30.000Z,21.37457651,-157.73710572,UAV 1,2,1:3001:2242,ENMORT005,1:1:71:10:1:0:1,0,false,false,false,false,0
ENMORT004,none,,2026-08-09T09:07:30.000Z,21.37447596,-157.73706256,UAV 1,2,1:3001:2265,ENMORT004,1:1:71:10:1:0:1,0,false,false,false,false,0
ENCAESAR004,none,,2026-08-09T09:07:30.000Z,21.37336994,-157.74308668,UAV 1,2,1:3001:2333,ENCAESAR004,1:1:71:4:0:0:0,0,false,false,false,false,0
ENMORT001,none,,2026-08-09T09:07:30.000Z,21.37443553,-157.73716992,UAV 1,2,1:3001:2424,ENMORT001,1:1:71:10:1:0:1,0,false,false,false,false,0
ENMORT002,none,,2026-08-09T09:07:30.000Z,21.37453609,-157.73721308,UAV 1,2,1:3001:2469,ENMORT002,1:1:71:10:1:0:1,0,false,false,false,false,0
ENMORT003,none,,2026-08-09T09:07:30.000Z,21.37463664,-157.73725624,UAV 1,2,1:3001:2500,ENMORT003,1:1:71:10:1:0:1,0,false,false,false,false,0
ENCAESAR002,move to,LOC_북측예비방어선,2026-08-09T09:07:31.000Z,21.37328456,-157.74287095,UAV 1,2,1:3001:2229,ENCAESAR002,1:1:71:4:0:0:0,0,false,false,false,false,0
ENMORT005,none,,2026-08-09T09:07:31.000Z,21.37457651,-157.73710572,UAV 1,2,1:3001:2242,ENMORT005,1:1:71:10:1:0:1,0,false,false,false,false,0
ENMORT004,none,,2026-08-09T09:07:31.000Z,21.37447596,-157.73706256,UAV 1,2,1:3001:2265,ENMORT004,1:1:71:10:1:0:1,0,false,false,false,false,0
ENCAESAR004,none,,2026-08-09T09:07:31.000Z,21.37337580,-157.74310146,UAV 1,2,1:3001:2333,ENCAESAR004,1:1:71:4:0:0:0,0,false,false,false,false,0
ENMORT001,none,,2026-08-09T09:07:31.000Z,21.37443553,-157.73716992,UAV 1,2,1:3001:2424,ENMORT001,1:1:71:10:1:0:1,0,false,false,false,false,0
ENMORT002,none,,2026-08-09T09:07:31.000Z,21.37453609,-157.73721308,UAV 1,2,1:3001:2469,ENMORT002,1:1:71:10:1:0:1,0,false,false,false,false,0
ENMORT003,none,,2026-08-09T09:07:31.000Z,21.37463664,-157.73725624,UAV 1,2,1:3001:2500,ENMORT003,1:1:71:10:1:0:1,0,false,false,false,false,0
ENCAESAR002,move to,LOC_북측예비방어선,2026-08-09T09:07:33.000Z,21.37332130,-157.74296374,UAV 1,2,1:3001:2229,ENCAESAR002,1:1:71:4:0:0:0,0,false,false,false,false,0
ENMORT005,none,,2026-08-09T09:07:33.000Z,21.37457651,-157.73710572,UAV 1,2,1:3001:2242,ENMORT005,1:1:71:10:1:0:1,0,false,false,false,false,0
ENMORT004,none,,2026-08-09T09:07:33.000Z,21.37447596,-157.73706256,UAV 1,2,1:3001:2265,ENMORT004,1:1:71:10:1:0:1,0,false,false,false,false,0
ENCAESAR004,none,,2026-08-09T09:07:33.000Z,21.37337580,-157.74310146,UAV 1,2,1:3001:2333,ENCAESAR004,1:1:71:4:0:0:0,0,false,false,false,false,0
ENMORT001,none,,2026-08-09T09:07:33.000Z,21.37443553,-157.73716992,UAV 1,2,1:3001:2424,ENMORT001,1:1:71:10:1:0:1,0,false,false,false,false,0
ENMORT002,none,,2026-08-09T09:07:33.000Z,21.37453609,-157.73721308,UAV 1,2,1:3001:2469,ENMORT002,1:1:71:10:1:0:1,0,false,false,false,false,0
ENMORT003,none,,2026-08-09T09:07:33.000Z,21.37463664,-157.73725624,UAV 1,2,1:3001:2500,ENMORT003,1:1:71:10:1:0:1,0,false,false,false,false,0
ENZPU001,none,,2026-08-09T09:07:33.000Z,21.37550111,-157.74438876,UAV 1,2,1:3001:2294,ENZPU001,1:1:222:28:13:7:3,0,false,false,false,false,0
ENCAESAR002,move to,LOC_북측예비방어선,2026-08-09T09:07:34.000Z,21.37332130,-157.74296374,UAV 1,2,1:3001:2229,ENCAESAR002,1:1:71:4:0:0:0,0,false,false,false,false,0
ENMORT005,none,,2026-08-09T09:07:34.000Z,21.37457651,-157.73710572,UAV 1,2,1:3001:2242,ENMORT005,1:1:71:10:1:0:1,0,false,false,false,false,0
ENMORT004,none,,2026-08-09T09:07:34.000Z,21.37447596,-157.73706256,UAV 1,2,1:3001:2265,ENMORT004,1:1:71:10:1:0:1,0,false,false,false,false,0
ENCAESAR004,none,,2026-08-09T09:07:34.000Z,21.37337580,-157.74310146,UAV 1,2,1:3001:2333,ENCAESAR004,1:1:71:4:0:0:0,0,false,false,false,false,0
ENMORT001,none,,2026-08-09T09:07:34.000Z,21.37443553,-157.73716992,UAV 1,2,1:3001:2424,ENMORT001,1:1:71:10:1:0:1,0,false,false,false,false,0
ENMORT002,none,,2026-08-09T09:07:34.000Z,21.37453609,-157.73721308,UAV 1,2,1:3001:2469,ENMORT002,1:1:71:10:1:0:1,0,false,false,false,false,0
ENMORT003,none,,2026-08-09T09:07:34.000Z,21.37463664,-157.73725624,UAV 1,2,1:3001:2500,ENMORT003,1:1:71:10:1:0:1,0,false,false,false,false,0
ENZPU001,none,,2026-08-09T09:07:34.000Z,21.37550111,-157.74438876,UAV 1,2,1:3001:2294,ENZPU001,1:1:222:28:13:7:3,0,false,false,false,false,0
ENCAESAR002,move to,LOC_북측예비방어선,2026-08-09T09:07:35.000Z,21.37331903,-157.74295799,UAV 1,2,1:3001:2229,ENCAESAR002,1:1:71:4:0:0:0,0,false,false,false,false,0
ENMORT005,none,,2026-08-09T09:07:35.000Z,21.37457651,-157.73710572,UAV 1,2,1:3001:2242,ENMORT005,1:1:71:10:1:0:1,0,false,false,false,false,0
ENMORT004,none,,2026-08-09T09:07:35.000Z,21.37447596,-157.73706256,UAV 1,2,1:3001:2265,ENMORT004,1:1:71:10:1:0:1,0,false,false,false,false,0
ENCAESAR004,none,,2026-08-09T09:07:35.000Z,21.37337580,-157.74310146,UAV 1,2,1:3001:2333,ENCAESAR004,1:1:71:4:0:0:0,0,false,false,false,false,0
ENMORT001,none,,2026-08-09T09:07:35.000Z,21.37443553,-157.73716992,UAV 1,2,1:3001:2424,ENMORT001,1:1:71:10:1:0:1,0,false,false,false,false,0
ENMORT002,none,,2026-08-09T09:07:35.000Z,21.37453609,-157.73721308,UAV 1,2,1:3001:2469,ENMORT002,1:1:71:10:1:0:1,0,false,false,false,false,0
ENMORT003,none,,2026-08-09T09:07:35.000Z,21.37463664,-157.73725624,UAV 1,2,1:3001:2500,ENMORT003,1:1:71:10:1:0:1,0,false,false,false,false,0
ENZPU001,none,,2026-08-09T09:07:35.000Z,21.37550111,-157.74438876,UAV 1,2,1:3001:2294,ENZPU001,1:1:222:28:13:7:3,0,false,false,false,false,0
ENZPU002,none,,2026-08-09T09:07:35.000Z,21.37545350,-157.74447070,UAV 1,2,1:3001:2442,ENZPU002,1:1:222:28:13:7:3,0,false,false,false,false,0
ENZPU003,none,,2026-08-09T09:07:35.000Z,21.37540589,-157.74455264,UAV 1,2,1:3001:2444,ENZPU003,1:1:222:28:13:7:3,0,false,false,false,false,0
ENCAESAR002,move to,LOC_북측예비방어선,2026-08-09T09:07:37.000Z,21.37333581,-157.74300039,UAV 1,2,1:3001:2229,ENCAESAR002,1:1:71:4:0:0:0,0,false,false,false,false,0
ENMORT005,none,,2026-08-09T09:07:37.000Z,21.37457651,-157.73710572,UAV 1,2,1:3001:2242,ENMORT005,1:1:71:10:1:0:1,0,false,false,false,false,0
ENMORT004,none,,2026-08-09T09:07:37.000Z,21.37447596,-157.73706256,UAV 1,2,1:3001:2265,ENMORT004,1:1:71:10:1:0:1,0,false,false,false,false,0
ENCAESAR004,none,,2026-08-09T09:07:37.000Z,21.37337580,-157.74310146,UAV 1,2,1:3001:2333,ENCAESAR004,1:1:71:4:0:0:0,0,false,false,false,false,0
ENMORT001,none,,2026-08-09T09:07:37.000Z,21.37443553,-157.73716992,UAV 1,2,1:3001:2424,ENMORT001,1:1:71:10:1:0:1,0,false,false,false,false,0
ENMORT002,none,,2026-08-09T09:07:37.000Z,21.37453609,-157.73721308,UAV 1,2,1:3001:2469,ENMORT002,1:1:71:10:1:0:1,0,false,false,false,false,0
ENMORT003,none,,2026-08-09T09:07:37.000Z,21.37463664,-157.73725624,UAV 1,2,1:3001:2500,ENMORT003,1:1:71:10:1:0:1,0,false,false,false,false,0
ENZPU001,none,,2026-08-09T09:07:37.000Z,21.37550111,-157.74438876,UAV 1,2,1:3001:2294,ENZPU001,1:1:222:28:13:7:3,0,false,false,false,false,0
ENZPU002,none,,2026-08-09T09:07:37.000Z,21.37545350,-157.74447070,UAV 1,2,1:3001:2442,ENZPU002,1:1:222:28:13:7:3,0,false,false,false,false,0
ENZPU003,none,,2026-08-09T09:07:37.000Z,21.37540589,-157.74455264,UAV 1,2,1:3001:2444,ENZPU003,1:1:222:28:13:7:3,0,false,false,false,false,0
ENM35001,move to,LOC_적북측접근로,2026-08-09T09:07:37.000Z,21.37136373,-157.74159830,UAV 1,2,1:3001:2389,ENM35001,1:1:225:7:1:6:0,0,false,false,false,false,0
ENCAESAR002,move to,LOC_북측예비방어선,2026-08-09T09:07:38.000Z,21.37333581,-157.74300039,UAV 1,2,1:3001:2229,ENCAESAR002,1:1:71:4:0:0:0,0,false,false,false,false,0
ENMORT005,none,,2026-08-09T09:07:38.000Z,21.37457651,-157.73710572,UAV 1,2,1:3001:2242,ENMORT005,1:1:71:10:1:0:1,0,false,false,false,false,0
ENMORT004,none,,2026-08-09T09:07:38.000Z,21.37447596,-157.73706256,UAV 1,2,1:3001:2265,ENMORT004,1:1:71:10:1:0:1,0,false,false,false,false,0
ENCAESAR004,none,,2026-08-09T09:07:38.000Z,21.37337580,-157.74310146,UAV 1,2,1:3001:2333,ENCAESAR004,1:1:71:4:0:0:0,0,false,false,false,false,0
ENMORT001,none,,2026-08-09T09:07:38.000Z,21.37443553,-157.73716992,UAV 1,2,1:3001:2424,ENMORT001,1:1:71:10:1:0:1,0,false,false,false,false,0
ENMORT002,none,,2026-08-09T09:07:38.000Z,21.37453609,-157.73721308,UAV 1,2,1:3001:2469,ENMORT002,1:1:71:10:1:0:1,0,false,false,false,false,0
ENMORT003,none,,2026-08-09T09:07:38.000Z,21.37463664,-157.73725624,UAV 1,2,1:3001:2500,ENMORT003,1:1:71:10:1:0:1,0,false,false,false,false,0
ENZPU001,none,,2026-08-09T09:07:38.000Z,21.37550111,-157.74438876,UAV 1,2,1:3001:2294,ENZPU001,1:1:222:28:13:7:3,0,false,false,false,false,0
ENZPU002,none,,2026-08-09T09:07:38.000Z,21.37545350,-157.74447070,UAV 1,2,1:3001:2442,ENZPU002,1:1:222:28:13:7:3,0,false,false,false,false,0
ENZPU003,none,,2026-08-09T09:07:38.000Z,21.37540589,-157.74455264,UAV 1,2,1:3001:2444,ENZPU003,1:1:222:28:13:7:3,0,false,false,false,false,0
ENM35001,move to,LOC_적북측접근로,2026-08-09T09:07:38.000Z,21.37136373,-157.74159830,UAV 1,2,1:3001:2389,ENM35001,1:1:225:7:1:6:0,0,false,false,false,false,0
ENCAESAR002,move to,LOC_북측예비방어선,2026-08-09T09:07:39.000Z,21.37334678,-157.74302811,UAV 1,2,1:3001:2229,ENCAESAR002,1:1:71:4:0:0:0,0,false,false,false,false,0
ENMORT005,none,,2026-08-09T09:07:39.000Z,21.37457651,-157.73710572,UAV 1,2,1:3001:2242,ENMORT005,1:1:71:10:1:0:1,0,false,false,false,false,0
ENMORT004,none,,2026-08-09T09:07:39.000Z,21.37447596,-157.73706256,UAV 1,2,1:3001:2265,ENMORT004,1:1:71:10:1:0:1,0,false,false,false,false,0
ENCAESAR004,none,,2026-08-09T09:07:39.000Z,21.37337580,-157.74310146,UAV 1,2,1:3001:2333,ENCAESAR004,1:1:71:4:0:0:0,0,false,false,false,false,0
ENMORT001,none,,2026-08-09T09:07:39.000Z,21.37443553,-157.73716992,UAV 1,2,1:3001:2424,ENMORT001,1:1:71:10:1:0:1,0,false,false,false,false,0
ENMORT002,none,,2026-08-09T09:07:39.000Z,21.37453609,-157.73721308,UAV 1,2,1:3001:2469,ENMORT002,1:1:71:10:1:0:1,0,false,false,false,false,0
ENMORT003,none,,2026-08-09T09:07:39.000Z,21.37463664,-157.73725624,UAV 1,2,1:3001:2500,ENMORT003,1:1:71:10:1:0:1,0,false,false,false,false,0
ENZPU001,none,,2026-08-09T09:07:39.000Z,21.37550111,-157.74438876,UAV 1,2,1:3001:2294,ENZPU001,1:1:222:28:13:7:3,0,false,false,false,false,0
ENZPU002,none,,2026-08-09T09:07:39.000Z,21.37545350,-157.74447070,UAV 1,2,1:3001:2442,ENZPU002,1:1:222:28:13:7:3,0,false,false,false,false,0
ENZPU003,none,,2026-08-09T09:07:39.000Z,21.37540589,-157.74455264,UAV 1,2,1:3001:2444,ENZPU003,1:1:222:28:13:7:3,0,false,false,false,false,0
ENM35001,move to,LOC_적북측접근로,2026-08-09T09:07:39.000Z,21.37136876,-157.74157705,UAV 1,2,1:3001:2389,ENM35001,1:1:225:7:1:6:0,0,false,false,false,false,0
ENCAESAR002,move to,LOC_북측예비방어선,2026-08-09T09:07:40.000Z,21.37334678,-157.74302811,UAV 1,2,1:3001:2229,ENCAESAR002,1:1:71:4:0:0:0,0,false,false,false,false,0
ENMORT005,none,,2026-08-09T09:07:40.000Z,21.37457651,-157.73710572,UAV 1,2,1:3001:2242,ENMORT005,1:1:71:10:1:0:1,0,false,false,false,false,0
ENMORT004,none,,2026-08-09T09:07:40.000Z,21.37447596,-157.73706256,UAV 1,2,1:3001:2265,ENMORT004,1:1:71:10:1:0:1,0,false,false,false,false,0
ENCAESAR004,none,,2026-08-09T09:07:40.000Z,21.37337580,-157.74310146,UAV 1,2,1:3001:2333,ENCAESAR004,1:1:71:4:0:0:0,0,false,false,false,false,0
ENMORT001,none,,2026-08-09T09:07:40.000Z,21.37443553,-157.73716992,UAV 1,2,1:3001:2424,ENMORT001,1:1:71:10:1:0:1,0,false,false,false,false,0
ENMORT002,none,,2026-08-09T09:07:40.000Z,21.37453609,-157.73721308,UAV 1,2,1:3001:2469,ENMORT002,1:1:71:10:1:0:1,0,false,false,false,false,0
ENMORT003,none,,2026-08-09T09:07:40.000Z,21.37463664,-157.73725624,UAV 1,2,1:3001:2500,ENMORT003,1:1:71:10:1:0:1,0,false,false,false,false,0
ENZPU001,none,,2026-08-09T09:07:40.000Z,21.37550111,-157.74438876,UAV 1,2,1:3001:2294,ENZPU001,1:1:222:28:13:7:3,0,false,false,false,false,0
ENZPU002,none,,2026-08-09T09:07:40.000Z,21.37545350,-157.74447070,UAV 1,2,1:3001:2442,ENZPU002,1:1:222:28:13:7:3,0,false,false,false,false,0
ENZPU003,none,,2026-08-09T09:07:40.000Z,21.37540589,-157.74455264,UAV 1,2,1:3001:2444,ENZPU003,1:1:222:28:13:7:3,0,false,false,false,false,0
ENM35001,move to,LOC_적북측접근로,2026-08-09T09:07:40.000Z,21.37136876,-157.74157705,UAV 1,2,1:3001:2389,ENM35001,1:1:225:7:1:6:0,0,false,false,false,false,0
ENMORT005,none,,2026-08-09T09:07:41.000Z,21.37457651,-157.73710572,UAV 1,2,1:3001:2242,ENMORT005,1:1:71:10:1:0:1,0,false,false,false,false,0
ENMORT004,none,,2026-08-09T09:07:41.000Z,21.37447596,-157.73706256,UAV 1,2,1:3001:2265,ENMORT004,1:1:71:10:1:0:1,0,false,false,false,false,0
ENMORT001,none,,2026-08-09T09:07:41.000Z,21.37443553,-157.73716992,UAV 1,2,1:3001:2424,ENMORT001,1:1:71:10:1:0:1,0,false,false,false,false,0
ENMORT002,none,,2026-08-09T09:07:41.000Z,21.37453609,-157.73721308,UAV 1,2,1:3001:2469,ENMORT002,1:1:71:10:1:0:1,0,false,false,false,false,0
ENMORT003,none,,2026-08-09T09:07:41.000Z,21.37463664,-157.73725624,UAV 1,2,1:3001:2500,ENMORT003,1:1:71:10:1:0:1,0,false,false,false,false,0
ENZPU001,none,,2026-08-09T09:07:41.000Z,21.37550111,-157.74438876,UAV 1,2,1:3001:2294,ENZPU001,1:1:222:28:13:7:3,0,false,false,false,false,0
ENZPU002,none,,2026-08-09T09:07:41.000Z,21.37545350,-157.74447070,UAV 1,2,1:3001:2442,ENZPU002,1:1:222:28:13:7:3,0,false,false,false,false,0
ENZPU003,none,,2026-08-09T09:07:41.000Z,21.37540589,-157.74455264,UAV 1,2,1:3001:2444,ENZPU003,1:1:222:28:13:7:3,0,false,false,false,false,0
ENMORT005,none,,2026-08-09T09:07:43.000Z,21.37457651,-157.73710572,UAV 1,2,1:3001:2242,ENMORT005,1:1:71:10:1:0:1,0,false,false,false,false,0
ENMORT004,none,,2026-08-09T09:07:43.000Z,21.37447596,-157.73706256,UAV 1,2,1:3001:2265,ENMORT004,1:1:71:10:1:0:1,0,false,false,false,false,0
ENMORT001,none,,2026-08-09T09:07:43.000Z,21.37443553,-157.73716992,UAV 1,2,1:3001:2424,ENMORT001,1:1:71:10:1:0:1,0,false,false,false,false,0
ENMORT002,none,,2026-08-09T09:07:43.000Z,21.37453609,-157.73721308,UAV 1,2,1:3001:2469,ENMORT002,1:1:71:10:1:0:1,0,false,false,false,false,0
ENMORT003,none,,2026-08-09T09:07:43.000Z,21.37463664,-157.73725624,UAV 1,2,1:3001:2500,ENMORT003,1:1:71:10:1:0:1,0,false,false,false,false,0
ENZPU001,none,,2026-08-09T09:07:43.000Z,21.37550111,-157.74438876,UAV 1,2,1:3001:2294,ENZPU001,1:1:222:28:13:7:3,0,false,false,false,false,0
ENZPU002,none,,2026-08-09T09:07:43.000Z,21.37545350,-157.74447070,UAV 1,2,1:3001:2442,ENZPU002,1:1:222:28:13:7:3,0,false,false,false,false,0
ENZPU003,none,,2026-08-09T09:07:43.000Z,21.37540589,-157.74455264,UAV 1,2,1:3001:2444,ENZPU003,1:1:222:28:13:7:3,0,false,false,false,false,0
ENMORT005,none,,2026-08-09T09:07:44.000Z,21.37457651,-157.73710572,UAV 1,2,1:3001:2242,ENMORT005,1:1:71:10:1:0:1,0,false,false,false,false,0
ENMORT004,none,,2026-08-09T09:07:44.000Z,21.37447596,-157.73706256,UAV 1,2,1:3001:2265,ENMORT004,1:1:71:10:1:0:1,0,false,false,false,false,0
ENMORT001,none,,2026-08-09T09:07:44.000Z,21.37443553,-157.73716992,UAV 1,2,1:3001:2424,ENMORT001,1:1:71:10:1:0:1,0,false,false,false,false,0
ENMORT002,none,,2026-08-09T09:07:44.000Z,21.37453609,-157.73721308,UAV 1,2,1:3001:2469,ENMORT002,1:1:71:10:1:0:1,0,false,false,false,false,0
ENMORT003,none,,2026-08-09T09:07:44.000Z,21.37463664,-157.73725624,UAV 1,2,1:3001:2500,ENMORT003,1:1:71:10:1:0:1,0,false,false,false,false,0
ENZPU001,none,,2026-08-09T09:07:44.000Z,21.37550111,-157.74438876,UAV 1,2,1:3001:2294,ENZPU001,1:1:222:28:13:7:3,0,false,false,false,false,0
ENZPU002,none,,2026-08-09T09:07:44.000Z,21.37545350,-157.74447070,UAV 1,2,1:3001:2442,ENZPU002,1:1:222:28:13:7:3,0,false,false,false,false,0
ENZPU003,none,,2026-08-09T09:07:44.000Z,21.37540589,-157.74455264,UAV 1,2,1:3001:2444,ENZPU003,1:1:222:28:13:7:3,0,false,false,false,false,0
ENGAZ004,move to,LOC_북측예비방어선,2026-08-09T09:07:44.000Z,21.37143834,-157.74184304,UAV 1,2,1:3001:2473,ENGAZ004,1:1:222:7:8:0:0,0,false,false,false,false,0
ENMORT005,none,,2026-08-09T09:07:45.000Z,21.37457651,-157.73710572,UAV 1,2,1:3001:2242,ENMORT005,1:1:71:10:1:0:1,0,false,false,false,false,0
ENMORT004,none,,2026-08-09T09:07:45.000Z,21.37447596,-157.73706256,UAV 1,2,1:3001:2265,ENMORT004,1:1:71:10:1:0:1,0,false,false,false,false,0
ENMORT001,none,,2026-08-09T09:07:45.000Z,21.37443553,-157.73716992,UAV 1,2,1:3001:2424,ENMORT001,1:1:71:10:1:0:1,0,false,false,false,false,0
ENMORT002,none,,2026-08-09T09:07:45.000Z,21.37453609,-157.73721308,UAV 1,2,1:3001:2469,ENMORT002,1:1:71:10:1:0:1,0,false,false,false,false,0
ENMORT003,none,,2026-08-09T09:07:45.000Z,21.37463664,-157.73725624,UAV 1,2,1:3001:2500,ENMORT003,1:1:71:10:1:0:1,0,false,false,false,false,0
ENZPU001,none,,2026-08-09T09:07:45.000Z,21.37550111,-157.74438876,UAV 1,2,1:3001:2294,ENZPU001,1:1:222:28:13:7:3,0,false,false,false,false,0
ENZPU002,none,,2026-08-09T09:07:45.000Z,21.37545350,-157.74447070,UAV 1,2,1:3001:2442,ENZPU002,1:1:222:28:13:7:3,0,false,false,false,false,0
ENZPU003,none,,2026-08-09T09:07:45.000Z,21.37540589,-157.74455264,UAV 1,2,1:3001:2444,ENZPU003,1:1:222:28:13:7:3,0,false,false,false,false,0
ENGAZ004,move to,LOC_북측예비방어선,2026-08-09T09:07:45.000Z,21.37158844,-157.74194085,UAV 1,2,1:3001:2473,ENGAZ004,1:1:222:7:8:0:0,0,false,false,false,false,0
ENGAZ003,move to,LOC_적전방방어선후방,2026-08-09T09:07:45.000Z,21.37143590,-157.74187020,UAV 1,2,1:3001:2384,ENGAZ003,1:1:222:7:8:0:0,0,false,false,false,false,0
ENMORT005,none,,2026-08-09T09:07:47.000Z,21.37457651,-157.73710572,UAV 1,2,1:3001:2242,ENMORT005,1:1:71:10:1:0:1,0,false,false,false,false,0
ENMORT004,none,,2026-08-09T09:07:47.000Z,21.37447596,-157.73706256,UAV 1,2,1:3001:2265,ENMORT004,1:1:71:10:1:0:1,0,false,false,false,false,0
ENMORT001,none,,2026-08-09T09:07:47.000Z,21.37443553,-157.73716992,UAV 1,2,1:3001:2424,ENMORT001,1:1:71:10:1:0:1,0,false,false,false,false,0
ENMORT002,none,,2026-08-09T09:07:47.000Z,21.37453609,-157.73721308,UAV 1,2,1:3001:2469,ENMORT002,1:1:71:10:1:0:1,0,false,false,false,false,0
ENMORT003,none,,2026-08-09T09:07:47.000Z,21.37463664,-157.73725624,UAV 1,2,1:3001:2500,ENMORT003,1:1:71:10:1:0:1,0,false,false,false,false,0
ENZPU001,none,,2026-08-09T09:07:47.000Z,21.37550111,-157.74438876,UAV 1,2,1:3001:2294,ENZPU001,1:1:222:28:13:7:3,0,false,false,false,false,0
ENZPU002,none,,2026-08-09T09:07:47.000Z,21.37545350,-157.74447070,UAV 1,2,1:3001:2442,ENZPU002,1:1:222:28:13:7:3,0,false,false,false,false,0
ENZPU003,none,,2026-08-09T09:07:47.000Z,21.37540589,-157.74455264,UAV 1,2,1:3001:2444,ENZPU003,1:1:222:28:13:7:3,0,false,false,false,false,0
ENGAZ004,move to,LOC_북측예비방어선,2026-08-09T09:07:47.000Z,21.37158844,-157.74194085,UAV 1,2,1:3001:2473,ENGAZ004,1:1:222:7:8:0:0,0,false,false,false,false,0
ENGAZ003,move to,LOC_적전방방어선후방,2026-08-09T09:07:47.000Z,21.37143590,-157.74187020,UAV 1,2,1:3001:2384,ENGAZ003,1:1:222:7:8:0:0,0,false,false,false,false,0
ENMORT005,none,,2026-08-09T09:07:48.000Z,21.37457651,-157.73710572,UAV 1,2,1:3001:2242,ENMORT005,1:1:71:10:1:0:1,0,false,false,false,false,0
ENMORT004,none,,2026-08-09T09:07:48.000Z,21.37447596,-157.73706256,UAV 1,2,1:3001:2265,ENMORT004,1:1:71:10:1:0:1,0,false,false,false,false,0
ENMORT001,none,,2026-08-09T09:07:48.000Z,21.37443553,-157.73716992,UAV 1,2,1:3001:2424,ENMORT001,1:1:71:10:1:0:1,0,false,false,false,false,0
ENMORT002,none,,2026-08-09T09:07:48.000Z,21.37453609,-157.73721308,UAV 1,2,1:3001:2469,ENMORT002,1:1:71:10:1:0:1,0,false,false,false,false,0
ENMORT003,none,,2026-08-09T09:07:48.000Z,21.37463664,-157.73725624,UAV 1,2,1:3001:2500,ENMORT003,1:1:71:10:1:0:1,0,false,false,false,false,0
ENZPU001,none,,2026-08-09T09:07:48.000Z,21.37550111,-157.74438876,UAV 1,2,1:3001:2294,ENZPU001,1:1:222:28:13:7:3,0,false,false,false,false,0
ENZPU002,none,,2026-08-09T09:07:48.000Z,21.37545350,-157.74447070,UAV 1,2,1:3001:2442,ENZPU002,1:1:222:28:13:7:3,0,false,false,false,false,0
ENZPU003,none,,2026-08-09T09:07:48.000Z,21.37540589,-157.74455264,UAV 1,2,1:3001:2444,ENZPU003,1:1:222:28:13:7:3,0,false,false,false,false,0
ENGAZ004,move to,LOC_북측예비방어선,2026-08-09T09:07:48.000Z,21.37175382,-157.74204862,UAV 1,2,1:3001:2473,ENGAZ004,1:1:222:7:8:0:0,0,false,false,false,false,0
ENGAZ003,move to,LOC_적전방방어선후방,2026-08-09T09:07:48.000Z,21.37155103,-157.74198879,UAV 1,2,1:3001:2384,ENGAZ003,1:1:222:7:8:0:0,0,false,false,false,false,0
ENM35001,move to,LOC_적북측접근로,2026-08-09T09:07:48.000Z,21.37136366,-157.74159863,UAV 1,2,1:3001:2389,ENM35001,1:1:225:7:1:6:0,0,false,false,false,false,0
ENMORT005,none,,2026-08-09T09:07:49.000Z,21.37457651,-157.73710572,UAV 1,2,1:3001:2242,ENMORT005,1:1:71:10:1:0:1,0,false,false,false,false,0
ENMORT004,none,,2026-08-09T09:07:49.000Z,21.37447596,-157.73706256,UAV 1,2,1:3001:2265,ENMORT004,1:1:71:10:1:0:1,0,false,false,false,false,0
ENMORT001,none,,2026-08-09T09:07:49.000Z,21.37443553,-157.73716992,UAV 1,2,1:3001:2424,ENMORT001,1:1:71:10:1:0:1,0,false,false,false,false,0
ENMORT002,none,,2026-08-09T09:07:49.000Z,21.37453609,-157.73721308,UAV 1,2,1:3001:2469,ENMORT002,1:1:71:10:1:0:1,0,false,false,false,false,0
ENMORT003,none,,2026-08-09T09:07:49.000Z,21.37463664,-157.73725624,UAV 1,2,1:3001:2500,ENMORT003,1:1:71:10:1:0:1,0,false,false,false,false,0
ENZPU001,none,,2026-08-09T09:07:49.000Z,21.37550111,-157.74438876,UAV 1,2,1:3001:2294,ENZPU001,1:1:222:28:13:7:3,0,false,false,false,false,0
ENZPU002,none,,2026-08-09T09:07:49.000Z,21.37545350,-157.74447070,UAV 1,2,1:3001:2442,ENZPU002,1:1:222:28:13:7:3,0,false,false,false,false,0
ENZPU003,none,,2026-08-09T09:07:49.000Z,21.37540589,-157.74455264,UAV 1,2,1:3001:2444,ENZPU003,1:1:222:28:13:7:3,0,false,false,false,false,0
ENGAZ004,move to,LOC_북측예비방어선,2026-08-09T09:07:49.000Z,21.37191938,-157.74215650,UAV 1,2,1:3001:2473,ENGAZ004,1:1:222:7:8:0:0,0,false,false,false,false,0
ENGAZ003,move to,LOC_적전방방어선후방,2026-08-09T09:07:49.000Z,21.37166143,-157.74210251,UAV 1,2,1:3001:2384,ENGAZ003,1:1:222:7:8:0:0,0,false,false,false,false,0
ENM35001,move to,LOC_적북측접근로,2026-08-09T09:07:49.000Z,21.37135728,-157.74162558,UAV 1,2,1:3001:2389,ENM35001,1:1:225:7:1:6:0,0,false,false,false,false,0
ENGAZ001,move to,LOC_적전방방어선후방,2026-08-09T09:07:49.000Z,21.37144410,-157.74187705,UAV 1,2,1:3001:2289,ENGAZ001,1:1:222:7:8:0:0,0,false,false,false,false,0
ENGAZ002,move to,LOC_북측예비방어선,2026-08-09T09:07:49.000Z,21.37148220,-157.74187344,UAV 1,2,1:3001:2356,ENGAZ002,1:1:222:7:8:0:0,0,false,false,false,false,0
ENMORT005,none,,2026-08-09T09:07:51.000Z,21.37457651,-157.73710572,UAV 1,2,1:3001:2242,ENMORT005,1:1:71:10:1:0:1,0,false,false,false,false,0
ENMORT004,none,,2026-08-09T09:07:51.000Z,21.37447596,-157.73706256,UAV 1,2,1:3001:2265,ENMORT004,1:1:71:10:1:0:1,0,false,false,false,false,0
ENMORT001,none,,2026-08-09T09:07:51.000Z,21.37443553,-157.73716992,UAV 1,2,1:3001:2424,ENMORT001,1:1:71:10:1:0:1,0,false,false,false,false,0
ENMORT002,none,,2026-08-09T09:07:51.000Z,21.37453609,-157.73721308,UAV 1,2,1:3001:2469,ENMORT002,1:1:71:10:1:0:1,0,false,false,false,false,0
ENMORT003,none,,2026-08-09T09:07:51.000Z,21.37463664,-157.73725624,UAV 1,2,1:3001:2500,ENMORT003,1:1:71:10:1:0:1,0,false,false,false,false,0
ENZPU001,none,,2026-08-09T09:07:51.000Z,21.37550111,-157.74438876,UAV 1,2,1:3001:2294,ENZPU001,1:1:222:28:13:7:3,0,false,false,false,false,0
ENZPU002,none,,2026-08-09T09:07:51.000Z,21.37545350,-157.74447070,UAV 1,2,1:3001:2442,ENZPU002,1:1:222:28:13:7:3,0,false,false,false,false,0
ENZPU003,none,,2026-08-09T09:07:51.000Z,21.37540589,-157.74455264,UAV 1,2,1:3001:2444,ENZPU003,1:1:222:28:13:7:3,0,false,false,false,false,0
ENGAZ004,move to,LOC_북측예비방어선,2026-08-09T09:07:51.000Z,21.37191938,-157.74215650,UAV 1,2,1:3001:2473,ENGAZ004,1:1:222:7:8:0:0,0,false,false,false,false,0
ENGAZ003,move to,LOC_적전방방어선후방,2026-08-09T09:07:51.000Z,21.37166143,-157.74210251,UAV 1,2,1:3001:2384,ENGAZ003,1:1:222:7:8:0:0,0,false,false,false,false,0
ENM35001,move to,LOC_적북측접근로,2026-08-09T09:07:51.000Z,21.37135728,-157.74162558,UAV 1,2,1:3001:2389,ENM35001,1:1:225:7:1:6:0,0,false,false,false,false,0
ENGAZ001,move to,LOC_적전방방어선후방,2026-08-09T09:07:51.000Z,21.37144410,-157.74187705,UAV 1,2,1:3001:2289,ENGAZ001,1:1:222:7:8:0:0,0,false,false,false,false,0
ENGAZ002,move to,LOC_북측예비방어선,2026-08-09T09:07:51.000Z,21.37148220,-157.74187344,UAV 1,2,1:3001:2356,ENGAZ002,1:1:222:7:8:0:0,0,false,false,false,false,0
ENMORT005,none,,2026-08-09T09:07:52.000Z,21.37457651,-157.73710572,UAV 1,2,1:3001:2242,ENMORT005,1:1:71:10:1:0:1,0,false,false,false,false,0
ENMORT004,none,,2026-08-09T09:07:52.000Z,21.37447596,-157.73706256,UAV 1,2,1:3001:2265,ENMORT004,1:1:71:10:1:0:1,0,false,false,false,false,0
ENMORT001,none,,2026-08-09T09:07:52.000Z,21.37443553,-157.73716992,UAV 1,2,1:3001:2424,ENMORT001,1:1:71:10:1:0:1,0,false,false,false,false,0
ENMORT002,none,,2026-08-09T09:07:52.000Z,21.37453609,-157.73721308,UAV 1,2,1:3001:2469,ENMORT002,1:1:71:10:1:0:1,0,false,false,false,false,0
ENMORT003,none,,2026-08-09T09:07:52.000Z,21.37463664,-157.73725624,UAV 1,2,1:3001:2500,ENMORT003,1:1:71:10:1:0:1,0,false,false,false,false,0
ENZPU001,none,,2026-08-09T09:07:52.000Z,21.37550111,-157.74438876,UAV 1,2,1:3001:2294,ENZPU001,1:1:222:28:13:7:3,0,false,false,false,false,0
ENZPU002,none,,2026-08-09T09:07:52.000Z,21.37545350,-157.74447070,UAV 1,2,1:3001:2442,ENZPU002,1:1:222:28:13:7:3,0,false,false,false,false,0
ENGAZ004,move to,LOC_북측예비방어선,2026-08-09T09:07:52.000Z,21.37204493,-157.74223831,UAV 1,2,1:3001:2473,ENGAZ004,1:1:222:7:8:0:0,0,false,false,false,false,0
ENGAZ003,move to,LOC_적전방방어선후방,2026-08-09T09:07:52.000Z,21.37176162,-157.74220571,UAV 1,2,1:3001:2384,ENGAZ003,1:1:222:7:8:0:0,0,false,false,false,false,0
ENM35001,move to,LOC_적북측접근로,2026-08-09T09:07:52.000Z,21.37135427,-157.74163828,UAV 1,2,1:3001:2389,ENM35001,1:1:225:7:1:6:0,0,false,false,false,false,0
ENGAZ001,move to,LOC_적전방방어선후방,2026-08-09T09:07:52.000Z,21.37154282,-157.74197883,UAV 1,2,1:3001:2289,ENGAZ001,1:1:222:7:8:0:0,0,false,false,false,false,0
ENGAZ002,move to,LOC_북측예비방어선,2026-08-09T09:07:52.000Z,21.37163373,-157.74197203,UAV 1,2,1:3001:2356,ENGAZ002,1:1:222:7:8:0:0,0,false,false,false,false,0
ENMORT005,none,,2026-08-09T09:07:53.000Z,21.37457651,-157.73710572,UAV 1,2,1:3001:2242,ENMORT005,1:1:71:10:1:0:1,0,false,false,false,false,0
ENMORT004,none,,2026-08-09T09:07:53.000Z,21.37447596,-157.73706256,UAV 1,2,1:3001:2265,ENMORT004,1:1:71:10:1:0:1,0,false,false,false,false,0
ENMORT001,none,,2026-08-09T09:07:53.000Z,21.37443553,-157.73716992,UAV 1,2,1:3001:2424,ENMORT001,1:1:71:10:1:0:1,0,false,false,false,false,0
ENMORT002,none,,2026-08-09T09:07:53.000Z,21.37453609,-157.73721308,UAV 1,2,1:3001:2469,ENMORT002,1:1:71:10:1:0:1,0,false,false,false,false,0
ENMORT003,none,,2026-08-09T09:07:53.000Z,21.37463664,-157.73725624,UAV 1,2,1:3001:2500,ENMORT003,1:1:71:10:1:0:1,0,false,false,false,false,0
ENZPU001,none,,2026-08-09T09:07:53.000Z,21.37550111,-157.74438876,UAV 1,2,1:3001:2294,ENZPU001,1:1:222:28:13:7:3,0,false,false,false,false,0
ENZPU002,none,,2026-08-09T09:07:53.000Z,21.37545350,-157.74447070,UAV 1,2,1:3001:2442,ENZPU002,1:1:222:28:13:7:3,0,false,false,false,false,0
ENGAZ004,move to,LOC_북측예비방어선,2026-08-09T09:07:53.000Z,21.37215362,-157.74230914,UAV 1,2,1:3001:2473,ENGAZ004,1:1:222:7:8:0:0,0,false,false,false,false,0
ENGAZ003,move to,LOC_적전방방어선후방,2026-08-09T09:07:53.000Z,21.37188136,-157.74232906,UAV 1,2,1:3001:2384,ENGAZ003,1:1:222:7:8:0:0,0,false,false,false,false,0
ENGAZ001,move to,LOC_적전방방어선후방,2026-08-09T09:07:53.000Z,21.37166180,-157.74210149,UAV 1,2,1:3001:2289,ENGAZ001,1:1:222:7:8:0:0,0,false,false,false,false,0
ENGAZ002,move to,LOC_북측예비방어선,2026-08-09T09:07:53.000Z,21.37180944,-157.74208636,UAV 1,2,1:3001:2356,ENGAZ002,1:1:222:7:8:0:0,0,false,false,false,false,0
ENMORT005,none,,2026-08-09T09:07:55.000Z,21.37457651,-157.73710572,UAV 1,2,1:3001:2242,ENMORT005,1:1:71:10:1:0:1,0,false,false,false,false,0
ENMORT004,none,,2026-08-09T09:07:55.000Z,21.37447596,-157.73706256,UAV 1,2,1:3001:2265,ENMORT004,1:1:71:10:1:0:1,0,false,false,false,false,0
ENMORT001,none,,2026-08-09T09:07:55.000Z,21.37443553,-157.73716992,UAV 1,2,1:3001:2424,ENMORT001,1:1:71:10:1:0:1,0,false,false,false,false,0
ENMORT002,none,,2026-08-09T09:07:55.000Z,21.37453609,-157.73721308,UAV 1,2,1:3001:2469,ENMORT002,1:1:71:10:1:0:1,0,false,false,false,false,0
ENMORT003,none,,2026-08-09T09:07:55.000Z,21.37463664,-157.73725624,UAV 1,2,1:3001:2500,ENMORT003,1:1:71:10:1:0:1,0,false,false,false,false,0
ENZPU001,none,,2026-08-09T09:07:55.000Z,21.37550111,-157.74438876,UAV 1,2,1:3001:2294,ENZPU001,1:1:222:28:13:7:3,0,false,false,false,false,0
ENZPU002,none,,2026-08-09T09:07:55.000Z,21.37545350,-157.74447070,UAV 1,2,1:3001:2442,ENZPU002,1:1:222:28:13:7:3,0,false,false,false,false,0
ENGAZ004,move to,LOC_북측예비방어선,2026-08-09T09:07:55.000Z,21.37215362,-157.74230914,UAV 1,2,1:3001:2473,ENGAZ004,1:1:222:7:8:0:0,0,false,false,false,false,0
ENGAZ003,move to,LOC_적전방방어선후방,2026-08-09T09:07:55.000Z,21.37188136,-157.74232906,UAV 1,2,1:3001:2384,ENGAZ003,1:1:222:7:8:0:0,0,false,false,false,false,0
ENGAZ001,move to,LOC_적전방방어선후방,2026-08-09T09:07:55.000Z,21.37166180,-157.74210149,UAV 1,2,1:3001:2289,ENGAZ001,1:1:222:7:8:0:0,0,false,false,false,false,0
ENGAZ002,move to,LOC_북측예비방어선,2026-08-09T09:07:55.000Z,21.37180944,-157.74208636,UAV 1,2,1:3001:2356,ENGAZ002,1:1:222:7:8:0:0,0,false,false,false,false,0
ENMORT005,none,,2026-08-09T09:07:56.000Z,21.37457651,-157.73710572,UAV 1,2,1:3001:2242,ENMORT005,1:1:71:10:1:0:1,0,false,false,false,false,0
ENMORT004,none,,2026-08-09T09:07:56.000Z,21.37447596,-157.73706256,UAV 1,2,1:3001:2265,ENMORT004,1:1:71:10:1:0:1,0,false,false,false,false,0
ENMORT001,none,,2026-08-09T09:07:56.000Z,21.37443553,-157.73716992,UAV 1,2,1:3001:2424,ENMORT001,1:1:71:10:1:0:1,0,false,false,false,false,0
ENMORT002,none,,2026-08-09T09:07:56.000Z,21.37453609,-157.73721308,UAV 1,2,1:3001:2469,ENMORT002,1:1:71:10:1:0:1,0,false,false,false,false,0
ENMORT003,none,,2026-08-09T09:07:56.000Z,21.37463664,-157.73725624,UAV 1,2,1:3001:2500,ENMORT003,1:1:71:10:1:0:1,0,false,false,false,false,0
ENZPU001,none,,2026-08-09T09:07:56.000Z,21.37550111,-157.74438876,UAV 1,2,1:3001:2294,ENZPU001,1:1:222:28:13:7:3,0,false,false,false,false,0
ENZPU002,none,,2026-08-09T09:07:56.000Z,21.37545350,-157.74447070,UAV 1,2,1:3001:2442,ENZPU002,1:1:222:28:13:7:3,0,false,false,false,false,0
ENGAZ004,move to,LOC_북측예비방어선,2026-08-09T09:07:56.000Z,21.37223274,-157.74236069,UAV 1,2,1:3001:2473,ENGAZ004,1:1:222:7:8:0:0,0,false,false,false,false,0
ENGAZ003,move to,LOC_적전방방어선후방,2026-08-09T09:07:56.000Z,21.37197628,-157.74242684,UAV 1,2,1:3001:2384,ENGAZ003,1:1:222:7:8:0:0,0,false,false,false,false,0
ENGAZ001,move to,LOC_적전방방어선후방,2026-08-09T09:07:56.000Z,21.37175973,-157.74220245,UAV 1,2,1:3001:2289,ENGAZ001,1:1:222:7:8:0:0,0,false,false,false,false,0
ENGAZ002,move to,LOC_북측예비방어선,2026-08-09T09:07:56.000Z,21.37195290,-157.74217971,UAV 1,2,1:3001:2356,ENGAZ002,1:1:222:7:8:0:0,0,false,false,false,false,0
ENMORT005,none,,2026-08-09T09:07:57.000Z,21.37457651,-157.73710572,UAV 1,2,1:3001:2242,ENMORT005,1:1:71:10:1:0:1,0,false,false,false,false,0
ENMORT004,none,,2026-08-09T09:07:57.000Z,21.37447596,-157.73706256,UAV 1,2,1:3001:2265,ENMORT004,1:1:71:10:1:0:1,0,false,false,false,false,0
ENMORT001,none,,2026-08-09T09:07:57.000Z,21.37443553,-157.73716992,UAV 1,2,1:3001:2424,ENMORT001,1:1:71:10:1:0:1,0,false,false,false,false,0
ENMORT002,none,,2026-08-09T09:07:57.000Z,21.37453609,-157.73721308,UAV 1,2,1:3001:2469,ENMORT002,1:1:71:10:1:0:1,0,false,false,false,false,0
ENMORT003,none,,2026-08-09T09:07:57.000Z,21.37463664,-157.73725624,UAV 1,2,1:3001:2500,ENMORT003,1:1:71:10:1:0:1,0,false,false,false,false,0
ENZPU001,none,,2026-08-09T09:07:57.000Z,21.37550111,-157.74438876,UAV 1,2,1:3001:2294,ENZPU001,1:1:222:28:13:7:3,0,false,false,false,false,0
ENZPU002,none,,2026-08-09T09:07:57.000Z,21.37545350,-157.74447070,UAV 1,2,1:3001:2442,ENZPU002,1:1:222:28:13:7:3,0,false,false,false,false,0
ENGAZ004,move to,LOC_북측예비방어선,2026-08-09T09:07:57.000Z,21.37231869,-157.74241670,UAV 1,2,1:3001:2473,ENGAZ004,1:1:222:7:8:0:0,0,false,false,false,false,0
ENGAZ003,move to,LOC_적전방방어선후방,2026-08-09T09:07:57.000Z,21.37207663,-157.74253020,UAV 1,2,1:3001:2384,ENGAZ003,1:1:222:7:8:0:0,0,false,false,false,false,0
ENGAZ001,move to,LOC_적전방방어선후방,2026-08-09T09:07:57.000Z,21.37186658,-157.74231260,UAV 1,2,1:3001:2289,ENGAZ001,1:1:222:7:8:0:0,0,false,false,false,false,0
ENGAZ002,move to,LOC_북측예비방어선,2026-08-09T09:07:57.000Z,21.37207515,-157.74225925,UAV 1,2,1:3001:2356,ENGAZ002,1:1:222:7:8:0:0,0,false,false,false,false,0
ENM35001,move to,LOC_적북측접근로,2026-08-09T09:07:57.000Z,21.37136887,-157.74157661,UAV 1,2,1:3001:2389,ENM35001,1:1:225:7:1:6:0,0,false,false,false,false,0
ENMORT005,none,,2026-08-09T09:07:58.000Z,21.37457651,-157.73710572,UAV 1,2,1:3001:2242,ENMORT005,1:1:71:10:1:0:1,0,false,false,false,false,0
ENMORT004,none,,2026-08-09T09:07:58.000Z,21.37447596,-157.73706256,UAV 1,2,1:3001:2265,ENMORT004,1:1:71:10:1:0:1,0,false,false,false,false,0
ENMORT001,none,,2026-08-09T09:07:58.000Z,21.37443553,-157.73716992,UAV 1,2,1:3001:2424,ENMORT001,1:1:71:10:1:0:1,0,false,false,false,false,0
ENMORT002,none,,2026-08-09T09:07:58.000Z,21.37453609,-157.73721308,UAV 1,2,1:3001:2469,ENMORT002,1:1:71:10:1:0:1,0,false,false,false,false,0
ENMORT003,none,,2026-08-09T09:07:58.000Z,21.37463664,-157.73725624,UAV 1,2,1:3001:2500,ENMORT003,1:1:71:10:1:0:1,0,false,false,false,false,0
ENZPU001,none,,2026-08-09T09:07:58.000Z,21.37550111,-157.74438876,UAV 1,2,1:3001:2294,ENZPU001,1:1:222:28:13:7:3,0,false,false,false,false,0
ENZPU002,none,,2026-08-09T09:07:58.000Z,21.37545350,-157.74447070,UAV 1,2,1:3001:2442,ENZPU002,1:1:222:28:13:7:3,0,false,false,false,false,0
ENGAZ004,move to,LOC_북측예비방어선,2026-08-09T09:07:58.000Z,21.37231869,-157.74241670,UAV 1,2,1:3001:2473,ENGAZ004,1:1:222:7:8:0:0,0,false,false,false,false,0
ENGAZ003,move to,LOC_적전방방어선후방,2026-08-09T09:07:58.000Z,21.37207663,-157.74253020,UAV 1,2,1:3001:2384,ENGAZ003,1:1:222:7:8:0:0,0,false,false,false,false,0
ENGAZ001,move to,LOC_적전방방어선후방,2026-08-09T09:07:58.000Z,21.37186658,-157.74231260,UAV 1,2,1:3001:2289,ENGAZ001,1:1:222:7:8:0:0,0,false,false,false,false,0
ENGAZ002,move to,LOC_북측예비방어선,2026-08-09T09:07:58.000Z,21.37207515,-157.74225925,UAV 1,2,1:3001:2356,ENGAZ002,1:1:222:7:8:0:0,0,false,false,false,false,0
ENM35001,move to,LOC_적북측접근로,2026-08-09T09:07:58.000Z,21.37136887,-157.74157661,UAV 1,2,1:3001:2389,ENM35001,1:1:225:7:1:6:0,0,false,false,false,false,0
ENMORT005,none,,2026-08-09T09:08:00.000Z,21.37457651,-157.73710572,UAV 1,2,1:3001:2242,ENMORT005,1:1:71:10:1:0:1,0,false,false,false,false,0
ENMORT004,none,,2026-08-09T09:08:00.000Z,21.37447596,-157.73706256,UAV 1,2,1:3001:2265,ENMORT004,1:1:71:10:1:0:1,0,false,false,false,false,0
ENMORT001,none,,2026-08-09T09:08:00.000Z,21.37443553,-157.73716992,UAV 1,2,1:3001:2424,ENMORT001,1:1:71:10:1:0:1,0,false,false,false,false,0
ENMORT002,none,,2026-08-09T09:08:00.000Z,21.37453609,-157.73721308,UAV 1,2,1:3001:2469,ENMORT002,1:1:71:10:1:0:1,0,false,false,false,false,0
ENMORT003,none,,2026-08-09T09:08:00.000Z,21.37463664,-157.73725624,UAV 1,2,1:3001:2500,ENMORT003,1:1:71:10:1:0:1,0,false,false,false,false,0
ENZPU001,none,,2026-08-09T09:08:00.000Z,21.37550111,-157.74438876,UAV 1,2,1:3001:2294,ENZPU001,1:1:222:28:13:7:3,0,false,false,false,false,0
ENZPU002,none,,2026-08-09T09:08:00.000Z,21.37545350,-157.74447070,UAV 1,2,1:3001:2442,ENZPU002,1:1:222:28:13:7:3,0,false,false,false,false,0
ENGAZ004,move to,LOC_북측예비방어선,2026-08-09T09:08:00.000Z,21.37240793,-157.74247486,UAV 1,2,1:3001:2473,ENGAZ004,1:1:222:7:8:0:0,0,false,false,false,false,0
ENGAZ003,move to,LOC_적전방방어선후방,2026-08-09T09:08:00.000Z,21.37216697,-157.74262325,UAV 1,2,1:3001:2384,ENGAZ003,1:1:222:7:8:0:0,0,false,false,false,false,0
ENGAZ001,move to,LOC_적전방방어선후방,2026-08-09T09:08:00.000Z,21.37197326,-157.74242259,UAV 1,2,1:3001:2289,ENGAZ001,1:1:222:7:8:0:0,0,false,false,false,false,0
ENGAZ002,move to,LOC_북측예비방어선,2026-08-09T09:08:00.000Z,21.37217024,-157.74232112,UAV 1,2,1:3001:2356,ENGAZ002,1:1:222:7:8:0:0,0,false,false,false,false,0
ENM35001,move to,LOC_적북측접근로,2026-08-09T09:08:00.000Z,21.37137300,-157.74155916,UAV 1,2,1:3001:2389,ENM35001,1:1:225:7:1:6:0,0,false,false,false,false,0
ENMORT005,none,,2026-08-09T09:08:01.000Z,21.37457651,-157.73710572,UAV 1,2,1:3001:2242,ENMORT005,1:1:71:10:1:0:1,0,false,false,false,false,0
ENMORT004,none,,2026-08-09T09:08:01.000Z,21.37447596,-157.73706256,UAV 1,2,1:3001:2265,ENMORT004,1:1:71:10:1:0:1,0,false,false,false,false,0
ENMORT001,none,,2026-08-09T09:08:01.000Z,21.37443553,-157.73716992,UAV 1,2,1:3001:2424,ENMORT001,1:1:71:10:1:0:1,0,false,false,false,false,0
ENMORT002,none,,2026-08-09T09:08:01.000Z,21.37453609,-157.73721308,UAV 1,2,1:3001:2469,ENMORT002,1:1:71:10:1:0:1,0,false,false,false,false,0
ENMORT003,none,,2026-08-09T09:08:01.000Z,21.37463664,-157.73725624,UAV 1,2,1:3001:2500,ENMORT003,1:1:71:10:1:0:1,0,false,false,false,false,0
ENZPU001,none,,2026-08-09T09:08:01.000Z,21.37550111,-157.74438876,UAV 1,2,1:3001:2294,ENZPU001,1:1:222:28:13:7:3,0,false,false,false,false,0
ENZPU002,none,,2026-08-09T09:08:01.000Z,21.37545350,-157.74447070,UAV 1,2,1:3001:2442,ENZPU002,1:1:222:28:13:7:3,0,false,false,false,false,0
ENGAZ004,move to,LOC_북측예비방어선,2026-08-09T09:08:01.000Z,21.37249410,-157.74253101,UAV 1,2,1:3001:2473,ENGAZ004,1:1:222:7:8:0:0,0,false,false,false,false,0
ENGAZ003,move to,LOC_적전방방어선후방,2026-08-09T09:08:01.000Z,21.37223501,-157.74269334,UAV 1,2,1:3001:2384,ENGAZ003,1:1:222:7:8:0:0,0,false,false,false,false,0
ENGAZ001,move to,LOC_적전방방어선후방,2026-08-09T09:08:01.000Z,21.37207138,-157.74252375,UAV 1,2,1:3001:2289,ENGAZ001,1:1:222:7:8:0:0,0,false,false,false,false,0
ENGAZ002,move to,LOC_북측예비방어선,2026-08-09T09:08:01.000Z,21.37225659,-157.74237731,UAV 1,2,1:3001:2356,ENGAZ002,1:1:222:7:8:0:0,0,false,false,false,false,0
ENM35002,move to,LOC_적북측접근로,2026-08-09T09:08:01.000Z,21.37135308,-157.74164759,UAV 1,2,1:3001:2375,ENM35002,1:1:225:7:1:6:0,0,false,false,false,false,0
ENMORT005,none,,2026-08-09T09:08:03.000Z,21.37457651,-157.73710572,UAV 1,2,1:3001:2242,ENMORT005,1:1:71:10:1:0:1,0,false,false,false,false,0
ENMORT004,none,,2026-08-09T09:08:03.000Z,21.37447596,-157.73706256,UAV 1,2,1:3001:2265,ENMORT004,1:1:71:10:1:0:1,0,false,false,false,false,0
ENMORT001,none,,2026-08-09T09:08:03.000Z,21.37443553,-157.73716992,UAV 1,2,1:3001:2424,ENMORT001,1:1:71:10:1:0:1,0,false,false,false,false,0
ENMORT002,none,,2026-08-09T09:08:03.000Z,21.37453609,-157.73721308,UAV 1,2,1:3001:2469,ENMORT002,1:1:71:10:1:0:1,0,false,false,false,false,0
ENMORT003,none,,2026-08-09T09:08:03.000Z,21.37463664,-157.73725624,UAV 1,2,1:3001:2500,ENMORT003,1:1:71:10:1:0:1,0,false,false,false,false,0
ENZPU001,none,,2026-08-09T09:08:03.000Z,21.37550111,-157.74438876,UAV 1,2,1:3001:2294,ENZPU001,1:1:222:28:13:7:3,0,false,false,false,false,0
ENZPU002,none,,2026-08-09T09:08:03.000Z,21.37545350,-157.74447070,UAV 1,2,1:3001:2442,ENZPU002,1:1:222:28:13:7:3,0,false,false,false,false,0
ENGAZ004,move to,LOC_북측예비방어선,2026-08-09T09:08:03.000Z,21.37249410,-157.74253101,UAV 1,2,1:3001:2473,ENGAZ004,1:1:222:7:8:0:0,0,false,false,false,false,0
ENGAZ003,move to,LOC_적전방방어선후방,2026-08-09T09:08:03.000Z,21.37223501,-157.74269334,UAV 1,2,1:3001:2384,ENGAZ003,1:1:222:7:8:0:0,0,false,false,false,false,0
ENGAZ001,move to,LOC_적전방방어선후방,2026-08-09T09:08:03.000Z,21.37207138,-157.74252375,UAV 1,2,1:3001:2289,ENGAZ001,1:1:222:7:8:0:0,0,false,false,false,false,0
ENGAZ002,move to,LOC_북측예비방어선,2026-08-09T09:08:03.000Z,21.37225659,-157.74237731,UAV 1,2,1:3001:2356,ENGAZ002,1:1:222:7:8:0:0,0,false,false,false,false,0
ENM35002,move to,LOC_적북측접근로,2026-08-09T09:08:03.000Z,21.37135308,-157.74164759,UAV 1,2,1:3001:2375,ENM35002,1:1:225:7:1:6:0,0,false,false,false,false,0
ENMORT005,none,,2026-08-09T09:08:04.000Z,21.37457651,-157.73710572,UAV 1,2,1:3001:2242,ENMORT005,1:1:71:10:1:0:1,0,false,false,false,false,0
ENMORT004,none,,2026-08-09T09:08:04.000Z,21.37447596,-157.73706256,UAV 1,2,1:3001:2265,ENMORT004,1:1:71:10:1:0:1,0,false,false,false,false,0
ENMORT001,none,,2026-08-09T09:08:04.000Z,21.37443553,-157.73716992,UAV 1,2,1:3001:2424,ENMORT001,1:1:71:10:1:0:1,0,false,false,false,false,0
ENMORT002,none,,2026-08-09T09:08:04.000Z,21.37453609,-157.73721308,UAV 1,2,1:3001:2469,ENMORT002,1:1:71:10:1:0:1,0,false,false,false,false,0
ENMORT003,none,,2026-08-09T09:08:04.000Z,21.37463664,-157.73725624,UAV 1,2,1:3001:2500,ENMORT003,1:1:71:10:1:0:1,0,false,false,false,false,0
ENZPU001,none,,2026-08-09T09:08:04.000Z,21.37550111,-157.74438876,UAV 1,2,1:3001:2294,ENZPU001,1:1:222:28:13:7:3,0,false,false,false,false,0
ENZPU002,none,,2026-08-09T09:08:04.000Z,21.37545350,-157.74447070,UAV 1,2,1:3001:2442,ENZPU002,1:1:222:28:13:7:3,0,false,false,false,false,0
ENGAZ004,move to,LOC_북측예비방어선,2026-08-09T09:08:04.000Z,21.37264299,-157.74262803,UAV 1,2,1:3001:2473,ENGAZ004,1:1:222:7:8:0:0,0,false,false,false,false,0
ENGAZ003,move to,LOC_적전방방어선후방,2026-08-09T09:08:04.000Z,21.37231027,-157.74277087,UAV 1,2,1:3001:2384,ENGAZ003,1:1:222:7:8:0:0,0,false,false,false,false,0
ENGAZ001,move to,LOC_적전방방어선후방,2026-08-09T09:08:04.000Z,21.37216642,-157.74262172,UAV 1,2,1:3001:2289,ENGAZ001,1:1:222:7:8:0:0,0,false,false,false,false,0
ENGAZ002,move to,LOC_북측예비방어선,2026-08-09T09:08:04.000Z,21.37234784,-157.74243668,UAV 1,2,1:3001:2356,ENGAZ002,1:1:222:7:8:0:0,0,false,false,false,false,0
ENM35002,move to,LOC_적북측접근로,2026-08-09T09:08:04.000Z,21.37136068,-157.74161688,UAV 1,2,1:3001:2375,ENM35002,1:1:225:7:1:6:0,0,false,false,false,false,0
ENMORT005,none,,2026-08-09T09:08:05.000Z,21.37457651,-157.73710572,UAV 1,2,1:3001:2242,ENMORT005,1:1:71:10:1:0:1,0,false,false,false,false,0
ENMORT004,none,,2026-08-09T09:08:05.000Z,21.37447596,-157.73706256,UAV 1,2,1:3001:2265,ENMORT004,1:1:71:10:1:0:1,0,false,false,false,false,0
ENMORT001,none,,2026-08-09T09:08:05.000Z,21.37443553,-157.73716992,UAV 1,2,1:3001:2424,ENMORT001,1:1:71:10:1:0:1,0,false,false,false,false,0
ENMORT002,none,,2026-08-09T09:08:05.000Z,21.37453609,-157.73721308,UAV 1,2,1:3001:2469,ENMORT002,1:1:71:10:1:0:1,0,false,false,false,false,0
ENMORT003,none,,2026-08-09T09:08:05.000Z,21.37463664,-157.73725624,UAV 1,2,1:3001:2500,ENMORT003,1:1:71:10:1:0:1,0,false,false,false,false,0
ENZPU001,none,,2026-08-09T09:08:05.000Z,21.37550111,-157.74438876,UAV 1,2,1:3001:2294,ENZPU001,1:1:222:28:13:7:3,0,false,false,false,false,0
ENZPU002,none,,2026-08-09T09:08:05.000Z,21.37545350,-157.74447070,UAV 1,2,1:3001:2442,ENZPU002,1:1:222:28:13:7:3,0,false,false,false,false,0
ENGAZ004,move to,LOC_북측예비방어선,2026-08-09T09:08:05.000Z,21.37278559,-157.74272095,UAV 1,2,1:3001:2473,ENGAZ004,1:1:222:7:8:0:0,0,false,false,false,false,0
ENGAZ003,move to,LOC_적전방방어선후방,2026-08-09T09:08:05.000Z,21.37237457,-157.74283710,UAV 1,2,1:3001:2384,ENGAZ003,1:1:222:7:8:0:0,0,false,false,false,false,0
ENGAZ001,move to,LOC_적전방방어선후방,2026-08-09T09:08:05.000Z,21.37222669,-157.74268385,UAV 1,2,1:3001:2289,ENGAZ001,1:1:222:7:8:0:0,0,false,false,false,false,0
ENGAZ002,move to,LOC_북측예비방어선,2026-08-09T09:08:05.000Z,21.37242449,-157.74248656,UAV 1,2,1:3001:2356,ENGAZ002,1:1:222:7:8:0:0,0,false,false,false,false,0
ENMORT005,none,,2026-08-09T09:08:07.000Z,21.37457651,-157.73710572,UAV 1,2,1:3001:2242,ENMORT005,1:1:71:10:1:0:1,0,false,false,false,false,0
ENMORT004,none,,2026-08-09T09:08:07.000Z,21.37447596,-157.73706256,UAV 1,2,1:3001:2265,ENMORT004,1:1:71:10:1:0:1,0,false,false,false,false,0
ENMORT001,none,,2026-08-09T09:08:07.000Z,21.37443553,-157.73716992,UAV 1,2,1:3001:2424,ENMORT001,1:1:71:10:1:0:1,0,false,false,false,false,0
ENMORT002,none,,2026-08-09T09:08:07.000Z,21.37453609,-157.73721308,UAV 1,2,1:3001:2469,ENMORT002,1:1:71:10:1:0:1,0,false,false,false,false,0
ENMORT003,none,,2026-08-09T09:08:07.000Z,21.37463664,-157.73725624,UAV 1,2,1:3001:2500,ENMORT003,1:1:71:10:1:0:1,0,false,false,false,false,0
ENZPU001,none,,2026-08-09T09:08:07.000Z,21.37550111,-157.74438876,UAV 1,2,1:3001:2294,ENZPU001,1:1:222:28:13:7:3,0,false,false,false,false,0
ENZPU002,none,,2026-08-09T09:08:07.000Z,21.37545350,-157.74447070,UAV 1,2,1:3001:2442,ENZPU002,1:1:222:28:13:7:3,0,false,false,false,false,0
ENGAZ004,move to,LOC_북측예비방어선,2026-08-09T09:08:07.000Z,21.37278559,-157.74272095,UAV 1,2,1:3001:2473,ENGAZ004,1:1:222:7:8:0:0,0,false,false,false,false,0
ENGAZ003,move to,LOC_적전방방어선후방,2026-08-09T09:08:07.000Z,21.37237457,-157.74283710,UAV 1,2,1:3001:2384,ENGAZ003,1:1:222:7:8:0:0,0,false,false,false,false,0
ENGAZ001,move to,LOC_적전방방어선후방,2026-08-09T09:08:07.000Z,21.37222669,-157.74268385,UAV 1,2,1:3001:2289,ENGAZ001,1:1:222:7:8:0:0,0,false,false,false,false,0
ENGAZ002,move to,LOC_북측예비방어선,2026-08-09T09:08:07.000Z,21.37242449,-157.74248656,UAV 1,2,1:3001:2356,ENGAZ002,1:1:222:7:8:0:0,0,false,false,false,false,0
ENMORT005,none,,2026-08-09T09:08:08.000Z,21.37457651,-157.73710572,UAV 1,2,1:3001:2242,ENMORT005,1:1:71:10:1:0:1,0,false,false,false,false,0
ENMORT004,none,,2026-08-09T09:08:08.000Z,21.37447596,-157.73706256,UAV 1,2,1:3001:2265,ENMORT004,1:1:71:10:1:0:1,0,false,false,false,false,0
ENMORT001,none,,2026-08-09T09:08:08.000Z,21.37443553,-157.73716992,UAV 1,2,1:3001:2424,ENMORT001,1:1:71:10:1:0:1,0,false,false,false,false,0
ENMORT002,none,,2026-08-09T09:08:08.000Z,21.37453609,-157.73721308,UAV 1,2,1:3001:2469,ENMORT002,1:1:71:10:1:0:1,0,false,false,false,false,0
ENMORT003,none,,2026-08-09T09:08:08.000Z,21.37463664,-157.73725624,UAV 1,2,1:3001:2500,ENMORT003,1:1:71:10:1:0:1,0,false,false,false,false,0
ENZPU001,none,,2026-08-09T09:08:08.000Z,21.37550111,-157.74438876,UAV 1,2,1:3001:2294,ENZPU001,1:1:222:28:13:7:3,0,false,false,false,false,0
ENZPU002,none,,2026-08-09T09:08:08.000Z,21.37545350,-157.74447070,UAV 1,2,1:3001:2442,ENZPU002,1:1:222:28:13:7:3,0,false,false,false,false,0
ENGAZ003,move to,LOC_적전방방어선후방,2026-08-09T09:08:08.000Z,21.37249074,-157.74295677,UAV 1,2,1:3001:2384,ENGAZ003,1:1:222:7:8:0:0,0,false,false,false,false,0
ENGAZ001,move to,LOC_적전방방어선후방,2026-08-09T09:08:08.000Z,21.37230354,-157.74276309,UAV 1,2,1:3001:2289,ENGAZ001,1:1:222:7:8:0:0,0,false,false,false,false,0
ENGAZ002,move to,LOC_북측예비방어선,2026-08-09T09:08:08.000Z,21.37252233,-157.74255022,UAV 1,2,1:3001:2356,ENGAZ002,1:1:222:7:8:0:0,0,false,false,false,false,0
ENM35001,move to,LOC_적북측접근로,2026-08-09T09:08:08.000Z,21.37136096,-157.74161003,UAV 1,2,1:3001:2389,ENM35001,1:1:225:7:1:6:0,0,false,false,false,false,0
ENMORT005,none,,2026-08-09T09:08:10.000Z,21.37457651,-157.73710572,UAV 1,2,1:3001:2242,ENMORT005,1:1:71:10:1:0:1,0,false,false,false,false,0
ENMORT004,none,,2026-08-09T09:08:10.000Z,21.37447596,-157.73706256,UAV 1,2,1:3001:2265,ENMORT004,1:1:71:10:1:0:1,0,false,false,false,false,0
ENMORT001,none,,2026-08-09T09:08:10.000Z,21.37443553,-157.73716992,UAV 1,2,1:3001:2424,ENMORT001,1:1:71:10:1:0:1,0,false,false,false,false,0
ENMORT002,none,,2026-08-09T09:08:10.000Z,21.37453609,-157.73721308,UAV 1,2,1:3001:2469,ENMORT002,1:1:71:10:1:0:1,0,false,false,false,false,0
ENMORT003,none,,2026-08-09T09:08:10.000Z,21.37463664,-157.73725624,UAV 1,2,1:3001:2500,ENMORT003,1:1:71:10:1:0:1,0,false,false,false,false,0
ENZPU001,none,,2026-08-09T09:08:10.000Z,21.37550111,-157.74438876,UAV 1,2,1:3001:2294,ENZPU001,1:1:222:28:13:7:3,0,false,false,false,false,0
ENZPU002,none,,2026-08-09T09:08:10.000Z,21.37545350,-157.74447070,UAV 1,2,1:3001:2442,ENZPU002,1:1:222:28:13:7:3,0,false,false,false,false,0
ENGAZ003,move to,LOC_적전방방어선후방,2026-08-09T09:08:10.000Z,21.37261077,-157.74308040,UAV 1,2,1:3001:2384,ENGAZ003,1:1:222:7:8:0:0,0,false,false,false,false,0
ENGAZ001,move to,LOC_적전방방어선후방,2026-08-09T09:08:10.000Z,21.37238304,-157.74284504,UAV 1,2,1:3001:2289,ENGAZ001,1:1:222:7:8:0:0,0,false,false,false,false,0
ENGAZ002,move to,LOC_북측예비방어선,2026-08-09T09:08:10.000Z,21.37269773,-157.74266435,UAV 1,2,1:3001:2356,ENGAZ002,1:1:222:7:8:0:0,0,false,false,false,false,0
ENM35001,move to,LOC_적북측접근로,2026-08-09T09:08:10.000Z,21.37135453,-157.74163718,UAV 1,2,1:3001:2389,ENM35001,1:1:225:7:1:6:0,0,false,false,false,false,0
ENMORT005,none,,2026-08-09T09:08:11.000Z,21.37457651,-157.73710572,UAV 1,2,1:3001:2242,ENMORT005,1:1:71:10:1:0:1,0,false,false,false,false,0
ENMORT004,none,,2026-08-09T09:08:11.000Z,21.37447596,-157.73706256,UAV 1,2,1:3001:2265,ENMORT004,1:1:71:10:1:0:1,0,false,false,false,false,0
ENMORT001,none,,2026-08-09T09:08:11.000Z,21.37443553,-157.73716992,UAV 1,2,1:3001:2424,ENMORT001,1:1:71:10:1:0:1,0,false,false,false,false,0
ENMORT002,none,,2026-08-09T09:08:11.000Z,21.37453609,-157.73721308,UAV 1,2,1:3001:2469,ENMORT002,1:1:71:10:1:0:1,0,false,false,false,false,0
ENMORT003,none,,2026-08-09T09:08:11.000Z,21.37463664,-157.73725624,UAV 1,2,1:3001:2500,ENMORT003,1:1:71:10:1:0:1,0,false,false,false,false,0
ENZPU001,none,,2026-08-09T09:08:11.000Z,21.37550111,-157.74438876,UAV 1,2,1:3001:2294,ENZPU001,1:1:222:28:13:7:3,0,false,false,false,false,0
ENZPU002,none,,2026-08-09T09:08:11.000Z,21.37545350,-157.74447070,UAV 1,2,1:3001:2442,ENZPU002,1:1:222:28:13:7:3,0,false,false,false,false,0
ENGAZ003,move to,LOC_적전방방어선후방,2026-08-09T09:08:11.000Z,21.37261077,-157.74308040,UAV 1,2,1:3001:2384,ENGAZ003,1:1:222:7:8:0:0,0,false,false,false,false,0
ENGAZ001,move to,LOC_적전방방어선후방,2026-08-09T09:08:11.000Z,21.37238304,-157.74284504,UAV 1,2,1:3001:2289,ENGAZ001,1:1:222:7:8:0:0,0,false,false,false,false,0
ENGAZ002,move to,LOC_북측예비방어선,2026-08-09T09:08:11.000Z,21.37269773,-157.74266435,UAV 1,2,1:3001:2356,ENGAZ002,1:1:222:7:8:0:0,0,false,false,false,false,0
ENM35001,move to,LOC_적북측접근로,2026-08-09T09:08:11.000Z,21.37135453,-157.74163718,UAV 1,2,1:3001:2389,ENM35001,1:1:225:7:1:6:0,0,false,false,false,false,0
ENMORT005,none,,2026-08-09T09:08:12.000Z,21.37457651,-157.73710572,UAV 1,2,1:3001:2242,ENMORT005,1:1:71:10:1:0:1,0,false,false,false,false,0
ENMORT004,none,,2026-08-09T09:08:12.000Z,21.37447596,-157.73706256,UAV 1,2,1:3001:2265,ENMORT004,1:1:71:10:1:0:1,0,false,false,false,false,0
ENMORT001,none,,2026-08-09T09:08:12.000Z,21.37443553,-157.73716992,UAV 1,2,1:3001:2424,ENMORT001,1:1:71:10:1:0:1,0,false,false,false,false,0
ENMORT002,none,,2026-08-09T09:08:12.000Z,21.37453609,-157.73721308,UAV 1,2,1:3001:2469,ENMORT002,1:1:71:10:1:0:1,0,false,false,false,false,0
ENMORT003,none,,2026-08-09T09:08:12.000Z,21.37463664,-157.73725624,UAV 1,2,1:3001:2500,ENMORT003,1:1:71:10:1:0:1,0,false,false,false,false,0
ENZPU001,none,,2026-08-09T09:08:12.000Z,21.37550111,-157.74438876,UAV 1,2,1:3001:2294,ENZPU001,1:1:222:28:13:7:3,0,false,false,false,false,0
ENZPU002,none,,2026-08-09T09:08:12.000Z,21.37545350,-157.74447070,UAV 1,2,1:3001:2442,ENZPU002,1:1:222:28:13:7:3,0,false,false,false,false,0
ENGAZ001,move to,LOC_적전방방어선후방,2026-08-09T09:08:12.000Z,21.37249037,-157.74295570,UAV 1,2,1:3001:2289,ENGAZ001,1:1:222:7:8:0:0,0,false,false,false,false,0
ENM35001,move to,LOC_적북측접근로,2026-08-09T09:08:12.000Z,21.37135320,-157.74164283,UAV 1,2,1:3001:2389,ENM35001,1:1:225:7:1:6:0,0,false,false,false,false,0
ENMORT005,none,,2026-08-09T09:08:13.000Z,21.37457651,-157.73710572,UAV 1,2,1:3001:2242,ENMORT005,1:1:71:10:1:0:1,0,false,false,false,false,0
ENMORT004,none,,2026-08-09T09:08:13.000Z,21.37447596,-157.73706256,UAV 1,2,1:3001:2265,ENMORT004,1:1:71:10:1:0:1,0,false,false,false,false,0
ENMORT001,none,,2026-08-09T09:08:13.000Z,21.37443553,-157.73716992,UAV 1,2,1:3001:2424,ENMORT001,1:1:71:10:1:0:1,0,false,false,false,false,0
ENMORT002,none,,2026-08-09T09:08:13.000Z,21.37453609,-157.73721308,UAV 1,2,1:3001:2469,ENMORT002,1:1:71:10:1:0:1,0,false,false,false,false,0
ENMORT003,none,,2026-08-09T09:08:13.000Z,21.37463664,-157.73725624,UAV 1,2,1:3001:2500,ENMORT003,1:1:71:10:1:0:1,0,false,false,false,false,0
ENZPU001,none,,2026-08-09T09:08:13.000Z,21.37550111,-157.74438876,UAV 1,2,1:3001:2294,ENZPU001,1:1:222:28:13:7:3,0,false,false,false,false,0
ENZPU002,none,,2026-08-09T09:08:13.000Z,21.37545350,-157.74447070,UAV 1,2,1:3001:2442,ENZPU002,1:1:222:28:13:7:3,0,false,false,false,false,0
ENGAZ001,move to,LOC_적전방방어선후방,2026-08-09T09:08:13.000Z,21.37249037,-157.74295570,UAV 1,2,1:3001:2289,ENGAZ001,1:1:222:7:8:0:0,0,false,false,false,false,0
ENM35001,move to,LOC_적북측접근로,2026-08-09T09:08:13.000Z,21.37135320,-157.74164283,UAV 1,2,1:3001:2389,ENM35001,1:1:225:7:1:6:0,0,false,false,false,false,0
ENMORT005,none,,2026-08-09T09:08:15.000Z,21.37457651,-157.73710572,UAV 1,2,1:3001:2242,ENMORT005,1:1:71:10:1:0:1,0,false,false,false,false,0
ENMORT004,none,,2026-08-09T09:08:15.000Z,21.37447596,-157.73706256,UAV 1,2,1:3001:2265,ENMORT004,1:1:71:10:1:0:1,0,false,false,false,false,0
ENMORT001,none,,2026-08-09T09:08:15.000Z,21.37443553,-157.73716992,UAV 1,2,1:3001:2424,ENMORT001,1:1:71:10:1:0:1,0,false,false,false,false,0
ENMORT002,none,,2026-08-09T09:08:15.000Z,21.37453609,-157.73721308,UAV 1,2,1:3001:2469,ENMORT002,1:1:71:10:1:0:1,0,false,false,false,false,0
ENMORT003,none,,2026-08-09T09:08:15.000Z,21.37463664,-157.73725624,UAV 1,2,1:3001:2500,ENMORT003,1:1:71:10:1:0:1,0,false,false,false,false,0
ENZPU001,none,,2026-08-09T09:08:15.000Z,21.37550111,-157.74438876,UAV 1,2,1:3001:2294,ENZPU001,1:1:222:28:13:7:3,0,false,false,false,false,0
ENZPU002,none,,2026-08-09T09:08:15.000Z,21.37545350,-157.74447070,UAV 1,2,1:3001:2442,ENZPU002,1:1:222:28:13:7:3,0,false,false,false,false,0
ENGAZ001,move to,LOC_적전방방어선후방,2026-08-09T09:08:15.000Z,21.37259147,-157.74305992,UAV 1,2,1:3001:2289,ENGAZ001,1:1:222:7:8:0:0,0,false,false,false,false,0
ENGAZ003,move to,LOC_적전방방어선후방,2026-08-09T09:08:15.000Z,21.37280658,-157.74328210,UAV 1,2,1:3001:2384,ENGAZ003,1:1:222:7:8:0:0,0,false,false,false,false,0
ENMORT005,none,,2026-08-09T09:08:16.000Z,21.37457651,-157.73710572,UAV 1,2,1:3001:2242,ENMORT005,1:1:71:10:1:0:1,0,false,false,false,false,0
ENMORT004,none,,2026-08-09T09:08:16.000Z,21.37447596,-157.73706256,UAV 1,2,1:3001:2265,ENMORT004,1:1:71:10:1:0:1,0,false,false,false,false,0
ENMORT001,none,,2026-08-09T09:08:16.000Z,21.37443553,-157.73716992,UAV 1,2,1:3001:2424,ENMORT001,1:1:71:10:1:0:1,0,false,false,false,false,0
ENMORT002,none,,2026-08-09T09:08:16.000Z,21.37453609,-157.73721308,UAV 1,2,1:3001:2469,ENMORT002,1:1:71:10:1:0:1,0,false,false,false,false,0
ENMORT003,none,,2026-08-09T09:08:16.000Z,21.37463664,-157.73725624,UAV 1,2,1:3001:2500,ENMORT003,1:1:71:10:1:0:1,0,false,false,false,false,0
ENZPU001,none,,2026-08-09T09:08:16.000Z,21.37550111,-157.74438876,UAV 1,2,1:3001:2294,ENZPU001,1:1:222:28:13:7:3,0,false,false,false,false,0
ENZPU002,none,,2026-08-09T09:08:16.000Z,21.37545350,-157.74447070,UAV 1,2,1:3001:2442,ENZPU002,1:1:222:28:13:7:3,0,false,false,false,false,0
ENGAZ003,move to,LOC_적전방방어선후방,2026-08-09T09:08:16.000Z,21.37292127,-157.74340024,UAV 1,2,1:3001:2384,ENGAZ003,1:1:222:7:8:0:0,0,false,false,false,false,0
ENMORT005,none,,2026-08-09T09:08:17.000Z,21.37457651,-157.73710572,UAV 1,2,1:3001:2242,ENMORT005,1:1:71:10:1:0:1,0,false,false,false,false,0
ENMORT004,none,,2026-08-09T09:08:17.000Z,21.37447596,-157.73706256,UAV 1,2,1:3001:2265,ENMORT004,1:1:71:10:1:0:1,0,false,false,false,false,0
ENMORT001,none,,2026-08-09T09:08:17.000Z,21.37443553,-157.73716992,UAV 1,2,1:3001:2424,ENMORT001,1:1:71:10:1:0:1,0,false,false,false,false,0
ENMORT002,none,,2026-08-09T09:08:17.000Z,21.37453609,-157.73721308,UAV 1,2,1:3001:2469,ENMORT002,1:1:71:10:1:0:1,0,false,false,false,false,0
ENMORT003,none,,2026-08-09T09:08:17.000Z,21.37463664,-157.73725624,UAV 1,2,1:3001:2500,ENMORT003,1:1:71:10:1:0:1,0,false,false,false,false,0
ENZPU001,none,,2026-08-09T09:08:17.000Z,21.37550111,-157.74438876,UAV 1,2,1:3001:2294,ENZPU001,1:1:222:28:13:7:3,0,false,false,false,false,0
ENZPU002,none,,2026-08-09T09:08:17.000Z,21.37545350,-157.74447070,UAV 1,2,1:3001:2442,ENZPU002,1:1:222:28:13:7:3,0,false,false,false,false,0
ENGAZ003,move to,LOC_적전방방어선후방,2026-08-09T09:08:17.000Z,21.37292127,-157.74340024,UAV 1,2,1:3001:2384,ENGAZ003,1:1:222:7:8:0:0,0,false,false,false,false,0
ENMORT005,none,,2026-08-09T09:08:19.000Z,21.37457651,-157.73710572,UAV 1,2,1:3001:2242,ENMORT005,1:1:71:10:1:0:1,0,false,false,false,false,0
ENMORT004,none,,2026-08-09T09:08:19.000Z,21.37447596,-157.73706256,UAV 1,2,1:3001:2265,ENMORT004,1:1:71:10:1:0:1,0,false,false,false,false,0
ENMORT001,none,,2026-08-09T09:08:19.000Z,21.37443553,-157.73716992,UAV 1,2,1:3001:2424,ENMORT001,1:1:71:10:1:0:1,0,false,false,false,false,0
ENMORT002,none,,2026-08-09T09:08:19.000Z,21.37453609,-157.73721308,UAV 1,2,1:3001:2469,ENMORT002,1:1:71:10:1:0:1,0,false,false,false,false,0
ENMORT003,none,,2026-08-09T09:08:19.000Z,21.37463664,-157.73725624,UAV 1,2,1:3001:2500,ENMORT003,1:1:71:10:1:0:1,0,false,false,false,false,0
ENZPU001,none,,2026-08-09T09:08:19.000Z,21.37550111,-157.74438876,UAV 1,2,1:3001:2294,ENZPU001,1:1:222:28:13:7:3,0,false,false,false,false,0
ENZPU002,none,,2026-08-09T09:08:19.000Z,21.37545350,-157.74447070,UAV 1,2,1:3001:2442,ENZPU002,1:1:222:28:13:7:3,0,false,false,false,false,0
ENGAZ003,move to,LOC_적전방방어선후방,2026-08-09T09:08:19.000Z,21.37302426,-157.74350633,UAV 1,2,1:3001:2384,ENGAZ003,1:1:222:7:8:0:0,0,false,false,false,false,0
ENGAZ001,move to,LOC_적전방방어선후방,2026-08-09T09:08:19.000Z,21.37280489,-157.74327995,UAV 1,2,1:3001:2289,ENGAZ001,1:1:222:7:8:0:0,0,false,false,false,false,0
ENBTR80001,move to,LOC_북측예비방어선,2026-08-09T09:08:19.000Z,21.37688529,-157.74210135,UAV 1,2,1:3001:2332,ENBTR80001,1:1:222:2:13:0:0,0,false,false,false,false,0
ENBTR80003,move to,LOC_북측예비방어선,2026-08-09T09:08:19.000Z,21.37678003,-157.74212629,UAV 1,2,1:3001:2388,ENBTR80003,1:1:222:2:13:0:0,0,false,false,false,false,0
ENBTR60008,move to,LOC_적북측접근로,2026-08-09T09:08:19.000Z,21.37701033,-157.74154014,UAV 1,2,1:3001:2461,ENBTR60008,1:1:222:2:8:1:0,0,false,false,false,false,0
ENMORT005,none,,2026-08-09T09:08:21.000Z,21.37457651,-157.73710572,UAV 1,2,1:3001:2242,ENMORT005,1:1:71:10:1:0:1,0,false,false,false,false,0
ENMORT004,none,,2026-08-09T09:08:21.000Z,21.37447596,-157.73706256,UAV 1,2,1:3001:2265,ENMORT004,1:1:71:10:1:0:1,0,false,false,false,false,0
ENMORT001,none,,2026-08-09T09:08:21.000Z,21.37443553,-157.73716992,UAV 1,2,1:3001:2424,ENMORT001,1:1:71:10:1:0:1,0,false,false,false,false,0
ENMORT002,none,,2026-08-09T09:08:21.000Z,21.37453609,-157.73721308,UAV 1,2,1:3001:2469,ENMORT002,1:1:71:10:1:0:1,0,false,false,false,false,0
ENMORT003,none,,2026-08-09T09:08:21.000Z,21.37463664,-157.73725624,UAV 1,2,1:3001:2500,ENMORT003,1:1:71:10:1:0:1,0,false,false,false,false,0
ENZPU001,none,,2026-08-09T09:08:21.000Z,21.37550111,-157.74438876,UAV 1,2,1:3001:2294,ENZPU001,1:1:222:28:13:7:3,0,false,false,false,false,0
ENZPU002,none,,2026-08-09T09:08:21.000Z,21.37545350,-157.74447070,UAV 1,2,1:3001:2442,ENZPU002,1:1:222:28:13:7:3,0,false,false,false,false,0
ENGAZ003,move to,LOC_적전방방어선후방,2026-08-09T09:08:21.000Z,21.37313886,-157.74362438,UAV 1,2,1:3001:2384,ENGAZ003,1:1:222:7:8:0:0,0,false,false,false,false,0
ENGAZ001,move to,LOC_적전방방어선후방,2026-08-09T09:08:21.000Z,21.37292372,-157.74340246,UAV 1,2,1:3001:2289,ENGAZ001,1:1:222:7:8:0:0,0,false,false,false,false,0
ENBTR80001,move to,LOC_북측예비방어선,2026-08-09T09:08:21.000Z,21.37669827,-157.74215498,UAV 1,2,1:3001:2332,ENBTR80001,1:1:222:2:13:0:0,0,false,false,false,false,0
ENBTR60008,move to,LOC_적북측접근로,2026-08-09T09:08:21.000Z,21.37681478,-157.74154702,UAV 1,2,1:3001:2461,ENBTR60008,1:1:222:2:8:1:0,0,false,false,false,false,0
ENBTR60007,move to,LOC_북측예비방어선,2026-08-09T09:08:21.000Z,21.37699293,-157.74206029,UAV 1,2,1:3001:2450,ENBTR60007,1:1:222:2:8:1:0,0,false,false,false,false,0
ENMORT005,none,,2026-08-09T09:08:22.000Z,21.37457651,-157.73710572,UAV 1,2,1:3001:2242,ENMORT005,1:1:71:10:1:0:1,0,false,false,false,false,0
ENMORT004,none,,2026-08-09T09:08:22.000Z,21.37447596,-157.73706256,UAV 1,2,1:3001:2265,ENMORT004,1:1:71:10:1:0:1,0,false,false,false,false,0
ENMORT001,none,,2026-08-09T09:08:22.000Z,21.37443553,-157.73716992,UAV 1,2,1:3001:2424,ENMORT001,1:1:71:10:1:0:1,0,false,false,false,false,0
ENMORT002,none,,2026-08-09T09:08:22.000Z,21.37453609,-157.73721308,UAV 1,2,1:3001:2469,ENMORT002,1:1:71:10:1:0:1,0,false,false,false,false,0
ENMORT003,none,,2026-08-09T09:08:22.000Z,21.37463664,-157.73725624,UAV 1,2,1:3001:2500,ENMORT003,1:1:71:10:1:0:1,0,false,false,false,false,0
ENZPU001,none,,2026-08-09T09:08:22.000Z,21.37550111,-157.74438876,UAV 1,2,1:3001:2294,ENZPU001,1:1:222:28:13:7:3,0,false,false,false,false,0
ENZPU002,none,,2026-08-09T09:08:22.000Z,21.37545350,-157.74447070,UAV 1,2,1:3001:2442,ENZPU002,1:1:222:28:13:7:3,0,false,false,false,false,0
ENGAZ003,move to,LOC_적전방방어선후방,2026-08-09T09:08:22.000Z,21.37317033,-157.74365680,UAV 1,2,1:3001:2384,ENGAZ003,1:1:222:7:8:0:0,0,false,false,false,false,0
ENGAZ001,move to,LOC_적전방방어선후방,2026-08-09T09:08:22.000Z,21.37302727,-157.74350921,UAV 1,2,1:3001:2289,ENGAZ001,1:1:222:7:8:0:0,0,false,false,false,false,0
ENBTR60008,move to,LOC_적북측접근로,2026-08-09T09:08:22.000Z,21.37662361,-157.74155374,UAV 1,2,1:3001:2461,ENBTR60008,1:1:222:2:8:1:0,0,false,false,false,false,0
ENBTR60007,move to,LOC_북측예비방어선,2026-08-09T09:08:22.000Z,21.37680881,-157.74211360,UAV 1,2,1:3001:2450,ENBTR60007,1:1:222:2:8:1:0,0,false,false,false,false,0
ENMORT005,none,,2026-08-09T09:08:23.000Z,21.37457651,-157.73710572,UAV 1,2,1:3001:2242,ENMORT005,1:1:71:10:1:0:1,0,false,false,false,false,0
ENMORT004,none,,2026-08-09T09:08:23.000Z,21.37447596,-157.73706256,UAV 1,2,1:3001:2265,ENMORT004,1:1:71:10:1:0:1,0,false,false,false,false,0
ENMORT001,none,,2026-08-09T09:08:23.000Z,21.37443553,-157.73716992,UAV 1,2,1:3001:2424,ENMORT001,1:1:71:10:1:0:1,0,false,false,false,false,0
ENMORT002,none,,2026-08-09T09:08:23.000Z,21.37453609,-157.73721308,UAV 1,2,1:3001:2469,ENMORT002,1:1:71:10:1:0:1,0,false,false,false,false,0
ENMORT003,none,,2026-08-09T09:08:23.000Z,21.37463664,-157.73725624,UAV 1,2,1:3001:2500,ENMORT003,1:1:71:10:1:0:1,0,false,false,false,false,0
ENZPU001,none,,2026-08-09T09:08:23.000Z,21.37550111,-157.74438876,UAV 1,2,1:3001:2294,ENZPU001,1:1:222:28:13:7:3,0,false,false,false,false,0
ENZPU002,none,,2026-08-09T09:08:23.000Z,21.37545350,-157.74447070,UAV 1,2,1:3001:2442,ENZPU002,1:1:222:28:13:7:3,0,false,false,false,false,0
ENGAZ003,move to,LOC_적전방방어선후방,2026-08-09T09:08:23.000Z,21.37317033,-157.74365680,UAV 1,2,1:3001:2384,ENGAZ003,1:1:222:7:8:0:0,0,false,false,false,false,0
ENGAZ001,move to,LOC_적전방방어선후방,2026-08-09T09:08:23.000Z,21.37302727,-157.74350921,UAV 1,2,1:3001:2289,ENGAZ001,1:1:222:7:8:0:0,0,false,false,false,false,0
ENBTR60008,move to,LOC_적북측접근로,2026-08-09T09:08:23.000Z,21.37662361,-157.74155374,UAV 1,2,1:3001:2461,ENBTR60008,1:1:222:2:8:1:0,0,false,false,false,false,0
ENBTR60007,move to,LOC_북측예비방어선,2026-08-09T09:08:23.000Z,21.37680881,-157.74211360,UAV 1,2,1:3001:2450,ENBTR60007,1:1:222:2:8:1:0,0,false,false,false,false,0
ENMORT005,none,,2026-08-09T09:08:25.000Z,21.37457651,-157.73710572,UAV 1,2,1:3001:2242,ENMORT005,1:1:71:10:1:0:1,0,false,false,false,false,0
ENMORT004,none,,2026-08-09T09:08:25.000Z,21.37447596,-157.73706256,UAV 1,2,1:3001:2265,ENMORT004,1:1:71:10:1:0:1,0,false,false,false,false,0
ENMORT001,none,,2026-08-09T09:08:25.000Z,21.37443553,-157.73716992,UAV 1,2,1:3001:2424,ENMORT001,1:1:71:10:1:0:1,0,false,false,false,false,0
ENMORT002,none,,2026-08-09T09:08:25.000Z,21.37453609,-157.73721308,UAV 1,2,1:3001:2469,ENMORT002,1:1:71:10:1:0:1,0,false,false,false,false,0
ENMORT003,none,,2026-08-09T09:08:25.000Z,21.37463664,-157.73725624,UAV 1,2,1:3001:2500,ENMORT003,1:1:71:10:1:0:1,0,false,false,false,false,0
ENZPU001,none,,2026-08-09T09:08:25.000Z,21.37550111,-157.74438876,UAV 1,2,1:3001:2294,ENZPU001,1:1:222:28:13:7:3,0,false,false,false,false,0
ENZPU002,none,,2026-08-09T09:08:25.000Z,21.37545350,-157.74447070,UAV 1,2,1:3001:2442,ENZPU002,1:1:222:28:13:7:3,0,false,false,false,false,0
ENGAZ003,move to,LOC_적전방방어선후방,2026-08-09T09:08:25.000Z,21.37318549,-157.74367241,UAV 1,2,1:3001:2384,ENGAZ003,1:1:222:7:8:0:0,0,false,false,false,false,0
ENGAZ001,move to,LOC_적전방방어선후방,2026-08-09T09:08:25.000Z,21.37313766,-157.74362302,UAV 1,2,1:3001:2289,ENGAZ001,1:1:222:7:8:0:0,0,false,false,false,false,0
ENBTR60008,move to,LOC_적북측접근로,2026-08-09T09:08:25.000Z,21.37644037,-157.74156019,UAV 1,2,1:3001:2461,ENBTR60008,1:1:222:2:8:1:0,0,false,false,false,false,0
ENBTR80003,move to,LOC_북측예비방어선,2026-08-09T09:08:25.000Z,21.37623301,-157.74228399,UAV 1,2,1:3001:2388,ENBTR80003,1:1:222:2:13:0:0,0,false,false,false,false,0
ENMORT005,none,,2026-08-09T09:08:26.000Z,21.37457651,-157.73710572,UAV 1,2,1:3001:2242,ENMORT005,1:1:71:10:1:0:1,0,false,false,false,false,0
ENMORT004,none,,2026-08-09T09:08:26.000Z,21.37447596,-157.73706256,UAV 1,2,1:3001:2265,ENMORT004,1:1:71:10:1:0:1,0,false,false,false,false,0
ENMORT001,none,,2026-08-09T09:08:26.000Z,21.37443553,-157.73716992,UAV 1,2,1:3001:2424,ENMORT001,1:1:71:10:1:0:1,0,false,false,false,false,0
ENMORT002,none,,2026-08-09T09:08:26.000Z,21.37453609,-157.73721308,UAV 1,2,1:3001:2469,ENMORT002,1:1:71:10:1:0:1,0,false,false,false,false,0
ENMORT003,none,,2026-08-09T09:08:26.000Z,21.37463664,-157.73725624,UAV 1,2,1:3001:2500,ENMORT003,1:1:71:10:1:0:1,0,false,false,false,false,0
ENZPU001,none,,2026-08-09T09:08:26.000Z,21.37550111,-157.74438876,UAV 1,2,1:3001:2294,ENZPU001,1:1:222:28:13:7:3,0,false,false,false,false,0
ENZPU002,none,,2026-08-09T09:08:26.000Z,21.37545350,-157.74447070,UAV 1,2,1:3001:2442,ENZPU002,1:1:222:28:13:7:3,0,false,false,false,false,0
ENGAZ003,move to,LOC_적전방방어선후방,2026-08-09T09:08:26.000Z,21.37321942,-157.74370737,UAV 1,2,1:3001:2384,ENGAZ003,1:1:222:7:8:0:0,0,false,false,false,false,0
ENGAZ001,move to,LOC_적전방방어선후방,2026-08-09T09:08:26.000Z,21.37316724,-157.74365351,UAV 1,2,1:3001:2289,ENGAZ001,1:1:222:7:8:0:0,0,false,false,false,false,0
ENBTR60008,move to,LOC_적북측접근로,2026-08-09T09:08:26.000Z,21.37625421,-157.74156674,UAV 1,2,1:3001:2461,ENBTR60008,1:1:222:2:8:1:0,0,false,false,false,false,0
ENBTR80003,move to,LOC_북측예비방어선,2026-08-09T09:08:26.000Z,21.37605096,-157.74233647,UAV 1,2,1:3001:2388,ENBTR80003,1:1:222:2:13:0:0,0,false,false,false,false,0
ENBTR80001,move to,LOC_북측예비방어선,2026-08-09T09:08:26.000Z,21.37615722,-157.74231012,UAV 1,2,1:3001:2332,ENBTR80001,1:1:222:2:13:0:0,0,false,false,false,false,0
ENMORT005,none,,2026-08-09T09:08:28.000Z,21.37457651,-157.73710572,UAV 1,2,1:3001:2242,ENMORT005,1:1:71:10:1:0:1,0,false,false,false,false,0
ENMORT004,none,,2026-08-09T09:08:28.000Z,21.37447596,-157.73706256,UAV 1,2,1:3001:2265,ENMORT004,1:1:71:10:1:0:1,0,false,false,false,false,0
ENMORT001,none,,2026-08-09T09:08:28.000Z,21.37443553,-157.73716992,UAV 1,2,1:3001:2424,ENMORT001,1:1:71:10:1:0:1,0,false,false,false,false,0
ENMORT002,none,,2026-08-09T09:08:28.000Z,21.37453609,-157.73721308,UAV 1,2,1:3001:2469,ENMORT002,1:1:71:10:1:0:1,0,false,false,false,false,0
ENMORT003,none,,2026-08-09T09:08:28.000Z,21.37463664,-157.73725624,UAV 1,2,1:3001:2500,ENMORT003,1:1:71:10:1:0:1,0,false,false,false,false,0
ENZPU001,none,,2026-08-09T09:08:28.000Z,21.37550111,-157.74438876,UAV 1,2,1:3001:2294,ENZPU001,1:1:222:28:13:7:3,0,false,false,false,false,0
ENZPU002,none,,2026-08-09T09:08:28.000Z,21.37545350,-157.74447070,UAV 1,2,1:3001:2442,ENZPU002,1:1:222:28:13:7:3,0,false,false,false,false,0
ENGAZ003,move to,LOC_적전방방어선후방,2026-08-09T09:08:28.000Z,21.37321942,-157.74370737,UAV 1,2,1:3001:2384,ENGAZ003,1:1:222:7:8:0:0,0,false,false,false,false,0
ENGAZ001,move to,LOC_적전방방어선후방,2026-08-09T09:08:28.000Z,21.37316724,-157.74365351,UAV 1,2,1:3001:2289,ENGAZ001,1:1:222:7:8:0:0,0,false,false,false,false,0
ENBTR60008,move to,LOC_적북측접근로,2026-08-09T09:08:28.000Z,21.37625421,-157.74156674,UAV 1,2,1:3001:2461,ENBTR60008,1:1:222:2:8:1:0,0,false,false,false,false,0
ENBTR80003,move to,LOC_북측예비방어선,2026-08-09T09:08:28.000Z,21.37605096,-157.74233647,UAV 1,2,1:3001:2388,ENBTR80003,1:1:222:2:13:0:0,0,false,false,false,false,0
ENBTR80001,move to,LOC_북측예비방어선,2026-08-09T09:08:28.000Z,21.37615722,-157.74231012,UAV 1,2,1:3001:2332,ENBTR80001,1:1:222:2:13:0:0,0,false,false,false,false,0
ENMORT005,none,,2026-08-09T09:08:29.000Z,21.37457651,-157.73710572,UAV 1,2,1:3001:2242,ENMORT005,1:1:71:10:1:0:1,0,false,false,false,false,0
ENMORT004,none,,2026-08-09T09:08:29.000Z,21.37447596,-157.73706256,UAV 1,2,1:3001:2265,ENMORT004,1:1:71:10:1:0:1,0,false,false,false,false,0
ENMORT001,none,,2026-08-09T09:08:29.000Z,21.37443553,-157.73716992,UAV 1,2,1:3001:2424,ENMORT001,1:1:71:10:1:0:1,0,false,false,false,false,0
ENMORT002,none,,2026-08-09T09:08:29.000Z,21.37453609,-157.73721308,UAV 1,2,1:3001:2469,ENMORT002,1:1:71:10:1:0:1,0,false,false,false,false,0
ENMORT003,none,,2026-08-09T09:08:29.000Z,21.37463664,-157.73725624,UAV 1,2,1:3001:2500,ENMORT003,1:1:71:10:1:0:1,0,false,false,false,false,0
ENZPU001,none,,2026-08-09T09:08:29.000Z,21.37550111,-157.74438876,UAV 1,2,1:3001:2294,ENZPU001,1:1:222:28:13:7:3,0,false,false,false,false,0
ENZPU002,none,,2026-08-09T09:08:29.000Z,21.37545350,-157.74447070,UAV 1,2,1:3001:2442,ENZPU002,1:1:222:28:13:7:3,0,false,false,false,false,0
ENGAZ003,move to,LOC_적전방방어선후방,2026-08-09T09:08:29.000Z,21.37324727,-157.74373606,UAV 1,2,1:3001:2384,ENGAZ003,1:1:222:7:8:0:0,0,false,false,false,false,0
ENGAZ001,move to,LOC_적전방방어선후방,2026-08-09T09:08:29.000Z,21.37318718,-157.74367406,UAV 1,2,1:3001:2289,ENGAZ001,1:1:222:7:8:0:0,0,false,false,false,false,0
ENBTR60008,move to,LOC_적북측접근로,2026-08-09T09:08:29.000Z,21.37605071,-157.74157390,UAV 1,2,1:3001:2461,ENBTR60008,1:1:222:2:8:1:0,0,false,false,false,false,0
ENBTR60007,move to,LOC_북측예비방어선,2026-08-09T09:08:29.000Z,21.37625776,-157.74227317,UAV 1,2,1:3001:2450,ENBTR60007,1:1:222:2:8:1:0,0,false,false,false,false,0
ENMORT005,none,,2026-08-09T09:08:31.000Z,21.37457651,-157.73710572,UAV 1,2,1:3001:2242,ENMORT005,1:1:71:10:1:0:1,0,false,false,false,false,0
ENMORT004,none,,2026-08-09T09:08:31.000Z,21.37447596,-157.73706256,UAV 1,2,1:3001:2265,ENMORT004,1:1:71:10:1:0:1,0,false,false,false,false,0
ENMORT001,none,,2026-08-09T09:08:31.000Z,21.37443553,-157.73716992,UAV 1,2,1:3001:2424,ENMORT001,1:1:71:10:1:0:1,0,false,false,false,false,0
ENMORT002,none,,2026-08-09T09:08:31.000Z,21.37453609,-157.73721308,UAV 1,2,1:3001:2469,ENMORT002,1:1:71:10:1:0:1,0,false,false,false,false,0
ENMORT003,none,,2026-08-09T09:08:31.000Z,21.37463664,-157.73725624,UAV 1,2,1:3001:2500,ENMORT003,1:1:71:10:1:0:1,0,false,false,false,false,0
ENZPU001,none,,2026-08-09T09:08:31.000Z,21.37550111,-157.74438876,UAV 1,2,1:3001:2294,ENZPU001,1:1:222:28:13:7:3,0,false,false,false,false,0
ENGAZ003,move to,LOC_적전방방어선후방,2026-08-09T09:08:31.000Z,21.37327131,-157.74376081,UAV 1,2,1:3001:2384,ENGAZ003,1:1:222:7:8:0:0,0,false,false,false,false,0
ENGAZ001,move to,LOC_적전방방어선후방,2026-08-09T09:08:31.000Z,21.37322405,-157.74371208,UAV 1,2,1:3001:2289,ENGAZ001,1:1:222:7:8:0:0,0,false,false,false,false,0
ENBTR60008,move to,LOC_적북측접근로,2026-08-09T09:08:31.000Z,21.37589676,-157.74157932,UAV 1,2,1:3001:2461,ENBTR60008,1:1:222:2:8:1:0,0,false,false,false,false,0
ENMORT005,none,,2026-08-09T09:08:32.000Z,21.37457651,-157.73710572,UAV 1,2,1:3001:2242,ENMORT005,1:1:71:10:1:0:1,0,false,false,false,false,0
ENMORT004,none,,2026-08-09T09:08:32.000Z,21.37447596,-157.73706256,UAV 1,2,1:3001:2265,ENMORT004,1:1:71:10:1:0:1,0,false,false,false,false,0
ENMORT001,none,,2026-08-09T09:08:32.000Z,21.37443553,-157.73716992,UAV 1,2,1:3001:2424,ENMORT001,1:1:71:10:1:0:1,0,false,false,false,false,0
ENMORT002,none,,2026-08-09T09:08:32.000Z,21.37453609,-157.73721308,UAV 1,2,1:3001:2469,ENMORT002,1:1:71:10:1:0:1,0,false,false,false,false,0
ENMORT003,none,,2026-08-09T09:08:32.000Z,21.37463664,-157.73725624,UAV 1,2,1:3001:2500,ENMORT003,1:1:71:10:1:0:1,0,false,false,false,false,0
ENZPU001,none,,2026-08-09T09:08:32.000Z,21.37550111,-157.74438876,UAV 1,2,1:3001:2294,ENZPU001,1:1:222:28:13:7:3,0,false,false,false,false,0
ENGAZ003,none,,2026-08-09T09:08:32.000Z,21.37328892,-157.74377898,UAV 1,2,1:3001:2384,ENGAZ003,1:1:222:7:8:0:0,0,false,false,false,false,0
ENGAZ001,move to,LOC_적전방방어선후방,2026-08-09T09:08:32.000Z,21.37323718,-157.74372562,UAV 1,2,1:3001:2289,ENGAZ001,1:1:222:7:8:0:0,0,false,false,false,false,0
ENBTR60008,move to,LOC_적북측접근로,2026-08-09T09:08:32.000Z,21.37571389,-157.74158576,UAV 1,2,1:3001:2461,ENBTR60008,1:1:222:2:8:1:0,0,false,false,false,false,0
ENMORT005,none,,2026-08-09T09:08:34.000Z,21.37457651,-157.73710572,UAV 1,2,1:3001:2242,ENMORT005,1:1:71:10:1:0:1,0,false,false,false,false,0
ENMORT004,none,,2026-08-09T09:08:34.000Z,21.37447596,-157.73706256,UAV 1,2,1:3001:2265,ENMORT004,1:1:71:10:1:0:1,0,false,false,false,false,0
ENMORT001,none,,2026-08-09T09:08:34.000Z,21.37443553,-157.73716992,UAV 1,2,1:3001:2424,ENMORT001,1:1:71:10:1:0:1,0,false,false,false,false,0
ENMORT002,none,,2026-08-09T09:08:34.000Z,21.37453609,-157.73721308,UAV 1,2,1:3001:2469,ENMORT002,1:1:71:10:1:0:1,0,false,false,false,false,0
ENMORT003,none,,2026-08-09T09:08:34.000Z,21.37463664,-157.73725624,UAV 1,2,1:3001:2500,ENMORT003,1:1:71:10:1:0:1,0,false,false,false,false,0
ENZPU001,none,,2026-08-09T09:08:34.000Z,21.37550111,-157.74438876,UAV 1,2,1:3001:2294,ENZPU001,1:1:222:28:13:7:3,0,false,false,false,false,0
ENGAZ003,none,,2026-08-09T09:08:34.000Z,21.37328892,-157.74377898,UAV 1,2,1:3001:2384,ENGAZ003,1:1:222:7:8:0:0,0,false,false,false,false,0
ENGAZ001,move to,LOC_적전방방어선후방,2026-08-09T09:08:34.000Z,21.37323718,-157.74372562,UAV 1,2,1:3001:2289,ENGAZ001,1:1:222:7:8:0:0,0,false,false,false,false,0
ENBTR60008,move to,LOC_적북측접근로,2026-08-09T09:08:34.000Z,21.37571389,-157.74158576,UAV 1,2,1:3001:2461,ENBTR60008,1:1:222:2:8:1:0,0,false,false,false,false,0
ENMORT005,none,,2026-08-09T09:08:35.000Z,21.37457651,-157.73710572,UAV 1,2,1:3001:2242,ENMORT005,1:1:71:10:1:0:1,0,false,false,false,false,0
ENMORT004,none,,2026-08-09T09:08:35.000Z,21.37447596,-157.73706256,UAV 1,2,1:3001:2265,ENMORT004,1:1:71:10:1:0:1,0,false,false,false,false,0
ENMORT001,none,,2026-08-09T09:08:35.000Z,21.37443553,-157.73716992,UAV 1,2,1:3001:2424,ENMORT001,1:1:71:10:1:0:1,0,false,false,false,false,0
ENMORT002,none,,2026-08-09T09:08:35.000Z,21.37453609,-157.73721308,UAV 1,2,1:3001:2469,ENMORT002,1:1:71:10:1:0:1,0,false,false,false,false,0
ENMORT003,none,,2026-08-09T09:08:35.000Z,21.37463664,-157.73725624,UAV 1,2,1:3001:2500,ENMORT003,1:1:71:10:1:0:1,0,false,false,false,false,0
ENBTR60008,move to,LOC_적북측접근로,2026-08-09T09:08:35.000Z,21.37551914,-157.74159261,UAV 1,2,1:3001:2461,ENBTR60008,1:1:222:2:8:1:0,0,false,false,false,false,0
ENGAZ004,move to,LOC_적전방방어선후방,2026-08-09T09:08:35.000Z,21.37331884,-157.74361631,UAV 1,2,1:3001:2473,ENGAZ004,1:1:222:7:8:0:0,0,false,false,false,false,0
ENMORT005,none,,2026-08-09T09:08:37.000Z,21.37457651,-157.73710572,UAV 1,2,1:3001:2242,ENMORT005,1:1:71:10:1:0:1,0,false,false,false,false,0
ENMORT004,none,,2026-08-09T09:08:37.000Z,21.37447596,-157.73706256,UAV 1,2,1:3001:2265,ENMORT004,1:1:71:10:1:0:1,0,false,false,false,false,0
ENMORT001,none,,2026-08-09T09:08:37.000Z,21.37443553,-157.73716992,UAV 1,2,1:3001:2424,ENMORT001,1:1:71:10:1:0:1,0,false,false,false,false,0
ENMORT002,none,,2026-08-09T09:08:37.000Z,21.37453609,-157.73721308,UAV 1,2,1:3001:2469,ENMORT002,1:1:71:10:1:0:1,0,false,false,false,false,0
ENMORT003,none,,2026-08-09T09:08:37.000Z,21.37463664,-157.73725624,UAV 1,2,1:3001:2500,ENMORT003,1:1:71:10:1:0:1,0,false,false,false,false,0
ENBTR60008,move to,LOC_적북측접근로,2026-08-09T09:08:37.000Z,21.37532131,-157.74159957,UAV 1,2,1:3001:2461,ENBTR60008,1:1:222:2:8:1:0,0,false,false,false,false,0
ENGAZ004,move to,LOC_적전방방어선후방,2026-08-09T09:08:37.000Z,21.37331171,-157.74365711,UAV 1,2,1:3001:2473,ENGAZ004,1:1:222:7:8:0:0,0,false,false,false,false,0
ENGAZ002,move to,LOC_적전방방어선후방,2026-08-09T09:08:37.000Z,21.37333019,-157.74355708,UAV 1,2,1:3001:2356,ENGAZ002,1:1:222:7:8:0:0,0,false,false,false,false,0
ENMORT005,none,,2026-08-09T09:08:38.000Z,21.37457651,-157.73710572,UAV 1,2,1:3001:2242,ENMORT005,1:1:71:10:1:0:1,0,false,false,false,false,0
ENMORT004,none,,2026-08-09T09:08:38.000Z,21.37447596,-157.73706256,UAV 1,2,1:3001:2265,ENMORT004,1:1:71:10:1:0:1,0,false,false,false,false,0
ENMORT001,none,,2026-08-09T09:08:38.000Z,21.37443553,-157.73716992,UAV 1,2,1:3001:2424,ENMORT001,1:1:71:10:1:0:1,0,false,false,false,false,0
ENMORT002,none,,2026-08-09T09:08:38.000Z,21.37453609,-157.73721308,UAV 1,2,1:3001:2469,ENMORT002,1:1:71:10:1:0:1,0,false,false,false,false,0
ENMORT003,none,,2026-08-09T09:08:38.000Z,21.37463664,-157.73725624,UAV 1,2,1:3001:2500,ENMORT003,1:1:71:10:1:0:1,0,false,false,false,false,0
ENBTR60008,move to,LOC_적북측접근로,2026-08-09T09:08:38.000Z,21.37532131,-157.74159957,UAV 1,2,1:3001:2461,ENBTR60008,1:1:222:2:8:1:0,0,false,false,false,false,0
ENGAZ004,move to,LOC_적전방방어선후방,2026-08-09T09:08:38.000Z,21.37331171,-157.74365711,UAV 1,2,1:3001:2473,ENGAZ004,1:1:222:7:8:0:0,0,false,false,false,false,0
ENGAZ002,move to,LOC_적전방방어선후방,2026-08-09T09:08:38.000Z,21.37333019,-157.74355708,UAV 1,2,1:3001:2356,ENGAZ002,1:1:222:7:8:0:0,0,false,false,false,false,0
ENMORT005,none,,2026-08-09T09:08:39.000Z,21.37457651,-157.73710572,UAV 1,2,1:3001:2242,ENMORT005,1:1:71:10:1:0:1,0,false,false,false,false,0
ENMORT004,none,,2026-08-09T09:08:39.000Z,21.37447596,-157.73706256,UAV 1,2,1:3001:2265,ENMORT004,1:1:71:10:1:0:1,0,false,false,false,false,0
ENMORT001,none,,2026-08-09T09:08:39.000Z,21.37443553,-157.73716992,UAV 1,2,1:3001:2424,ENMORT001,1:1:71:10:1:0:1,0,false,false,false,false,0
ENMORT002,none,,2026-08-09T09:08:39.000Z,21.37453609,-157.73721308,UAV 1,2,1:3001:2469,ENMORT002,1:1:71:10:1:0:1,0,false,false,false,false,0
ENMORT003,none,,2026-08-09T09:08:39.000Z,21.37463664,-157.73725624,UAV 1,2,1:3001:2500,ENMORT003,1:1:71:10:1:0:1,0,false,false,false,false,0
ENBTR60008,move to,LOC_적북측접근로,2026-08-09T09:08:39.000Z,21.37514800,-157.74160567,UAV 1,2,1:3001:2461,ENBTR60008,1:1:222:2:8:1:0,0,false,false,false,false,0
ENGAZ004,move to,LOC_적전방방어선후방,2026-08-09T09:08:39.000Z,21.37330322,-157.74370571,UAV 1,2,1:3001:2473,ENGAZ004,1:1:222:7:8:0:0,0,false,false,false,false,0
ENGAZ002,move to,LOC_적전방방어선후방,2026-08-09T09:08:39.000Z,21.37331852,-157.74362221,UAV 1,2,1:3001:2356,ENGAZ002,1:1:222:7:8:0:0,0,false,false,false,false,0
FRMORT002,none,,2026-08-09T09:08:39.000Z,21.39112390,-157.73727132,UAV 1,1,1:3001:2277,FRMORT002,1:1:71:10:1:0:1,0,false,false,false,false,0
FRMORT001,none,,2026-08-09T09:08:39.000Z,21.39104607,-157.73719078,UAV 1,1,1:3001:2318,FRMORT001,1:1:71:10:1:0:1,0,false,false,false,false,0
FRMORT004,none,,2026-08-09T09:08:39.000Z,21.39119933,-157.73718822,UAV 1,1,1:3001:2402,FRMORT004,1:1:71:10:1:0:1,0,false,false,false,false,0
FRMORT003,none,,2026-08-09T09:08:39.000Z,21.39112150,-157.73710768,UAV 1,1,1:3001:2474,FRMORT003,1:1:71:10:1:0:1,0,false,false,false,false,0
ENMORT005,none,,2026-08-09T09:08:40.000Z,21.37457651,-157.73710572,UAV 1,2,1:3001:2242,ENMORT005,1:1:71:10:1:0:1,0,false,false,false,false,0
ENMORT004,none,,2026-08-09T09:08:40.000Z,21.37447596,-157.73706256,UAV 1,2,1:3001:2265,ENMORT004,1:1:71:10:1:0:1,0,false,false,false,false,0
ENMORT001,none,,2026-08-09T09:08:40.000Z,21.37443553,-157.73716992,UAV 1,2,1:3001:2424,ENMORT001,1:1:71:10:1:0:1,0,false,false,false,false,0
ENMORT002,none,,2026-08-09T09:08:40.000Z,21.37453609,-157.73721308,UAV 1,2,1:3001:2469,ENMORT002,1:1:71:10:1:0:1,0,false,false,false,false,0
ENMORT003,none,,2026-08-09T09:08:40.000Z,21.37463664,-157.73725624,UAV 1,2,1:3001:2500,ENMORT003,1:1:71:10:1:0:1,0,false,false,false,false,0
ENBTR60008,move to,LOC_적북측접근로,2026-08-09T09:08:40.000Z,21.37496104,-157.74161225,UAV 1,2,1:3001:2461,ENBTR60008,1:1:222:2:8:1:0,0,false,false,false,false,0
ENGAZ002,move to,LOC_적전방방어선후방,2026-08-09T09:08:40.000Z,21.37331266,-157.74365496,UAV 1,2,1:3001:2356,ENGAZ002,1:1:222:7:8:0:0,0,false,false,false,false,0
FRMORT002,none,,2026-08-09T09:08:40.000Z,21.39112390,-157.73727132,UAV 1,1,1:3001:2277,FRMORT002,1:1:71:10:1:0:1,0,false,false,false,false,0
FRMORT001,none,,2026-08-09T09:08:40.000Z,21.39104607,-157.73719078,UAV 1,1,1:3001:2318,FRMORT001,1:1:71:10:1:0:1,0,false,false,false,false,0
ENMORT005,none,,2026-08-09T09:08:42.000Z,21.37457651,-157.73710572,UAV 1,2,1:3001:2242,ENMORT005,1:1:71:10:1:0:1,0,false,false,false,false,0
ENMORT004,none,,2026-08-09T09:08:42.000Z,21.37447596,-157.73706256,UAV 1,2,1:3001:2265,ENMORT004,1:1:71:10:1:0:1,0,false,false,false,false,0
ENMORT001,none,,2026-08-09T09:08:42.000Z,21.37443553,-157.73716992,UAV 1,2,1:3001:2424,ENMORT001,1:1:71:10:1:0:1,0,false,false,false,false,0
ENMORT002,none,,2026-08-09T09:08:42.000Z,21.37453609,-157.73721308,UAV 1,2,1:3001:2469,ENMORT002,1:1:71:10:1:0:1,0,false,false,false,false,0
ENMORT003,none,,2026-08-09T09:08:42.000Z,21.37463664,-157.73725624,UAV 1,2,1:3001:2500,ENMORT003,1:1:71:10:1:0:1,0,false,false,false,false,0
ENBTR60008,move to,LOC_적북측접근로,2026-08-09T09:08:42.000Z,21.37496104,-157.74161225,UAV 1,2,1:3001:2461,ENBTR60008,1:1:222:2:8:1:0,0,false,false,false,false,0
ENGAZ002,move to,LOC_적전방방어선후방,2026-08-09T09:08:42.000Z,21.37331266,-157.74365496,UAV 1,2,1:3001:2356,ENGAZ002,1:1:222:7:8:0:0,0,false,false,false,false,0
FRMORT002,none,,2026-08-09T09:08:42.000Z,21.39112390,-157.73727132,UAV 1,1,1:3001:2277,FRMORT002,1:1:71:10:1:0:1,0,false,false,false,false,0
FRMORT001,none,,2026-08-09T09:08:42.000Z,21.39104607,-157.73719078,UAV 1,1,1:3001:2318,FRMORT001,1:1:71:10:1:0:1,0,false,false,false,false,0
ENMORT005,none,,2026-08-09T09:08:43.000Z,21.37457651,-157.73710572,UAV 1,2,1:3001:2242,ENMORT005,1:1:71:10:1:0:1,0,false,false,false,false,0
ENMORT004,none,,2026-08-09T09:08:43.000Z,21.37447596,-157.73706256,UAV 1,2,1:3001:2265,ENMORT004,1:1:71:10:1:0:1,0,false,false,false,false,0
ENMORT001,none,,2026-08-09T09:08:43.000Z,21.37443553,-157.73716992,UAV 1,2,1:3001:2424,ENMORT001,1:1:71:10:1:0:1,0,false,false,false,false,0
ENMORT002,none,,2026-08-09T09:08:43.000Z,21.37453609,-157.73721308,UAV 1,2,1:3001:2469,ENMORT002,1:1:71:10:1:0:1,0,false,false,false,false,0
ENMORT003,none,,2026-08-09T09:08:43.000Z,21.37463664,-157.73725624,UAV 1,2,1:3001:2500,ENMORT003,1:1:71:10:1:0:1,0,false,false,false,false,0
ENBTR60008,move to,LOC_적북측접근로,2026-08-09T09:08:43.000Z,21.37478477,-157.74161845,UAV 1,2,1:3001:2461,ENBTR60008,1:1:222:2:8:1:0,0,false,false,false,false,0
ENGAZ002,move to,LOC_적전방방어선후방,2026-08-09T09:08:43.000Z,21.37330326,-157.74370743,UAV 1,2,1:3001:2356,ENGAZ002,1:1:222:7:8:0:0,0,false,false,false,false,0
ENM35001,move to,LOC_적북측접근로,2026-08-09T09:08:43.000Z,21.37137885,-157.74153444,UAV 1,2,1:3001:2389,ENM35001,1:1:225:7:1:6:0,0,false,false,false,false,0
ENMORT005,none,,2026-08-09T09:08:44.000Z,21.37457651,-157.73710572,UAV 1,2,1:3001:2242,ENMORT005,1:1:71:10:1:0:1,0,false,false,false,false,0
ENMORT004,none,,2026-08-09T09:08:44.000Z,21.37447596,-157.73706256,UAV 1,2,1:3001:2265,ENMORT004,1:1:71:10:1:0:1,0,false,false,false,false,0
ENMORT001,none,,2026-08-09T09:08:44.000Z,21.37443553,-157.73716992,UAV 1,2,1:3001:2424,ENMORT001,1:1:71:10:1:0:1,0,false,false,false,false,0
ENMORT002,none,,2026-08-09T09:08:44.000Z,21.37453609,-157.73721308,UAV 1,2,1:3001:2469,ENMORT002,1:1:71:10:1:0:1,0,false,false,false,false,0
ENMORT003,none,,2026-08-09T09:08:44.000Z,21.37463664,-157.73725624,UAV 1,2,1:3001:2500,ENMORT003,1:1:71:10:1:0:1,0,false,false,false,false,0
ENBTR60008,move to,LOC_적북측접근로,2026-08-09T09:08:44.000Z,21.37460157,-157.74162490,UAV 1,2,1:3001:2461,ENBTR60008,1:1:222:2:8:1:0,0,false,false,false,false,0
ENM35002,move to,LOC_적북측접근로,2026-08-09T09:08:44.000Z,21.37135170,-157.74165315,UAV 1,2,1:3001:2375,ENM35002,1:1:225:7:1:6:0,0,false,false,false,false,0
ENMORT005,none,,2026-08-09T09:08:46.000Z,21.37457651,-157.73710572,UAV 1,2,1:3001:2242,ENMORT005,1:1:71:10:1:0:1,0,false,false,false,false,0
ENMORT004,none,,2026-08-09T09:08:46.000Z,21.37447596,-157.73706256,UAV 1,2,1:3001:2265,ENMORT004,1:1:71:10:1:0:1,0,false,false,false,false,0
ENMORT001,none,,2026-08-09T09:08:46.000Z,21.37443553,-157.73716992,UAV 1,2,1:3001:2424,ENMORT001,1:1:71:10:1:0:1,0,false,false,false,false,0
ENMORT002,none,,2026-08-09T09:08:46.000Z,21.37453609,-157.73721308,UAV 1,2,1:3001:2469,ENMORT002,1:1:71:10:1:0:1,0,false,false,false,false,0
ENMORT003,none,,2026-08-09T09:08:46.000Z,21.37463664,-157.73725624,UAV 1,2,1:3001:2500,ENMORT003,1:1:71:10:1:0:1,0,false,false,false,false,0
ENBTR60008,move to,LOC_적북측접근로,2026-08-09T09:08:46.000Z,21.37460157,-157.74162490,UAV 1,2,1:3001:2461,ENBTR60008,1:1:222:2:8:1:0,0,false,false,false,false,0
ENM35002,move to,LOC_적북측접근로,2026-08-09T09:08:46.000Z,21.37135170,-157.74165315,UAV 1,2,1:3001:2375,ENM35002,1:1:225:7:1:6:0,0,false,false,false,false,0
ENMORT005,none,,2026-08-09T09:08:47.000Z,21.37457651,-157.73710572,UAV 1,2,1:3001:2242,ENMORT005,1:1:71:10:1:0:1,0,false,false,false,false,0
ENMORT004,none,,2026-08-09T09:08:47.000Z,21.37447596,-157.73706256,UAV 1,2,1:3001:2265,ENMORT004,1:1:71:10:1:0:1,0,false,false,false,false,0
ENMORT001,none,,2026-08-09T09:08:47.000Z,21.37443553,-157.73716992,UAV 1,2,1:3001:2424,ENMORT001,1:1:71:10:1:0:1,0,false,false,false,false,0
ENMORT002,none,,2026-08-09T09:08:47.000Z,21.37453609,-157.73721308,UAV 1,2,1:3001:2469,ENMORT002,1:1:71:10:1:0:1,0,false,false,false,false,0
ENMORT003,none,,2026-08-09T09:08:47.000Z,21.37463664,-157.73725624,UAV 1,2,1:3001:2500,ENMORT003,1:1:71:10:1:0:1,0,false,false,false,false,0
ENBTR60008,move to,LOC_적북측접근로,2026-08-09T09:08:47.000Z,21.37443112,-157.74163089,UAV 1,2,1:3001:2461,ENBTR60008,1:1:222:2:8:1:0,0,false,false,false,false,0
ENM35002,move to,LOC_적북측접근로,2026-08-09T09:08:47.000Z,21.37135115,-157.74165539,UAV 1,2,1:3001:2375,ENM35002,1:1:225:7:1:6:0,0,false,false,false,false,0
ENBTR60007,move to,LOC_북측예비방어선,2026-08-09T09:08:47.000Z,21.37468184,-157.74272949,UAV 1,2,1:3001:2450,ENBTR60007,1:1:222:2:8:1:0,0,false,false,false,false,0
ENMORT005,none,,2026-08-09T09:08:48.000Z,21.37457651,-157.73710572,UAV 1,2,1:3001:2242,ENMORT005,1:1:71:10:1:0:1,0,false,false,false,false,0
ENMORT004,none,,2026-08-09T09:08:48.000Z,21.37447596,-157.73706256,UAV 1,2,1:3001:2265,ENMORT004,1:1:71:10:1:0:1,0,false,false,false,false,0
ENMORT001,none,,2026-08-09T09:08:48.000Z,21.37443553,-157.73716992,UAV 1,2,1:3001:2424,ENMORT001,1:1:71:10:1:0:1,0,false,false,false,false,0
ENMORT002,none,,2026-08-09T09:08:48.000Z,21.37453609,-157.73721308,UAV 1,2,1:3001:2469,ENMORT002,1:1:71:10:1:0:1,0,false,false,false,false,0
ENMORT003,none,,2026-08-09T09:08:48.000Z,21.37463664,-157.73725624,UAV 1,2,1:3001:2500,ENMORT003,1:1:71:10:1:0:1,0,false,false,false,false,0
ENBTR60008,move to,LOC_적북측접근로,2026-08-09T09:08:48.000Z,21.37443112,-157.74163089,UAV 1,2,1:3001:2461,ENBTR60008,1:1:222:2:8:1:0,0,false,false,false,false,0
ENM35002,move to,LOC_적북측접근로,2026-08-09T09:08:48.000Z,21.37135115,-157.74165539,UAV 1,2,1:3001:2375,ENM35002,1:1:225:7:1:6:0,0,false,false,false,false,0
ENBTR60007,move to,LOC_북측예비방어선,2026-08-09T09:08:48.000Z,21.37468184,-157.74272949,UAV 1,2,1:3001:2450,ENBTR60007,1:1:222:2:8:1:0,0,false,false,false,false,0
ENMORT005,none,,2026-08-09T09:08:50.000Z,21.37457651,-157.73710572,UAV 1,2,1:3001:2242,ENMORT005,1:1:71:10:1:0:1,0,false,false,false,false,0
ENMORT004,none,,2026-08-09T09:08:50.000Z,21.37447596,-157.73706256,UAV 1,2,1:3001:2265,ENMORT004,1:1:71:10:1:0:1,0,false,false,false,false,0
ENMORT001,none,,2026-08-09T09:08:50.000Z,21.37443553,-157.73716992,UAV 1,2,1:3001:2424,ENMORT001,1:1:71:10:1:0:1,0,false,false,false,false,0
ENMORT002,none,,2026-08-09T09:08:50.000Z,21.37453609,-157.73721308,UAV 1,2,1:3001:2469,ENMORT002,1:1:71:10:1:0:1,0,false,false,false,false,0
ENMORT003,none,,2026-08-09T09:08:50.000Z,21.37463664,-157.73725624,UAV 1,2,1:3001:2500,ENMORT003,1:1:71:10:1:0:1,0,false,false,false,false,0
ENBTR60008,move to,LOC_적북측접근로,2026-08-09T09:08:50.000Z,21.37422812,-157.74163804,UAV 1,2,1:3001:2461,ENBTR60008,1:1:222:2:8:1:0,0,false,false,false,false,0
ENM35002,move to,LOC_적북측접근로,2026-08-09T09:08:50.000Z,21.37135733,-157.74163041,UAV 1,2,1:3001:2375,ENM35002,1:1:225:7:1:6:0,0,false,false,false,false,0
FRTRK2004,move to,LOC_남측제1방어선,2026-08-09T09:08:50.000Z,21.38725915,-157.74452945,UAV 1,1,1:3001:2211,FRTRK2004,1:1:225:7:12:8:0,0,false,false,false,false,0
FRTRK2002,move to,LOC_남측제1방어선,2026-08-09T09:08:50.000Z,21.38724101,-157.74437942,UAV 1,1,1:3001:2462,FRTRK2002,1:1:225:7:12:8:0,0,false,false,false,false,0
FRTRK2003,move to,LOC_남측제1방어선,2026-08-09T09:08:50.000Z,21.38729413,-157.74446259,UAV 1,1,1:3001:2498,FRTRK2003,1:1:225:7:12:8:0,0,false,false,false,false,0
ENMORT005,none,,2026-08-09T09:08:51.000Z,21.37457651,-157.73710572,UAV 1,2,1:3001:2242,ENMORT005,1:1:71:10:1:0:1,0,false,false,false,false,0
ENMORT004,none,,2026-08-09T09:08:51.000Z,21.37447596,-157.73706256,UAV 1,2,1:3001:2265,ENMORT004,1:1:71:10:1:0:1,0,false,false,false,false,0
ENMORT001,none,,2026-08-09T09:08:51.000Z,21.37443553,-157.73716992,UAV 1,2,1:3001:2424,ENMORT001,1:1:71:10:1:0:1,0,false,false,false,false,0
ENMORT002,none,,2026-08-09T09:08:51.000Z,21.37453609,-157.73721308,UAV 1,2,1:3001:2469,ENMORT002,1:1:71:10:1:0:1,0,false,false,false,false,0
ENMORT003,none,,2026-08-09T09:08:51.000Z,21.37463664,-157.73725624,UAV 1,2,1:3001:2500,ENMORT003,1:1:71:10:1:0:1,0,false,false,false,false,0
ENBTR60008,move to,LOC_적북측접근로,2026-08-09T09:08:51.000Z,21.37405755,-157.74164404,UAV 1,2,1:3001:2461,ENBTR60008,1:1:222:2:8:1:0,0,false,false,false,false,0
FRTRK2004,move to,LOC_남측제1방어선,2026-08-09T09:08:51.000Z,21.38725986,-157.74453557,UAV 1,1,1:3001:2211,FRTRK2004,1:1:225:7:12:8:0,0,false,false,false,false,0
FRTRK2002,move to,LOC_남측제1방어선,2026-08-09T09:08:51.000Z,21.38724216,-157.74438938,UAV 1,1,1:3001:2462,FRTRK2002,1:1:225:7:12:8:0,0,false,false,false,false,0
FRTRK2003,move to,LOC_남측제1방어선,2026-08-09T09:08:51.000Z,21.38729040,-157.74443243,UAV 1,1,1:3001:2498,FRTRK2003,1:1:225:7:12:8:0,0,false,false,false,false,0
FRTRK1001,move to,LOC_남측제1방어선,2026-08-09T09:08:51.000Z,21.38742161,-157.74444911,UAV 1,1,1:3001:2278,FRTRK1001,1:1:225:7:12:0:0,0,false,false,false,false,0
ENM35001,move to,LOC_적북측접근로,2026-08-09T09:08:51.000Z,21.37135655,-157.74162864,UAV 1,2,1:3001:2389,ENM35001,1:1:225:7:1:6:0,0,false,false,false,false,0
FRTRK1005,move to,LOC_남측제1방어선,2026-08-09T09:08:51.000Z,21.38738255,-157.74448381,UAV 1,1,1:3001:2408,FRTRK1005,1:1:225:7:12:0:0,0,false,false,false,false,0
ENMORT005,none,,2026-08-09T09:08:53.000Z,21.37457651,-157.73710572,UAV 1,2,1:3001:2242,ENMORT005,1:1:71:10:1:0:1,0,false,false,false,false,0
ENMORT004,none,,2026-08-09T09:08:53.000Z,21.37447596,-157.73706256,UAV 1,2,1:3001:2265,ENMORT004,1:1:71:10:1:0:1,0,false,false,false,false,0
ENMORT001,none,,2026-08-09T09:08:53.000Z,21.37443553,-157.73716992,UAV 1,2,1:3001:2424,ENMORT001,1:1:71:10:1:0:1,0,false,false,false,false,0
ENMORT002,none,,2026-08-09T09:08:53.000Z,21.37453609,-157.73721308,UAV 1,2,1:3001:2469,ENMORT002,1:1:71:10:1:0:1,0,false,false,false,false,0
ENMORT003,none,,2026-08-09T09:08:53.000Z,21.37463664,-157.73725624,UAV 1,2,1:3001:2500,ENMORT003,1:1:71:10:1:0:1,0,false,false,false,false,0
ENBTR60008,move to,LOC_적북측접근로,2026-08-09T09:08:53.000Z,21.37405755,-157.74164404,UAV 1,2,1:3001:2461,ENBTR60008,1:1:222:2:8:1:0,0,false,false,false,false,0
FRTRK2004,move to,LOC_남측제1방어선,2026-08-09T09:08:53.000Z,21.38725986,-157.74453557,UAV 1,1,1:3001:2211,FRTRK2004,1:1:225:7:12:8:0,0,false,false,false,false,0
FRTRK2002,move to,LOC_남측제1방어선,2026-08-09T09:08:53.000Z,21.38724216,-157.74438938,UAV 1,1,1:3001:2462,FRTRK2002,1:1:225:7:12:8:0,0,false,false,false,false,0
FRTRK2003,move to,LOC_남측제1방어선,2026-08-09T09:08:53.000Z,21.38729040,-157.74443243,UAV 1,1,1:3001:2498,FRTRK2003,1:1:225:7:12:8:0,0,false,false,false,false,0
FRTRK1001,move to,LOC_남측제1방어선,2026-08-09T09:08:53.000Z,21.38742161,-157.74444911,UAV 1,1,1:3001:2278,FRTRK1001,1:1:225:7:12:0:0,0,false,false,false,false,0
ENM35001,move to,LOC_적북측접근로,2026-08-09T09:08:53.000Z,21.37135655,-157.74162864,UAV 1,2,1:3001:2389,ENM35001,1:1:225:7:1:6:0,0,false,false,false,false,0
FRTRK1005,move to,LOC_남측제1방어선,2026-08-09T09:08:53.000Z,21.38738255,-157.74448381,UAV 1,1,1:3001:2408,FRTRK1005,1:1:225:7:12:0:0,0,false,false,false,false,0
ENMORT005,none,,2026-08-09T09:08:54.000Z,21.37457651,-157.73710572,UAV 1,2,1:3001:2242,ENMORT005,1:1:71:10:1:0:1,0,false,false,false,false,0
ENMORT004,none,,2026-08-09T09:08:54.000Z,21.37447596,-157.73706256,UAV 1,2,1:3001:2265,ENMORT004,1:1:71:10:1:0:1,0,false,false,false,false,0
ENMORT001,none,,2026-08-09T09:08:54.000Z,21.37443553,-157.73716992,UAV 1,2,1:3001:2424,ENMORT001,1:1:71:10:1:0:1,0,false,false,false,false,0
ENMORT002,none,,2026-08-09T09:08:54.000Z,21.37453609,-157.73721308,UAV 1,2,1:3001:2469,ENMORT002,1:1:71:10:1:0:1,0,false,false,false,false,0
ENMORT003,none,,2026-08-09T09:08:54.000Z,21.37463664,-157.73725624,UAV 1,2,1:3001:2500,ENMORT003,1:1:71:10:1:0:1,0,false,false,false,false,0
ENBTR60008,move to,LOC_적북측접근로,2026-08-09T09:08:54.000Z,21.37384723,-157.74165144,UAV 1,2,1:3001:2461,ENBTR60008,1:1:222:2:8:1:0,0,false,false,false,false,0
FRTRK2004,move to,LOC_남측제1방어선,2026-08-09T09:08:54.000Z,21.38725999,-157.74453668,UAV 1,1,1:3001:2211,FRTRK2004,1:1:225:7:12:8:0,0,false,false,false,false,0
FRTRK2002,move to,LOC_남측제1방어선,2026-08-09T09:08:54.000Z,21.38724405,-157.74440564,UAV 1,1,1:3001:2462,FRTRK2002,1:1:225:7:12:8:0,0,false,false,false,false,0
FRTRK1001,move to,LOC_남측제1방어선,2026-08-09T09:08:54.000Z,21.38741958,-157.74443539,UAV 1,1,1:3001:2278,FRTRK1001,1:1:225:7:12:0:0,0,false,false,false,false,0
ENM35001,move to,LOC_적북측접근로,2026-08-09T09:08:54.000Z,21.37135074,-157.74165321,UAV 1,2,1:3001:2389,ENM35001,1:1:225:7:1:6:0,0,false,false,false,false,0
FRTRK1005,move to,LOC_남측제1방어선,2026-08-09T09:08:54.000Z,21.38737774,-157.74444943,UAV 1,1,1:3001:2408,FRTRK1005,1:1:225:7:12:0:0,0,false,false,false,false,0
FRM113003,Wait-Duration,,2026-08-09T09:08:54.000Z,21.38084161,-157.74648902,UAV 1,1,1:3001:2282,FRM113003,1:1:225:2:3:1:0,0,false,false,false,false,0
FRT80005,none,,2026-08-09T09:08:54.000Z,21.38084335,-157.74641247,UAV 1,1,1:3001:2300,FRT80005,1:1:222:1:1:1:0,0,false,false,false,false,0
ENMORT005,none,,2026-08-09T09:08:55.000Z,21.37457651,-157.73710572,UAV 1,2,1:3001:2242,ENMORT005,1:1:71:10:1:0:1,0,false,false,false,false,0
ENMORT004,none,,2026-08-09T09:08:55.000Z,21.37447596,-157.73706256,UAV 1,2,1:3001:2265,ENMORT004,1:1:71:10:1:0:1,0,false,false,false,false,0
ENMORT001,none,,2026-08-09T09:08:55.000Z,21.37443553,-157.73716992,UAV 1,2,1:3001:2424,ENMORT001,1:1:71:10:1:0:1,0,false,false,false,false,0
ENMORT002,none,,2026-08-09T09:08:55.000Z,21.37453609,-157.73721308,UAV 1,2,1:3001:2469,ENMORT002,1:1:71:10:1:0:1,0,false,false,false,false,0
ENMORT003,none,,2026-08-09T09:08:55.000Z,21.37463664,-157.73725624,UAV 1,2,1:3001:2500,ENMORT003,1:1:71:10:1:0:1,0,false,false,false,false,0
ENBTR60008,move to,LOC_적북측접근로,2026-08-09T09:08:55.000Z,21.37366434,-157.74165788,UAV 1,2,1:3001:2461,ENBTR60008,1:1:222:2:8:1:0,0,false,false,false,false,0
FRTRK2004,move to,LOC_남측제1방어선,2026-08-09T09:08:55.000Z,21.38725938,-157.74453139,UAV 1,1,1:3001:2211,FRTRK2004,1:1:225:7:12:8:0,0,false,false,false,false,0
FRTRK2002,move to,LOC_남측제1방어선,2026-08-09T09:08:55.000Z,21.38724597,-157.74442227,UAV 1,1,1:3001:2462,FRTRK2002,1:1:225:7:12:8:0,0,false,false,false,false,0
ENM35001,move to,LOC_적북측접근로,2026-08-09T09:08:55.000Z,21.37135139,-157.74165045,UAV 1,2,1:3001:2389,ENM35001,1:1:225:7:1:6:0,0,false,false,false,false,0
FRTRK1005,move to,LOC_남측제1방어선,2026-08-09T09:08:55.000Z,21.38737761,-157.74444849,UAV 1,1,1:3001:2408,FRTRK1005,1:1:225:7:12:0:0,0,false,false,false,false,0
FRM113003,Wait-Duration,,2026-08-09T09:08:55.000Z,21.38084161,-157.74648902,UAV 1,1,1:3001:2282,FRM113003,1:1:225:2:3:1:0,0,false,false,false,false,0
FRT80005,none,,2026-08-09T09:08:55.000Z,21.38084335,-157.74641247,UAV 1,1,1:3001:2300,FRT80005,1:1:222:1:1:1:0,0,false,false,false,false,0
ENM35003,move to,LOC_적북측접근로,2026-08-09T09:08:55.000Z,21.37136638,-157.74158711,UAV 1,2,1:3001:2529,ENM35003,1:1:225:7:1:6:0,0,false,false,false,false,0
ENMORT005,none,,2026-08-09T09:08:57.000Z,21.37457651,-157.73710572,UAV 1,2,1:3001:2242,ENMORT005,1:1:71:10:1:0:1,0,false,false,false,false,0
ENMORT004,none,,2026-08-09T09:08:57.000Z,21.37447596,-157.73706256,UAV 1,2,1:3001:2265,ENMORT004,1:1:71:10:1:0:1,0,false,false,false,false,0
ENMORT001,none,,2026-08-09T09:08:57.000Z,21.37443553,-157.73716992,UAV 1,2,1:3001:2424,ENMORT001,1:1:71:10:1:0:1,0,false,false,false,false,0
ENMORT002,none,,2026-08-09T09:08:57.000Z,21.37453609,-157.73721308,UAV 1,2,1:3001:2469,ENMORT002,1:1:71:10:1:0:1,0,false,false,false,false,0
ENMORT003,none,,2026-08-09T09:08:57.000Z,21.37463664,-157.73725624,UAV 1,2,1:3001:2500,ENMORT003,1:1:71:10:1:0:1,0,false,false,false,false,0
ENBTR60008,move to,LOC_적북측접근로,2026-08-09T09:08:57.000Z,21.37348684,-157.74166412,UAV 1,2,1:3001:2461,ENBTR60008,1:1:222:2:8:1:0,0,false,false,false,false,0
FRTRK2004,move to,LOC_남측제1방어선,2026-08-09T09:08:57.000Z,21.38725850,-157.74452380,UAV 1,1,1:3001:2211,FRTRK2004,1:1:225:7:12:8:0,0,false,false,false,false,0
FRTRK2002,move to,LOC_남측제1방어선,2026-08-09T09:08:57.000Z,21.38724808,-157.74444054,UAV 1,1,1:3001:2462,FRTRK2002,1:1:225:7:12:8:0,0,false,false,false,false,0
FRTRK1005,move to,LOC_남측제1방어선,2026-08-09T09:08:57.000Z,21.38738023,-157.74446726,UAV 1,1,1:3001:2408,FRTRK1005,1:1:225:7:12:0:0,0,false,false,false,false,0
FRM113003,Wait-Duration,,2026-08-09T09:08:57.000Z,21.38084161,-157.74648902,UAV 1,1,1:3001:2282,FRM113003,1:1:225:2:3:1:0,0,false,false,false,false,0
FRT80005,none,,2026-08-09T09:08:57.000Z,21.38084335,-157.74641247,UAV 1,1,1:3001:2300,FRT80005,1:1:222:1:1:1:0,0,false,false,false,false,0
ENM35002,move to,LOC_적북측접근로,2026-08-09T09:08:57.000Z,21.37138540,-157.74151702,UAV 1,2,1:3001:2375,ENM35002,1:1:225:7:1:6:0,0,false,false,false,false,0
FRT69010,move to,LOC_목표A남측,2026-08-09T09:08:57.000Z,21.38377187,-157.74935803,UAV 1,1,1:3001:2510,FRT69010,1:1:45:1:2:1:0,0,false,false,false,false,0
ENMORT005,none,,2026-08-09T09:08:58.000Z,21.37457651,-157.73710572,UAV 1,2,1:3001:2242,ENMORT005,1:1:71:10:1:0:1,0,false,false,false,false,0
ENMORT004,none,,2026-08-09T09:08:58.000Z,21.37447596,-157.73706256,UAV 1,2,1:3001:2265,ENMORT004,1:1:71:10:1:0:1,0,false,false,false,false,0
ENMORT001,none,,2026-08-09T09:08:58.000Z,21.37443553,-157.73716992,UAV 1,2,1:3001:2424,ENMORT001,1:1:71:10:1:0:1,0,false,false,false,false,0
ENMORT002,none,,2026-08-09T09:08:58.000Z,21.37453609,-157.73721308,UAV 1,2,1:3001:2469,ENMORT002,1:1:71:10:1:0:1,0,false,false,false,false,0
ENMORT003,none,,2026-08-09T09:08:58.000Z,21.37463664,-157.73725624,UAV 1,2,1:3001:2500,ENMORT003,1:1:71:10:1:0:1,0,false,false,false,false,0
ENBTR60008,move to,LOC_적북측접근로,2026-08-09T09:08:58.000Z,21.37348684,-157.74166412,UAV 1,2,1:3001:2461,ENBTR60008,1:1:222:2:8:1:0,0,false,false,false,false,0
FRTRK2004,move to,LOC_남측제1방어선,2026-08-09T09:08:58.000Z,21.38725850,-157.74452380,UAV 1,1,1:3001:2211,FRTRK2004,1:1:225:7:12:8:0,0,false,false,false,false,0
FRTRK2002,move to,LOC_남측제1방어선,2026-08-09T09:08:58.000Z,21.38724808,-157.74444054,UAV 1,1,1:3001:2462,FRTRK2002,1:1:225:7:12:8:0,0,false,false,false,false,0
FRTRK1005,move to,LOC_남측제1방어선,2026-08-09T09:08:58.000Z,21.38738023,-157.74446726,UAV 1,1,1:3001:2408,FRTRK1005,1:1:225:7:12:0:0,0,false,false,false,false,0
FRM113003,Wait-Duration,,2026-08-09T09:08:58.000Z,21.38084161,-157.74648902,UAV 1,1,1:3001:2282,FRM113003,1:1:225:2:3:1:0,0,false,false,false,false,0
FRT80005,none,,2026-08-09T09:08:58.000Z,21.38084335,-157.74641247,UAV 1,1,1:3001:2300,FRT80005,1:1:222:1:1:1:0,0,false,false,false,false,0
ENM35002,move to,LOC_적북측접근로,2026-08-09T09:08:58.000Z,21.37138540,-157.74151702,UAV 1,2,1:3001:2375,ENM35002,1:1:225:7:1:6:0,0,false,false,false,false,0
FRT69010,move to,LOC_목표A남측,2026-08-09T09:08:58.000Z,21.38377187,-157.74935803,UAV 1,1,1:3001:2510,FRT69010,1:1:45:1:2:1:0,0,false,false,false,false,0
ENMORT005,none,,2026-08-09T09:09:00.000Z,21.37457651,-157.73710572,UAV 1,2,1:3001:2242,ENMORT005,1:1:71:10:1:0:1,0,false,false,false,false,0
ENMORT004,none,,2026-08-09T09:09:00.000Z,21.37447596,-157.73706256,UAV 1,2,1:3001:2265,ENMORT004,1:1:71:10:1:0:1,0,false,false,false,false,0
ENMORT001,none,,2026-08-09T09:09:00.000Z,21.37443553,-157.73716992,UAV 1,2,1:3001:2424,ENMORT001,1:1:71:10:1:0:1,0,false,false,false,false,0
ENMORT002,none,,2026-08-09T09:09:00.000Z,21.37453609,-157.73721308,UAV 1,2,1:3001:2469,ENMORT002,1:1:71:10:1:0:1,0,false,false,false,false,0
ENMORT003,none,,2026-08-09T09:09:00.000Z,21.37463664,-157.73725624,UAV 1,2,1:3001:2500,ENMORT003,1:1:71:10:1:0:1,0,false,false,false,false,0
FRTRK2004,move to,LOC_남측제1방어선,2026-08-09T09:09:00.000Z,21.38725776,-157.74451745,UAV 1,1,1:3001:2211,FRTRK2004,1:1:225:7:12:8:0,0,false,false,false,false,0
FRTRK2002,move to,LOC_남측제1방어선,2026-08-09T09:09:00.000Z,21.38725072,-157.74446334,UAV 1,1,1:3001:2462,FRTRK2002,1:1:225:7:12:8:0,0,false,false,false,false,0
FRM113003,Wait-Duration,,2026-08-09T09:09:00.000Z,21.38084161,-157.74648902,UAV 1,1,1:3001:2282,FRM113003,1:1:225:2:3:1:0,0,false,false,false,false,0
FRT80005,none,,2026-08-09T09:09:00.000Z,21.38084335,-157.74641247,UAV 1,1,1:3001:2300,FRT80005,1:1:222:1:1:1:0,0,false,false,false,false,0
ENM35002,move to,LOC_적북측접근로,2026-08-09T09:09:00.000Z,21.37138346,-157.74152487,UAV 1,2,1:3001:2375,ENM35002,1:1:225:7:1:6:0,0,false,false,false,false,0
FRT69010,move to,LOC_목표A남측,2026-08-09T09:09:00.000Z,21.38392181,-157.74950543,UAV 1,1,1:3001:2510,FRT69010,1:1:45:1:2:1:0,0,false,false,false,false,0
FRM113002,move to,LOC_목표A남측,2026-08-09T09:09:00.000Z,21.38451240,-157.75009482,UAV 1,1,1:3001:2344,FRM113002,1:1:225:2:3:1:0,0,false,false,false,false,0
ENM35001,move to,LOC_적북측접근로,2026-08-09T09:09:00.000Z,21.37136769,-157.74158160,UAV 1,2,1:3001:2389,ENM35001,1:1:225:7:1:6:0,0,false,false,false,false,0
FRM113006,move to,LOC_목표A남측,2026-08-09T09:09:00.000Z,21.38436554,-157.74996311,UAV 1,1,1:3001:2392,FRM113006,1:1:225:2:3:1:0,0,false,false,false,false,0
ENMORT005,none,,2026-08-09T09:09:01.000Z,21.37457651,-157.73710572,UAV 1,2,1:3001:2242,ENMORT005,1:1:71:10:1:0:1,0,false,false,false,false,0
ENMORT004,none,,2026-08-09T09:09:01.000Z,21.37447596,-157.73706256,UAV 1,2,1:3001:2265,ENMORT004,1:1:71:10:1:0:1,0,false,false,false,false,0
ENMORT001,none,,2026-08-09T09:09:01.000Z,21.37443553,-157.73716992,UAV 1,2,1:3001:2424,ENMORT001,1:1:71:10:1:0:1,0,false,false,false,false,0
ENMORT002,none,,2026-08-09T09:09:01.000Z,21.37453609,-157.73721308,UAV 1,2,1:3001:2469,ENMORT002,1:1:71:10:1:0:1,0,false,false,false,false,0
ENMORT003,none,,2026-08-09T09:09:01.000Z,21.37463664,-157.73725624,UAV 1,2,1:3001:2500,ENMORT003,1:1:71:10:1:0:1,0,false,false,false,false,0
FRTRK2004,move to,LOC_남측제1방어선,2026-08-09T09:09:01.000Z,21.38725767,-157.74451668,UAV 1,1,1:3001:2211,FRTRK2004,1:1:225:7:12:8:0,0,false,false,false,false,0
FRM113003,Wait-Duration,,2026-08-09T09:09:01.000Z,21.38084161,-157.74648902,UAV 1,1,1:3001:2282,FRM113003,1:1:225:2:3:1:0,0,false,false,false,false,0
FRT80005,none,,2026-08-09T09:09:01.000Z,21.38084335,-157.74641247,UAV 1,1,1:3001:2300,FRT80005,1:1:222:1:1:1:0,0,false,false,false,false,0
FRT69010,move to,LOC_목표A남측,2026-08-09T09:09:01.000Z,21.38403881,-157.74962045,UAV 1,1,1:3001:2510,FRT69010,1:1:45:1:2:1:0,0,false,false,false,false,0
FRM113006,move to,LOC_목표A남측,2026-08-09T09:09:01.000Z,21.38448686,-157.75007291,UAV 1,1,1:3001:2392,FRM113006,1:1:225:2:3:1:0,0,false,false,false,false,0
ENMORT005,none,,2026-08-09T09:09:03.000Z,21.37457651,-157.73710572,UAV 1,2,1:3001:2242,ENMORT005,1:1:71:10:1:0:1,0,false,false,false,false,0
ENMORT004,none,,2026-08-09T09:09:03.000Z,21.37447596,-157.73706256,UAV 1,2,1:3001:2265,ENMORT004,1:1:71:10:1:0:1,0,false,false,false,false,0
ENMORT001,none,,2026-08-09T09:09:03.000Z,21.37443553,-157.73716992,UAV 1,2,1:3001:2424,ENMORT001,1:1:71:10:1:0:1,0,false,false,false,false,0
ENMORT002,none,,2026-08-09T09:09:03.000Z,21.37453609,-157.73721308,UAV 1,2,1:3001:2469,ENMORT002,1:1:71:10:1:0:1,0,false,false,false,false,0
ENMORT003,none,,2026-08-09T09:09:03.000Z,21.37463664,-157.73725624,UAV 1,2,1:3001:2500,ENMORT003,1:1:71:10:1:0:1,0,false,false,false,false,0
FRTRK2004,move to,LOC_남측제1방어선,2026-08-09T09:09:03.000Z,21.38725767,-157.74451668,UAV 1,1,1:3001:2211,FRTRK2004,1:1:225:7:12:8:0,0,false,false,false,false,0
FRM113003,Wait-Duration,,2026-08-09T09:09:03.000Z,21.38084161,-157.74648902,UAV 1,1,1:3001:2282,FRM113003,1:1:225:2:3:1:0,0,false,false,false,false,0
FRT80005,none,,2026-08-09T09:09:03.000Z,21.38084335,-157.74641247,UAV 1,1,1:3001:2300,FRT80005,1:1:222:1:1:1:0,0,false,false,false,false,0
FRT69010,move to,LOC_목표A남측,2026-08-09T09:09:03.000Z,21.38403881,-157.74962045,UAV 1,1,1:3001:2510,FRT69010,1:1:45:1:2:1:0,0,false,false,false,false,0
FRM113006,move to,LOC_목표A남측,2026-08-09T09:09:03.000Z,21.38448686,-157.75007291,UAV 1,1,1:3001:2392,FRM113006,1:1:225:2:3:1:0,0,false,false,false,false,0
ENMORT005,none,,2026-08-09T09:09:04.000Z,21.37457651,-157.73710572,UAV 1,2,1:3001:2242,ENMORT005,1:1:71:10:1:0:1,0,false,false,false,false,0
ENMORT004,none,,2026-08-09T09:09:04.000Z,21.37447596,-157.73706256,UAV 1,2,1:3001:2265,ENMORT004,1:1:71:10:1:0:1,0,false,false,false,false,0
ENMORT001,none,,2026-08-09T09:09:04.000Z,21.37443553,-157.73716992,UAV 1,2,1:3001:2424,ENMORT001,1:1:71:10:1:0:1,0,false,false,false,false,0
ENMORT002,none,,2026-08-09T09:09:04.000Z,21.37453609,-157.73721308,UAV 1,2,1:3001:2469,ENMORT002,1:1:71:10:1:0:1,0,false,false,false,false,0
ENMORT003,none,,2026-08-09T09:09:04.000Z,21.37463664,-157.73725624,UAV 1,2,1:3001:2500,ENMORT003,1:1:71:10:1:0:1,0,false,false,false,false,0
FRTRK2004,move to,LOC_남측제1방어선,2026-08-09T09:09:04.000Z,21.38725818,-157.74452101,UAV 1,1,1:3001:2211,FRTRK2004,1:1:225:7:12:8:0,0,false,false,false,false,0
FRM113003,Wait-Duration,,2026-08-09T09:09:04.000Z,21.38084161,-157.74648902,UAV 1,1,1:3001:2282,FRM113003,1:1:225:2:3:1:0,0,false,false,false,false,0
FRT80005,none,,2026-08-09T09:09:04.000Z,21.38084335,-157.74641247,UAV 1,1,1:3001:2300,FRT80005,1:1:222:1:1:1:0,0,false,false,false,false,0
FRT69010,move to,LOC_목표A남측,2026-08-09T09:09:04.000Z,21.38417839,-157.74975766,UAV 1,1,1:3001:2510,FRT69010,1:1:45:1:2:1:0,0,false,false,false,false,0
ENM35002,move to,LOC_적북측접근로,2026-08-09T09:09:04.000Z,21.37136987,-157.74157974,UAV 1,2,1:3001:2375,ENM35002,1:1:225:7:1:6:0,0,false,false,false,false,0
ENM35001,move to,LOC_적북측접근로,2026-08-09T09:09:04.000Z,21.37137972,-157.74153075,UAV 1,2,1:3001:2389,ENM35001,1:1:225:7:1:6:0,0,false,false,false,false,0
ENMORT005,none,,2026-08-09T09:09:06.000Z,21.37457651,-157.73710572,UAV 1,2,1:3001:2242,ENMORT005,1:1:71:10:1:0:1,0,false,false,false,false,0
ENMORT004,none,,2026-08-09T09:09:06.000Z,21.37447596,-157.73706256,UAV 1,2,1:3001:2265,ENMORT004,1:1:71:10:1:0:1,0,false,false,false,false,0
ENMORT001,none,,2026-08-09T09:09:06.000Z,21.37443553,-157.73716992,UAV 1,2,1:3001:2424,ENMORT001,1:1:71:10:1:0:1,0,false,false,false,false,0
ENMORT002,none,,2026-08-09T09:09:06.000Z,21.37453609,-157.73721308,UAV 1,2,1:3001:2469,ENMORT002,1:1:71:10:1:0:1,0,false,false,false,false,0
ENMORT003,none,,2026-08-09T09:09:06.000Z,21.37463664,-157.73725624,UAV 1,2,1:3001:2500,ENMORT003,1:1:71:10:1:0:1,0,false,false,false,false,0
FRTRK2004,move to,LOC_남측제1방어선,2026-08-09T09:09:06.000Z,21.38725910,-157.74452895,UAV 1,1,1:3001:2211,FRTRK2004,1:1:225:7:12:8:0,0,false,false,false,false,0
FRM113003,Wait-Duration,,2026-08-09T09:09:06.000Z,21.38084161,-157.74648902,UAV 1,1,1:3001:2282,FRM113003,1:1:225:2:3:1:0,0,false,false,false,false,0
FRT80005,none,,2026-08-09T09:09:06.000Z,21.38084335,-157.74641247,UAV 1,1,1:3001:2300,FRT80005,1:1:222:1:1:1:0,0,false,false,false,false,0
FRT69010,move to,LOC_목표A남측,2026-08-09T09:09:06.000Z,21.38432816,-157.74990489,UAV 1,1,1:3001:2510,FRT69010,1:1:45:1:2:1:0,0,false,false,false,false,0
ENM35001,move to,LOC_적북측접근로,2026-08-09T09:09:06.000Z,21.37138119,-157.74152454,UAV 1,2,1:3001:2389,ENM35001,1:1:225:7:1:6:0,0,false,false,false,false,0
FRTRK1001,move to,LOC_남측제1방어선,2026-08-09T09:09:06.000Z,21.38741969,-157.74443610,UAV 1,1,1:3001:2278,FRTRK1001,1:1:225:7:12:0:0,0,false,false,false,false,0
FRTRK1005,move to,LOC_남측제1방어선,2026-08-09T09:09:06.000Z,21.38738064,-157.74447021,UAV 1,1,1:3001:2408,FRTRK1005,1:1:225:7:12:0:0,0,false,false,false,false,0
ENMORT005,none,,2026-08-09T09:09:07.000Z,21.37457651,-157.73710572,UAV 1,2,1:3001:2242,ENMORT005,1:1:71:10:1:0:1,0,false,false,false,false,0
ENMORT004,none,,2026-08-09T09:09:07.000Z,21.37447596,-157.73706256,UAV 1,2,1:3001:2265,ENMORT004,1:1:71:10:1:0:1,0,false,false,false,false,0
ENMORT001,none,,2026-08-09T09:09:07.000Z,21.37443553,-157.73716992,UAV 1,2,1:3001:2424,ENMORT001,1:1:71:10:1:0:1,0,false,false,false,false,0
ENMORT002,none,,2026-08-09T09:09:07.000Z,21.37453609,-157.73721308,UAV 1,2,1:3001:2469,ENMORT002,1:1:71:10:1:0:1,0,false,false,false,false,0
ENMORT003,none,,2026-08-09T09:09:07.000Z,21.37463664,-157.73725624,UAV 1,2,1:3001:2500,ENMORT003,1:1:71:10:1:0:1,0,false,false,false,false,0
FRTRK2004,move to,LOC_남측제1방어선,2026-08-09T09:09:07.000Z,21.38725910,-157.74452895,UAV 1,1,1:3001:2211,FRTRK2004,1:1:225:7:12:8:0,0,false,false,false,false,0
FRM113003,Wait-Duration,,2026-08-09T09:09:07.000Z,21.38084161,-157.74648902,UAV 1,1,1:3001:2282,FRM113003,1:1:225:2:3:1:0,0,false,false,false,false,0
FRT80005,none,,2026-08-09T09:09:07.000Z,21.38084335,-157.74641247,UAV 1,1,1:3001:2300,FRT80005,1:1:222:1:1:1:0,0,false,false,false,false,0
FRT69010,move to,LOC_목표A남측,2026-08-09T09:09:07.000Z,21.38432816,-157.74990489,UAV 1,1,1:3001:2510,FRT69010,1:1:45:1:2:1:0,0,false,false,false,false,0
ENM35001,move to,LOC_적북측접근로,2026-08-09T09:09:07.000Z,21.37138119,-157.74152454,UAV 1,2,1:3001:2389,ENM35001,1:1:225:7:1:6:0,0,false,false,false,false,0
FRTRK1001,move to,LOC_남측제1방어선,2026-08-09T09:09:07.000Z,21.38741969,-157.74443610,UAV 1,1,1:3001:2278,FRTRK1001,1:1:225:7:12:0:0,0,false,false,false,false,0
FRTRK1005,move to,LOC_남측제1방어선,2026-08-09T09:09:07.000Z,21.38738064,-157.74447021,UAV 1,1,1:3001:2408,FRTRK1005,1:1:225:7:12:0:0,0,false,false,false,false,0
ENMORT005,none,,2026-08-09T09:09:08.000Z,21.37457651,-157.73710572,UAV 1,2,1:3001:2242,ENMORT005,1:1:71:10:1:0:1,0,false,false,false,false,0
ENMORT004,none,,2026-08-09T09:09:08.000Z,21.37447596,-157.73706256,UAV 1,2,1:3001:2265,ENMORT004,1:1:71:10:1:0:1,0,false,false,false,false,0
ENMORT001,none,,2026-08-09T09:09:08.000Z,21.37443553,-157.73716992,UAV 1,2,1:3001:2424,ENMORT001,1:1:71:10:1:0:1,0,false,false,false,false,0
ENMORT002,none,,2026-08-09T09:09:08.000Z,21.37453609,-157.73721308,UAV 1,2,1:3001:2469,ENMORT002,1:1:71:10:1:0:1,0,false,false,false,false,0
ENMORT003,none,,2026-08-09T09:09:08.000Z,21.37463664,-157.73725624,UAV 1,2,1:3001:2500,ENMORT003,1:1:71:10:1:0:1,0,false,false,false,false,0
FRTRK2004,move to,LOC_남측제1방어선,2026-08-09T09:09:08.000Z,21.38725968,-157.74453401,UAV 1,1,1:3001:2211,FRTRK2004,1:1:225:7:12:8:0,0,false,false,false,false,0
FRM113003,none,,2026-08-09T09:09:08.000Z,21.38084161,-157.74648902,UAV 1,1,1:3001:2282,FRM113003,1:1:225:2:3:1:0,0,false,false,false,false,0
FRT80005,none,,2026-08-09T09:09:08.000Z,21.38084335,-157.74641247,UAV 1,1,1:3001:2300,FRT80005,1:1:222:1:1:1:0,0,false,false,false,false,0
FRT69010,move to,LOC_목표A남측,2026-08-09T09:09:08.000Z,21.38444632,-157.75002105,UAV 1,1,1:3001:2510,FRT69010,1:1:45:1:2:1:0,0,false,false,false,false,0
FRTRK1005,move to,LOC_남측제1방어선,2026-08-09T09:09:08.000Z,21.38737757,-157.74444822,UAV 1,1,1:3001:2408,FRTRK1005,1:1:225:7:12:0:0,0,false,false,false,false,0
FRTRK2002,move to,LOC_남측제1방어선,2026-08-09T09:09:08.000Z,21.38724970,-157.74445454,UAV 1,1,1:3001:2462,FRTRK2002,1:1:225:7:12:8:0,0,false,false,false,false,0
FRM113004,move to,LOC_목표A남측,2026-08-09T09:09:08.000Z,21.38461352,-157.75018732,UAV 1,1,1:3001:2489,FRM113004,1:1:225:2:3:1:0,0,false,false,false,false,0
ENMORT005,none,,2026-08-09T09:09:10.000Z,21.37457651,-157.73710572,UAV 1,2,1:3001:2242,ENMORT005,1:1:71:10:1:0:1,0,false,false,false,false,0
ENMORT004,none,,2026-08-09T09:09:10.000Z,21.37447596,-157.73706256,UAV 1,2,1:3001:2265,ENMORT004,1:1:71:10:1:0:1,0,false,false,false,false,0
ENMORT001,none,,2026-08-09T09:09:10.000Z,21.37443553,-157.73716992,UAV 1,2,1:3001:2424,ENMORT001,1:1:71:10:1:0:1,0,false,false,false,false,0
ENMORT002,none,,2026-08-09T09:09:10.000Z,21.37453609,-157.73721308,UAV 1,2,1:3001:2469,ENMORT002,1:1:71:10:1:0:1,0,false,false,false,false,0
ENMORT003,none,,2026-08-09T09:09:10.000Z,21.37463664,-157.73725624,UAV 1,2,1:3001:2500,ENMORT003,1:1:71:10:1:0:1,0,false,false,false,false,0
FRTRK2004,move to,LOC_남측제1방어선,2026-08-09T09:09:10.000Z,21.38725986,-157.74453551,UAV 1,1,1:3001:2211,FRTRK2004,1:1:225:7:12:8:0,0,false,false,false,false,0
FRM113003,none,,2026-08-09T09:09:10.000Z,21.38084161,-157.74648902,UAV 1,1,1:3001:2282,FRM113003,1:1:225:2:3:1:0,0,false,false,false,false,0
FRT80005,none,,2026-08-09T09:09:10.000Z,21.38084335,-157.74641247,UAV 1,1,1:3001:2300,FRT80005,1:1:222:1:1:1:0,0,false,false,false,false,0
FRT69010,move to,LOC_목표A남측,2026-08-09T09:09:10.000Z,21.38453321,-157.75010647,UAV 1,1,1:3001:2510,FRT69010,1:1:45:1:2:1:0,0,false,false,false,false,0
FRTRK1005,move to,LOC_남측제1방어선,2026-08-09T09:09:10.000Z,21.38737753,-157.74444791,UAV 1,1,1:3001:2408,FRTRK1005,1:1:225:7:12:0:0,0,false,false,false,false,0
FRTRK2002,move to,LOC_남측제1방어선,2026-08-09T09:09:10.000Z,21.38724582,-157.74442105,UAV 1,1,1:3001:2462,FRTRK2002,1:1:225:7:12:8:0,0,false,false,false,false,0
ENM35002,move to,LOC_적북측접근로,2026-08-09T09:09:10.000Z,21.37134907,-157.74166376,UAV 1,2,1:3001:2375,ENM35002,1:1:225:7:1:6:0,0,false,false,false,false,0
FRT80006,none,,2026-08-09T09:09:10.000Z,21.38464176,-157.75021342,UAV 1,1,1:3001:2409,FRT80006,1:1:222:1:1:1:0,0,false,false,false,false,0
ENMORT005,none,,2026-08-09T09:09:11.000Z,21.37457651,-157.73710572,UAV 1,2,1:3001:2242,ENMORT005,1:1:71:10:1:0:1,0,false,false,false,false,0
ENMORT004,none,,2026-08-09T09:09:11.000Z,21.37447596,-157.73706256,UAV 1,2,1:3001:2265,ENMORT004,1:1:71:10:1:0:1,0,false,false,false,false,0
ENMORT001,none,,2026-08-09T09:09:11.000Z,21.37443553,-157.73716992,UAV 1,2,1:3001:2424,ENMORT001,1:1:71:10:1:0:1,0,false,false,false,false,0
ENMORT002,none,,2026-08-09T09:09:11.000Z,21.37453609,-157.73721308,UAV 1,2,1:3001:2469,ENMORT002,1:1:71:10:1:0:1,0,false,false,false,false,0
ENMORT003,none,,2026-08-09T09:09:11.000Z,21.37463664,-157.73725624,UAV 1,2,1:3001:2500,ENMORT003,1:1:71:10:1:0:1,0,false,false,false,false,0
FRTRK2004,move to,LOC_남측제1방어선,2026-08-09T09:09:11.000Z,21.38725986,-157.74453551,UAV 1,1,1:3001:2211,FRTRK2004,1:1:225:7:12:8:0,0,false,false,false,false,0
FRM113003,none,,2026-08-09T09:09:11.000Z,21.38084161,-157.74648902,UAV 1,1,1:3001:2282,FRM113003,1:1:225:2:3:1:0,0,false,false,false,false,0
FRT80005,none,,2026-08-09T09:09:11.000Z,21.38084335,-157.74641247,UAV 1,1,1:3001:2300,FRT80005,1:1:222:1:1:1:0,0,false,false,false,false,0
FRT69010,move to,LOC_목표A남측,2026-08-09T09:09:11.000Z,21.38453321,-157.75010647,UAV 1,1,1:3001:2510,FRT69010,1:1:45:1:2:1:0,0,false,false,false,false,0
FRTRK1005,move to,LOC_남측제1방어선,2026-08-09T09:09:11.000Z,21.38737753,-157.74444791,UAV 1,1,1:3001:2408,FRTRK1005,1:1:225:7:12:0:0,0,false,false,false,false,0
FRTRK2002,move to,LOC_남측제1방어선,2026-08-09T09:09:11.000Z,21.38724582,-157.74442105,UAV 1,1,1:3001:2462,FRTRK2002,1:1:225:7:12:8:0,0,false,false,false,false,0
ENM35002,move to,LOC_적북측접근로,2026-08-09T09:09:11.000Z,21.37134907,-157.74166376,UAV 1,2,1:3001:2375,ENM35002,1:1:225:7:1:6:0,0,false,false,false,false,0
FRT80006,none,,2026-08-09T09:09:11.000Z,21.38464176,-157.75021342,UAV 1,1,1:3001:2409,FRT80006,1:1:222:1:1:1:0,0,false,false,false,false,0
ENMORT005,none,,2026-08-09T09:09:12.000Z,21.37457651,-157.73710572,UAV 1,2,1:3001:2242,ENMORT005,1:1:71:10:1:0:1,0,false,false,false,false,0
ENMORT004,none,,2026-08-09T09:09:12.000Z,21.37447596,-157.73706256,UAV 1,2,1:3001:2265,ENMORT004,1:1:71:10:1:0:1,0,false,false,false,false,0
ENMORT001,none,,2026-08-09T09:09:12.000Z,21.37443553,-157.73716992,UAV 1,2,1:3001:2424,ENMORT001,1:1:71:10:1:0:1,0,false,false,false,false,0
ENMORT002,none,,2026-08-09T09:09:12.000Z,21.37453609,-157.73721308,UAV 1,2,1:3001:2469,ENMORT002,1:1:71:10:1:0:1,0,false,false,false,false,0
ENMORT003,none,,2026-08-09T09:09:12.000Z,21.37463664,-157.73725624,UAV 1,2,1:3001:2500,ENMORT003,1:1:71:10:1:0:1,0,false,false,false,false,0
FRTRK2004,move to,LOC_남측제1방어선,2026-08-09T09:09:12.000Z,21.38725938,-157.74453138,UAV 1,1,1:3001:2211,FRTRK2004,1:1:225:7:12:8:0,0,false,false,false,false,0
FRM113003,none,,2026-08-09T09:09:12.000Z,21.38084161,-157.74648902,UAV 1,1,1:3001:2282,FRM113003,1:1:225:2:3:1:0,0,false,false,false,false,0
FRT80005,none,,2026-08-09T09:09:12.000Z,21.38084335,-157.74641247,UAV 1,1,1:3001:2300,FRT80005,1:1:222:1:1:1:0,0,false,false,false,false,0
FRT69010,move to,LOC_목표A남측,2026-08-09T09:09:12.000Z,21.38454983,-157.75012280,UAV 1,1,1:3001:2510,FRT69010,1:1:45:1:2:1:0,0,false,false,false,false,0
FRTRK1005,move to,LOC_남측제1방어선,2026-08-09T09:09:12.000Z,21.38738061,-157.74446997,UAV 1,1,1:3001:2408,FRTRK1005,1:1:225:7:12:0:0,0,false,false,false,false,0
FRTRK2002,move to,LOC_남측제1방어선,2026-08-09T09:09:12.000Z,21.38724377,-157.74440329,UAV 1,1,1:3001:2462,FRTRK2002,1:1:225:7:12:8:0,0,false,false,false,false,0
ENM35002,move to,LOC_적북측접근로,2026-08-09T09:09:12.000Z,21.37135321,-157.74164705,UAV 1,2,1:3001:2375,ENM35002,1:1:225:7:1:6:0,0,false,false,false,false,0
FRT80006,none,,2026-08-09T09:09:12.000Z,21.38464176,-157.75021342,UAV 1,1,1:3001:2409,FRT80006,1:1:222:1:1:1:0,0,false,false,false,false,0
ENM35001,move to,LOC_적북측접근로,2026-08-09T09:09:12.000Z,21.37136433,-157.74159578,UAV 1,2,1:3001:2389,ENM35001,1:1:225:7:1:6:0,0,false,false,false,false,0
ENMORT005,none,,2026-08-09T09:09:14.000Z,21.37457651,-157.73710572,UAV 1,2,1:3001:2242,ENMORT005,1:1:71:10:1:0:1,0,false,false,false,false,0
ENMORT004,none,,2026-08-09T09:09:14.000Z,21.37447596,-157.73706256,UAV 1,2,1:3001:2265,ENMORT004,1:1:71:10:1:0:1,0,false,false,false,false,0
ENMORT001,none,,2026-08-09T09:09:14.000Z,21.37443553,-157.73716992,UAV 1,2,1:3001:2424,ENMORT001,1:1:71:10:1:0:1,0,false,false,false,false,0
ENMORT002,none,,2026-08-09T09:09:14.000Z,21.37453609,-157.73721308,UAV 1,2,1:3001:2469,ENMORT002,1:1:71:10:1:0:1,0,false,false,false,false,0
ENMORT003,none,,2026-08-09T09:09:14.000Z,21.37463664,-157.73725624,UAV 1,2,1:3001:2500,ENMORT003,1:1:71:10:1:0:1,0,false,false,false,false,0
FRTRK2004,move to,LOC_남측제1방어선,2026-08-09T09:09:14.000Z,21.38725852,-157.74452398,UAV 1,1,1:3001:2211,FRTRK2004,1:1:225:7:12:8:0,0,false,false,false,false,0
FRM113003,none,,2026-08-09T09:09:14.000Z,21.38084161,-157.74648902,UAV 1,1,1:3001:2282,FRM113003,1:1:225:2:3:1:0,0,false,false,false,false,0
FRT80005,none,,2026-08-09T09:09:14.000Z,21.38084335,-157.74641247,UAV 1,1,1:3001:2300,FRT80005,1:1:222:1:1:1:0,0,false,false,false,false,0
FRT69010,move to,LOC_목표A남측,2026-08-09T09:09:14.000Z,21.38458445,-157.75015684,UAV 1,1,1:3001:2510,FRT69010,1:1:45:1:2:1:0,0,false,false,false,false,0
FRTRK2002,move to,LOC_남측제1방어선,2026-08-09T09:09:14.000Z,21.38724263,-157.74439345,UAV 1,1,1:3001:2462,FRTRK2002,1:1:225:7:12:8:0,0,false,false,false,false,0
ENM35001,move to,LOC_적북측접근로,2026-08-09T09:09:14.000Z,21.37135395,-157.74163963,UAV 1,2,1:3001:2389,ENM35001,1:1:225:7:1:6:0,0,false,false,false,false,0
ENMORT005,none,,2026-08-09T09:09:15.000Z,21.37457651,-157.73710572,UAV 1,2,1:3001:2242,ENMORT005,1:1:71:10:1:0:1,0,false,false,false,false,0
ENMORT004,none,,2026-08-09T09:09:15.000Z,21.37447596,-157.73706256,UAV 1,2,1:3001:2265,ENMORT004,1:1:71:10:1:0:1,0,false,false,false,false,0
ENMORT001,none,,2026-08-09T09:09:15.000Z,21.37443553,-157.73716992,UAV 1,2,1:3001:2424,ENMORT001,1:1:71:10:1:0:1,0,false,false,false,false,0
ENMORT002,none,,2026-08-09T09:09:15.000Z,21.37453609,-157.73721308,UAV 1,2,1:3001:2469,ENMORT002,1:1:71:10:1:0:1,0,false,false,false,false,0
ENMORT003,none,,2026-08-09T09:09:15.000Z,21.37463664,-157.73725624,UAV 1,2,1:3001:2500,ENMORT003,1:1:71:10:1:0:1,0,false,false,false,false,0
FRTRK2004,move to,LOC_남측제1방어선,2026-08-09T09:09:15.000Z,21.38725852,-157.74452398,UAV 1,1,1:3001:2211,FRTRK2004,1:1:225:7:12:8:0,0,false,false,false,false,0
FRM113003,none,,2026-08-09T09:09:15.000Z,21.38084161,-157.74648902,UAV 1,1,1:3001:2282,FRM113003,1:1:225:2:3:1:0,0,false,false,false,false,0
FRT80005,none,,2026-08-09T09:09:15.000Z,21.38084335,-157.74641247,UAV 1,1,1:3001:2300,FRT80005,1:1:222:1:1:1:0,0,false,false,false,false,0
FRT69010,move to,LOC_목표A남측,2026-08-09T09:09:15.000Z,21.38458445,-157.75015684,UAV 1,1,1:3001:2510,FRT69010,1:1:45:1:2:1:0,0,false,false,false,false,0
FRTRK2002,move to,LOC_남측제1방어선,2026-08-09T09:09:15.000Z,21.38724263,-157.74439345,UAV 1,1,1:3001:2462,FRTRK2002,1:1:225:7:12:8:0,0,false,false,false,false,0
ENM35001,move to,LOC_적북측접근로,2026-08-09T09:09:15.000Z,21.37135395,-157.74163963,UAV 1,2,1:3001:2389,ENM35001,1:1:225:7:1:6:0,0,false,false,false,false,0
ENMORT005,none,,2026-08-09T09:09:15.000Z,21.37457651,-157.73710572,UAV 1,2,1:3001:2242,ENMORT005,1:1:71:10:1:0:1,0,false,false,false,false,0
ENMORT004,none,,2026-08-09T09:09:15.000Z,21.37447596,-157.73706256,UAV 1,2,1:3001:2265,ENMORT004,1:1:71:10:1:0:1,0,false,false,false,false,0
ENMORT001,none,,2026-08-09T09:09:15.000Z,21.37443553,-157.73716992,UAV 1,2,1:3001:2424,ENMORT001,1:1:71:10:1:0:1,0,false,false,false,false,0
ENMORT002,none,,2026-08-09T09:09:15.000Z,21.37453609,-157.73721308,UAV 1,2,1:3001:2469,ENMORT002,1:1:71:10:1:0:1,0,false,false,false,false,0
ENMORT003,none,,2026-08-09T09:09:15.000Z,21.37463664,-157.73725624,UAV 1,2,1:3001:2500,ENMORT003,1:1:71:10:1:0:1,0,false,false,false,false,0
FRTRK2004,move to,LOC_남측제1방어선,2026-08-09T09:09:15.000Z,21.38725798,-157.74451929,UAV 1,1,1:3001:2211,FRTRK2004,1:1:225:7:12:8:0,0,false,false,false,false,0
FRM113003,none,,2026-08-09T09:09:15.000Z,21.38084161,-157.74648902,UAV 1,1,1:3001:2282,FRM113003,1:1:225:2:3:1:0,0,false,false,false,false,0
FRT80005,none,,2026-08-09T09:09:15.000Z,21.38084335,-157.74641247,UAV 1,1,1:3001:2300,FRT80005,1:1:222:1:1:1:0,0,false,false,false,false,0
FRT69010,move to,LOC_목표A남측,2026-08-09T09:09:15.000Z,21.38460221,-157.75017430,UAV 1,1,1:3001:2510,FRT69010,1:1:45:1:2:1:0,0,false,false,false,false,0
FRTRK2002,move to,LOC_남측제1방어선,2026-08-09T09:09:15.000Z,21.38724225,-157.74439019,UAV 1,1,1:3001:2462,FRTRK2002,1:1:225:7:12:8:0,0,false,false,false,false,0
ENM35001,move to,LOC_적북측접근로,2026-08-09T09:09:15.000Z,21.37134937,-157.74165900,UAV 1,2,1:3001:2389,ENM35001,1:1:225:7:1:6:0,0,false,false,false,false,0
FRTRK2003,move to,LOC_남측제1방어선,2026-08-09T09:09:15.000Z,21.38729272,-157.74445119,UAV 1,1,1:3001:2498,FRTRK2003,1:1:225:7:12:8:0,0,false,false,false,false,0
ENMORT005,none,,2026-08-09T09:09:16.000Z,21.37457651,-157.73710572,UAV 1,2,1:3001:2242,ENMORT005,1:1:71:10:1:0:1,0,false,false,false,false,0
ENMORT004,none,,2026-08-09T09:09:16.000Z,21.37447596,-157.73706256,UAV 1,2,1:3001:2265,ENMORT004,1:1:71:10:1:0:1,0,false,false,false,false,0
ENMORT001,none,,2026-08-09T09:09:16.000Z,21.37443553,-157.73716992,UAV 1,2,1:3001:2424,ENMORT001,1:1:71:10:1:0:1,0,false,false,false,false,0
ENMORT002,none,,2026-08-09T09:09:16.000Z,21.37453609,-157.73721308,UAV 1,2,1:3001:2469,ENMORT002,1:1:71:10:1:0:1,0,false,false,false,false,0
ENMORT003,none,,2026-08-09T09:09:16.000Z,21.37463664,-157.73725624,UAV 1,2,1:3001:2500,ENMORT003,1:1:71:10:1:0:1,0,false,false,false,false,0
FRTRK2004,move to,LOC_남측제1방어선,2026-08-09T09:09:16.000Z,21.38725798,-157.74451929,UAV 1,1,1:3001:2211,FRTRK2004,1:1:225:7:12:8:0,0,false,false,false,false,0
FRM113003,none,,2026-08-09T09:09:16.000Z,21.38084161,-157.74648902,UAV 1,1,1:3001:2282,FRM113003,1:1:225:2:3:1:0,0,false,false,false,false,0
FRT80005,none,,2026-08-09T09:09:16.000Z,21.38084335,-157.74641247,UAV 1,1,1:3001:2300,FRT80005,1:1:222:1:1:1:0,0,false,false,false,false,0
FRT69010,move to,LOC_목표A남측,2026-08-09T09:09:16.000Z,21.38460221,-157.75017430,UAV 1,1,1:3001:2510,FRT69010,1:1:45:1:2:1:0,0,false,false,false,false,0
FRTRK2002,move to,LOC_남측제1방어선,2026-08-09T09:09:16.000Z,21.38724225,-157.74439019,UAV 1,1,1:3001:2462,FRTRK2002,1:1:225:7:12:8:0,0,false,false,false,false,0
ENM35001,move to,LOC_적북측접근로,2026-08-09T09:09:16.000Z,21.37134937,-157.74165900,UAV 1,2,1:3001:2389,ENM35001,1:1:225:7:1:6:0,0,false,false,false,false,0
FRTRK2003,move to,LOC_남측제1방어선,2026-08-09T09:09:16.000Z,21.38729272,-157.74445119,UAV 1,1,1:3001:2498,FRTRK2003,1:1:225:7:12:8:0,0,false,false,false,false,0
ENMORT005,none,,2026-08-09T09:09:16.000Z,21.37457651,-157.73710572,UAV 1,2,1:3001:2242,ENMORT005,1:1:71:10:1:0:1,0,false,false,false,false,0
ENMORT004,none,,2026-08-09T09:09:16.000Z,21.37447596,-157.73706256,UAV 1,2,1:3001:2265,ENMORT004,1:1:71:10:1:0:1,0,false,false,false,false,0
ENMORT001,none,,2026-08-09T09:09:16.000Z,21.37443553,-157.73716992,UAV 1,2,1:3001:2424,ENMORT001,1:1:71:10:1:0:1,0,false,false,false,false,0
ENMORT002,none,,2026-08-09T09:09:16.000Z,21.37453609,-157.73721308,UAV 1,2,1:3001:2469,ENMORT002,1:1:71:10:1:0:1,0,false,false,false,false,0
ENMORT003,none,,2026-08-09T09:09:16.000Z,21.37463664,-157.73725624,UAV 1,2,1:3001:2500,ENMORT003,1:1:71:10:1:0:1,0,false,false,false,false,0
FRTRK2004,move to,LOC_남측제1방어선,2026-08-09T09:09:16.000Z,21.38725798,-157.74451929,UAV 1,1,1:3001:2211,FRTRK2004,1:1:225:7:12:8:0,0,false,false,false,false,0
FRM113003,none,,2026-08-09T09:09:16.000Z,21.38084161,-157.74648902,UAV 1,1,1:3001:2282,FRM113003,1:1:225:2:3:1:0,0,false,false,false,false,0
FRT80005,none,,2026-08-09T09:09:16.000Z,21.38084335,-157.74641247,UAV 1,1,1:3001:2300,FRT80005,1:1:222:1:1:1:0,0,false,false,false,false,0
FRT69010,move to,LOC_목표A남측,2026-08-09T09:09:16.000Z,21.38460221,-157.75017430,UAV 1,1,1:3001:2510,FRT69010,1:1:45:1:2:1:0,0,false,false,false,false,0
FRTRK2002,move to,LOC_남측제1방어선,2026-08-09T09:09:16.000Z,21.38724225,-157.74439019,UAV 1,1,1:3001:2462,FRTRK2002,1:1:225:7:12:8:0,0,false,false,false,false,0
ENM35001,move to,LOC_적북측접근로,2026-08-09T09:09:16.000Z,21.37134937,-157.74165900,UAV 1,2,1:3001:2389,ENM35001,1:1:225:7:1:6:0,0,false,false,false,false,0
FRTRK2003,move to,LOC_남측제1방어선,2026-08-09T09:09:16.000Z,21.38729272,-157.74445119,UAV 1,1,1:3001:2498,FRTRK2003,1:1:225:7:12:8:0,0,false,false,false,false,0
ENMORT005,none,,2026-08-09T09:09:17.000Z,21.37457651,-157.73710572,UAV 1,2,1:3001:2242,ENMORT005,1:1:71:10:1:0:1,0,false,false,false,false,0
ENMORT004,none,,2026-08-09T09:09:17.000Z,21.37447596,-157.73706256,UAV 1,2,1:3001:2265,ENMORT004,1:1:71:10:1:0:1,0,false,false,false,false,0
ENMORT001,none,,2026-08-09T09:09:17.000Z,21.37443553,-157.73716992,UAV 1,2,1:3001:2424,ENMORT001,1:1:71:10:1:0:1,0,false,false,false,false,0
ENMORT002,none,,2026-08-09T09:09:17.000Z,21.37453609,-157.73721308,UAV 1,2,1:3001:2469,ENMORT002,1:1:71:10:1:0:1,0,false,false,false,false,0
ENMORT003,none,,2026-08-09T09:09:17.000Z,21.37463664,-157.73725624,UAV 1,2,1:3001:2500,ENMORT003,1:1:71:10:1:0:1,0,false,false,false,false,0
FRTRK2004,move to,LOC_남측제1방어선,2026-08-09T09:09:17.000Z,21.38725781,-157.74451784,UAV 1,1,1:3001:2211,FRTRK2004,1:1:225:7:12:8:0,0,false,false,false,false,0
FRM113003,none,,2026-08-09T09:09:17.000Z,21.38084161,-157.74648902,UAV 1,1,1:3001:2282,FRM113003,1:1:225:2:3:1:0,0,false,false,false,false,0
FRT80005,none,,2026-08-09T09:09:17.000Z,21.38084335,-157.74641247,UAV 1,1,1:3001:2300,FRT80005,1:1:222:1:1:1:0,0,false,false,false,false,0
FRTRK2002,move to,LOC_남측제1방어선,2026-08-09T09:09:17.000Z,21.38724230,-157.74439057,UAV 1,1,1:3001:2462,FRTRK2002,1:1:225:7:12:8:0,0,false,false,false,false,0
ENM35001,move to,LOC_적북측접근로,2026-08-09T09:09:17.000Z,21.37134958,-157.74165812,UAV 1,2,1:3001:2389,ENM35001,1:1:225:7:1:6:0,0,false,false,false,false,0
FRTRK2003,move to,LOC_남측제1방어선,2026-08-09T09:09:17.000Z,21.38729617,-157.74447907,UAV 1,1,1:3001:2498,FRTRK2003,1:1:225:7:12:8:0,0,false,false,false,false,0
FRT80006,none,,2026-08-09T09:09:17.000Z,21.38464176,-157.75021342,UAV 1,1,1:3001:2409,FRT80006,1:1:222:1:1:1:0,0,false,false,false,false,0
ENM35003,move to,LOC_적북측접근로,2026-08-09T09:09:17.000Z,21.37136940,-157.74157434,UAV 1,2,1:3001:2529,ENM35003,1:1:225:7:1:6:0,0,false,false,false,false,0
ENMORT005,none,,2026-08-09T09:09:18.000Z,21.37457651,-157.73710572,UAV 1,2,1:3001:2242,ENMORT005,1:1:71:10:1:0:1,0,false,false,false,false,0
ENMORT004,none,,2026-08-09T09:09:18.000Z,21.37447596,-157.73706256,UAV 1,2,1:3001:2265,ENMORT004,1:1:71:10:1:0:1,0,false,false,false,false,0
ENMORT001,none,,2026-08-09T09:09:18.000Z,21.37443553,-157.73716992,UAV 1,2,1:3001:2424,ENMORT001,1:1:71:10:1:0:1,0,false,false,false,false,0
ENMORT002,none,,2026-08-09T09:09:18.000Z,21.37453609,-157.73721308,UAV 1,2,1:3001:2469,ENMORT002,1:1:71:10:1:0:1,0,false,false,false,false,0
ENMORT003,none,,2026-08-09T09:09:18.000Z,21.37463664,-157.73725624,UAV 1,2,1:3001:2500,ENMORT003,1:1:71:10:1:0:1,0,false,false,false,false,0
FRTRK2004,move to,LOC_남측제1방어선,2026-08-09T09:09:18.000Z,21.38725781,-157.74451784,UAV 1,1,1:3001:2211,FRTRK2004,1:1:225:7:12:8:0,0,false,false,false,false,0
FRM113003,none,,2026-08-09T09:09:18.000Z,21.38084161,-157.74648902,UAV 1,1,1:3001:2282,FRM113003,1:1:225:2:3:1:0,0,false,false,false,false,0
FRT80005,none,,2026-08-09T09:09:18.000Z,21.38084335,-157.74641247,UAV 1,1,1:3001:2300,FRT80005,1:1:222:1:1:1:0,0,false,false,false,false,0
FRTRK2002,move to,LOC_남측제1방어선,2026-08-09T09:09:18.000Z,21.38724230,-157.74439057,UAV 1,1,1:3001:2462,FRTRK2002,1:1:225:7:12:8:0,0,false,false,false,false,0
ENM35001,move to,LOC_적북측접근로,2026-08-09T09:09:18.000Z,21.37134958,-157.74165812,UAV 1,2,1:3001:2389,ENM35001,1:1:225:7:1:6:0,0,false,false,false,false,0
FRTRK2003,move to,LOC_남측제1방어선,2026-08-09T09:09:18.000Z,21.38729617,-157.74447907,UAV 1,1,1:3001:2498,FRTRK2003,1:1:225:7:12:8:0,0,false,false,false,false,0
FRT80006,none,,2026-08-09T09:09:18.000Z,21.38464176,-157.75021342,UAV 1,1,1:3001:2409,FRT80006,1:1:222:1:1:1:0,0,false,false,false,false,0
ENM35003,move to,LOC_적북측접근로,2026-08-09T09:09:18.000Z,21.37136940,-157.74157434,UAV 1,2,1:3001:2529,ENM35003,1:1:225:7:1:6:0,0,false,false,false,false,0
ENMORT005,none,,2026-08-09T09:09:18.000Z,21.37457651,-157.73710572,UAV 1,2,1:3001:2242,ENMORT005,1:1:71:10:1:0:1,0,false,false,false,false,0
ENMORT004,none,,2026-08-09T09:09:18.000Z,21.37447596,-157.73706256,UAV 1,2,1:3001:2265,ENMORT004,1:1:71:10:1:0:1,0,false,false,false,false,0
ENMORT001,none,,2026-08-09T09:09:18.000Z,21.37443553,-157.73716992,UAV 1,2,1:3001:2424,ENMORT001,1:1:71:10:1:0:1,0,false,false,false,false,0
ENMORT002,none,,2026-08-09T09:09:18.000Z,21.37453609,-157.73721308,UAV 1,2,1:3001:2469,ENMORT002,1:1:71:10:1:0:1,0,false,false,false,false,0
ENMORT003,none,,2026-08-09T09:09:18.000Z,21.37463664,-157.73725624,UAV 1,2,1:3001:2500,ENMORT003,1:1:71:10:1:0:1,0,false,false,false,false,0
FRTRK2004,move to,LOC_남측제1방어선,2026-08-09T09:09:18.000Z,21.38725781,-157.74451784,UAV 1,1,1:3001:2211,FRTRK2004,1:1:225:7:12:8:0,0,false,false,false,false,0
FRM113003,none,,2026-08-09T09:09:18.000Z,21.38084161,-157.74648902,UAV 1,1,1:3001:2282,FRM113003,1:1:225:2:3:1:0,0,false,false,false,false,0
FRT80005,none,,2026-08-09T09:09:18.000Z,21.38084335,-157.74641247,UAV 1,1,1:3001:2300,FRT80005,1:1:222:1:1:1:0,0,false,false,false,false,0
FRTRK2002,move to,LOC_남측제1방어선,2026-08-09T09:09:18.000Z,21.38724230,-157.74439057,UAV 1,1,1:3001:2462,FRTRK2002,1:1:225:7:12:8:0,0,false,false,false,false,0
ENM35001,move to,LOC_적북측접근로,2026-08-09T09:09:18.000Z,21.37134958,-157.74165812,UAV 1,2,1:3001:2389,ENM35001,1:1:225:7:1:6:0,0,false,false,false,false,0
FRTRK2003,move to,LOC_남측제1방어선,2026-08-09T09:09:18.000Z,21.38729617,-157.74447907,UAV 1,1,1:3001:2498,FRTRK2003,1:1:225:7:12:8:0,0,false,false,false,false,0
FRT80006,none,,2026-08-09T09:09:18.000Z,21.38464176,-157.75021342,UAV 1,1,1:3001:2409,FRT80006,1:1:222:1:1:1:0,0,false,false,false,false,0
ENM35003,move to,LOC_적북측접근로,2026-08-09T09:09:18.000Z,21.37136940,-157.74157434,UAV 1,2,1:3001:2529,ENM35003,1:1:225:7:1:6:0,0,false,false,false,false,0
ENMORT005,none,,2026-08-09T09:09:19.000Z,21.37457651,-157.73710572,UAV 1,2,1:3001:2242,ENMORT005,1:1:71:10:1:0:1,0,false,false,false,false,0
ENMORT004,none,,2026-08-09T09:09:19.000Z,21.37447596,-157.73706256,UAV 1,2,1:3001:2265,ENMORT004,1:1:71:10:1:0:1,0,false,false,false,false,0
ENMORT001,none,,2026-08-09T09:09:19.000Z,21.37443553,-157.73716992,UAV 1,2,1:3001:2424,ENMORT001,1:1:71:10:1:0:1,0,false,false,false,false,0
ENMORT002,none,,2026-08-09T09:09:19.000Z,21.37453609,-157.73721308,UAV 1,2,1:3001:2469,ENMORT002,1:1:71:10:1:0:1,0,false,false,false,false,0
ENMORT003,none,,2026-08-09T09:09:19.000Z,21.37463664,-157.73725624,UAV 1,2,1:3001:2500,ENMORT003,1:1:71:10:1:0:1,0,false,false,false,false,0
FRTRK2004,move to,LOC_남측제1방어선,2026-08-09T09:09:19.000Z,21.38725781,-157.74451784,UAV 1,1,1:3001:2211,FRTRK2004,1:1:225:7:12:8:0,0,false,false,false,false,0
FRM113003,none,,2026-08-09T09:09:19.000Z,21.38084161,-157.74648902,UAV 1,1,1:3001:2282,FRM113003,1:1:225:2:3:1:0,0,false,false,false,false,0
FRT80005,none,,2026-08-09T09:09:19.000Z,21.38084335,-157.74641247,UAV 1,1,1:3001:2300,FRT80005,1:1:222:1:1:1:0,0,false,false,false,false,0
FRTRK2002,move to,LOC_남측제1방어선,2026-08-09T09:09:19.000Z,21.38724230,-157.74439057,UAV 1,1,1:3001:2462,FRTRK2002,1:1:225:7:12:8:0,0,false,false,false,false,0
ENM35001,move to,LOC_적북측접근로,2026-08-09T09:09:19.000Z,21.37134958,-157.74165812,UAV 1,2,1:3001:2389,ENM35001,1:1:225:7:1:6:0,0,false,false,false,false,0
FRTRK2003,move to,LOC_남측제1방어선,2026-08-09T09:09:19.000Z,21.38729617,-157.74447907,UAV 1,1,1:3001:2498,FRTRK2003,1:1:225:7:12:8:0,0,false,false,false,false,0
FRT80006,none,,2026-08-09T09:09:19.000Z,21.38464176,-157.75021342,UAV 1,1,1:3001:2409,FRT80006,1:1:222:1:1:1:0,0,false,false,false,false,0
ENM35003,move to,LOC_적북측접근로,2026-08-09T09:09:19.000Z,21.37136940,-157.74157434,UAV 1,2,1:3001:2529,ENM35003,1:1:225:7:1:6:0,0,false,false,false,false,0
ENMORT005,none,,2026-08-09T09:09:19.000Z,21.37457651,-157.73710572,UAV 1,2,1:3001:2242,ENMORT005,1:1:71:10:1:0:1,0,false,false,false,false,0
ENMORT004,none,,2026-08-09T09:09:19.000Z,21.37447596,-157.73706256,UAV 1,2,1:3001:2265,ENMORT004,1:1:71:10:1:0:1,0,false,false,false,false,0
ENMORT001,none,,2026-08-09T09:09:19.000Z,21.37443553,-157.73716992,UAV 1,2,1:3001:2424,ENMORT001,1:1:71:10:1:0:1,0,false,false,false,false,0
ENMORT002,none,,2026-08-09T09:09:19.000Z,21.37453609,-157.73721308,UAV 1,2,1:3001:2469,ENMORT002,1:1:71:10:1:0:1,0,false,false,false,false,0
ENMORT003,none,,2026-08-09T09:09:19.000Z,21.37463664,-157.73725624,UAV 1,2,1:3001:2500,ENMORT003,1:1:71:10:1:0:1,0,false,false,false,false,0
FRTRK2004,move to,LOC_남측제1방어선,2026-08-09T09:09:19.000Z,21.38725820,-157.74452123,UAV 1,1,1:3001:2211,FRTRK2004,1:1:225:7:12:8:0,0,false,false,false,false,0
FRM113003,none,,2026-08-09T09:09:19.000Z,21.38084161,-157.74648902,UAV 1,1,1:3001:2282,FRM113003,1:1:225:2:3:1:0,0,false,false,false,false,0
FRT80005,none,,2026-08-09T09:09:19.000Z,21.38084335,-157.74641247,UAV 1,1,1:3001:2300,FRT80005,1:1:222:1:1:1:0,0,false,false,false,false,0
FRTRK2002,move to,LOC_남측제1방어선,2026-08-09T09:09:19.000Z,21.38724283,-157.74439519,UAV 1,1,1:3001:2462,FRTRK2002,1:1:225:7:12:8:0,0,false,false,false,false,0
FRT80006,none,,2026-08-09T09:09:19.000Z,21.38464176,-157.75021342,UAV 1,1,1:3001:2409,FRT80006,1:1:222:1:1:1:0,0,false,false,false,false,0
ENM35004,move to,LOC_적북측접근로,2026-08-09T09:09:19.000Z,21.37137216,-157.74157033,UAV 1,2,1:3001:2285,ENM35004,1:1:225:7:1:6:0,0,false,false,false,false,0
ENM35002,move to,LOC_적북측접근로,2026-08-09T09:09:19.000Z,21.37138731,-157.74150930,UAV 1,2,1:3001:2375,ENM35002,1:1:225:7:1:6:0,0,false,false,false,false,0
FRTRK1005,move to,LOC_남측제1방어선,2026-08-09T09:09:19.000Z,21.38738073,-157.74447082,UAV 1,1,1:3001:2408,FRTRK1005,1:1:225:7:12:0:0,0,false,false,false,false,0
ENMORT005,none,,2026-08-09T09:09:20.000Z,21.37457651,-157.73710572,UAV 1,2,1:3001:2242,ENMORT005,1:1:71:10:1:0:1,0,false,false,false,false,0
ENMORT004,none,,2026-08-09T09:09:20.000Z,21.37447596,-157.73706256,UAV 1,2,1:3001:2265,ENMORT004,1:1:71:10:1:0:1,0,false,false,false,false,0
ENMORT001,none,,2026-08-09T09:09:20.000Z,21.37443553,-157.73716992,UAV 1,2,1:3001:2424,ENMORT001,1:1:71:10:1:0:1,0,false,false,false,false,0
ENMORT002,none,,2026-08-09T09:09:20.000Z,21.37453609,-157.73721308,UAV 1,2,1:3001:2469,ENMORT002,1:1:71:10:1:0:1,0,false,false,false,false,0
ENMORT003,none,,2026-08-09T09:09:20.000Z,21.37463664,-157.73725624,UAV 1,2,1:3001:2500,ENMORT003,1:1:71:10:1:0:1,0,false,false,false,false,0
FRTRK2004,move to,LOC_남측제1방어선,2026-08-09T09:09:20.000Z,21.38725820,-157.74452123,UAV 1,1,1:3001:2211,FRTRK2004,1:1:225:7:12:8:0,0,false,false,false,false,0
FRM113003,none,,2026-08-09T09:09:20.000Z,21.38084161,-157.74648902,UAV 1,1,1:3001:2282,FRM113003,1:1:225:2:3:1:0,0,false,false,false,false,0
FRT80005,none,,2026-08-09T09:09:20.000Z,21.38084335,-157.74641247,UAV 1,1,1:3001:2300,FRT80005,1:1:222:1:1:1:0,0,false,false,false,false,0
FRTRK2002,move to,LOC_남측제1방어선,2026-08-09T09:09:20.000Z,21.38724283,-157.74439519,UAV 1,1,1:3001:2462,FRTRK2002,1:1:225:7:12:8:0,0,false,false,false,false,0
FRT80006,none,,2026-08-09T09:09:20.000Z,21.38464176,-157.75021342,UAV 1,1,1:3001:2409,FRT80006,1:1:222:1:1:1:0,0,false,false,false,false,0
ENM35004,move to,LOC_적북측접근로,2026-08-09T09:09:20.000Z,21.37137216,-157.74157033,UAV 1,2,1:3001:2285,ENM35004,1:1:225:7:1:6:0,0,false,false,false,false,0
ENM35002,move to,LOC_적북측접근로,2026-08-09T09:09:20.000Z,21.37138731,-157.74150930,UAV 1,2,1:3001:2375,ENM35002,1:1:225:7:1:6:0,0,false,false,false,false,0
FRTRK1005,move to,LOC_남측제1방어선,2026-08-09T09:09:20.000Z,21.38738073,-157.74447082,UAV 1,1,1:3001:2408,FRTRK1005,1:1:225:7:12:0:0,0,false,false,false,false,0
ENMORT005,none,,2026-08-09T09:09:20.000Z,21.37457651,-157.73710572,UAV 1,2,1:3001:2242,ENMORT005,1:1:71:10:1:0:1,0,false,false,false,false,0
ENMORT004,none,,2026-08-09T09:09:20.000Z,21.37447596,-157.73706256,UAV 1,2,1:3001:2265,ENMORT004,1:1:71:10:1:0:1,0,false,false,false,false,0
ENMORT001,none,,2026-08-09T09:09:20.000Z,21.37443553,-157.73716992,UAV 1,2,1:3001:2424,ENMORT001,1:1:71:10:1:0:1,0,false,false,false,false,0
ENMORT002,none,,2026-08-09T09:09:20.000Z,21.37453609,-157.73721308,UAV 1,2,1:3001:2469,ENMORT002,1:1:71:10:1:0:1,0,false,false,false,false,0
ENMORT003,none,,2026-08-09T09:09:20.000Z,21.37463664,-157.73725624,UAV 1,2,1:3001:2500,ENMORT003,1:1:71:10:1:0:1,0,false,false,false,false,0
FRTRK2004,move to,LOC_남측제1방어선,2026-08-09T09:09:20.000Z,21.38725820,-157.74452123,UAV 1,1,1:3001:2211,FRTRK2004,1:1:225:7:12:8:0,0,false,false,false,false,0
FRM113003,none,,2026-08-09T09:09:20.000Z,21.38084161,-157.74648902,UAV 1,1,1:3001:2282,FRM113003,1:1:225:2:3:1:0,0,false,false,false,false,0
FRT80005,none,,2026-08-09T09:09:20.000Z,21.38084335,-157.74641247,UAV 1,1,1:3001:2300,FRT80005,1:1:222:1:1:1:0,0,false,false,false,false,0
FRTRK2002,move to,LOC_남측제1방어선,2026-08-09T09:09:20.000Z,21.38724283,-157.74439519,UAV 1,1,1:3001:2462,FRTRK2002,1:1:225:7:12:8:0,0,false,false,false,false,0
FRT80006,none,,2026-08-09T09:09:20.000Z,21.38464176,-157.75021342,UAV 1,1,1:3001:2409,FRT80006,1:1:222:1:1:1:0,0,false,false,false,false,0
ENM35004,move to,LOC_적북측접근로,2026-08-09T09:09:20.000Z,21.37137216,-157.74157033,UAV 1,2,1:3001:2285,ENM35004,1:1:225:7:1:6:0,0,false,false,false,false,0
ENM35002,move to,LOC_적북측접근로,2026-08-09T09:09:20.000Z,21.37138731,-157.74150930,UAV 1,2,1:3001:2375,ENM35002,1:1:225:7:1:6:0,0,false,false,false,false,0
FRTRK1005,move to,LOC_남측제1방어선,2026-08-09T09:09:20.000Z,21.38738073,-157.74447082,UAV 1,1,1:3001:2408,FRTRK1005,1:1:225:7:12:0:0,0,false,false,false,false,0
ENMORT005,none,,2026-08-09T09:09:21.000Z,21.37457651,-157.73710572,UAV 1,2,1:3001:2242,ENMORT005,1:1:71:10:1:0:1,0,false,false,false,false,0
ENMORT004,none,,2026-08-09T09:09:21.000Z,21.37447596,-157.73706256,UAV 1,2,1:3001:2265,ENMORT004,1:1:71:10:1:0:1,0,false,false,false,false,0
ENMORT001,none,,2026-08-09T09:09:21.000Z,21.37443553,-157.73716992,UAV 1,2,1:3001:2424,ENMORT001,1:1:71:10:1:0:1,0,false,false,false,false,0
ENMORT002,none,,2026-08-09T09:09:21.000Z,21.37453609,-157.73721308,UAV 1,2,1:3001:2469,ENMORT002,1:1:71:10:1:0:1,0,false,false,false,false,0
ENMORT003,none,,2026-08-09T09:09:21.000Z,21.37463664,-157.73725624,UAV 1,2,1:3001:2500,ENMORT003,1:1:71:10:1:0:1,0,false,false,false,false,0
FRTRK2004,move to,LOC_남측제1방어선,2026-08-09T09:09:21.000Z,21.38725820,-157.74452123,UAV 1,1,1:3001:2211,FRTRK2004,1:1:225:7:12:8:0,0,false,false,false,false,0
FRM113003,none,,2026-08-09T09:09:21.000Z,21.38084161,-157.74648902,UAV 1,1,1:3001:2282,FRM113003,1:1:225:2:3:1:0,0,false,false,false,false,0
FRT80005,none,,2026-08-09T09:09:21.000Z,21.38084335,-157.74641247,UAV 1,1,1:3001:2300,FRT80005,1:1:222:1:1:1:0,0,false,false,false,false,0
FRTRK2002,move to,LOC_남측제1방어선,2026-08-09T09:09:21.000Z,21.38724283,-157.74439519,UAV 1,1,1:3001:2462,FRTRK2002,1:1:225:7:12:8:0,0,false,false,false,false,0
FRT80006,none,,2026-08-09T09:09:21.000Z,21.38464176,-157.75021342,UAV 1,1,1:3001:2409,FRT80006,1:1:222:1:1:1:0,0,false,false,false,false,0
ENM35004,move to,LOC_적북측접근로,2026-08-09T09:09:21.000Z,21.37137216,-157.74157033,UAV 1,2,1:3001:2285,ENM35004,1:1:225:7:1:6:0,0,false,false,false,false,0
ENM35002,move to,LOC_적북측접근로,2026-08-09T09:09:21.000Z,21.37138731,-157.74150930,UAV 1,2,1:3001:2375,ENM35002,1:1:225:7:1:6:0,0,false,false,false,false,0
FRTRK1005,move to,LOC_남측제1방어선,2026-08-09T09:09:21.000Z,21.38738073,-157.74447082,UAV 1,1,1:3001:2408,FRTRK1005,1:1:225:7:12:0:0,0,false,false,false,false,0
ENMORT005,none,,2026-08-09T09:09:21.000Z,21.37457651,-157.73710572,UAV 1,2,1:3001:2242,ENMORT005,1:1:71:10:1:0:1,0,false,false,false,false,0
ENMORT004,none,,2026-08-09T09:09:21.000Z,21.37447596,-157.73706256,UAV 1,2,1:3001:2265,ENMORT004,1:1:71:10:1:0:1,0,false,false,false,false,0
ENMORT001,none,,2026-08-09T09:09:21.000Z,21.37443553,-157.73716992,UAV 1,2,1:3001:2424,ENMORT001,1:1:71:10:1:0:1,0,false,false,false,false,0
ENMORT002,none,,2026-08-09T09:09:21.000Z,21.37453609,-157.73721308,UAV 1,2,1:3001:2469,ENMORT002,1:1:71:10:1:0:1,0,false,false,false,false,0
ENMORT003,none,,2026-08-09T09:09:21.000Z,21.37463664,-157.73725624,UAV 1,2,1:3001:2500,ENMORT003,1:1:71:10:1:0:1,0,false,false,false,false,0
FRTRK2004,move to,LOC_남측제1방어선,2026-08-09T09:09:21.000Z,21.38725890,-157.74452730,UAV 1,1,1:3001:2211,FRTRK2004,1:1:225:7:12:8:0,0,false,false,false,false,0
FRM113003,none,,2026-08-09T09:09:21.000Z,21.38084161,-157.74648902,UAV 1,1,1:3001:2282,FRM113003,1:1:225:2:3:1:0,0,false,false,false,false,0
FRT80005,none,,2026-08-09T09:09:21.000Z,21.38084335,-157.74641247,UAV 1,1,1:3001:2300,FRT80005,1:1:222:1:1:1:0,0,false,false,false,false,0
FRTRK2002,move to,LOC_남측제1방어선,2026-08-09T09:09:21.000Z,21.38724384,-157.74440386,UAV 1,1,1:3001:2462,FRTRK2002,1:1:225:7:12:8:0,0,false,false,false,false,0
FRT80006,none,,2026-08-09T09:09:21.000Z,21.38464176,-157.75021342,UAV 1,1,1:3001:2409,FRT80006,1:1:222:1:1:1:0,0,false,false,false,false,0
ENM35002,move to,LOC_적북측접근로,2026-08-09T09:09:21.000Z,21.37138786,-157.74150708,UAV 1,2,1:3001:2375,ENM35002,1:1:225:7:1:6:0,0,false,false,false,false,0
FRTRK1005,move to,LOC_남측제1방어선,2026-08-09T09:09:21.000Z,21.38737792,-157.74445076,UAV 1,1,1:3001:2408,FRTRK1005,1:1:225:7:12:0:0,0,false,false,false,false,0
ENM35003,move to,LOC_적북측접근로,2026-08-09T09:09:21.000Z,21.37135337,-157.74164209,UAV 1,2,1:3001:2529,ENM35003,1:1:225:7:1:6:0,0,false,false,false,false,0
ENMORT005,none,,2026-08-09T09:09:22.000Z,21.37457651,-157.73710572,UAV 1,2,1:3001:2242,ENMORT005,1:1:71:10:1:0:1,0,false,false,false,false,0
ENMORT004,none,,2026-08-09T09:09:22.000Z,21.37447596,-157.73706256,UAV 1,2,1:3001:2265,ENMORT004,1:1:71:10:1:0:1,0,false,false,false,false,0
ENMORT001,none,,2026-08-09T09:09:22.000Z,21.37443553,-157.73716992,UAV 1,2,1:3001:2424,ENMORT001,1:1:71:10:1:0:1,0,false,false,false,false,0
ENMORT002,none,,2026-08-09T09:09:22.000Z,21.37453609,-157.73721308,UAV 1,2,1:3001:2469,ENMORT002,1:1:71:10:1:0:1,0,false,false,false,false,0
ENMORT003,none,,2026-08-09T09:09:22.000Z,21.37463664,-157.73725624,UAV 1,2,1:3001:2500,ENMORT003,1:1:71:10:1:0:1,0,false,false,false,false,0
FRTRK2004,move to,LOC_남측제1방어선,2026-08-09T09:09:22.000Z,21.38725890,-157.74452730,UAV 1,1,1:3001:2211,FRTRK2004,1:1:225:7:12:8:0,0,false,false,false,false,0
FRM113003,none,,2026-08-09T09:09:22.000Z,21.38084161,-157.74648902,UAV 1,1,1:3001:2282,FRM113003,1:1:225:2:3:1:0,0,false,false,false,false,0
FRT80005,none,,2026-08-09T09:09:22.000Z,21.38084335,-157.74641247,UAV 1,1,1:3001:2300,FRT80005,1:1:222:1:1:1:0,0,false,false,false,false,0
FRTRK2002,move to,LOC_남측제1방어선,2026-08-09T09:09:22.000Z,21.38724384,-157.74440386,UAV 1,1,1:3001:2462,FRTRK2002,1:1:225:7:12:8:0,0,false,false,false,false,0
FRT80006,none,,2026-08-09T09:09:22.000Z,21.38464176,-157.75021342,UAV 1,1,1:3001:2409,FRT80006,1:1:222:1:1:1:0,0,false,false,false,false,0
ENM35002,move to,LOC_적북측접근로,2026-08-09T09:09:22.000Z,21.37138786,-157.74150708,UAV 1,2,1:3001:2375,ENM35002,1:1:225:7:1:6:0,0,false,false,false,false,0
FRTRK1005,move to,LOC_남측제1방어선,2026-08-09T09:09:22.000Z,21.38737792,-157.74445076,UAV 1,1,1:3001:2408,FRTRK1005,1:1:225:7:12:0:0,0,false,false,false,false,0
ENM35003,move to,LOC_적북측접근로,2026-08-09T09:09:22.000Z,21.37135337,-157.74164209,UAV 1,2,1:3001:2529,ENM35003,1:1:225:7:1:6:0,0,false,false,false,false,0
ENMORT005,none,,2026-08-09T09:09:22.000Z,21.37457651,-157.73710572,UAV 1,2,1:3001:2242,ENMORT005,1:1:71:10:1:0:1,0,false,false,false,false,0
ENMORT004,none,,2026-08-09T09:09:22.000Z,21.37447596,-157.73706256,UAV 1,2,1:3001:2265,ENMORT004,1:1:71:10:1:0:1,0,false,false,false,false,0
ENMORT001,none,,2026-08-09T09:09:22.000Z,21.37443553,-157.73716992,UAV 1,2,1:3001:2424,ENMORT001,1:1:71:10:1:0:1,0,false,false,false,false,0
ENMORT002,none,,2026-08-09T09:09:22.000Z,21.37453609,-157.73721308,UAV 1,2,1:3001:2469,ENMORT002,1:1:71:10:1:0:1,0,false,false,false,false,0
ENMORT003,none,,2026-08-09T09:09:22.000Z,21.37463664,-157.73725624,UAV 1,2,1:3001:2500,ENMORT003,1:1:71:10:1:0:1,0,false,false,false,false,0
FRTRK2004,move to,LOC_남측제1방어선,2026-08-09T09:09:22.000Z,21.38725890,-157.74452730,UAV 1,1,1:3001:2211,FRTRK2004,1:1:225:7:12:8:0,0,false,false,false,false,0
FRM113003,none,,2026-08-09T09:09:22.000Z,21.38084161,-157.74648902,UAV 1,1,1:3001:2282,FRM113003,1:1:225:2:3:1:0,0,false,false,false,false,0
FRT80005,none,,2026-08-09T09:09:22.000Z,21.38084335,-157.74641247,UAV 1,1,1:3001:2300,FRT80005,1:1:222:1:1:1:0,0,false,false,false,false,0
FRTRK2002,move to,LOC_남측제1방어선,2026-08-09T09:09:22.000Z,21.38724384,-157.74440386,UAV 1,1,1:3001:2462,FRTRK2002,1:1:225:7:12:8:0,0,false,false,false,false,0
FRT80006,none,,2026-08-09T09:09:22.000Z,21.38464176,-157.75021342,UAV 1,1,1:3001:2409,FRT80006,1:1:222:1:1:1:0,0,false,false,false,false,0
ENM35002,move to,LOC_적북측접근로,2026-08-09T09:09:22.000Z,21.37138786,-157.74150708,UAV 1,2,1:3001:2375,ENM35002,1:1:225:7:1:6:0,0,false,false,false,false,0
FRTRK1005,move to,LOC_남측제1방어선,2026-08-09T09:09:22.000Z,21.38737792,-157.74445076,UAV 1,1,1:3001:2408,FRTRK1005,1:1:225:7:12:0:0,0,false,false,false,false,0
ENM35003,move to,LOC_적북측접근로,2026-08-09T09:09:22.000Z,21.37135337,-157.74164209,UAV 1,2,1:3001:2529,ENM35003,1:1:225:7:1:6:0,0,false,false,false,false,0
ENMORT005,none,,2026-08-09T09:09:23.000Z,21.37457651,-157.73710572,UAV 1,2,1:3001:2242,ENMORT005,1:1:71:10:1:0:1,0,false,false,false,false,0
ENMORT004,none,,2026-08-09T09:09:23.000Z,21.37447596,-157.73706256,UAV 1,2,1:3001:2265,ENMORT004,1:1:71:10:1:0:1,0,false,false,false,false,0
ENMORT001,none,,2026-08-09T09:09:23.000Z,21.37443553,-157.73716992,UAV 1,2,1:3001:2424,ENMORT001,1:1:71:10:1:0:1,0,false,false,false,false,0
ENMORT002,none,,2026-08-09T09:09:23.000Z,21.37453609,-157.73721308,UAV 1,2,1:3001:2469,ENMORT002,1:1:71:10:1:0:1,0,false,false,false,false,0
ENMORT003,none,,2026-08-09T09:09:23.000Z,21.37463664,-157.73725624,UAV 1,2,1:3001:2500,ENMORT003,1:1:71:10:1:0:1,0,false,false,false,false,0
FRTRK2004,move to,LOC_남측제1방어선,2026-08-09T09:09:23.000Z,21.38725890,-157.74452730,UAV 1,1,1:3001:2211,FRTRK2004,1:1:225:7:12:8:0,0,false,false,false,false,0
FRM113003,none,,2026-08-09T09:09:23.000Z,21.38084161,-157.74648902,UAV 1,1,1:3001:2282,FRM113003,1:1:225:2:3:1:0,0,false,false,false,false,0
FRT80005,none,,2026-08-09T09:09:23.000Z,21.38084335,-157.74641247,UAV 1,1,1:3001:2300,FRT80005,1:1:222:1:1:1:0,0,false,false,false,false,0
FRTRK2002,move to,LOC_남측제1방어선,2026-08-09T09:09:23.000Z,21.38724384,-157.74440386,UAV 1,1,1:3001:2462,FRTRK2002,1:1:225:7:12:8:0,0,false,false,false,false,0
FRT80006,none,,2026-08-09T09:09:23.000Z,21.38464176,-157.75021342,UAV 1,1,1:3001:2409,FRT80006,1:1:222:1:1:1:0,0,false,false,false,false,0
ENM35002,move to,LOC_적북측접근로,2026-08-09T09:09:23.000Z,21.37138786,-157.74150708,UAV 1,2,1:3001:2375,ENM35002,1:1:225:7:1:6:0,0,false,false,false,false,0
FRTRK1005,move to,LOC_남측제1방어선,2026-08-09T09:09:23.000Z,21.38737792,-157.74445076,UAV 1,1,1:3001:2408,FRTRK1005,1:1:225:7:12:0:0,0,false,false,false,false,0
ENM35003,move to,LOC_적북측접근로,2026-08-09T09:09:23.000Z,21.37135337,-157.74164209,UAV 1,2,1:3001:2529,ENM35003,1:1:225:7:1:6:0,0,false,false,false,false,0
ENMORT005,none,,2026-08-09T09:09:24.000Z,21.37457651,-157.73710572,UAV 1,2,1:3001:2242,ENMORT005,1:1:71:10:1:0:1,0,false,false,false,false,0
ENMORT004,none,,2026-08-09T09:09:24.000Z,21.37447596,-157.73706256,UAV 1,2,1:3001:2265,ENMORT004,1:1:71:10:1:0:1,0,false,false,false,false,0
ENMORT001,none,,2026-08-09T09:09:24.000Z,21.37443553,-157.73716992,UAV 1,2,1:3001:2424,ENMORT001,1:1:71:10:1:0:1,0,false,false,false,false,0
ENMORT002,none,,2026-08-09T09:09:24.000Z,21.37453609,-157.73721308,UAV 1,2,1:3001:2469,ENMORT002,1:1:71:10:1:0:1,0,false,false,false,false,0
ENMORT003,none,,2026-08-09T09:09:24.000Z,21.37463664,-157.73725624,UAV 1,2,1:3001:2500,ENMORT003,1:1:71:10:1:0:1,0,false,false,false,false,0
FRTRK2004,move to,LOC_남측제1방어선,2026-08-09T09:09:24.000Z,21.38725952,-157.74453258,UAV 1,1,1:3001:2211,FRTRK2004,1:1:225:7:12:8:0,0,false,false,false,false,0
FRM113003,none,,2026-08-09T09:09:24.000Z,21.38084161,-157.74648902,UAV 1,1,1:3001:2282,FRM113003,1:1:225:2:3:1:0,0,false,false,false,false,0
FRT80005,none,,2026-08-09T09:09:24.000Z,21.38084335,-157.74641247,UAV 1,1,1:3001:2300,FRT80005,1:1:222:1:1:1:0,0,false,false,false,false,0
FRTRK2002,move to,LOC_남측제1방어선,2026-08-09T09:09:24.000Z,21.38724529,-157.74441641,UAV 1,1,1:3001:2462,FRTRK2002,1:1:225:7:12:8:0,0,false,false,false,false,0
FRT80006,none,,2026-08-09T09:09:24.000Z,21.38464176,-157.75021342,UAV 1,1,1:3001:2409,FRT80006,1:1:222:1:1:1:0,0,false,false,false,false,0
FRTRK1005,move to,LOC_남측제1방어선,2026-08-09T09:09:24.000Z,21.38737855,-157.74445527,UAV 1,1,1:3001:2408,FRTRK1005,1:1:225:7:12:0:0,0,false,false,false,false,0
ENMORT005,none,,2026-08-09T09:09:24.000Z,21.37457651,-157.73710572,UAV 1,2,1:3001:2242,ENMORT005,1:1:71:10:1:0:1,0,false,false,false,false,0
ENMORT004,none,,2026-08-09T09:09:24.000Z,21.37447596,-157.73706256,UAV 1,2,1:3001:2265,ENMORT004,1:1:71:10:1:0:1,0,false,false,false,false,0
ENMORT001,none,,2026-08-09T09:09:24.000Z,21.37443553,-157.73716992,UAV 1,2,1:3001:2424,ENMORT001,1:1:71:10:1:0:1,0,false,false,false,false,0
ENMORT002,none,,2026-08-09T09:09:24.000Z,21.37453609,-157.73721308,UAV 1,2,1:3001:2469,ENMORT002,1:1:71:10:1:0:1,0,false,false,false,false,0
ENMORT003,none,,2026-08-09T09:09:24.000Z,21.37463664,-157.73725624,UAV 1,2,1:3001:2500,ENMORT003,1:1:71:10:1:0:1,0,false,false,false,false,0
FRTRK2004,move to,LOC_남측제1방어선,2026-08-09T09:09:24.000Z,21.38725952,-157.74453258,UAV 1,1,1:3001:2211,FRTRK2004,1:1:225:7:12:8:0,0,false,false,false,false,0
FRM113003,none,,2026-08-09T09:09:24.000Z,21.38084161,-157.74648902,UAV 1,1,1:3001:2282,FRM113003,1:1:225:2:3:1:0,0,false,false,false,false,0
FRT80005,none,,2026-08-09T09:09:24.000Z,21.38084335,-157.74641247,UAV 1,1,1:3001:2300,FRT80005,1:1:222:1:1:1:0,0,false,false,false,false,0
FRTRK2002,move to,LOC_남측제1방어선,2026-08-09T09:09:24.000Z,21.38724529,-157.74441641,UAV 1,1,1:3001:2462,FRTRK2002,1:1:225:7:12:8:0,0,false,false,false,false,0
FRT80006,none,,2026-08-09T09:09:24.000Z,21.38464176,-157.75021342,UAV 1,1,1:3001:2409,FRT80006,1:1:222:1:1:1:0,0,false,false,false,false,0
FRTRK1005,move to,LOC_남측제1방어선,2026-08-09T09:09:24.000Z,21.38737855,-157.74445527,UAV 1,1,1:3001:2408,FRTRK1005,1:1:225:7:12:0:0,0,false,false,false,false,0
ENMORT005,none,,2026-08-09T09:09:25.000Z,21.37457651,-157.73710572,UAV 1,2,1:3001:2242,ENMORT005,1:1:71:10:1:0:1,0,false,false,false,false,0
ENMORT004,none,,2026-08-09T09:09:25.000Z,21.37447596,-157.73706256,UAV 1,2,1:3001:2265,ENMORT004,1:1:71:10:1:0:1,0,false,false,false,false,0
ENMORT001,none,,2026-08-09T09:09:25.000Z,21.37443553,-157.73716992,UAV 1,2,1:3001:2424,ENMORT001,1:1:71:10:1:0:1,0,false,false,false,false,0
ENMORT002,none,,2026-08-09T09:09:25.000Z,21.37453609,-157.73721308,UAV 1,2,1:3001:2469,ENMORT002,1:1:71:10:1:0:1,0,false,false,false,false,0
ENMORT003,none,,2026-08-09T09:09:25.000Z,21.37463664,-157.73725624,UAV 1,2,1:3001:2500,ENMORT003,1:1:71:10:1:0:1,0,false,false,false,false,0
FRTRK2004,move to,LOC_남측제1방어선,2026-08-09T09:09:25.000Z,21.38725952,-157.74453258,UAV 1,1,1:3001:2211,FRTRK2004,1:1:225:7:12:8:0,0,false,false,false,false,0
FRM113003,none,,2026-08-09T09:09:25.000Z,21.38084161,-157.74648902,UAV 1,1,1:3001:2282,FRM113003,1:1:225:2:3:1:0,0,false,false,false,false,0
FRT80005,none,,2026-08-09T09:09:25.000Z,21.38084335,-157.74641247,UAV 1,1,1:3001:2300,FRT80005,1:1:222:1:1:1:0,0,false,false,false,false,0
FRTRK2002,move to,LOC_남측제1방어선,2026-08-09T09:09:25.000Z,21.38724529,-157.74441641,UAV 1,1,1:3001:2462,FRTRK2002,1:1:225:7:12:8:0,0,false,false,false,false,0
FRT80006,none,,2026-08-09T09:09:25.000Z,21.38464176,-157.75021342,UAV 1,1,1:3001:2409,FRT80006,1:1:222:1:1:1:0,0,false,false,false,false,0
FRTRK1005,move to,LOC_남측제1방어선,2026-08-09T09:09:25.000Z,21.38737855,-157.74445527,UAV 1,1,1:3001:2408,FRTRK1005,1:1:225:7:12:0:0,0,false,false,false,false,0
ENMORT005,none,,2026-08-09T09:09:25.000Z,21.37457651,-157.73710572,UAV 1,2,1:3001:2242,ENMORT005,1:1:71:10:1:0:1,0,false,false,false,false,0
ENMORT004,none,,2026-08-09T09:09:25.000Z,21.37447596,-157.73706256,UAV 1,2,1:3001:2265,ENMORT004,1:1:71:10:1:0:1,0,false,false,false,false,0
ENMORT001,none,,2026-08-09T09:09:25.000Z,21.37443553,-157.73716992,UAV 1,2,1:3001:2424,ENMORT001,1:1:71:10:1:0:1,0,false,false,false,false,0
ENMORT002,none,,2026-08-09T09:09:25.000Z,21.37453609,-157.73721308,UAV 1,2,1:3001:2469,ENMORT002,1:1:71:10:1:0:1,0,false,false,false,false,0
ENMORT003,none,,2026-08-09T09:09:25.000Z,21.37463664,-157.73725624,UAV 1,2,1:3001:2500,ENMORT003,1:1:71:10:1:0:1,0,false,false,false,false,0
FRTRK2004,move to,LOC_남측제1방어선,2026-08-09T09:09:25.000Z,21.38725952,-157.74453258,UAV 1,1,1:3001:2211,FRTRK2004,1:1:225:7:12:8:0,0,false,false,false,false,0
FRM113003,none,,2026-08-09T09:09:25.000Z,21.38084161,-157.74648902,UAV 1,1,1:3001:2282,FRM113003,1:1:225:2:3:1:0,0,false,false,false,false,0
FRT80005,none,,2026-08-09T09:09:25.000Z,21.38084335,-157.74641247,UAV 1,1,1:3001:2300,FRT80005,1:1:222:1:1:1:0,0,false,false,false,false,0
FRTRK2002,move to,LOC_남측제1방어선,2026-08-09T09:09:25.000Z,21.38724529,-157.74441641,UAV 1,1,1:3001:2462,FRTRK2002,1:1:225:7:12:8:0,0,false,false,false,false,0
FRT80006,none,,2026-08-09T09:09:25.000Z,21.38464176,-157.75021342,UAV 1,1,1:3001:2409,FRT80006,1:1:222:1:1:1:0,0,false,false,false,false,0
FRTRK1005,move to,LOC_남측제1방어선,2026-08-09T09:09:25.000Z,21.38737855,-157.74445527,UAV 1,1,1:3001:2408,FRTRK1005,1:1:225:7:12:0:0,0,false,false,false,false,0
ENMORT005,none,,2026-08-09T09:09:26.000Z,21.37457651,-157.73710572,UAV 1,2,1:3001:2242,ENMORT005,1:1:71:10:1:0:1,0,false,false,false,false,0
ENMORT004,none,,2026-08-09T09:09:26.000Z,21.37447596,-157.73706256,UAV 1,2,1:3001:2265,ENMORT004,1:1:71:10:1:0:1,0,false,false,false,false,0
ENMORT001,none,,2026-08-09T09:09:26.000Z,21.37443553,-157.73716992,UAV 1,2,1:3001:2424,ENMORT001,1:1:71:10:1:0:1,0,false,false,false,false,0
ENMORT002,none,,2026-08-09T09:09:26.000Z,21.37453609,-157.73721308,UAV 1,2,1:3001:2469,ENMORT002,1:1:71:10:1:0:1,0,false,false,false,false,0
ENMORT003,none,,2026-08-09T09:09:26.000Z,21.37463664,-157.73725624,UAV 1,2,1:3001:2500,ENMORT003,1:1:71:10:1:0:1,0,false,false,false,false,0
FRTRK2004,move to,LOC_남측제1방어선,2026-08-09T09:09:26.000Z,21.38725970,-157.74453419,UAV 1,1,1:3001:2211,FRTRK2004,1:1:225:7:12:8:0,0,false,false,false,false,0
FRM113003,none,,2026-08-09T09:09:26.000Z,21.38084161,-157.74648902,UAV 1,1,1:3001:2282,FRM113003,1:1:225:2:3:1:0,0,false,false,false,false,0
FRT80005,none,,2026-08-09T09:09:26.000Z,21.38084335,-157.74641247,UAV 1,1,1:3001:2300,FRT80005,1:1:222:1:1:1:0,0,false,false,false,false,0
FRTRK2002,move to,LOC_남측제1방어선,2026-08-09T09:09:26.000Z,21.38724722,-157.74443315,UAV 1,1,1:3001:2462,FRTRK2002,1:1:225:7:12:8:0,0,false,false,false,false,0
FRT80006,none,,2026-08-09T09:09:26.000Z,21.38464176,-157.75021342,UAV 1,1,1:3001:2409,FRT80006,1:1:222:1:1:1:0,0,false,false,false,false,0
FRTRK1005,move to,LOC_남측제1방어선,2026-08-09T09:09:26.000Z,21.38738210,-157.74448066,UAV 1,1,1:3001:2408,FRTRK1005,1:1:225:7:12:0:0,0,false,false,false,false,0
ENMORT005,none,,2026-08-09T09:09:26.000Z,21.37457651,-157.73710572,UAV 1,2,1:3001:2242,ENMORT005,1:1:71:10:1:0:1,0,false,false,false,false,0
ENMORT004,none,,2026-08-09T09:09:26.000Z,21.37447596,-157.73706256,UAV 1,2,1:3001:2265,ENMORT004,1:1:71:10:1:0:1,0,false,false,false,false,0
ENMORT001,none,,2026-08-09T09:09:26.000Z,21.37443553,-157.73716992,UAV 1,2,1:3001:2424,ENMORT001,1:1:71:10:1:0:1,0,false,false,false,false,0
ENMORT002,none,,2026-08-09T09:09:26.000Z,21.37453609,-157.73721308,UAV 1,2,1:3001:2469,ENMORT002,1:1:71:10:1:0:1,0,false,false,false,false,0
ENMORT003,none,,2026-08-09T09:09:26.000Z,21.37463664,-157.73725624,UAV 1,2,1:3001:2500,ENMORT003,1:1:71:10:1:0:1,0,false,false,false,false,0
FRTRK2004,move to,LOC_남측제1방어선,2026-08-09T09:09:26.000Z,21.38725970,-157.74453419,UAV 1,1,1:3001:2211,FRTRK2004,1:1:225:7:12:8:0,0,false,false,false,false,0
FRM113003,none,,2026-08-09T09:09:26.000Z,21.38084161,-157.74648902,UAV 1,1,1:3001:2282,FRM113003,1:1:225:2:3:1:0,0,false,false,false,false,0
FRT80005,none,,2026-08-09T09:09:26.000Z,21.38084335,-157.74641247,UAV 1,1,1:3001:2300,FRT80005,1:1:222:1:1:1:0,0,false,false,false,false,0
FRTRK2002,move to,LOC_남측제1방어선,2026-08-09T09:09:26.000Z,21.38724722,-157.74443315,UAV 1,1,1:3001:2462,FRTRK2002,1:1:225:7:12:8:0,0,false,false,false,false,0
FRT80006,none,,2026-08-09T09:09:26.000Z,21.38464176,-157.75021342,UAV 1,1,1:3001:2409,FRT80006,1:1:222:1:1:1:0,0,false,false,false,false,0
FRTRK1005,move to,LOC_남측제1방어선,2026-08-09T09:09:26.000Z,21.38738210,-157.74448066,UAV 1,1,1:3001:2408,FRTRK1005,1:1:225:7:12:0:0,0,false,false,false,false,0
ENMORT005,none,,2026-08-09T09:09:27.000Z,21.37457651,-157.73710572,UAV 1,2,1:3001:2242,ENMORT005,1:1:71:10:1:0:1,0,false,false,false,false,0
ENMORT004,none,,2026-08-09T09:09:27.000Z,21.37447596,-157.73706256,UAV 1,2,1:3001:2265,ENMORT004,1:1:71:10:1:0:1,0,false,false,false,false,0
ENMORT001,none,,2026-08-09T09:09:27.000Z,21.37443553,-157.73716992,UAV 1,2,1:3001:2424,ENMORT001,1:1:71:10:1:0:1,0,false,false,false,false,0
ENMORT002,none,,2026-08-09T09:09:27.000Z,21.37453609,-157.73721308,UAV 1,2,1:3001:2469,ENMORT002,1:1:71:10:1:0:1,0,false,false,false,false,0
ENMORT003,none,,2026-08-09T09:09:27.000Z,21.37463664,-157.73725624,UAV 1,2,1:3001:2500,ENMORT003,1:1:71:10:1:0:1,0,false,false,false,false,0
FRTRK2004,move to,LOC_남측제1방어선,2026-08-09T09:09:27.000Z,21.38725970,-157.74453419,UAV 1,1,1:3001:2211,FRTRK2004,1:1:225:7:12:8:0,0,false,false,false,false,0
FRM113003,none,,2026-08-09T09:09:27.000Z,21.38084161,-157.74648902,UAV 1,1,1:3001:2282,FRM113003,1:1:225:2:3:1:0,0,false,false,false,false,0
FRT80005,none,,2026-08-09T09:09:27.000Z,21.38084335,-157.74641247,UAV 1,1,1:3001:2300,FRT80005,1:1:222:1:1:1:0,0,false,false,false,false,0
FRTRK2002,move to,LOC_남측제1방어선,2026-08-09T09:09:27.000Z,21.38724722,-157.74443315,UAV 1,1,1:3001:2462,FRTRK2002,1:1:225:7:12:8:0,0,false,false,false,false,0
FRT80006,none,,2026-08-09T09:09:27.000Z,21.38464176,-157.75021342,UAV 1,1,1:3001:2409,FRT80006,1:1:222:1:1:1:0,0,false,false,false,false,0
FRTRK1005,move to,LOC_남측제1방어선,2026-08-09T09:09:27.000Z,21.38738210,-157.74448066,UAV 1,1,1:3001:2408,FRTRK1005,1:1:225:7:12:0:0,0,false,false,false,false,0
ENMORT005,none,,2026-08-09T09:09:28.000Z,21.37457651,-157.73710572,UAV 1,2,1:3001:2242,ENMORT005,1:1:71:10:1:0:1,0,false,false,false,false,0
ENMORT004,none,,2026-08-09T09:09:28.000Z,21.37447596,-157.73706256,UAV 1,2,1:3001:2265,ENMORT004,1:1:71:10:1:0:1,0,false,false,false,false,0
ENMORT001,none,,2026-08-09T09:09:28.000Z,21.37443553,-157.73716992,UAV 1,2,1:3001:2424,ENMORT001,1:1:71:10:1:0:1,0,false,false,false,false,0
ENMORT002,none,,2026-08-09T09:09:28.000Z,21.37453609,-157.73721308,UAV 1,2,1:3001:2469,ENMORT002,1:1:71:10:1:0:1,0,false,false,false,false,0
ENMORT003,none,,2026-08-09T09:09:28.000Z,21.37463664,-157.73725624,UAV 1,2,1:3001:2500,ENMORT003,1:1:71:10:1:0:1,0,false,false,false,false,0
FRTRK2004,move to,LOC_남측제1방어선,2026-08-09T09:09:28.000Z,21.38725934,-157.74453107,UAV 1,1,1:3001:2211,FRTRK2004,1:1:225:7:12:8:0,0,false,false,false,false,0
FRM113003,none,,2026-08-09T09:09:28.000Z,21.38084161,-157.74648902,UAV 1,1,1:3001:2282,FRM113003,1:1:225:2:3:1:0,0,false,false,false,false,0
FRT80005,none,,2026-08-09T09:09:28.000Z,21.38084335,-157.74641247,UAV 1,1,1:3001:2300,FRT80005,1:1:222:1:1:1:0,0,false,false,false,false,0
FRTRK2002,move to,LOC_남측제1방어선,2026-08-09T09:09:28.000Z,21.38724944,-157.74445232,UAV 1,1,1:3001:2462,FRTRK2002,1:1:225:7:12:8:0,0,false,false,false,false,0
FRT80006,none,,2026-08-09T09:09:28.000Z,21.38464176,-157.75021342,UAV 1,1,1:3001:2409,FRT80006,1:1:222:1:1:1:0,0,false,false,false,false,0
ENM35004,move to,LOC_적북측접근로,2026-08-09T09:09:28.000Z,21.37135644,-157.74163389,UAV 1,2,1:3001:2285,ENM35004,1:1:225:7:1:6:0,0,false,false,false,false,0
ENM35001,move to,LOC_적북측접근로,2026-08-09T09:09:28.000Z,21.37138283,-157.74151763,UAV 1,2,1:3001:2389,ENM35001,1:1:225:7:1:6:0,0,false,false,false,false,0
FRTRK2003,move to,LOC_남측제1방어선,2026-08-09T09:09:28.000Z,21.38728840,-157.74441626,UAV 1,1,1:3001:2498,FRTRK2003,1:1:225:7:12:8:0,0,false,false,false,false,0
ENMORT005,none,,2026-08-09T09:09:28.000Z,21.37457651,-157.73710572,UAV 1,2,1:3001:2242,ENMORT005,1:1:71:10:1:0:1,0,false,false,false,false,0
ENMORT004,none,,2026-08-09T09:09:28.000Z,21.37447596,-157.73706256,UAV 1,2,1:3001:2265,ENMORT004,1:1:71:10:1:0:1,0,false,false,false,false,0
ENMORT001,none,,2026-08-09T09:09:28.000Z,21.37443553,-157.73716992,UAV 1,2,1:3001:2424,ENMORT001,1:1:71:10:1:0:1,0,false,false,false,false,0
ENMORT002,none,,2026-08-09T09:09:28.000Z,21.37453609,-157.73721308,UAV 1,2,1:3001:2469,ENMORT002,1:1:71:10:1:0:1,0,false,false,false,false,0
ENMORT003,none,,2026-08-09T09:09:28.000Z,21.37463664,-157.73725624,UAV 1,2,1:3001:2500,ENMORT003,1:1:71:10:1:0:1,0,false,false,false,false,0
FRTRK2004,move to,LOC_남측제1방어선,2026-08-09T09:09:28.000Z,21.38725934,-157.74453107,UAV 1,1,1:3001:2211,FRTRK2004,1:1:225:7:12:8:0,0,false,false,false,false,0
FRM113003,none,,2026-08-09T09:09:28.000Z,21.38084161,-157.74648902,UAV 1,1,1:3001:2282,FRM113003,1:1:225:2:3:1:0,0,false,false,false,false,0
FRT80005,none,,2026-08-09T09:09:28.000Z,21.38084335,-157.74641247,UAV 1,1,1:3001:2300,FRT80005,1:1:222:1:1:1:0,0,false,false,false,false,0
FRTRK2002,move to,LOC_남측제1방어선,2026-08-09T09:09:28.000Z,21.38724944,-157.74445232,UAV 1,1,1:3001:2462,FRTRK2002,1:1:225:7:12:8:0,0,false,false,false,false,0
FRT80006,none,,2026-08-09T09:09:28.000Z,21.38464176,-157.75021342,UAV 1,1,1:3001:2409,FRT80006,1:1:222:1:1:1:0,0,false,false,false,false,0
ENM35004,move to,LOC_적북측접근로,2026-08-09T09:09:28.000Z,21.37135644,-157.74163389,UAV 1,2,1:3001:2285,ENM35004,1:1:225:7:1:6:0,0,false,false,false,false,0
ENM35001,move to,LOC_적북측접근로,2026-08-09T09:09:28.000Z,21.37138283,-157.74151763,UAV 1,2,1:3001:2389,ENM35001,1:1:225:7:1:6:0,0,false,false,false,false,0
FRTRK2003,move to,LOC_남측제1방어선,2026-08-09T09:09:28.000Z,21.38728840,-157.74441626,UAV 1,1,1:3001:2498,FRTRK2003,1:1:225:7:12:8:0,0,false,false,false,false,0
ENMORT005,none,,2026-08-09T09:09:29.000Z,21.37457651,-157.73710572,UAV 1,2,1:3001:2242,ENMORT005,1:1:71:10:1:0:1,0,false,false,false,false,0
ENMORT004,none,,2026-08-09T09:09:29.000Z,21.37447596,-157.73706256,UAV 1,2,1:3001:2265,ENMORT004,1:1:71:10:1:0:1,0,false,false,false,false,0
ENMORT001,none,,2026-08-09T09:09:29.000Z,21.37443553,-157.73716992,UAV 1,2,1:3001:2424,ENMORT001,1:1:71:10:1:0:1,0,false,false,false,false,0
ENMORT002,none,,2026-08-09T09:09:29.000Z,21.37453609,-157.73721308,UAV 1,2,1:3001:2469,ENMORT002,1:1:71:10:1:0:1,0,false,false,false,false,0
ENMORT003,none,,2026-08-09T09:09:29.000Z,21.37463664,-157.73725624,UAV 1,2,1:3001:2500,ENMORT003,1:1:71:10:1:0:1,0,false,false,false,false,0
FRTRK2004,move to,LOC_남측제1방어선,2026-08-09T09:09:29.000Z,21.38725934,-157.74453107,UAV 1,1,1:3001:2211,FRTRK2004,1:1:225:7:12:8:0,0,false,false,false,false,0
FRM113003,none,,2026-08-09T09:09:29.000Z,21.38084161,-157.74648902,UAV 1,1,1:3001:2282,FRM113003,1:1:225:2:3:1:0,0,false,false,false,false,0
FRT80005,none,,2026-08-09T09:09:29.000Z,21.38084335,-157.74641247,UAV 1,1,1:3001:2300,FRT80005,1:1:222:1:1:1:0,0,false,false,false,false,0
FRTRK2002,move to,LOC_남측제1방어선,2026-08-09T09:09:29.000Z,21.38724944,-157.74445232,UAV 1,1,1:3001:2462,FRTRK2002,1:1:225:7:12:8:0,0,false,false,false,false,0
FRT80006,none,,2026-08-09T09:09:29.000Z,21.38464176,-157.75021342,UAV 1,1,1:3001:2409,FRT80006,1:1:222:1:1:1:0,0,false,false,false,false,0
ENM35004,move to,LOC_적북측접근로,2026-08-09T09:09:29.000Z,21.37135644,-157.74163389,UAV 1,2,1:3001:2285,ENM35004,1:1:225:7:1:6:0,0,false,false,false,false,0
ENM35001,move to,LOC_적북측접근로,2026-08-09T09:09:29.000Z,21.37138283,-157.74151763,UAV 1,2,1:3001:2389,ENM35001,1:1:225:7:1:6:0,0,false,false,false,false,0
FRTRK2003,move to,LOC_남측제1방어선,2026-08-09T09:09:29.000Z,21.38728840,-157.74441626,UAV 1,1,1:3001:2498,FRTRK2003,1:1:225:7:12:8:0,0,false,false,false,false,0
ENMORT005,none,,2026-08-09T09:09:29.000Z,21.37457651,-157.73710572,UAV 1,2,1:3001:2242,ENMORT005,1:1:71:10:1:0:1,0,false,false,false,false,0
ENMORT004,none,,2026-08-09T09:09:29.000Z,21.37447596,-157.73706256,UAV 1,2,1:3001:2265,ENMORT004,1:1:71:10:1:0:1,0,false,false,false,false,0
ENMORT001,none,,2026-08-09T09:09:29.000Z,21.37443553,-157.73716992,UAV 1,2,1:3001:2424,ENMORT001,1:1:71:10:1:0:1,0,false,false,false,false,0
ENMORT002,none,,2026-08-09T09:09:29.000Z,21.37453609,-157.73721308,UAV 1,2,1:3001:2469,ENMORT002,1:1:71:10:1:0:1,0,false,false,false,false,0
ENMORT003,none,,2026-08-09T09:09:29.000Z,21.37463664,-157.73725624,UAV 1,2,1:3001:2500,ENMORT003,1:1:71:10:1:0:1,0,false,false,false,false,0
FRTRK2004,move to,LOC_남측제1방어선,2026-08-09T09:09:29.000Z,21.38725934,-157.74453107,UAV 1,1,1:3001:2211,FRTRK2004,1:1:225:7:12:8:0,0,false,false,false,false,0
FRM113003,none,,2026-08-09T09:09:29.000Z,21.38084161,-157.74648902,UAV 1,1,1:3001:2282,FRM113003,1:1:225:2:3:1:0,0,false,false,false,false,0
FRT80005,none,,2026-08-09T09:09:29.000Z,21.38084335,-157.74641247,UAV 1,1,1:3001:2300,FRT80005,1:1:222:1:1:1:0,0,false,false,false,false,0
FRTRK2002,move to,LOC_남측제1방어선,2026-08-09T09:09:29.000Z,21.38724944,-157.74445232,UAV 1,1,1:3001:2462,FRTRK2002,1:1:225:7:12:8:0,0,false,false,false,false,0
FRT80006,none,,2026-08-09T09:09:29.000Z,21.38464176,-157.75021342,UAV 1,1,1:3001:2409,FRT80006,1:1:222:1:1:1:0,0,false,false,false,false,0
ENM35004,move to,LOC_적북측접근로,2026-08-09T09:09:29.000Z,21.37135644,-157.74163389,UAV 1,2,1:3001:2285,ENM35004,1:1:225:7:1:6:0,0,false,false,false,false,0
ENM35001,move to,LOC_적북측접근로,2026-08-09T09:09:29.000Z,21.37138283,-157.74151763,UAV 1,2,1:3001:2389,ENM35001,1:1:225:7:1:6:0,0,false,false,false,false,0
FRTRK2003,move to,LOC_남측제1방어선,2026-08-09T09:09:29.000Z,21.38728840,-157.74441626,UAV 1,1,1:3001:2498,FRTRK2003,1:1:225:7:12:8:0,0,false,false,false,false,0
ENMORT005,none,,2026-08-09T09:09:30.000Z,21.37457651,-157.73710572,UAV 1,2,1:3001:2242,ENMORT005,1:1:71:10:1:0:1,0,false,false,false,false,0
ENMORT004,none,,2026-08-09T09:09:30.000Z,21.37447596,-157.73706256,UAV 1,2,1:3001:2265,ENMORT004,1:1:71:10:1:0:1,0,false,false,false,false,0
ENMORT001,none,,2026-08-09T09:09:30.000Z,21.37443553,-157.73716992,UAV 1,2,1:3001:2424,ENMORT001,1:1:71:10:1:0:1,0,false,false,false,false,0
ENMORT002,none,,2026-08-09T09:09:30.000Z,21.37453609,-157.73721308,UAV 1,2,1:3001:2469,ENMORT002,1:1:71:10:1:0:1,0,false,false,false,false,0
ENMORT003,none,,2026-08-09T09:09:30.000Z,21.37463664,-157.73725624,UAV 1,2,1:3001:2500,ENMORT003,1:1:71:10:1:0:1,0,false,false,false,false,0
FRTRK2004,move to,LOC_남측제1방어선,2026-08-09T09:09:30.000Z,21.38725869,-157.74452548,UAV 1,1,1:3001:2211,FRTRK2004,1:1:225:7:12:8:0,0,false,false,false,false,0
FRM113003,none,,2026-08-09T09:09:30.000Z,21.38084161,-157.74648902,UAV 1,1,1:3001:2282,FRM113003,1:1:225:2:3:1:0,0,false,false,false,false,0
FRT80005,none,,2026-08-09T09:09:30.000Z,21.38084335,-157.74641247,UAV 1,1,1:3001:2300,FRT80005,1:1:222:1:1:1:0,0,false,false,false,false,0
FRTRK2002,move to,LOC_남측제1방어선,2026-08-09T09:09:30.000Z,21.38725181,-157.74447282,UAV 1,1,1:3001:2462,FRTRK2002,1:1:225:7:12:8:0,0,false,false,false,false,0
FRT80006,none,,2026-08-09T09:09:30.000Z,21.38464176,-157.75021342,UAV 1,1,1:3001:2409,FRT80006,1:1:222:1:1:1:0,0,false,false,false,false,0
ENM35001,move to,LOC_적북측접근로,2026-08-09T09:09:30.000Z,21.37138094,-157.74152560,UAV 1,2,1:3001:2389,ENM35001,1:1:225:7:1:6:0,0,false,false,false,false,0
FRTRK2003,move to,LOC_남측제1방어선,2026-08-09T09:09:30.000Z,21.38728810,-157.74441388,UAV 1,1,1:3001:2498,FRTRK2003,1:1:225:7:12:8:0,0,false,false,false,false,0
ENMORT005,none,,2026-08-09T09:09:30.000Z,21.37457651,-157.73710572,UAV 1,2,1:3001:2242,ENMORT005,1:1:71:10:1:0:1,0,false,false,false,false,0
ENMORT004,none,,2026-08-09T09:09:30.000Z,21.37447596,-157.73706256,UAV 1,2,1:3001:2265,ENMORT004,1:1:71:10:1:0:1,0,false,false,false,false,0
ENMORT001,none,,2026-08-09T09:09:30.000Z,21.37443553,-157.73716992,UAV 1,2,1:3001:2424,ENMORT001,1:1:71:10:1:0:1,0,false,false,false,false,0
ENMORT002,none,,2026-08-09T09:09:30.000Z,21.37453609,-157.73721308,UAV 1,2,1:3001:2469,ENMORT002,1:1:71:10:1:0:1,0,false,false,false,false,0
ENMORT003,none,,2026-08-09T09:09:30.000Z,21.37463664,-157.73725624,UAV 1,2,1:3001:2500,ENMORT003,1:1:71:10:1:0:1,0,false,false,false,false,0
FRTRK2004,move to,LOC_남측제1방어선,2026-08-09T09:09:30.000Z,21.38725869,-157.74452548,UAV 1,1,1:3001:2211,FRTRK2004,1:1:225:7:12:8:0,0,false,false,false,false,0
FRM113003,none,,2026-08-09T09:09:30.000Z,21.38084161,-157.74648902,UAV 1,1,1:3001:2282,FRM113003,1:1:225:2:3:1:0,0,false,false,false,false,0
FRT80005,none,,2026-08-09T09:09:30.000Z,21.38084335,-157.74641247,UAV 1,1,1:3001:2300,FRT80005,1:1:222:1:1:1:0,0,false,false,false,false,0
FRTRK2002,move to,LOC_남측제1방어선,2026-08-09T09:09:30.000Z,21.38725181,-157.74447282,UAV 1,1,1:3001:2462,FRTRK2002,1:1:225:7:12:8:0,0,false,false,false,false,0
FRT80006,none,,2026-08-09T09:09:30.000Z,21.38464176,-157.75021342,UAV 1,1,1:3001:2409,FRT80006,1:1:222:1:1:1:0,0,false,false,false,false,0
ENM35001,move to,LOC_적북측접근로,2026-08-09T09:09:30.000Z,21.37138094,-157.74152560,UAV 1,2,1:3001:2389,ENM35001,1:1:225:7:1:6:0,0,false,false,false,false,0
FRTRK2003,move to,LOC_남측제1방어선,2026-08-09T09:09:30.000Z,21.38728810,-157.74441388,UAV 1,1,1:3001:2498,FRTRK2003,1:1:225:7:12:8:0,0,false,false,false,false,0
ENMORT005,none,,2026-08-09T09:09:31.000Z,21.37457651,-157.73710572,UAV 1,2,1:3001:2242,ENMORT005,1:1:71:10:1:0:1,0,false,false,false,false,0
ENMORT004,none,,2026-08-09T09:09:31.000Z,21.37447596,-157.73706256,UAV 1,2,1:3001:2265,ENMORT004,1:1:71:10:1:0:1,0,false,false,false,false,0
ENMORT001,none,,2026-08-09T09:09:31.000Z,21.37443553,-157.73716992,UAV 1,2,1:3001:2424,ENMORT001,1:1:71:10:1:0:1,0,false,false,false,false,0
ENMORT002,none,,2026-08-09T09:09:31.000Z,21.37453609,-157.73721308,UAV 1,2,1:3001:2469,ENMORT002,1:1:71:10:1:0:1,0,false,false,false,false,0
ENMORT003,none,,2026-08-09T09:09:31.000Z,21.37463664,-157.73725624,UAV 1,2,1:3001:2500,ENMORT003,1:1:71:10:1:0:1,0,false,false,false,false,0
FRTRK2004,move to,LOC_남측제1방어선,2026-08-09T09:09:31.000Z,21.38725869,-157.74452548,UAV 1,1,1:3001:2211,FRTRK2004,1:1:225:7:12:8:0,0,false,false,false,false,0
FRM113003,none,,2026-08-09T09:09:31.000Z,21.38084161,-157.74648902,UAV 1,1,1:3001:2282,FRM113003,1:1:225:2:3:1:0,0,false,false,false,false,0
FRT80005,none,,2026-08-09T09:09:31.000Z,21.38084335,-157.74641247,UAV 1,1,1:3001:2300,FRT80005,1:1:222:1:1:1:0,0,false,false,false,false,0
FRTRK2002,move to,LOC_남측제1방어선,2026-08-09T09:09:31.000Z,21.38725181,-157.74447282,UAV 1,1,1:3001:2462,FRTRK2002,1:1:225:7:12:8:0,0,false,false,false,false,0
FRT80006,none,,2026-08-09T09:09:31.000Z,21.38464176,-157.75021342,UAV 1,1,1:3001:2409,FRT80006,1:1:222:1:1:1:0,0,false,false,false,false,0
ENM35001,move to,LOC_적북측접근로,2026-08-09T09:09:31.000Z,21.37138094,-157.74152560,UAV 1,2,1:3001:2389,ENM35001,1:1:225:7:1:6:0,0,false,false,false,false,0
FRTRK2003,move to,LOC_남측제1방어선,2026-08-09T09:09:31.000Z,21.38728810,-157.74441388,UAV 1,1,1:3001:2498,FRTRK2003,1:1:225:7:12:8:0,0,false,false,false,false,0
ENMORT005,none,,2026-08-09T09:09:31.000Z,21.37457651,-157.73710572,UAV 1,2,1:3001:2242,ENMORT005,1:1:71:10:1:0:1,0,false,false,false,false,0
ENMORT004,none,,2026-08-09T09:09:31.000Z,21.37447596,-157.73706256,UAV 1,2,1:3001:2265,ENMORT004,1:1:71:10:1:0:1,0,false,false,false,false,0
ENMORT001,none,,2026-08-09T09:09:31.000Z,21.37443553,-157.73716992,UAV 1,2,1:3001:2424,ENMORT001,1:1:71:10:1:0:1,0,false,false,false,false,0
ENMORT002,none,,2026-08-09T09:09:31.000Z,21.37453609,-157.73721308,UAV 1,2,1:3001:2469,ENMORT002,1:1:71:10:1:0:1,0,false,false,false,false,0
ENMORT003,none,,2026-08-09T09:09:31.000Z,21.37463664,-157.73725624,UAV 1,2,1:3001:2500,ENMORT003,1:1:71:10:1:0:1,0,false,false,false,false,0
FRTRK2004,move to,LOC_남측제1방어선,2026-08-09T09:09:31.000Z,21.38725869,-157.74452548,UAV 1,1,1:3001:2211,FRTRK2004,1:1:225:7:12:8:0,0,false,false,false,false,0
FRM113003,none,,2026-08-09T09:09:31.000Z,21.38084161,-157.74648902,UAV 1,1,1:3001:2282,FRM113003,1:1:225:2:3:1:0,0,false,false,false,false,0
FRT80005,none,,2026-08-09T09:09:31.000Z,21.38084335,-157.74641247,UAV 1,1,1:3001:2300,FRT80005,1:1:222:1:1:1:0,0,false,false,false,false,0
FRTRK2002,move to,LOC_남측제1방어선,2026-08-09T09:09:31.000Z,21.38725181,-157.74447282,UAV 1,1,1:3001:2462,FRTRK2002,1:1:225:7:12:8:0,0,false,false,false,false,0
FRT80006,none,,2026-08-09T09:09:31.000Z,21.38464176,-157.75021342,UAV 1,1,1:3001:2409,FRT80006,1:1:222:1:1:1:0,0,false,false,false,false,0
ENM35001,move to,LOC_적북측접근로,2026-08-09T09:09:31.000Z,21.37138094,-157.74152560,UAV 1,2,1:3001:2389,ENM35001,1:1:225:7:1:6:0,0,false,false,false,false,0
FRTRK2003,move to,LOC_남측제1방어선,2026-08-09T09:09:31.000Z,21.38728810,-157.74441388,UAV 1,1,1:3001:2498,FRTRK2003,1:1:225:7:12:8:0,0,false,false,false,false,0
ENMORT005,none,,2026-08-09T09:09:32.000Z,21.37457651,-157.73710572,UAV 1,2,1:3001:2242,ENMORT005,1:1:71:10:1:0:1,0,false,false,false,false,0
ENMORT004,none,,2026-08-09T09:09:32.000Z,21.37447596,-157.73706256,UAV 1,2,1:3001:2265,ENMORT004,1:1:71:10:1:0:1,0,false,false,false,false,0
ENMORT001,none,,2026-08-09T09:09:32.000Z,21.37443553,-157.73716992,UAV 1,2,1:3001:2424,ENMORT001,1:1:71:10:1:0:1,0,false,false,false,false,0
ENMORT002,none,,2026-08-09T09:09:32.000Z,21.37453609,-157.73721308,UAV 1,2,1:3001:2469,ENMORT002,1:1:71:10:1:0:1,0,false,false,false,false,0
ENMORT003,none,,2026-08-09T09:09:32.000Z,21.37463664,-157.73725624,UAV 1,2,1:3001:2500,ENMORT003,1:1:71:10:1:0:1,0,false,false,false,false,0
FRTRK2004,move to,LOC_남측제1방어선,2026-08-09T09:09:32.000Z,21.38725814,-157.74452073,UAV 1,1,1:3001:2211,FRTRK2004,1:1:225:7:12:8:0,0,false,false,false,false,0
FRM113003,none,,2026-08-09T09:09:32.000Z,21.38084161,-157.74648902,UAV 1,1,1:3001:2282,FRM113003,1:1:225:2:3:1:0,0,false,false,false,false,0
FRT80005,none,,2026-08-09T09:09:32.000Z,21.38084335,-157.74641247,UAV 1,1,1:3001:2300,FRT80005,1:1:222:1:1:1:0,0,false,false,false,false,0
FRT80006,none,,2026-08-09T09:09:32.000Z,21.38464176,-157.75021342,UAV 1,1,1:3001:2409,FRT80006,1:1:222:1:1:1:0,0,false,false,false,false,0
FRTRK2003,move to,LOC_남측제1방어선,2026-08-09T09:09:32.000Z,21.38728952,-157.74442528,UAV 1,1,1:3001:2498,FRTRK2003,1:1:225:7:12:8:0,0,false,false,false,false,0
ENM35002,move to,LOC_적북측접근로,2026-08-09T09:09:32.000Z,21.37135258,-157.74164961,UAV 1,2,1:3001:2375,ENM35002,1:1:225:7:1:6:0,0,false,false,false,false,0
FRTRK1005,move to,LOC_남측제1방어선,2026-08-09T09:09:32.000Z,21.38738475,-157.74449957,UAV 1,1,1:3001:2408,FRTRK1005,1:1:225:7:12:0:0,0,false,false,false,false,0
ENMORT005,none,,2026-08-09T09:09:32.000Z,21.37457651,-157.73710572,UAV 1,2,1:3001:2242,ENMORT005,1:1:71:10:1:0:1,0,false,false,false,false,0
ENMORT004,none,,2026-08-09T09:09:32.000Z,21.37447596,-157.73706256,UAV 1,2,1:3001:2265,ENMORT004,1:1:71:10:1:0:1,0,false,false,false,false,0
ENMORT001,none,,2026-08-09T09:09:32.000Z,21.37443553,-157.73716992,UAV 1,2,1:3001:2424,ENMORT001,1:1:71:10:1:0:1,0,false,false,false,false,0
ENMORT002,none,,2026-08-09T09:09:32.000Z,21.37453609,-157.73721308,UAV 1,2,1:3001:2469,ENMORT002,1:1:71:10:1:0:1,0,false,false,false,false,0
ENMORT003,none,,2026-08-09T09:09:32.000Z,21.37463664,-157.73725624,UAV 1,2,1:3001:2500,ENMORT003,1:1:71:10:1:0:1,0,false,false,false,false,0
FRTRK2004,move to,LOC_남측제1방어선,2026-08-09T09:09:32.000Z,21.38725814,-157.74452073,UAV 1,1,1:3001:2211,FRTRK2004,1:1:225:7:12:8:0,0,false,false,false,false,0
FRM113003,none,,2026-08-09T09:09:32.000Z,21.38084161,-157.74648902,UAV 1,1,1:3001:2282,FRM113003,1:1:225:2:3:1:0,0,false,false,false,false,0
FRT80005,none,,2026-08-09T09:09:32.000Z,21.38084335,-157.74641247,UAV 1,1,1:3001:2300,FRT80005,1:1:222:1:1:1:0,0,false,false,false,false,0
FRT80006,none,,2026-08-09T09:09:32.000Z,21.38464176,-157.75021342,UAV 1,1,1:3001:2409,FRT80006,1:1:222:1:1:1:0,0,false,false,false,false,0
FRTRK2003,move to,LOC_남측제1방어선,2026-08-09T09:09:32.000Z,21.38728952,-157.74442528,UAV 1,1,1:3001:2498,FRTRK2003,1:1:225:7:12:8:0,0,false,false,false,false,0
ENM35002,move to,LOC_적북측접근로,2026-08-09T09:09:32.000Z,21.37135258,-157.74164961,UAV 1,2,1:3001:2375,ENM35002,1:1:225:7:1:6:0,0,false,false,false,false,0
FRTRK1005,move to,LOC_남측제1방어선,2026-08-09T09:09:32.000Z,21.38738475,-157.74449957,UAV 1,1,1:3001:2408,FRTRK1005,1:1:225:7:12:0:0,0,false,false,false,false,0
ENMORT005,none,,2026-08-09T09:09:33.000Z,21.37457651,-157.73710572,UAV 1,2,1:3001:2242,ENMORT005,1:1:71:10:1:0:1,0,false,false,false,false,0
ENMORT004,none,,2026-08-09T09:09:33.000Z,21.37447596,-157.73706256,UAV 1,2,1:3001:2265,ENMORT004,1:1:71:10:1:0:1,0,false,false,false,false,0
ENMORT001,none,,2026-08-09T09:09:33.000Z,21.37443553,-157.73716992,UAV 1,2,1:3001:2424,ENMORT001,1:1:71:10:1:0:1,0,false,false,false,false,0
ENMORT002,none,,2026-08-09T09:09:33.000Z,21.37453609,-157.73721308,UAV 1,2,1:3001:2469,ENMORT002,1:1:71:10:1:0:1,0,false,false,false,false,0
ENMORT003,none,,2026-08-09T09:09:33.000Z,21.37463664,-157.73725624,UAV 1,2,1:3001:2500,ENMORT003,1:1:71:10:1:0:1,0,false,false,false,false,0
FRTRK2004,move to,LOC_남측제1방어선,2026-08-09T09:09:33.000Z,21.38725814,-157.74452073,UAV 1,1,1:3001:2211,FRTRK2004,1:1:225:7:12:8:0,0,false,false,false,false,0
FRM113003,none,,2026-08-09T09:09:33.000Z,21.38084161,-157.74648902,UAV 1,1,1:3001:2282,FRM113003,1:1:225:2:3:1:0,0,false,false,false,false,0
FRT80005,none,,2026-08-09T09:09:33.000Z,21.38084335,-157.74641247,UAV 1,1,1:3001:2300,FRT80005,1:1:222:1:1:1:0,0,false,false,false,false,0
FRT80006,none,,2026-08-09T09:09:33.000Z,21.38464176,-157.75021342,UAV 1,1,1:3001:2409,FRT80006,1:1:222:1:1:1:0,0,false,false,false,false,0
FRTRK2003,move to,LOC_남측제1방어선,2026-08-09T09:09:33.000Z,21.38728952,-157.74442528,UAV 1,1,1:3001:2498,FRTRK2003,1:1:225:7:12:8:0,0,false,false,false,false,0
ENM35002,move to,LOC_적북측접근로,2026-08-09T09:09:33.000Z,21.37135258,-157.74164961,UAV 1,2,1:3001:2375,ENM35002,1:1:225:7:1:6:0,0,false,false,false,false,0
FRTRK1005,move to,LOC_남측제1방어선,2026-08-09T09:09:33.000Z,21.38738475,-157.74449957,UAV 1,1,1:3001:2408,FRTRK1005,1:1:225:7:12:0:0,0,false,false,false,false,0
ENMORT005,none,,2026-08-09T09:09:34.000Z,21.37457651,-157.73710572,UAV 1,2,1:3001:2242,ENMORT005,1:1:71:10:1:0:1,0,false,false,false,false,0
ENMORT004,none,,2026-08-09T09:09:34.000Z,21.37447596,-157.73706256,UAV 1,2,1:3001:2265,ENMORT004,1:1:71:10:1:0:1,0,false,false,false,false,0
ENMORT001,none,,2026-08-09T09:09:34.000Z,21.37443553,-157.73716992,UAV 1,2,1:3001:2424,ENMORT001,1:1:71:10:1:0:1,0,false,false,false,false,0
ENMORT002,none,,2026-08-09T09:09:34.000Z,21.37453609,-157.73721308,UAV 1,2,1:3001:2469,ENMORT002,1:1:71:10:1:0:1,0,false,false,false,false,0
ENMORT003,none,,2026-08-09T09:09:34.000Z,21.37463664,-157.73725624,UAV 1,2,1:3001:2500,ENMORT003,1:1:71:10:1:0:1,0,false,false,false,false,0
FRTRK2004,move to,LOC_남측제1방어선,2026-08-09T09:09:34.000Z,21.38725798,-157.74451934,UAV 1,1,1:3001:2211,FRTRK2004,1:1:225:7:12:8:0,0,false,false,false,false,0
FRM113003,none,,2026-08-09T09:09:34.000Z,21.38084161,-157.74648902,UAV 1,1,1:3001:2282,FRM113003,1:1:225:2:3:1:0,0,false,false,false,false,0
FRT80005,none,,2026-08-09T09:09:34.000Z,21.38084335,-157.74641247,UAV 1,1,1:3001:2300,FRT80005,1:1:222:1:1:1:0,0,false,false,false,false,0
FRT80006,none,,2026-08-09T09:09:34.000Z,21.38464176,-157.75021342,UAV 1,1,1:3001:2409,FRT80006,1:1:222:1:1:1:0,0,false,false,false,false,0
FRTRK2003,move to,LOC_남측제1방어선,2026-08-09T09:09:34.000Z,21.38729232,-157.74444791,UAV 1,1,1:3001:2498,FRTRK2003,1:1:225:7:12:8:0,0,false,false,false,false,0
ENM35002,move to,LOC_적북측접근로,2026-08-09T09:09:34.000Z,21.37135400,-157.74164387,UAV 1,2,1:3001:2375,ENM35002,1:1:225:7:1:6:0,0,false,false,false,false,0
FRTRK1005,move to,LOC_남측제1방어선,2026-08-09T09:09:34.000Z,21.38737893,-157.74445800,UAV 1,1,1:3001:2408,FRTRK1005,1:1:225:7:12:0:0,0,false,false,false,false,0
ENM35001,move to,LOC_적북측접근로,2026-08-09T09:09:34.000Z,21.37136655,-157.74158640,UAV 1,2,1:3001:2389,ENM35001,1:1:225:7:1:6:0,0,false,false,false,false,0
ENMORT005,none,,2026-08-09T09:09:34.000Z,21.37457651,-157.73710572,UAV 1,2,1:3001:2242,ENMORT005,1:1:71:10:1:0:1,0,false,false,false,false,0
ENMORT004,none,,2026-08-09T09:09:34.000Z,21.37447596,-157.73706256,UAV 1,2,1:3001:2265,ENMORT004,1:1:71:10:1:0:1,0,false,false,false,false,0
ENMORT001,none,,2026-08-09T09:09:34.000Z,21.37443553,-157.73716992,UAV 1,2,1:3001:2424,ENMORT001,1:1:71:10:1:0:1,0,false,false,false,false,0
ENMORT002,none,,2026-08-09T09:09:34.000Z,21.37453609,-157.73721308,UAV 1,2,1:3001:2469,ENMORT002,1:1:71:10:1:0:1,0,false,false,false,false,0
ENMORT003,none,,2026-08-09T09:09:34.000Z,21.37463664,-157.73725624,UAV 1,2,1:3001:2500,ENMORT003,1:1:71:10:1:0:1,0,false,false,false,false,0
FRTRK2004,move to,LOC_남측제1방어선,2026-08-09T09:09:34.000Z,21.38725798,-157.74451934,UAV 1,1,1:3001:2211,FRTRK2004,1:1:225:7:12:8:0,0,false,false,false,false,0
FRM113003,none,,2026-08-09T09:09:34.000Z,21.38084161,-157.74648902,UAV 1,1,1:3001:2282,FRM113003,1:1:225:2:3:1:0,0,false,false,false,false,0
FRT80005,none,,2026-08-09T09:09:34.000Z,21.38084335,-157.74641247,UAV 1,1,1:3001:2300,FRT80005,1:1:222:1:1:1:0,0,false,false,false,false,0
FRT80006,none,,2026-08-09T09:09:34.000Z,21.38464176,-157.75021342,UAV 1,1,1:3001:2409,FRT80006,1:1:222:1:1:1:0,0,false,false,false,false,0
FRTRK2003,move to,LOC_남측제1방어선,2026-08-09T09:09:34.000Z,21.38729232,-157.74444791,UAV 1,1,1:3001:2498,FRTRK2003,1:1:225:7:12:8:0,0,false,false,false,false,0
ENM35002,move to,LOC_적북측접근로,2026-08-09T09:09:34.000Z,21.37135400,-157.74164387,UAV 1,2,1:3001:2375,ENM35002,1:1:225:7:1:6:0,0,false,false,false,false,0
FRTRK1005,move to,LOC_남측제1방어선,2026-08-09T09:09:34.000Z,21.38737893,-157.74445800,UAV 1,1,1:3001:2408,FRTRK1005,1:1:225:7:12:0:0,0,false,false,false,false,0
ENM35001,move to,LOC_적북측접근로,2026-08-09T09:09:34.000Z,21.37136655,-157.74158640,UAV 1,2,1:3001:2389,ENM35001,1:1:225:7:1:6:0,0,false,false,false,false,0
ENMORT005,none,,2026-08-09T09:09:35.000Z,21.37457651,-157.73710572,UAV 1,2,1:3001:2242,ENMORT005,1:1:71:10:1:0:1,0,false,false,false,false,0
ENMORT004,none,,2026-08-09T09:09:35.000Z,21.37447596,-157.73706256,UAV 1,2,1:3001:2265,ENMORT004,1:1:71:10:1:0:1,0,false,false,false,false,0
ENMORT001,none,,2026-08-09T09:09:35.000Z,21.37443553,-157.73716992,UAV 1,2,1:3001:2424,ENMORT001,1:1:71:10:1:0:1,0,false,false,false,false,0
ENMORT002,none,,2026-08-09T09:09:35.000Z,21.37453609,-157.73721308,UAV 1,2,1:3001:2469,ENMORT002,1:1:71:10:1:0:1,0,false,false,false,false,0
ENMORT003,none,,2026-08-09T09:09:35.000Z,21.37463664,-157.73725624,UAV 1,2,1:3001:2500,ENMORT003,1:1:71:10:1:0:1,0,false,false,false,false,0
FRTRK2004,move to,LOC_남측제1방어선,2026-08-09T09:09:35.000Z,21.38725798,-157.74451934,UAV 1,1,1:3001:2211,FRTRK2004,1:1:225:7:12:8:0,0,false,false,false,false,0
FRM113003,none,,2026-08-09T09:09:35.000Z,21.38084161,-157.74648902,UAV 1,1,1:3001:2282,FRM113003,1:1:225:2:3:1:0,0,false,false,false,false,0
FRT80005,none,,2026-08-09T09:09:35.000Z,21.38084335,-157.74641247,UAV 1,1,1:3001:2300,FRT80005,1:1:222:1:1:1:0,0,false,false,false,false,0
FRT80006,none,,2026-08-09T09:09:35.000Z,21.38464176,-157.75021342,UAV 1,1,1:3001:2409,FRT80006,1:1:222:1:1:1:0,0,false,false,false,false,0
FRTRK2003,move to,LOC_남측제1방어선,2026-08-09T09:09:35.000Z,21.38729232,-157.74444791,UAV 1,1,1:3001:2498,FRTRK2003,1:1:225:7:12:8:0,0,false,false,false,false,0
ENM35002,move to,LOC_적북측접근로,2026-08-09T09:09:35.000Z,21.37135400,-157.74164387,UAV 1,2,1:3001:2375,ENM35002,1:1:225:7:1:6:0,0,false,false,false,false,0
FRTRK1005,move to,LOC_남측제1방어선,2026-08-09T09:09:35.000Z,21.38737893,-157.74445800,UAV 1,1,1:3001:2408,FRTRK1005,1:1:225:7:12:0:0,0,false,false,false,false,0
ENM35001,move to,LOC_적북측접근로,2026-08-09T09:09:35.000Z,21.37136655,-157.74158640,UAV 1,2,1:3001:2389,ENM35001,1:1:225:7:1:6:0,0,false,false,false,false,0
ENMORT005,none,,2026-08-09T09:09:35.000Z,21.37457651,-157.73710572,UAV 1,2,1:3001:2242,ENMORT005,1:1:71:10:1:0:1,0,false,false,false,false,0
ENMORT004,none,,2026-08-09T09:09:35.000Z,21.37447596,-157.73706256,UAV 1,2,1:3001:2265,ENMORT004,1:1:71:10:1:0:1,0,false,false,false,false,0
ENMORT001,none,,2026-08-09T09:09:35.000Z,21.37443553,-157.73716992,UAV 1,2,1:3001:2424,ENMORT001,1:1:71:10:1:0:1,0,false,false,false,false,0
ENMORT002,none,,2026-08-09T09:09:35.000Z,21.37453609,-157.73721308,UAV 1,2,1:3001:2469,ENMORT002,1:1:71:10:1:0:1,0,false,false,false,false,0
ENMORT003,none,,2026-08-09T09:09:35.000Z,21.37463664,-157.73725624,UAV 1,2,1:3001:2500,ENMORT003,1:1:71:10:1:0:1,0,false,false,false,false,0
FRTRK2004,move to,LOC_남측제1방어선,2026-08-09T09:09:35.000Z,21.38725798,-157.74451934,UAV 1,1,1:3001:2211,FRTRK2004,1:1:225:7:12:8:0,0,false,false,false,false,0
FRM113003,none,,2026-08-09T09:09:35.000Z,21.38084161,-157.74648902,UAV 1,1,1:3001:2282,FRM113003,1:1:225:2:3:1:0,0,false,false,false,false,0
FRT80005,none,,2026-08-09T09:09:35.000Z,21.38084335,-157.74641247,UAV 1,1,1:3001:2300,FRT80005,1:1:222:1:1:1:0,0,false,false,false,false,0
FRT80006,none,,2026-08-09T09:09:35.000Z,21.38464176,-157.75021342,UAV 1,1,1:3001:2409,FRT80006,1:1:222:1:1:1:0,0,false,false,false,false,0
FRTRK2003,move to,LOC_남측제1방어선,2026-08-09T09:09:35.000Z,21.38729232,-157.74444791,UAV 1,1,1:3001:2498,FRTRK2003,1:1:225:7:12:8:0,0,false,false,false,false,0
ENM35002,move to,LOC_적북측접근로,2026-08-09T09:09:35.000Z,21.37135400,-157.74164387,UAV 1,2,1:3001:2375,ENM35002,1:1:225:7:1:6:0,0,false,false,false,false,0
FRTRK1005,move to,LOC_남측제1방어선,2026-08-09T09:09:35.000Z,21.38737893,-157.74445800,UAV 1,1,1:3001:2408,FRTRK1005,1:1:225:7:12:0:0,0,false,false,false,false,0
ENM35001,move to,LOC_적북측접근로,2026-08-09T09:09:35.000Z,21.37136655,-157.74158640,UAV 1,2,1:3001:2389,ENM35001,1:1:225:7:1:6:0,0,false,false,false,false,0
ENMORT005,none,,2026-08-09T09:09:36.000Z,21.37457651,-157.73710572,UAV 1,2,1:3001:2242,ENMORT005,1:1:71:10:1:0:1,0,false,false,false,false,0
ENMORT004,none,,2026-08-09T09:09:36.000Z,21.37447596,-157.73706256,UAV 1,2,1:3001:2265,ENMORT004,1:1:71:10:1:0:1,0,false,false,false,false,0
ENMORT001,none,,2026-08-09T09:09:36.000Z,21.37443553,-157.73716992,UAV 1,2,1:3001:2424,ENMORT001,1:1:71:10:1:0:1,0,false,false,false,false,0
ENMORT002,none,,2026-08-09T09:09:36.000Z,21.37453609,-157.73721308,UAV 1,2,1:3001:2469,ENMORT002,1:1:71:10:1:0:1,0,false,false,false,false,0
ENMORT003,none,,2026-08-09T09:09:36.000Z,21.37463664,-157.73725624,UAV 1,2,1:3001:2500,ENMORT003,1:1:71:10:1:0:1,0,false,false,false,false,0
FRM113003,none,,2026-08-09T09:09:36.000Z,21.38084161,-157.74648902,UAV 1,1,1:3001:2282,FRM113003,1:1:225:2:3:1:0,0,false,false,false,false,0
FRT80005,none,,2026-08-09T09:09:36.000Z,21.38084335,-157.74641247,UAV 1,1,1:3001:2300,FRT80005,1:1:222:1:1:1:0,0,false,false,false,false,0
FRT80006,none,,2026-08-09T09:09:36.000Z,21.38464176,-157.75021342,UAV 1,1,1:3001:2409,FRT80006,1:1:222:1:1:1:0,0,false,false,false,false,0
FRTRK1005,move to,LOC_남측제1방어선,2026-08-09T09:09:36.000Z,21.38737777,-157.74444969,UAV 1,1,1:3001:2408,FRTRK1005,1:1:225:7:12:0:0,0,false,false,false,false,0
FRTRK2002,move to,LOC_남측제1방어선,2026-08-09T09:09:36.000Z,21.38725227,-157.74447675,UAV 1,1,1:3001:2462,FRTRK2002,1:1:225:7:12:8:0,0,false,false,false,false,0
ENMORT005,none,,2026-08-09T09:09:36.000Z,21.37457651,-157.73710572,UAV 1,2,1:3001:2242,ENMORT005,1:1:71:10:1:0:1,0,false,false,false,false,0
ENMORT004,none,,2026-08-09T09:09:36.000Z,21.37447596,-157.73706256,UAV 1,2,1:3001:2265,ENMORT004,1:1:71:10:1:0:1,0,false,false,false,false,0
ENMORT001,none,,2026-08-09T09:09:36.000Z,21.37443553,-157.73716992,UAV 1,2,1:3001:2424,ENMORT001,1:1:71:10:1:0:1,0,false,false,false,false,0
ENMORT002,none,,2026-08-09T09:09:36.000Z,21.37453609,-157.73721308,UAV 1,2,1:3001:2469,ENMORT002,1:1:71:10:1:0:1,0,false,false,false,false,0
ENMORT003,none,,2026-08-09T09:09:36.000Z,21.37463664,-157.73725624,UAV 1,2,1:3001:2500,ENMORT003,1:1:71:10:1:0:1,0,false,false,false,false,0
FRM113003,none,,2026-08-09T09:09:36.000Z,21.38084161,-157.74648902,UAV 1,1,1:3001:2282,FRM113003,1:1:225:2:3:1:0,0,false,false,false,false,0
FRT80005,none,,2026-08-09T09:09:36.000Z,21.38084335,-157.74641247,UAV 1,1,1:3001:2300,FRT80005,1:1:222:1:1:1:0,0,false,false,false,false,0
FRT80006,none,,2026-08-09T09:09:36.000Z,21.38464176,-157.75021342,UAV 1,1,1:3001:2409,FRT80006,1:1:222:1:1:1:0,0,false,false,false,false,0
FRTRK1005,move to,LOC_남측제1방어선,2026-08-09T09:09:36.000Z,21.38737777,-157.74444969,UAV 1,1,1:3001:2408,FRTRK1005,1:1:225:7:12:0:0,0,false,false,false,false,0
FRTRK2002,move to,LOC_남측제1방어선,2026-08-09T09:09:36.000Z,21.38725227,-157.74447675,UAV 1,1,1:3001:2462,FRTRK2002,1:1:225:7:12:8:0,0,false,false,false,false,0
ENMORT005,none,,2026-08-09T09:09:37.000Z,21.37457651,-157.73710572,UAV 1,2,1:3001:2242,ENMORT005,1:1:71:10:1:0:1,0,false,false,false,false,0
ENMORT004,none,,2026-08-09T09:09:37.000Z,21.37447596,-157.73706256,UAV 1,2,1:3001:2265,ENMORT004,1:1:71:10:1:0:1,0,false,false,false,false,0
ENMORT001,none,,2026-08-09T09:09:37.000Z,21.37443553,-157.73716992,UAV 1,2,1:3001:2424,ENMORT001,1:1:71:10:1:0:1,0,false,false,false,false,0
ENMORT002,none,,2026-08-09T09:09:37.000Z,21.37453609,-157.73721308,UAV 1,2,1:3001:2469,ENMORT002,1:1:71:10:1:0:1,0,false,false,false,false,0
ENMORT003,none,,2026-08-09T09:09:37.000Z,21.37463664,-157.73725624,UAV 1,2,1:3001:2500,ENMORT003,1:1:71:10:1:0:1,0,false,false,false,false,0
FRM113003,none,,2026-08-09T09:09:37.000Z,21.38084161,-157.74648902,UAV 1,1,1:3001:2282,FRM113003,1:1:225:2:3:1:0,0,false,false,false,false,0
FRT80005,none,,2026-08-09T09:09:37.000Z,21.38084335,-157.74641247,UAV 1,1,1:3001:2300,FRT80005,1:1:222:1:1:1:0,0,false,false,false,false,0
FRT80006,none,,2026-08-09T09:09:37.000Z,21.38464176,-157.75021342,UAV 1,1,1:3001:2409,FRT80006,1:1:222:1:1:1:0,0,false,false,false,false,0
FRTRK1005,move to,LOC_남측제1방어선,2026-08-09T09:09:37.000Z,21.38737777,-157.74444969,UAV 1,1,1:3001:2408,FRTRK1005,1:1:225:7:12:0:0,0,false,false,false,false,0
FRTRK2002,move to,LOC_남측제1방어선,2026-08-09T09:09:37.000Z,21.38725227,-157.74447675,UAV 1,1,1:3001:2462,FRTRK2002,1:1:225:7:12:8:0,0,false,false,false,false,0
ENMORT005,none,,2026-08-09T09:09:37.000Z,21.37457651,-157.73710572,UAV 1,2,1:3001:2242,ENMORT005,1:1:71:10:1:0:1,0,false,false,false,false,0
ENMORT004,none,,2026-08-09T09:09:37.000Z,21.37447596,-157.73706256,UAV 1,2,1:3001:2265,ENMORT004,1:1:71:10:1:0:1,0,false,false,false,false,0
ENMORT001,none,,2026-08-09T09:09:37.000Z,21.37443553,-157.73716992,UAV 1,2,1:3001:2424,ENMORT001,1:1:71:10:1:0:1,0,false,false,false,false,0
ENMORT002,none,,2026-08-09T09:09:37.000Z,21.37453609,-157.73721308,UAV 1,2,1:3001:2469,ENMORT002,1:1:71:10:1:0:1,0,false,false,false,false,0
ENMORT003,none,,2026-08-09T09:09:37.000Z,21.37463664,-157.73725624,UAV 1,2,1:3001:2500,ENMORT003,1:1:71:10:1:0:1,0,false,false,false,false,0
FRM113003,none,,2026-08-09T09:09:37.000Z,21.38084161,-157.74648902,UAV 1,1,1:3001:2282,FRM113003,1:1:225:2:3:1:0,0,false,false,false,false,0
FRT80005,none,,2026-08-09T09:09:37.000Z,21.38084335,-157.74641247,UAV 1,1,1:3001:2300,FRT80005,1:1:222:1:1:1:0,0,false,false,false,false,0
FRT80006,none,,2026-08-09T09:09:37.000Z,21.38464176,-157.75021342,UAV 1,1,1:3001:2409,FRT80006,1:1:222:1:1:1:0,0,false,false,false,false,0
FRTRK1005,move to,LOC_남측제1방어선,2026-08-09T09:09:37.000Z,21.38737777,-157.74444969,UAV 1,1,1:3001:2408,FRTRK1005,1:1:225:7:12:0:0,0,false,false,false,false,0
FRTRK2002,move to,LOC_남측제1방어선,2026-08-09T09:09:37.000Z,21.38725227,-157.74447675,UAV 1,1,1:3001:2462,FRTRK2002,1:1:225:7:12:8:0,0,false,false,false,false,0
ENMORT005,none,,2026-08-09T09:09:38.000Z,21.37457651,-157.73710572,UAV 1,2,1:3001:2242,ENMORT005,1:1:71:10:1:0:1,0,false,false,false,false,0
ENMORT004,none,,2026-08-09T09:09:38.000Z,21.37447596,-157.73706256,UAV 1,2,1:3001:2265,ENMORT004,1:1:71:10:1:0:1,0,false,false,false,false,0
ENMORT001,none,,2026-08-09T09:09:38.000Z,21.37443553,-157.73716992,UAV 1,2,1:3001:2424,ENMORT001,1:1:71:10:1:0:1,0,false,false,false,false,0
ENMORT002,none,,2026-08-09T09:09:38.000Z,21.37453609,-157.73721308,UAV 1,2,1:3001:2469,ENMORT002,1:1:71:10:1:0:1,0,false,false,false,false,0
ENMORT003,none,,2026-08-09T09:09:38.000Z,21.37463664,-157.73725624,UAV 1,2,1:3001:2500,ENMORT003,1:1:71:10:1:0:1,0,false,false,false,false,0
FRT80005,none,,2026-08-09T09:09:38.000Z,21.38084335,-157.74641247,UAV 1,1,1:3001:2300,FRT80005,1:1:222:1:1:1:0,0,false,false,false,false,0
FRT80006,none,,2026-08-09T09:09:38.000Z,21.38464176,-157.75021342,UAV 1,1,1:3001:2409,FRT80006,1:1:222:1:1:1:0,0,false,false,false,false,0
FRTRK1005,move to,LOC_남측제1방어선,2026-08-09T09:09:38.000Z,21.38737992,-157.74446506,UAV 1,1,1:3001:2408,FRTRK1005,1:1:225:7:12:0:0,0,false,false,false,false,0
FRTRK2002,move to,LOC_남측제1방어선,2026-08-09T09:09:38.000Z,21.38724705,-157.74443165,UAV 1,1,1:3001:2462,FRTRK2002,1:1:225:7:12:8:0,0,false,false,false,false,0
FRTRK2004,move to,LOC_남측제1방어선,2026-08-09T09:09:38.000Z,21.38725891,-157.74452731,UAV 1,1,1:3001:2211,FRTRK2004,1:1:225:7:12:8:0,0,false,false,false,false,0
ENM35001,move to,LOC_적북측접근로,2026-08-09T09:09:38.000Z,21.37135204,-157.74164770,UAV 1,2,1:3001:2389,ENM35001,1:1:225:7:1:6:0,0,false,false,false,false,0
ENMORT005,none,,2026-08-09T09:09:39.000Z,21.37457651,-157.73710572,UAV 1,2,1:3001:2242,ENMORT005,1:1:71:10:1:0:1,0,false,false,false,false,0
ENMORT004,none,,2026-08-09T09:09:39.000Z,21.37447596,-157.73706256,UAV 1,2,1:3001:2265,ENMORT004,1:1:71:10:1:0:1,0,false,false,false,false,0
ENMORT001,none,,2026-08-09T09:09:39.000Z,21.37443553,-157.73716992,UAV 1,2,1:3001:2424,ENMORT001,1:1:71:10:1:0:1,0,false,false,false,false,0
ENMORT002,none,,2026-08-09T09:09:39.000Z,21.37453609,-157.73721308,UAV 1,2,1:3001:2469,ENMORT002,1:1:71:10:1:0:1,0,false,false,false,false,0
ENMORT003,none,,2026-08-09T09:09:39.000Z,21.37463664,-157.73725624,UAV 1,2,1:3001:2500,ENMORT003,1:1:71:10:1:0:1,0,false,false,false,false,0
FRT80005,none,,2026-08-09T09:09:39.000Z,21.38084335,-157.74641247,UAV 1,1,1:3001:2300,FRT80005,1:1:222:1:1:1:0,0,false,false,false,false,0
FRT80006,none,,2026-08-09T09:09:39.000Z,21.38464176,-157.75021342,UAV 1,1,1:3001:2409,FRT80006,1:1:222:1:1:1:0,0,false,false,false,false,0
FRTRK1005,move to,LOC_남측제1방어선,2026-08-09T09:09:39.000Z,21.38737992,-157.74446506,UAV 1,1,1:3001:2408,FRTRK1005,1:1:225:7:12:0:0,0,false,false,false,false,0
FRTRK2002,move to,LOC_남측제1방어선,2026-08-09T09:09:39.000Z,21.38724705,-157.74443165,UAV 1,1,1:3001:2462,FRTRK2002,1:1:225:7:12:8:0,0,false,false,false,false,0
FRTRK2004,move to,LOC_남측제1방어선,2026-08-09T09:09:39.000Z,21.38725891,-157.74452731,UAV 1,1,1:3001:2211,FRTRK2004,1:1:225:7:12:8:0,0,false,false,false,false,0
ENM35001,move to,LOC_적북측접근로,2026-08-09T09:09:39.000Z,21.37135204,-157.74164770,UAV 1,2,1:3001:2389,ENM35001,1:1:225:7:1:6:0,0,false,false,false,false,0
ENMORT005,none,,2026-08-09T09:09:39.000Z,21.37457651,-157.73710572,UAV 1,2,1:3001:2242,ENMORT005,1:1:71:10:1:0:1,0,false,false,false,false,0
ENMORT004,none,,2026-08-09T09:09:39.000Z,21.37447596,-157.73706256,UAV 1,2,1:3001:2265,ENMORT004,1:1:71:10:1:0:1,0,false,false,false,false,0
ENMORT001,none,,2026-08-09T09:09:39.000Z,21.37443553,-157.73716992,UAV 1,2,1:3001:2424,ENMORT001,1:1:71:10:1:0:1,0,false,false,false,false,0
ENMORT002,none,,2026-08-09T09:09:39.000Z,21.37453609,-157.73721308,UAV 1,2,1:3001:2469,ENMORT002,1:1:71:10:1:0:1,0,false,false,false,false,0
ENMORT003,none,,2026-08-09T09:09:39.000Z,21.37463664,-157.73725624,UAV 1,2,1:3001:2500,ENMORT003,1:1:71:10:1:0:1,0,false,false,false,false,0
FRT80005,none,,2026-08-09T09:09:39.000Z,21.38084335,-157.74641247,UAV 1,1,1:3001:2300,FRT80005,1:1:222:1:1:1:0,0,false,false,false,false,0
FRT80006,none,,2026-08-09T09:09:39.000Z,21.38464176,-157.75021342,UAV 1,1,1:3001:2409,FRT80006,1:1:222:1:1:1:0,0,false,false,false,false,0
FRTRK1005,move to,LOC_남측제1방어선,2026-08-09T09:09:39.000Z,21.38737992,-157.74446506,UAV 1,1,1:3001:2408,FRTRK1005,1:1:225:7:12:0:0,0,false,false,false,false,0
FRTRK2002,move to,LOC_남측제1방어선,2026-08-09T09:09:39.000Z,21.38724705,-157.74443165,UAV 1,1,1:3001:2462,FRTRK2002,1:1:225:7:12:8:0,0,false,false,false,false,0
FRTRK2004,move to,LOC_남측제1방어선,2026-08-09T09:09:39.000Z,21.38725891,-157.74452731,UAV 1,1,1:3001:2211,FRTRK2004,1:1:225:7:12:8:0,0,false,false,false,false,0
ENM35001,move to,LOC_적북측접근로,2026-08-09T09:09:39.000Z,21.37135204,-157.74164770,UAV 1,2,1:3001:2389,ENM35001,1:1:225:7:1:6:0,0,false,false,false,false,0
ENMORT001,none,,2026-08-09T09:09:40.000Z,21.37443553,-157.73716992,UAV 1,2,1:3001:2424,ENMORT001,1:1:71:10:1:0:1,0,false,false,false,false,0
ENMORT002,none,,2026-08-09T09:09:40.000Z,21.37453609,-157.73721308,UAV 1,2,1:3001:2469,ENMORT002,1:1:71:10:1:0:1,0,false,false,false,false,0
ENMORT003,none,,2026-08-09T09:09:40.000Z,21.37463664,-157.73725624,UAV 1,2,1:3001:2500,ENMORT003,1:1:71:10:1:0:1,0,false,false,false,false,0
FRT80005,none,,2026-08-09T09:09:40.000Z,21.38084335,-157.74641247,UAV 1,1,1:3001:2300,FRT80005,1:1:222:1:1:1:0,0,false,false,false,false,0
FRT80006,none,,2026-08-09T09:09:40.000Z,21.38464176,-157.75021342,UAV 1,1,1:3001:2409,FRT80006,1:1:222:1:1:1:0,0,false,false,false,false,0
ENM35001,move to,LOC_적북측접근로,2026-08-09T09:09:40.000Z,21.37135244,-157.74164602,UAV 1,2,1:3001:2389,ENM35001,1:1:225:7:1:6:0,0,false,false,false,false,0
ENM35003,move to,LOC_적북측접근로,2026-08-09T09:09:40.000Z,21.37136362,-157.74159877,UAV 1,2,1:3001:2529,ENM35003,1:1:225:7:1:6:0,0,false,false,false,false,0
ENMORT001,none,,2026-08-09T09:09:40.000Z,21.37443553,-157.73716992,UAV 1,2,1:3001:2424,ENMORT001,1:1:71:10:1:0:1,0,false,false,false,false,0
ENMORT002,none,,2026-08-09T09:09:40.000Z,21.37453609,-157.73721308,UAV 1,2,1:3001:2469,ENMORT002,1:1:71:10:1:0:1,0,false,false,false,false,0
ENMORT003,none,,2026-08-09T09:09:40.000Z,21.37463664,-157.73725624,UAV 1,2,1:3001:2500,ENMORT003,1:1:71:10:1:0:1,0,false,false,false,false,0
FRT80005,none,,2026-08-09T09:09:40.000Z,21.38084335,-157.74641247,UAV 1,1,1:3001:2300,FRT80005,1:1:222:1:1:1:0,0,false,false,false,false,0
FRT80006,none,,2026-08-09T09:09:40.000Z,21.38464176,-157.75021342,UAV 1,1,1:3001:2409,FRT80006,1:1:222:1:1:1:0,0,false,false,false,false,0
ENM35001,move to,LOC_적북측접근로,2026-08-09T09:09:40.000Z,21.37135244,-157.74164602,UAV 1,2,1:3001:2389,ENM35001,1:1:225:7:1:6:0,0,false,false,false,false,0
ENM35003,move to,LOC_적북측접근로,2026-08-09T09:09:40.000Z,21.37136362,-157.74159877,UAV 1,2,1:3001:2529,ENM35003,1:1:225:7:1:6:0,0,false,false,false,false,0
ENMORT001,none,,2026-08-09T09:09:41.000Z,21.37443553,-157.73716992,UAV 1,2,1:3001:2424,ENMORT001,1:1:71:10:1:0:1,0,false,false,false,false,0
ENMORT002,none,,2026-08-09T09:09:41.000Z,21.37453609,-157.73721308,UAV 1,2,1:3001:2469,ENMORT002,1:1:71:10:1:0:1,0,false,false,false,false,0
ENMORT003,none,,2026-08-09T09:09:41.000Z,21.37463664,-157.73725624,UAV 1,2,1:3001:2500,ENMORT003,1:1:71:10:1:0:1,0,false,false,false,false,0
FRT80005,none,,2026-08-09T09:09:41.000Z,21.38084335,-157.74641247,UAV 1,1,1:3001:2300,FRT80005,1:1:222:1:1:1:0,0,false,false,false,false,0
FRT80006,none,,2026-08-09T09:09:41.000Z,21.38464176,-157.75021342,UAV 1,1,1:3001:2409,FRT80006,1:1:222:1:1:1:0,0,false,false,false,false,0
ENM35001,move to,LOC_적북측접근로,2026-08-09T09:09:41.000Z,21.37135244,-157.74164602,UAV 1,2,1:3001:2389,ENM35001,1:1:225:7:1:6:0,0,false,false,false,false,0
ENM35003,move to,LOC_적북측접근로,2026-08-09T09:09:41.000Z,21.37136362,-157.74159877,UAV 1,2,1:3001:2529,ENM35003,1:1:225:7:1:6:0,0,false,false,false,false,0
ENMORT001,none,,2026-08-09T09:09:41.000Z,21.37443553,-157.73716992,UAV 1,2,1:3001:2424,ENMORT001,1:1:71:10:1:0:1,0,false,false,false,false,0
ENMORT002,none,,2026-08-09T09:09:41.000Z,21.37453609,-157.73721308,UAV 1,2,1:3001:2469,ENMORT002,1:1:71:10:1:0:1,0,false,false,false,false,0
ENMORT003,none,,2026-08-09T09:09:41.000Z,21.37463664,-157.73725624,UAV 1,2,1:3001:2500,ENMORT003,1:1:71:10:1:0:1,0,false,false,false,false,0
FRT80005,none,,2026-08-09T09:09:41.000Z,21.38084335,-157.74641247,UAV 1,1,1:3001:2300,FRT80005,1:1:222:1:1:1:0,0,false,false,false,false,0
FRT80006,none,,2026-08-09T09:09:41.000Z,21.38464176,-157.75021342,UAV 1,1,1:3001:2409,FRT80006,1:1:222:1:1:1:0,0,false,false,false,false,0
ENM35001,move to,LOC_적북측접근로,2026-08-09T09:09:41.000Z,21.37135244,-157.74164602,UAV 1,2,1:3001:2389,ENM35001,1:1:225:7:1:6:0,0,false,false,false,false,0
ENM35003,move to,LOC_적북측접근로,2026-08-09T09:09:41.000Z,21.37136362,-157.74159877,UAV 1,2,1:3001:2529,ENM35003,1:1:225:7:1:6:0,0,false,false,false,false,0
ENMORT001,none,,2026-08-09T09:09:42.000Z,21.37443553,-157.73716992,UAV 1,2,1:3001:2424,ENMORT001,1:1:71:10:1:0:1,0,false,false,false,false,0
FRT80005,none,,2026-08-09T09:09:42.000Z,21.38084335,-157.74641247,UAV 1,1,1:3001:2300,FRT80005,1:1:222:1:1:1:0,0,false,false,false,false,0
FRT80006,none,,2026-08-09T09:09:42.000Z,21.38464176,-157.75021342,UAV 1,1,1:3001:2409,FRT80006,1:1:222:1:1:1:0,0,false,false,false,false,0
ENM35002,move to,LOC_적북측접근로,2026-08-09T09:09:42.000Z,21.37138130,-157.74153358,UAV 1,2,1:3001:2375,ENM35002,1:1:225:7:1:6:0,0,false,false,false,false,0
ENMORT001,none,,2026-08-09T09:09:43.000Z,21.37443553,-157.73716992,UAV 1,2,1:3001:2424,ENMORT001,1:1:71:10:1:0:1,0,false,false,false,false,0
FRT80005,none,,2026-08-09T09:09:43.000Z,21.38084335,-157.74641247,UAV 1,1,1:3001:2300,FRT80005,1:1:222:1:1:1:0,0,false,false,false,false,0
FRT80006,none,,2026-08-09T09:09:43.000Z,21.38464176,-157.75021342,UAV 1,1,1:3001:2409,FRT80006,1:1:222:1:1:1:0,0,false,false,false,false,0
ENM35002,move to,LOC_적북측접근로,2026-08-09T09:09:43.000Z,21.37138130,-157.74153358,UAV 1,2,1:3001:2375,ENM35002,1:1:225:7:1:6:0,0,false,false,false,false,0
ENMORT001,none,,2026-08-09T09:09:43.000Z,21.37443553,-157.73716992,UAV 1,2,1:3001:2424,ENMORT001,1:1:71:10:1:0:1,0,false,false,false,false,0
FRT80005,none,,2026-08-09T09:09:43.000Z,21.38084335,-157.74641247,UAV 1,1,1:3001:2300,FRT80005,1:1:222:1:1:1:0,0,false,false,false,false,0
FRT80006,none,,2026-08-09T09:09:43.000Z,21.38464176,-157.75021342,UAV 1,1,1:3001:2409,FRT80006,1:1:222:1:1:1:0,0,false,false,false,false,0
ENM35002,move to,LOC_적북측접근로,2026-08-09T09:09:43.000Z,21.37138130,-157.74153358,UAV 1,2,1:3001:2375,ENM35002,1:1:225:7:1:6:0,0,false,false,false,false,0
ENMORT001,none,,2026-08-09T09:09:44.000Z,21.37443553,-157.73716992,UAV 1,2,1:3001:2424,ENMORT001,1:1:71:10:1:0:1,0,false,false,false,false,0
FRT80005,none,,2026-08-09T09:09:44.000Z,21.38084335,-157.74641247,UAV 1,1,1:3001:2300,FRT80005,1:1:222:1:1:1:0,0,false,false,false,false,0
FRT80006,none,,2026-08-09T09:09:44.000Z,21.38464176,-157.75021342,UAV 1,1,1:3001:2409,FRT80006,1:1:222:1:1:1:0,0,false,false,false,false,0
ENM35002,move to,LOC_적북측접근로,2026-08-09T09:09:44.000Z,21.37138130,-157.74153358,UAV 1,2,1:3001:2375,ENM35002,1:1:225:7:1:6:0,0,false,false,false,false,0
FRT80005,none,,2026-08-09T09:09:44.000Z,21.38084335,-157.74641247,UAV 1,1,1:3001:2300,FRT80005,1:1:222:1:1:1:0,0,false,false,false,false,0
FRT80006,none,,2026-08-09T09:09:44.000Z,21.38464176,-157.75021342,UAV 1,1,1:3001:2409,FRT80006,1:1:222:1:1:1:0,0,false,false,false,false,0
ENM35002,move to,LOC_적북측접근로,2026-08-09T09:09:44.000Z,21.37138159,-157.74153241,UAV 1,2,1:3001:2375,ENM35002,1:1:225:7:1:6:0,0,false,false,false,false,0
ENM35001,move to,LOC_적북측접근로,2026-08-09T09:09:44.000Z,21.37136701,-157.74158445,UAV 1,2,1:3001:2389,ENM35001,1:1:225:7:1:6:0,0,false,false,false,false,0
FRT80005,none,,2026-08-09T09:09:45.000Z,21.38084335,-157.74641247,UAV 1,1,1:3001:2300,FRT80005,1:1:222:1:1:1:0,0,false,false,false,false,0
FRT80006,none,,2026-08-09T09:09:45.000Z,21.38464176,-157.75021342,UAV 1,1,1:3001:2409,FRT80006,1:1:222:1:1:1:0,0,false,false,false,false,0
ENM35002,move to,LOC_적북측접근로,2026-08-09T09:09:45.000Z,21.37138159,-157.74153241,UAV 1,2,1:3001:2375,ENM35002,1:1:225:7:1:6:0,0,false,false,false,false,0
ENM35001,move to,LOC_적북측접근로,2026-08-09T09:09:45.000Z,21.37136701,-157.74158445,UAV 1,2,1:3001:2389,ENM35001,1:1:225:7:1:6:0,0,false,false,false,false,0
FRT80005,none,,2026-08-09T09:09:45.000Z,21.38084335,-157.74641247,UAV 1,1,1:3001:2300,FRT80005,1:1:222:1:1:1:0,0,false,false,false,false,0
FRT80006,none,,2026-08-09T09:09:45.000Z,21.38464176,-157.75021342,UAV 1,1,1:3001:2409,FRT80006,1:1:222:1:1:1:0,0,false,false,false,false,0
ENM35002,move to,LOC_적북측접근로,2026-08-09T09:09:45.000Z,21.37138159,-157.74153241,UAV 1,2,1:3001:2375,ENM35002,1:1:225:7:1:6:0,0,false,false,false,false,0
ENM35001,move to,LOC_적북측접근로,2026-08-09T09:09:45.000Z,21.37136701,-157.74158445,UAV 1,2,1:3001:2389,ENM35001,1:1:225:7:1:6:0,0,false,false,false,false,0
FRT80005,none,,2026-08-09T09:09:46.000Z,21.38084335,-157.74641247,UAV 1,1,1:3001:2300,FRT80005,1:1:222:1:1:1:0,0,false,false,false,false,0
FRT80006,none,,2026-08-09T09:09:46.000Z,21.38464176,-157.75021342,UAV 1,1,1:3001:2409,FRT80006,1:1:222:1:1:1:0,0,false,false,false,false,0
ENM35002,move to,LOC_적북측접근로,2026-08-09T09:09:46.000Z,21.37138159,-157.74153241,UAV 1,2,1:3001:2375,ENM35002,1:1:225:7:1:6:0,0,false,false,false,false,0
ENM35001,move to,LOC_적북측접근로,2026-08-09T09:09:46.000Z,21.37136701,-157.74158445,UAV 1,2,1:3001:2389,ENM35001,1:1:225:7:1:6:0,0,false,false,false,false,0
FRT80005,none,,2026-08-09T09:09:46.000Z,21.38084335,-157.74641247,UAV 1,1,1:3001:2300,FRT80005,1:1:222:1:1:1:0,0,false,false,false,false,0
FRT80006,none,,2026-08-09T09:09:46.000Z,21.38464176,-157.75021342,UAV 1,1,1:3001:2409,FRT80006,1:1:222:1:1:1:0,0,false,false,false,false,0
FRT80005,none,,2026-08-09T09:09:47.000Z,21.38084335,-157.74641247,UAV 1,1,1:3001:2300,FRT80005,1:1:222:1:1:1:0,0,false,false,false,false,0
FRT80006,none,,2026-08-09T09:09:47.000Z,21.38464176,-157.75021342,UAV 1,1,1:3001:2409,FRT80006,1:1:222:1:1:1:0,0,false,false,false,false,0
FRT80005,none,,2026-08-09T09:09:47.000Z,21.38084335,-157.74641247,UAV 1,1,1:3001:2300,FRT80005,1:1:222:1:1:1:0,0,false,false,false,false,0
FRT80006,none,,2026-08-09T09:09:47.000Z,21.38464176,-157.75021342,UAV 1,1,1:3001:2409,FRT80006,1:1:222:1:1:1:0,0,false,false,false,false,0
FRT80005,none,,2026-08-09T09:09:48.000Z,21.38084335,-157.74641247,UAV 1,1,1:3001:2300,FRT80005,1:1:222:1:1:1:0,0,false,false,false,false,0
FRT80006,none,,2026-08-09T09:09:48.000Z,21.38464176,-157.75021342,UAV 1,1,1:3001:2409,FRT80006,1:1:222:1:1:1:0,0,false,false,false,false,0
ENMORT001,none,,2026-08-09T09:09:48.000Z,21.37443553,-157.73716992,UAV 1,2,1:3001:2424,ENMORT001,1:1:71:10:1:0:1,0,false,false,false,false,0
FRT80005,none,,2026-08-09T09:09:49.000Z,21.38084335,-157.74641247,UAV 1,1,1:3001:2300,FRT80005,1:1:222:1:1:1:0,0,false,false,false,false,0
FRT80006,none,,2026-08-09T09:09:49.000Z,21.38464176,-157.75021342,UAV 1,1,1:3001:2409,FRT80006,1:1:222:1:1:1:0,0,false,false,false,false,0
ENMORT001,none,,2026-08-09T09:09:49.000Z,21.37443553,-157.73716992,UAV 1,2,1:3001:2424,ENMORT001,1:1:71:10:1:0:1,0,false,false,false,false,0
FRT80005,none,,2026-08-09T09:09:49.000Z,21.38084335,-157.74641247,UAV 1,1,1:3001:2300,FRT80005,1:1:222:1:1:1:0,0,false,false,false,false,0
FRT80006,none,,2026-08-09T09:09:49.000Z,21.38464176,-157.75021342,UAV 1,1,1:3001:2409,FRT80006,1:1:222:1:1:1:0,0,false,false,false,false,0
ENMORT001,none,,2026-08-09T09:09:49.000Z,21.37443553,-157.73716992,UAV 1,2,1:3001:2424,ENMORT001,1:1:71:10:1:0:1,0,false,false,false,false,0
FRT80005,none,,2026-08-09T09:09:50.000Z,21.38084335,-157.74641247,UAV 1,1,1:3001:2300,FRT80005,1:1:222:1:1:1:0,0,false,false,false,false,0
FRT80006,none,,2026-08-09T09:09:50.000Z,21.38464176,-157.75021342,UAV 1,1,1:3001:2409,FRT80006,1:1:222:1:1:1:0,0,false,false,false,false,0
ENMORT001,none,,2026-08-09T09:09:50.000Z,21.37443553,-157.73716992,UAV 1,2,1:3001:2424,ENMORT001,1:1:71:10:1:0:1,0,false,false,false,false,0
FRT80005,none,,2026-08-09T09:09:50.000Z,21.38084335,-157.74641247,UAV 1,1,1:3001:2300,FRT80005,1:1:222:1:1:1:0,0,false,false,false,false,0
FRT80006,none,,2026-08-09T09:09:50.000Z,21.38464176,-157.75021342,UAV 1,1,1:3001:2409,FRT80006,1:1:222:1:1:1:0,0,false,false,false,false,0
ENMORT001,none,,2026-08-09T09:09:50.000Z,21.37443553,-157.73716992,UAV 1,2,1:3001:2424,ENMORT001,1:1:71:10:1:0:1,0,false,false,false,false,0
ENM35001,move to,LOC_적북측접근로,2026-08-09T09:09:50.000Z,21.37137824,-157.74153700,UAV 1,2,1:3001:2389,ENM35001,1:1:225:7:1:6:0,0,false,false,false,false,0
ENMORT002,none,,2026-08-09T09:09:50.000Z,21.37453609,-157.73721308,UAV 1,2,1:3001:2469,ENMORT002,1:1:71:10:1:0:1,0,false,false,false,false,0
FRT80005,none,,2026-08-09T09:09:51.000Z,21.38084335,-157.74641247,UAV 1,1,1:3001:2300,FRT80005,1:1:222:1:1:1:0,0,false,false,false,false,0
FRT80006,none,,2026-08-09T09:09:51.000Z,21.38464176,-157.75021342,UAV 1,1,1:3001:2409,FRT80006,1:1:222:1:1:1:0,0,false,false,false,false,0
ENMORT001,none,,2026-08-09T09:09:51.000Z,21.37443553,-157.73716992,UAV 1,2,1:3001:2424,ENMORT001,1:1:71:10:1:0:1,0,false,false,false,false,0
ENM35001,move to,LOC_적북측접근로,2026-08-09T09:09:51.000Z,21.37137824,-157.74153700,UAV 1,2,1:3001:2389,ENM35001,1:1:225:7:1:6:0,0,false,false,false,false,0
ENMORT002,none,,2026-08-09T09:09:51.000Z,21.37453609,-157.73721308,UAV 1,2,1:3001:2469,ENMORT002,1:1:71:10:1:0:1,0,false,false,false,false,0
FRT80005,none,,2026-08-09T09:09:51.000Z,21.38084335,-157.74641247,UAV 1,1,1:3001:2300,FRT80005,1:1:222:1:1:1:0,0,false,false,false,false,0
FRT80006,none,,2026-08-09T09:09:51.000Z,21.38464176,-157.75021342,UAV 1,1,1:3001:2409,FRT80006,1:1:222:1:1:1:0,0,false,false,false,false,0
ENMORT001,none,,2026-08-09T09:09:51.000Z,21.37443553,-157.73716992,UAV 1,2,1:3001:2424,ENMORT001,1:1:71:10:1:0:1,0,false,false,false,false,0
ENM35001,move to,LOC_적북측접근로,2026-08-09T09:09:51.000Z,21.37137824,-157.74153700,UAV 1,2,1:3001:2389,ENM35001,1:1:225:7:1:6:0,0,false,false,false,false,0
ENMORT002,none,,2026-08-09T09:09:51.000Z,21.37453609,-157.73721308,UAV 1,2,1:3001:2469,ENMORT002,1:1:71:10:1:0:1,0,false,false,false,false,0
FRT80005,none,,2026-08-09T09:09:52.000Z,21.38084335,-157.74641247,UAV 1,1,1:3001:2300,FRT80005,1:1:222:1:1:1:0,0,false,false,false,false,0
FRT80006,none,,2026-08-09T09:09:52.000Z,21.38464176,-157.75021342,UAV 1,1,1:3001:2409,FRT80006,1:1:222:1:1:1:0,0,false,false,false,false,0
ENMORT001,none,,2026-08-09T09:09:52.000Z,21.37443553,-157.73716992,UAV 1,2,1:3001:2424,ENMORT001,1:1:71:10:1:0:1,0,false,false,false,false,0
ENM35001,move to,LOC_적북측접근로,2026-08-09T09:09:52.000Z,21.37137824,-157.74153700,UAV 1,2,1:3001:2389,ENM35001,1:1:225:7:1:6:0,0,false,false,false,false,0
ENMORT002,none,,2026-08-09T09:09:52.000Z,21.37453609,-157.73721308,UAV 1,2,1:3001:2469,ENMORT002,1:1:71:10:1:0:1,0,false,false,false,false,0
FRT80005,none,,2026-08-09T09:09:52.000Z,21.38084335,-157.74641247,UAV 1,1,1:3001:2300,FRT80005,1:1:222:1:1:1:0,0,false,false,false,false,0
ENMORT001,none,,2026-08-09T09:09:52.000Z,21.37443553,-157.73716992,UAV 1,2,1:3001:2424,ENMORT001,1:1:71:10:1:0:1,0,false,false,false,false,0
ENMORT002,none,,2026-08-09T09:09:52.000Z,21.37453609,-157.73721308,UAV 1,2,1:3001:2469,ENMORT002,1:1:71:10:1:0:1,0,false,false,false,false,0
ENMORT005,none,,2026-08-09T09:09:52.000Z,21.37457651,-157.73710572,UAV 1,2,1:3001:2242,ENMORT005,1:1:71:10:1:0:1,0,false,false,false,false,0
ENMORT004,none,,2026-08-09T09:09:52.000Z,21.37447596,-157.73706256,UAV 1,2,1:3001:2265,ENMORT004,1:1:71:10:1:0:1,0,false,false,false,false,0
ENM35002,move to,LOC_적북측접근로,2026-08-09T09:09:52.000Z,21.37135473,-157.74164092,UAV 1,2,1:3001:2375,ENM35002,1:1:225:7:1:6:0,0,false,false,false,false,0
ENMORT003,none,,2026-08-09T09:09:52.000Z,21.37463664,-157.73725624,UAV 1,2,1:3001:2500,ENMORT003,1:1:71:10:1:0:1,0,false,false,false,false,0
FRT80005,none,,2026-08-09T09:09:53.000Z,21.38084335,-157.74641247,UAV 1,1,1:3001:2300,FRT80005,1:1:222:1:1:1:0,0,false,false,false,false,0
ENMORT001,none,,2026-08-09T09:09:53.000Z,21.37443553,-157.73716992,UAV 1,2,1:3001:2424,ENMORT001,1:1:71:10:1:0:1,0,false,false,false,false,0
ENMORT002,none,,2026-08-09T09:09:53.000Z,21.37453609,-157.73721308,UAV 1,2,1:3001:2469,ENMORT002,1:1:71:10:1:0:1,0,false,false,false,false,0
ENMORT005,none,,2026-08-09T09:09:53.000Z,21.37457651,-157.73710572,UAV 1,2,1:3001:2242,ENMORT005,1:1:71:10:1:0:1,0,false,false,false,false,0
ENMORT004,none,,2026-08-09T09:09:53.000Z,21.37447596,-157.73706256,UAV 1,2,1:3001:2265,ENMORT004,1:1:71:10:1:0:1,0,false,false,false,false,0
ENM35002,move to,LOC_적북측접근로,2026-08-09T09:09:53.000Z,21.37135473,-157.74164092,UAV 1,2,1:3001:2375,ENM35002,1:1:225:7:1:6:0,0,false,false,false,false,0
ENMORT003,none,,2026-08-09T09:09:53.000Z,21.37463664,-157.73725624,UAV 1,2,1:3001:2500,ENMORT003,1:1:71:10:1:0:1,0,false,false,false,false,0
FRT80005,none,,2026-08-09T09:09:53.000Z,21.38084335,-157.74641247,UAV 1,1,1:3001:2300,FRT80005,1:1:222:1:1:1:0,0,false,false,false,false,0
ENMORT001,none,,2026-08-09T09:09:53.000Z,21.37443553,-157.73716992,UAV 1,2,1:3001:2424,ENMORT001,1:1:71:10:1:0:1,0,false,false,false,false,0
ENMORT002,none,,2026-08-09T09:09:53.000Z,21.37453609,-157.73721308,UAV 1,2,1:3001:2469,ENMORT002,1:1:71:10:1:0:1,0,false,false,false,false,0
ENMORT005,none,,2026-08-09T09:09:53.000Z,21.37457651,-157.73710572,UAV 1,2,1:3001:2242,ENMORT005,1:1:71:10:1:0:1,0,false,false,false,false,0
ENMORT004,none,,2026-08-09T09:09:53.000Z,21.37447596,-157.73706256,UAV 1,2,1:3001:2265,ENMORT004,1:1:71:10:1:0:1,0,false,false,false,false,0
ENM35002,move to,LOC_적북측접근로,2026-08-09T09:09:53.000Z,21.37135473,-157.74164092,UAV 1,2,1:3001:2375,ENM35002,1:1:225:7:1:6:0,0,false,false,false,false,0
ENMORT003,none,,2026-08-09T09:09:53.000Z,21.37463664,-157.73725624,UAV 1,2,1:3001:2500,ENMORT003,1:1:71:10:1:0:1,0,false,false,false,false,0
FRT80005,none,,2026-08-09T09:09:54.000Z,21.38084335,-157.74641247,UAV 1,1,1:3001:2300,FRT80005,1:1:222:1:1:1:0,0,false,false,false,false,0
ENMORT001,none,,2026-08-09T09:09:54.000Z,21.37443553,-157.73716992,UAV 1,2,1:3001:2424,ENMORT001,1:1:71:10:1:0:1,0,false,false,false,false,0
ENMORT002,none,,2026-08-09T09:09:54.000Z,21.37453609,-157.73721308,UAV 1,2,1:3001:2469,ENMORT002,1:1:71:10:1:0:1,0,false,false,false,false,0
ENMORT005,none,,2026-08-09T09:09:54.000Z,21.37457651,-157.73710572,UAV 1,2,1:3001:2242,ENMORT005,1:1:71:10:1:0:1,0,false,false,false,false,0
ENMORT004,none,,2026-08-09T09:09:54.000Z,21.37447596,-157.73706256,UAV 1,2,1:3001:2265,ENMORT004,1:1:71:10:1:0:1,0,false,false,false,false,0
ENM35002,move to,LOC_적북측접근로,2026-08-09T09:09:54.000Z,21.37135473,-157.74164092,UAV 1,2,1:3001:2375,ENM35002,1:1:225:7:1:6:0,0,false,false,false,false,0
ENMORT003,none,,2026-08-09T09:09:54.000Z,21.37463664,-157.73725624,UAV 1,2,1:3001:2500,ENMORT003,1:1:71:10:1:0:1,0,false,false,false,false,0
ENMORT001,none,,2026-08-09T09:09:55.000Z,21.37443553,-157.73716992,UAV 1,2,1:3001:2424,ENMORT001,1:1:71:10:1:0:1,0,false,false,false,false,0
ENMORT002,none,,2026-08-09T09:09:55.000Z,21.37453609,-157.73721308,UAV 1,2,1:3001:2469,ENMORT002,1:1:71:10:1:0:1,0,false,false,false,false,0
ENMORT005,none,,2026-08-09T09:09:55.000Z,21.37457651,-157.73710572,UAV 1,2,1:3001:2242,ENMORT005,1:1:71:10:1:0:1,0,false,false,false,false,0
ENMORT004,none,,2026-08-09T09:09:55.000Z,21.37447596,-157.73706256,UAV 1,2,1:3001:2265,ENMORT004,1:1:71:10:1:0:1,0,false,false,false,false,0
ENM35002,move to,LOC_적북측접근로,2026-08-09T09:09:55.000Z,21.37135199,-157.74165197,UAV 1,2,1:3001:2375,ENM35002,1:1:225:7:1:6:0,0,false,false,false,false,0
ENMORT003,none,,2026-08-09T09:09:55.000Z,21.37463664,-157.73725624,UAV 1,2,1:3001:2500,ENMORT003,1:1:71:10:1:0:1,0,false,false,false,false,0
ENMORT001,none,,2026-08-09T09:09:55.000Z,21.37443553,-157.73716992,UAV 1,2,1:3001:2424,ENMORT001,1:1:71:10:1:0:1,0,false,false,false,false,0
ENMORT002,none,,2026-08-09T09:09:55.000Z,21.37453609,-157.73721308,UAV 1,2,1:3001:2469,ENMORT002,1:1:71:10:1:0:1,0,false,false,false,false,0
ENMORT005,none,,2026-08-09T09:09:55.000Z,21.37457651,-157.73710572,UAV 1,2,1:3001:2242,ENMORT005,1:1:71:10:1:0:1,0,false,false,false,false,0
ENMORT004,none,,2026-08-09T09:09:55.000Z,21.37447596,-157.73706256,UAV 1,2,1:3001:2265,ENMORT004,1:1:71:10:1:0:1,0,false,false,false,false,0
ENM35002,move to,LOC_적북측접근로,2026-08-09T09:09:55.000Z,21.37135199,-157.74165197,UAV 1,2,1:3001:2375,ENM35002,1:1:225:7:1:6:0,0,false,false,false,false,0
ENMORT003,none,,2026-08-09T09:09:55.000Z,21.37463664,-157.73725624,UAV 1,2,1:3001:2500,ENMORT003,1:1:71:10:1:0:1,0,false,false,false,false,0
ENMORT001,none,,2026-08-09T09:09:56.000Z,21.37443553,-157.73716992,UAV 1,2,1:3001:2424,ENMORT001,1:1:71:10:1:0:1,0,false,false,false,false,0
ENMORT002,none,,2026-08-09T09:09:56.000Z,21.37453609,-157.73721308,UAV 1,2,1:3001:2469,ENMORT002,1:1:71:10:1:0:1,0,false,false,false,false,0
ENMORT005,none,,2026-08-09T09:09:56.000Z,21.37457651,-157.73710572,UAV 1,2,1:3001:2242,ENMORT005,1:1:71:10:1:0:1,0,false,false,false,false,0
ENMORT004,none,,2026-08-09T09:09:56.000Z,21.37447596,-157.73706256,UAV 1,2,1:3001:2265,ENMORT004,1:1:71:10:1:0:1,0,false,false,false,false,0
ENM35002,move to,LOC_적북측접근로,2026-08-09T09:09:56.000Z,21.37135199,-157.74165197,UAV 1,2,1:3001:2375,ENM35002,1:1:225:7:1:6:0,0,false,false,false,false,0
ENMORT003,none,,2026-08-09T09:09:56.000Z,21.37463664,-157.73725624,UAV 1,2,1:3001:2500,ENMORT003,1:1:71:10:1:0:1,0,false,false,false,false,0
ENMORT001,none,,2026-08-09T09:09:56.000Z,21.37443553,-157.73716992,UAV 1,2,1:3001:2424,ENMORT001,1:1:71:10:1:0:1,0,false,false,false,false,0
ENMORT002,none,,2026-08-09T09:09:56.000Z,21.37453609,-157.73721308,UAV 1,2,1:3001:2469,ENMORT002,1:1:71:10:1:0:1,0,false,false,false,false,0
ENMORT005,none,,2026-08-09T09:09:56.000Z,21.37457651,-157.73710572,UAV 1,2,1:3001:2242,ENMORT005,1:1:71:10:1:0:1,0,false,false,false,false,0
ENMORT004,none,,2026-08-09T09:09:56.000Z,21.37447596,-157.73706256,UAV 1,2,1:3001:2265,ENMORT004,1:1:71:10:1:0:1,0,false,false,false,false,0
ENMORT003,none,,2026-08-09T09:09:56.000Z,21.37463664,-157.73725624,UAV 1,2,1:3001:2500,ENMORT003,1:1:71:10:1:0:1,0,false,false,false,false,0
ENMORT001,none,,2026-08-09T09:09:57.000Z,21.37443553,-157.73716992,UAV 1,2,1:3001:2424,ENMORT001,1:1:71:10:1:0:1,0,false,false,false,false,0
ENMORT002,none,,2026-08-09T09:09:57.000Z,21.37453609,-157.73721308,UAV 1,2,1:3001:2469,ENMORT002,1:1:71:10:1:0:1,0,false,false,false,false,0
ENMORT005,none,,2026-08-09T09:09:57.000Z,21.37457651,-157.73710572,UAV 1,2,1:3001:2242,ENMORT005,1:1:71:10:1:0:1,0,false,false,false,false,0
ENMORT004,none,,2026-08-09T09:09:57.000Z,21.37447596,-157.73706256,UAV 1,2,1:3001:2265,ENMORT004,1:1:71:10:1:0:1,0,false,false,false,false,0
ENMORT003,none,,2026-08-09T09:09:57.000Z,21.37463664,-157.73725624,UAV 1,2,1:3001:2500,ENMORT003,1:1:71:10:1:0:1,0,false,false,false,false,0
ENMORT001,none,,2026-08-09T09:09:57.000Z,21.37443553,-157.73716992,UAV 1,2,1:3001:2424,ENMORT001,1:1:71:10:1:0:1,0,false,false,false,false,0
ENMORT002,none,,2026-08-09T09:09:57.000Z,21.37453609,-157.73721308,UAV 1,2,1:3001:2469,ENMORT002,1:1:71:10:1:0:1,0,false,false,false,false,0
ENMORT005,none,,2026-08-09T09:09:57.000Z,21.37457651,-157.73710572,UAV 1,2,1:3001:2242,ENMORT005,1:1:71:10:1:0:1,0,false,false,false,false,0
ENMORT004,none,,2026-08-09T09:09:57.000Z,21.37447596,-157.73706256,UAV 1,2,1:3001:2265,ENMORT004,1:1:71:10:1:0:1,0,false,false,false,false,0
ENMORT003,none,,2026-08-09T09:09:57.000Z,21.37463664,-157.73725624,UAV 1,2,1:3001:2500,ENMORT003,1:1:71:10:1:0:1,0,false,false,false,false,0
ENMORT001,none,,2026-08-09T09:09:58.000Z,21.37443553,-157.73716992,UAV 1,2,1:3001:2424,ENMORT001,1:1:71:10:1:0:1,0,false,false,false,false,0
ENMORT002,none,,2026-08-09T09:09:58.000Z,21.37453609,-157.73721308,UAV 1,2,1:3001:2469,ENMORT002,1:1:71:10:1:0:1,0,false,false,false,false,0
ENMORT005,none,,2026-08-09T09:09:58.000Z,21.37457651,-157.73710572,UAV 1,2,1:3001:2242,ENMORT005,1:1:71:10:1:0:1,0,false,false,false,false,0
ENMORT004,none,,2026-08-09T09:09:58.000Z,21.37447596,-157.73706256,UAV 1,2,1:3001:2265,ENMORT004,1:1:71:10:1:0:1,0,false,false,false,false,0
ENMORT003,none,,2026-08-09T09:09:58.000Z,21.37463664,-157.73725624,UAV 1,2,1:3001:2500,ENMORT003,1:1:71:10:1:0:1,0,false,false,false,false,0
ENMORT001,none,,2026-08-09T09:09:58.000Z,21.37443553,-157.73716992,UAV 1,2,1:3001:2424,ENMORT001,1:1:71:10:1:0:1,0,false,false,false,false,0
ENMORT002,none,,2026-08-09T09:09:58.000Z,21.37453609,-157.73721308,UAV 1,2,1:3001:2469,ENMORT002,1:1:71:10:1:0:1,0,false,false,false,false,0
ENMORT005,none,,2026-08-09T09:09:58.000Z,21.37457651,-157.73710572,UAV 1,2,1:3001:2242,ENMORT005,1:1:71:10:1:0:1,0,false,false,false,false,0
ENMORT004,none,,2026-08-09T09:09:58.000Z,21.37447596,-157.73706256,UAV 1,2,1:3001:2265,ENMORT004,1:1:71:10:1:0:1,0,false,false,false,false,0
ENMORT003,none,,2026-08-09T09:09:58.000Z,21.37463664,-157.73725624,UAV 1,2,1:3001:2500,ENMORT003,1:1:71:10:1:0:1,0,false,false,false,false,0
ENMORT001,none,,2026-08-09T09:09:59.000Z,21.37443553,-157.73716992,UAV 1,2,1:3001:2424,ENMORT001,1:1:71:10:1:0:1,0,false,false,false,false,0
ENMORT002,none,,2026-08-09T09:09:59.000Z,21.37453609,-157.73721308,UAV 1,2,1:3001:2469,ENMORT002,1:1:71:10:1:0:1,0,false,false,false,false,0
ENMORT005,none,,2026-08-09T09:09:59.000Z,21.37457651,-157.73710572,UAV 1,2,1:3001:2242,ENMORT005,1:1:71:10:1:0:1,0,false,false,false,false,0
ENMORT004,none,,2026-08-09T09:09:59.000Z,21.37447596,-157.73706256,UAV 1,2,1:3001:2265,ENMORT004,1:1:71:10:1:0:1,0,false,false,false,false,0
ENMORT003,none,,2026-08-09T09:09:59.000Z,21.37463664,-157.73725624,UAV 1,2,1:3001:2500,ENMORT003,1:1:71:10:1:0:1,0,false,false,false,false,0
ENMORT001,none,,2026-08-09T09:09:59.000Z,21.37443553,-157.73716992,UAV 1,2,1:3001:2424,ENMORT001,1:1:71:10:1:0:1,0,false,false,false,false,0
ENMORT002,none,,2026-08-09T09:09:59.000Z,21.37453609,-157.73721308,UAV 1,2,1:3001:2469,ENMORT002,1:1:71:10:1:0:1,0,false,false,false,false,0
ENMORT005,none,,2026-08-09T09:09:59.000Z,21.37457651,-157.73710572,UAV 1,2,1:3001:2242,ENMORT005,1:1:71:10:1:0:1,0,false,false,false,false,0
ENMORT004,none,,2026-08-09T09:09:59.000Z,21.37447596,-157.73706256,UAV 1,2,1:3001:2265,ENMORT004,1:1:71:10:1:0:1,0,false,false,false,false,0
ENMORT003,none,,2026-08-09T09:09:59.000Z,21.37463664,-157.73725624,UAV 1,2,1:3001:2500,ENMORT003,1:1:71:10:1:0:1,0,false,false,false,false,0
ENMORT001,none,,2026-08-09T09:10:00.000Z,21.37443553,-157.73716992,UAV 1,2,1:3001:2424,ENMORT001,1:1:71:10:1:0:1,0,false,false,false,false,0
ENMORT002,none,,2026-08-09T09:10:00.000Z,21.37453609,-157.73721308,UAV 1,2,1:3001:2469,ENMORT002,1:1:71:10:1:0:1,0,false,false,false,false,0
ENMORT005,none,,2026-08-09T09:10:00.000Z,21.37457651,-157.73710572,UAV 1,2,1:3001:2242,ENMORT005,1:1:71:10:1:0:1,0,false,false,false,false,0
ENMORT004,none,,2026-08-09T09:10:00.000Z,21.37447596,-157.73706256,UAV 1,2,1:3001:2265,ENMORT004,1:1:71:10:1:0:1,0,false,false,false,false,0
ENMORT003,none,,2026-08-09T09:10:00.000Z,21.37463664,-157.73725624,UAV 1,2,1:3001:2500,ENMORT003,1:1:71:10:1:0:1,0,false,false,false,false,0
ENMORT001,none,,2026-08-09T09:10:00.000Z,21.37443553,-157.73716992,UAV 1,2,1:3001:2424,ENMORT001,1:1:71:10:1:0:1,0,false,false,false,false,0
ENMORT002,none,,2026-08-09T09:10:00.000Z,21.37453609,-157.73721308,UAV 1,2,1:3001:2469,ENMORT002,1:1:71:10:1:0:1,0,false,false,false,false,0
ENMORT005,none,,2026-08-09T09:10:00.000Z,21.37457651,-157.73710572,UAV 1,2,1:3001:2242,ENMORT005,1:1:71:10:1:0:1,0,false,false,false,false,0
ENMORT004,none,,2026-08-09T09:10:00.000Z,21.37447596,-157.73706256,UAV 1,2,1:3001:2265,ENMORT004,1:1:71:10:1:0:1,0,false,false,false,false,0
ENMORT003,none,,2026-08-09T09:10:00.000Z,21.37463664,-157.73725624,UAV 1,2,1:3001:2500,ENMORT003,1:1:71:10:1:0:1,0,false,false,false,false,0
ENM35001,move to,LOC_적북측접근로,2026-08-09T09:10:00.000Z,21.37135117,-157.74165138,UAV 1,2,1:3001:2389,ENM35001,1:1:225:7:1:6:0,0,false,false,false,false,0
ENMORT001,none,,2026-08-09T09:10:01.000Z,21.37443553,-157.73716992,UAV 1,2,1:3001:2424,ENMORT001,1:1:71:10:1:0:1,0,false,false,false,false,0
ENMORT002,none,,2026-08-09T09:10:01.000Z,21.37453609,-157.73721308,UAV 1,2,1:3001:2469,ENMORT002,1:1:71:10:1:0:1,0,false,false,false,false,0
ENMORT005,none,,2026-08-09T09:10:01.000Z,21.37457651,-157.73710572,UAV 1,2,1:3001:2242,ENMORT005,1:1:71:10:1:0:1,0,false,false,false,false,0
ENMORT004,none,,2026-08-09T09:10:01.000Z,21.37447596,-157.73706256,UAV 1,2,1:3001:2265,ENMORT004,1:1:71:10:1:0:1,0,false,false,false,false,0
ENMORT003,none,,2026-08-09T09:10:01.000Z,21.37463664,-157.73725624,UAV 1,2,1:3001:2500,ENMORT003,1:1:71:10:1:0:1,0,false,false,false,false,0
ENM35001,move to,LOC_적북측접근로,2026-08-09T09:10:01.000Z,21.37135117,-157.74165138,UAV 1,2,1:3001:2389,ENM35001,1:1:225:7:1:6:0,0,false,false,false,false,0
ENMORT001,none,,2026-08-09T09:10:02.000Z,21.37443553,-157.73716992,UAV 1,2,1:3001:2424,ENMORT001,1:1:71:10:1:0:1,0,false,false,false,false,0
ENMORT002,none,,2026-08-09T09:10:02.000Z,21.37453609,-157.73721308,UAV 1,2,1:3001:2469,ENMORT002,1:1:71:10:1:0:1,0,false,false,false,false,0
ENMORT005,none,,2026-08-09T09:10:02.000Z,21.37457651,-157.73710572,UAV 1,2,1:3001:2242,ENMORT005,1:1:71:10:1:0:1,0,false,false,false,false,0
ENMORT004,none,,2026-08-09T09:10:02.000Z,21.37447596,-157.73706256,UAV 1,2,1:3001:2265,ENMORT004,1:1:71:10:1:0:1,0,false,false,false,false,0
ENMORT003,none,,2026-08-09T09:10:02.000Z,21.37463664,-157.73725624,UAV 1,2,1:3001:2500,ENMORT003,1:1:71:10:1:0:1,0,false,false,false,false,0
ENM35001,move to,LOC_적북측접근로,2026-08-09T09:10:02.000Z,21.37135117,-157.74165138,UAV 1,2,1:3001:2389,ENM35001,1:1:225:7:1:6:0,0,false,false,false,false,0
ENMORT001,none,,2026-08-09T09:10:02.000Z,21.37443553,-157.73716992,UAV 1,2,1:3001:2424,ENMORT001,1:1:71:10:1:0:1,0,false,false,false,false,0
ENMORT002,none,,2026-08-09T09:10:02.000Z,21.37453609,-157.73721308,UAV 1,2,1:3001:2469,ENMORT002,1:1:71:10:1:0:1,0,false,false,false,false,0
ENMORT005,none,,2026-08-09T09:10:02.000Z,21.37457651,-157.73710572,UAV 1,2,1:3001:2242,ENMORT005,1:1:71:10:1:0:1,0,false,false,false,false,0
ENMORT004,none,,2026-08-09T09:10:02.000Z,21.37447596,-157.73706256,UAV 1,2,1:3001:2265,ENMORT004,1:1:71:10:1:0:1,0,false,false,false,false,0
ENMORT003,none,,2026-08-09T09:10:02.000Z,21.37463664,-157.73725624,UAV 1,2,1:3001:2500,ENMORT003,1:1:71:10:1:0:1,0,false,false,false,false,0
ENM35001,move to,LOC_적북측접근로,2026-08-09T09:10:02.000Z,21.37135117,-157.74165138,UAV 1,2,1:3001:2389,ENM35001,1:1:225:7:1:6:0,0,false,false,false,false,0
ENMORT001,none,,2026-08-09T09:10:03.000Z,21.37443553,-157.73716992,UAV 1,2,1:3001:2424,ENMORT001,1:1:71:10:1:0:1,0,false,false,false,false,0
ENMORT002,none,,2026-08-09T09:10:03.000Z,21.37453609,-157.73721308,UAV 1,2,1:3001:2469,ENMORT002,1:1:71:10:1:0:1,0,false,false,false,false,0
ENMORT005,none,,2026-08-09T09:10:03.000Z,21.37457651,-157.73710572,UAV 1,2,1:3001:2242,ENMORT005,1:1:71:10:1:0:1,0,false,false,false,false,0
ENMORT004,none,,2026-08-09T09:10:03.000Z,21.37447596,-157.73706256,UAV 1,2,1:3001:2265,ENMORT004,1:1:71:10:1:0:1,0,false,false,false,false,0
ENMORT003,none,,2026-08-09T09:10:03.000Z,21.37463664,-157.73725624,UAV 1,2,1:3001:2500,ENMORT003,1:1:71:10:1:0:1,0,false,false,false,false,0
ENMORT001,none,,2026-08-09T09:10:03.000Z,21.37443553,-157.73716992,UAV 1,2,1:3001:2424,ENMORT001,1:1:71:10:1:0:1,0,false,false,false,false,0
ENMORT002,none,,2026-08-09T09:10:03.000Z,21.37453609,-157.73721308,UAV 1,2,1:3001:2469,ENMORT002,1:1:71:10:1:0:1,0,false,false,false,false,0
ENMORT005,none,,2026-08-09T09:10:03.000Z,21.37457651,-157.73710572,UAV 1,2,1:3001:2242,ENMORT005,1:1:71:10:1:0:1,0,false,false,false,false,0
ENMORT004,none,,2026-08-09T09:10:03.000Z,21.37447596,-157.73706256,UAV 1,2,1:3001:2265,ENMORT004,1:1:71:10:1:0:1,0,false,false,false,false,0
ENMORT003,none,,2026-08-09T09:10:03.000Z,21.37463664,-157.73725624,UAV 1,2,1:3001:2500,ENMORT003,1:1:71:10:1:0:1,0,false,false,false,false,0
ENMORT001,none,,2026-08-09T09:10:03.000Z,21.37443553,-157.73716992,UAV 1,2,1:3001:2424,ENMORT001,1:1:71:10:1:0:1,0,false,false,false,false,0
ENMORT002,none,,2026-08-09T09:10:03.000Z,21.37453609,-157.73721308,UAV 1,2,1:3001:2469,ENMORT002,1:1:71:10:1:0:1,0,false,false,false,false,0
ENMORT005,none,,2026-08-09T09:10:03.000Z,21.37457651,-157.73710572,UAV 1,2,1:3001:2242,ENMORT005,1:1:71:10:1:0:1,0,false,false,false,false,0
ENMORT004,none,,2026-08-09T09:10:03.000Z,21.37447596,-157.73706256,UAV 1,2,1:3001:2265,ENMORT004,1:1:71:10:1:0:1,0,false,false,false,false,0
ENMORT003,none,,2026-08-09T09:10:03.000Z,21.37463664,-157.73725624,UAV 1,2,1:3001:2500,ENMORT003,1:1:71:10:1:0:1,0,false,false,false,false,0
ENMORT001,none,,2026-08-09T09:10:04.000Z,21.37443553,-157.73716992,UAV 1,2,1:3001:2424,ENMORT001,1:1:71:10:1:0:1,0,false,false,false,false,0
ENMORT002,none,,2026-08-09T09:10:04.000Z,21.37453609,-157.73721308,UAV 1,2,1:3001:2469,ENMORT002,1:1:71:10:1:0:1,0,false,false,false,false,0
ENMORT005,none,,2026-08-09T09:10:04.000Z,21.37457651,-157.73710572,UAV 1,2,1:3001:2242,ENMORT005,1:1:71:10:1:0:1,0,false,false,false,false,0
ENMORT004,none,,2026-08-09T09:10:04.000Z,21.37447596,-157.73706256,UAV 1,2,1:3001:2265,ENMORT004,1:1:71:10:1:0:1,0,false,false,false,false,0
ENMORT003,none,,2026-08-09T09:10:04.000Z,21.37463664,-157.73725624,UAV 1,2,1:3001:2500,ENMORT003,1:1:71:10:1:0:1,0,false,false,false,false,0
ENMORT001,none,,2026-08-09T09:10:05.000Z,21.37443553,-157.73716992,UAV 1,2,1:3001:2424,ENMORT001,1:1:71:10:1:0:1,0,false,false,false,false,0
ENMORT002,none,,2026-08-09T09:10:05.000Z,21.37453609,-157.73721308,UAV 1,2,1:3001:2469,ENMORT002,1:1:71:10:1:0:1,0,false,false,false,false,0
ENMORT005,none,,2026-08-09T09:10:05.000Z,21.37457651,-157.73710572,UAV 1,2,1:3001:2242,ENMORT005,1:1:71:10:1:0:1,0,false,false,false,false,0
ENMORT004,none,,2026-08-09T09:10:05.000Z,21.37447596,-157.73706256,UAV 1,2,1:3001:2265,ENMORT004,1:1:71:10:1:0:1,0,false,false,false,false,0
ENMORT003,none,,2026-08-09T09:10:05.000Z,21.37463664,-157.73725624,UAV 1,2,1:3001:2500,ENMORT003,1:1:71:10:1:0:1,0,false,false,false,false,0
ENM35002,move to,LOC_적북측접근로,2026-08-09T09:10:05.000Z,21.37138236,-157.74152930,UAV 1,2,1:3001:2375,ENM35002,1:1:225:7:1:6:0,0,false,false,false,false,0
ENM1A2003,move to,LOC_중앙계곡,2026-08-09T09:10:28.000Z,21.37337900,-157.74310663,UAV 1,2,1:3001:2564,ENM1A2003,1:1:225:1:1:3:0,0,false,false,false,false,0
FRTRK2004,move to,LOC_남측제1방어선,2026-08-09T09:10:28.000Z,21.38795805,-157.75056246,UAV 1,1,1:3001:2576,FRTRK2004,1:1:225:7:12:8:0,0,false,false,false,false,0
ENCAESAR002,FFE-on-Location,LOC_아군포병진지,2026-08-09T09:10:28.000Z,21.37011579,-157.73488768,UAV 1,2,1:3001:2594,ENCAESAR002,1:1:71:4:0:0:0,0,false,false,false,false,0
ENT72012,move to,LOC_중앙계곡,2026-08-09T09:10:28.000Z,21.37110215,-157.74171347,UAV 1,2,1:3001:2595,ENT72012,1:1:222:1:2:1:0,0,false,false,false,false,0
ENBTR60001,move to,LOC_중앙계곡,2026-08-09T09:10:28.000Z,21.36882493,-157.74059709,UAV 1,2,1:3001:2602,ENBTR60001,1:1:222:2:8:1:0,0,false,false,false,false,0
ENMORT005,FFE-on-Location,LOC_중앙킬존,2026-08-09T09:10:28.000Z,21.37457651,-157.73710572,UAV 1,2,1:3001:2607,ENMORT005,1:1:71:10:1:0:1,0,false,false,false,false,0
ENM1A2001,move to,LOC_중앙계곡,2026-08-09T09:10:28.000Z,21.37343755,-157.74328907,UAV 1,2,1:3001:2608,ENM1A2001,1:1:225:1:1:3:0,0,false,false,false,false,0
FRTRK1003,move to,LOC_남측제1방어선,2026-08-09T09:10:28.000Z,21.38812434,-157.75044009,UAV 1,1,1:3001:2614,FRTRK1003,1:1:225:7:12:0:0,0,false,false,false,false,0
ENM1A2005,move to,LOC_중앙계곡,2026-08-09T09:10:28.000Z,21.37332045,-157.74292420,UAV 1,2,1:3001:2621,ENM1A2005,1:1:225:1:1:3:0,0,false,false,false,false,0
FRT69001,move to,LOC_중앙킬존남측,2026-08-09T09:10:28.000Z,21.38691354,-157.73533465,UAV 1,1,1:3001:2625,FRT69001,1:1:45:1:2:1:0,0,false,false,false,false,0
ENMORT004,FFE-on-Location,LOC_아군박격포진지,2026-08-09T09:10:28.000Z,21.37447596,-157.73706256,UAV 1,2,1:3001:2630,ENMORT004,1:1:71:10:1:0:1,0,false,false,false,false,0
FRTRK1001,move to,LOC_남측제1방어선,2026-08-09T09:10:28.000Z,21.38830321,-157.75041323,UAV 1,1,1:3001:2643,FRTRK1001,1:1:225:7:12:0:0,0,false,false,false,false,0
ENGAZ001,move to,LOC_적북측접근로,2026-08-09T09:10:28.000Z,21.37319419,-157.73304052,UAV 1,2,1:3001:2654,ENGAZ001,1:1:222:7:8:0:0,0,false,false,false,false,0
ENBTR60006,move to,LOC_중앙계곡,2026-08-09T09:10:28.000Z,21.36886549,-157.74038588,UAV 1,2,1:3001:2663,ENBTR60006,1:1:222:2:8:1:0,0,false,false,false,false,0
ENBTR80004,move to,LOC_중앙계곡,2026-08-09T09:10:28.000Z,21.36892128,-157.74031006,UAV 1,2,1:3001:2679,ENBTR80004,1:1:222:2:13:0:0,0,false,false,false,false,0
ENBTR60003,move to,LOC_중앙계곡,2026-08-09T09:10:28.000Z,21.36893651,-157.74044544,UAV 1,2,1:3001:2685,ENBTR60003,1:1:222:2:8:1:0,0,false,false,false,false,0
ENM1A2002,move to,LOC_중앙계곡,2026-08-09T09:10:28.000Z,21.37340828,-157.74319785,UAV 1,2,1:3001:2693,ENM1A2002,1:1:225:1:1:3:0,0,false,false,false,false,0
ENBTR80001,move to,LOC_중앙계곡,2026-08-09T09:10:28.000Z,21.36899230,-157.74036962,UAV 1,2,1:3001:2697,ENBTR80001,1:1:222:2:13:0:0,0,false,false,false,false,0
ENCAESAR004,move to,LOC_북측예비방어선,2026-08-09T09:10:28.000Z,21.37005657,-157.73475759,UAV 1,2,1:3001:2698,ENCAESAR004,1:1:71:4:0:0:0,0,false,false,false,false,0
ENGAZ002,move to,LOC_적북측접근로,2026-08-09T09:10:28.000Z,21.37328190,-157.73306354,UAV 1,2,1:3001:2721,ENGAZ002,1:1:222:7:8:0:0,0,false,false,false,false,0
ENBTR80006,move to,LOC_중앙계곡,2026-08-09T09:10:28.000Z,21.36903286,-157.74015841,UAV 1,2,1:3001:2728,ENBTR80006,1:1:222:2:13:0:0,0,false,false,false,false,0
ENT72011,move to,LOC_중앙계곡,2026-08-09T09:10:28.000Z,21.37111023,-157.74180951,UAV 1,2,1:3001:2732,ENT72011,1:1:222:1:2:1:0,0,false,false,false,false,0
ENM35002,move to,LOC_적북측접근로,2026-08-09T09:10:28.000Z,21.37345731,-157.73310958,UAV 1,2,1:3001:2740,ENM35002,1:1:225:7:1:6:0,0,false,false,false,false,0
ENGAZ003,move to,LOC_적북측접근로,2026-08-09T09:10:28.000Z,21.37321576,-157.73294688,UAV 1,2,1:3001:2749,ENGAZ003,1:1:222:7:8:0:0,0,false,false,false,false,0
ENBTR80003,move to,LOC_중앙계곡,2026-08-09T09:10:28.000Z,21.36910388,-157.74021797,UAV 1,2,1:3001:2753,ENBTR80003,1:1:222:2:13:0:0,0,false,false,false,false,0
ENM35001,move to,LOC_적북측접근로,2026-08-09T09:10:28.000Z,21.37336960,-157.73308655,UAV 1,2,1:3001:2754,ENM35001,1:1:225:7:1:6:0,0,false,false,false,false,0
FRT80008,move to,LOC_중앙킬존남측,2026-08-09T09:10:28.000Z,21.38272997,-157.75083059,UAV 1,1,1:3001:2756,FRT80008,1:1:222:1:1:1:0,0,false,false,false,false,0
ENCAESAR003,FFE-on-Location,LOC_아군박격포진지,2026-08-09T09:10:28.000Z,21.36993473,-157.73482081,UAV 1,2,1:3001:2782,ENCAESAR003,1:1:71:4:0:0:0,0,false,false,false,false,0
ENBTR60002,move to,LOC_중앙계곡,2026-08-09T09:10:28.000Z,21.36888072,-157.74052127,UAV 1,2,1:3001:2788,ENBTR60002,1:1:222:2:8:1:0,0,false,false,false,false,0
ENMORT001,FFE-on-Location,LOC_중앙킬존,2026-08-09T09:10:28.000Z,21.37443553,-157.73716992,UAV 1,2,1:3001:2789,ENMORT001,1:1:71:10:1:0:1,0,false,false,false,false,0
ENBTR60007,move to,LOC_중앙계곡,2026-08-09T09:10:28.000Z,21.36868288,-157.74047797,UAV 1,2,1:3001:2815,ENBTR60007,1:1:222:2:8:1:0,0,false,false,false,false,0
ENBTR60008,move to,LOC_중앙계곡,2026-08-09T09:10:28.000Z,21.36873867,-157.74040214,UAV 1,2,1:3001:2826,ENBTR60008,1:1:222:2:8:1:0,0,false,false,false,false,0
FRTRK2002,move to,LOC_남측제1방어선,2026-08-09T09:10:28.000Z,21.38794546,-157.75046696,UAV 1,1,1:3001:2827,FRTRK2002,1:1:225:7:12:8:0,0,false,false,false,false,0
ENBTR80007,move to,LOC_중앙계곡,2026-08-09T09:10:28.000Z,21.36885025,-157.74025050,UAV 1,2,1:3001:2828,ENBTR80007,1:1:222:2:13:0:0,0,false,false,false,false,0
ENMORT002,FFE-on-Location,LOC_남측제1방어선,2026-08-09T09:10:28.000Z,21.37453609,-157.73721308,UAV 1,2,1:3001:2834,ENMORT002,1:1:71:10:1:0:1,0,false,false,false,false,0
ENGAZ004,move to,LOC_적북측접근로,2026-08-09T09:10:28.000Z,21.37330346,-157.73296990,UAV 1,2,1:3001:2838,ENGAZ004,1:1:222:7:8:0:0,0,false,false,false,false,0
ENBTR80005,move to,LOC_중앙계곡,2026-08-09T09:10:28.000Z,21.36897707,-157.74023423,UAV 1,2,1:3001:2846,ENBTR80005,1:1:222:2:13:0:0,0,false,false,false,false,0
FRTRK1002,move to,LOC_남측제1방어선,2026-08-09T09:10:28.000Z,21.38821377,-157.75042666,UAV 1,1,1:3001:2853,FRTRK1002,1:1:225:7:12:0:0,0,false,false,false,false,0
ENMIM001,move to,LOC_적북측접근로,2026-08-09T09:10:28.000Z,21.36971525,-157.73688574,UAV 1,2,1:3001:2855,ENMIM001,1:1:225:28:2:0:0,0,false,false,false,false,0
ENCAESAR001,move to,LOC_적북측접근로,2026-08-09T09:10:28.000Z,21.36999394,-157.73495090,UAV 1,2,1:3001:2860,ENCAESAR001,1:1:71:4:0:0:0,0,false,false,false,false,0
FRTRK2003,move to,LOC_남측제1방어선,2026-08-09T09:10:28.000Z,21.38804748,-157.75054902,UAV 1,1,1:3001:2863,FRTRK2003,1:1:225:7:12:8:0,0,false,false,false,false,0
ENMORT003,FFE-on-Location,LOC_아군포병진지,2026-08-09T09:10:28.000Z,21.37463664,-157.73725624,UAV 1,2,1:3001:2865,ENMORT003,1:1:71:10:1:0:1,0,false,false,false,false,0
ENBTR60004,move to,LOC_중앙계곡,2026-08-09T09:10:28.000Z,21.36875390,-157.74053753,UAV 1,2,1:3001:2872,ENBTR60004,1:1:222:2:8:1:0,0,false,false,false,false,0
ENBTR80002,move to,LOC_중앙계곡,2026-08-09T09:10:28.000Z,21.36904809,-157.74029380,UAV 1,2,1:3001:2884,ENBTR80002,1:1:222:2:13:0:0,0,false,false,false,false,0
ENM1A2004,move to,LOC_중앙계곡,2026-08-09T09:10:28.000Z,21.37334972,-157.74301542,UAV 1,2,1:3001:2886,ENM1A2004,1:1:225:1:1:3:0,0,false,false,false,false,0
ENBTR60005,move to,LOC_중앙계곡,2026-08-09T09:10:28.000Z,21.36880969,-157.74046170,UAV 1,2,1:3001:2902,ENBTR60005,1:1:222:2:8:1:0,0,false,false,false,false,0
ENM1A2003,move to,LOC_중앙계곡,2026-08-09T09:10:29.000Z,21.37337900,-157.74310663,UAV 1,2,1:3001:2564,ENM1A2003,1:1:225:1:1:3:0,0,false,false,false,false,0
FRTRK2004,move to,LOC_남측제1방어선,2026-08-09T09:10:29.000Z,21.38795805,-157.75056246,UAV 1,1,1:3001:2576,FRTRK2004,1:1:225:7:12:8:0,0,false,false,false,false,0
ENCAESAR002,FFE-on-Location,LOC_아군포병진지,2026-08-09T09:10:29.000Z,21.37011579,-157.73488768,UAV 1,2,1:3001:2594,ENCAESAR002,1:1:71:4:0:0:0,0,false,false,false,false,0
ENT72012,move to,LOC_중앙계곡,2026-08-09T09:10:29.000Z,21.37110215,-157.74171347,UAV 1,2,1:3001:2595,ENT72012,1:1:222:1:2:1:0,0,false,false,false,false,0
ENBTR60001,move to,LOC_중앙계곡,2026-08-09T09:10:29.000Z,21.36882493,-157.74059709,UAV 1,2,1:3001:2602,ENBTR60001,1:1:222:2:8:1:0,0,false,false,false,false,0
ENMORT005,FFE-on-Location,LOC_중앙킬존,2026-08-09T09:10:29.000Z,21.37457651,-157.73710572,UAV 1,2,1:3001:2607,ENMORT005,1:1:71:10:1:0:1,0,false,false,false,false,0
ENM1A2001,move to,LOC_중앙계곡,2026-08-09T09:10:29.000Z,21.37343755,-157.74328907,UAV 1,2,1:3001:2608,ENM1A2001,1:1:225:1:1:3:0,0,false,false,false,false,0
FRTRK1003,move to,LOC_남측제1방어선,2026-08-09T09:10:29.000Z,21.38812434,-157.75044009,UAV 1,1,1:3001:2614,FRTRK1003,1:1:225:7:12:0:0,0,false,false,false,false,0
ENM1A2005,move to,LOC_중앙계곡,2026-08-09T09:10:29.000Z,21.37332045,-157.74292420,UAV 1,2,1:3001:2621,ENM1A2005,1:1:225:1:1:3:0,0,false,false,false,false,0
FRT69001,move to,LOC_중앙킬존남측,2026-08-09T09:10:29.000Z,21.38691354,-157.73533465,UAV 1,1,1:3001:2625,FRT69001,1:1:45:1:2:1:0,0,false,false,false,false,0
ENMORT004,FFE-on-Location,LOC_아군박격포진지,2026-08-09T09:10:29.000Z,21.37447596,-157.73706256,UAV 1,2,1:3001:2630,ENMORT004,1:1:71:10:1:0:1,0,false,false,false,false,0
FRTRK1001,move to,LOC_남측제1방어선,2026-08-09T09:10:29.000Z,21.38830321,-157.75041323,UAV 1,1,1:3001:2643,FRTRK1001,1:1:225:7:12:0:0,0,false,false,false,false,0
ENGAZ001,move to,LOC_적북측접근로,2026-08-09T09:10:29.000Z,21.37319419,-157.73304052,UAV 1,2,1:3001:2654,ENGAZ001,1:1:222:7:8:0:0,0,false,false,false,false,0
ENBTR60006,move to,LOC_중앙계곡,2026-08-09T09:10:29.000Z,21.36886549,-157.74038588,UAV 1,2,1:3001:2663,ENBTR60006,1:1:222:2:8:1:0,0,false,false,false,false,0
ENBTR80004,move to,LOC_중앙계곡,2026-08-09T09:10:29.000Z,21.36892128,-157.74031006,UAV 1,2,1:3001:2679,ENBTR80004,1:1:222:2:13:0:0,0,false,false,false,false,0
ENBTR60003,move to,LOC_중앙계곡,2026-08-09T09:10:29.000Z,21.36893651,-157.74044544,UAV 1,2,1:3001:2685,ENBTR60003,1:1:222:2:8:1:0,0,false,false,false,false,0
ENM1A2002,move to,LOC_중앙계곡,2026-08-09T09:10:29.000Z,21.37340828,-157.74319785,UAV 1,2,1:3001:2693,ENM1A2002,1:1:225:1:1:3:0,0,false,false,false,false,0
ENBTR80001,move to,LOC_중앙계곡,2026-08-09T09:10:29.000Z,21.36899230,-157.74036962,UAV 1,2,1:3001:2697,ENBTR80001,1:1:222:2:13:0:0,0,false,false,false,false,0
ENCAESAR004,move to,LOC_북측예비방어선,2026-08-09T09:10:29.000Z,21.37005657,-157.73475759,UAV 1,2,1:3001:2698,ENCAESAR004,1:1:71:4:0:0:0,0,false,false,false,false,0
ENGAZ002,move to,LOC_적북측접근로,2026-08-09T09:10:29.000Z,21.37328190,-157.73306354,UAV 1,2,1:3001:2721,ENGAZ002,1:1:222:7:8:0:0,0,false,false,false,false,0
ENBTR80006,move to,LOC_중앙계곡,2026-08-09T09:10:29.000Z,21.36903286,-157.74015841,UAV 1,2,1:3001:2728,ENBTR80006,1:1:222:2:13:0:0,0,false,false,false,false,0
ENT72011,move to,LOC_중앙계곡,2026-08-09T09:10:29.000Z,21.37111023,-157.74180951,UAV 1,2,1:3001:2732,ENT72011,1:1:222:1:2:1:0,0,false,false,false,false,0
ENM35002,move to,LOC_적북측접근로,2026-08-09T09:10:29.000Z,21.37345731,-157.73310958,UAV 1,2,1:3001:2740,ENM35002,1:1:225:7:1:6:0,0,false,false,false,false,0
ENGAZ003,move to,LOC_적북측접근로,2026-08-09T09:10:29.000Z,21.37321576,-157.73294688,UAV 1,2,1:3001:2749,ENGAZ003,1:1:222:7:8:0:0,0,false,false,false,false,0
ENBTR80003,move to,LOC_중앙계곡,2026-08-09T09:10:29.000Z,21.36910388,-157.74021797,UAV 1,2,1:3001:2753,ENBTR80003,1:1:222:2:13:0:0,0,false,false,false,false,0
ENM35001,move to,LOC_적북측접근로,2026-08-09T09:10:29.000Z,21.37336960,-157.73308655,UAV 1,2,1:3001:2754,ENM35001,1:1:225:7:1:6:0,0,false,false,false,false,0
FRT80008,move to,LOC_중앙킬존남측,2026-08-09T09:10:29.000Z,21.38272997,-157.75083059,UAV 1,1,1:3001:2756,FRT80008,1:1:222:1:1:1:0,0,false,false,false,false,0
ENCAESAR003,FFE-on-Location,LOC_아군박격포진지,2026-08-09T09:10:29.000Z,21.36993473,-157.73482081,UAV 1,2,1:3001:2782,ENCAESAR003,1:1:71:4:0:0:0,0,false,false,false,false,0
ENBTR60002,move to,LOC_중앙계곡,2026-08-09T09:10:29.000Z,21.36888072,-157.74052127,UAV 1,2,1:3001:2788,ENBTR60002,1:1:222:2:8:1:0,0,false,false,false,false,0
ENMORT001,FFE-on-Location,LOC_중앙킬존,2026-08-09T09:10:29.000Z,21.37443553,-157.73716992,UAV 1,2,1:3001:2789,ENMORT001,1:1:71:10:1:0:1,0,false,false,false,false,0
ENBTR60007,move to,LOC_중앙계곡,2026-08-09T09:10:29.000Z,21.36868288,-157.74047797,UAV 1,2,1:3001:2815,ENBTR60007,1:1:222:2:8:1:0,0,false,false,false,false,0
ENBTR60008,move to,LOC_중앙계곡,2026-08-09T09:10:29.000Z,21.36873867,-157.74040214,UAV 1,2,1:3001:2826,ENBTR60008,1:1:222:2:8:1:0,0,false,false,false,false,0
FRTRK2002,move to,LOC_남측제1방어선,2026-08-09T09:10:29.000Z,21.38794546,-157.75046696,UAV 1,1,1:3001:2827,FRTRK2002,1:1:225:7:12:8:0,0,false,false,false,false,0
ENBTR80007,move to,LOC_중앙계곡,2026-08-09T09:10:29.000Z,21.36885025,-157.74025050,UAV 1,2,1:3001:2828,ENBTR80007,1:1:222:2:13:0:0,0,false,false,false,false,0
ENMORT002,FFE-on-Location,LOC_남측제1방어선,2026-08-09T09:10:29.000Z,21.37453609,-157.73721308,UAV 1,2,1:3001:2834,ENMORT002,1:1:71:10:1:0:1,0,false,false,false,false,0
ENGAZ004,move to,LOC_적북측접근로,2026-08-09T09:10:29.000Z,21.37330346,-157.73296990,UAV 1,2,1:3001:2838,ENGAZ004,1:1:222:7:8:0:0,0,false,false,false,false,0
ENBTR80005,move to,LOC_중앙계곡,2026-08-09T09:10:29.000Z,21.36897707,-157.74023423,UAV 1,2,1:3001:2846,ENBTR80005,1:1:222:2:13:0:0,0,false,false,false,false,0
FRTRK1002,move to,LOC_남측제1방어선,2026-08-09T09:10:29.000Z,21.38821377,-157.75042666,UAV 1,1,1:3001:2853,FRTRK1002,1:1:225:7:12:0:0,0,false,false,false,false,0
ENMIM001,move to,LOC_적북측접근로,2026-08-09T09:10:29.000Z,21.36971525,-157.73688574,UAV 1,2,1:3001:2855,ENMIM001,1:1:225:28:2:0:0,0,false,false,false,false,0
ENCAESAR001,move to,LOC_적북측접근로,2026-08-09T09:10:29.000Z,21.36999394,-157.73495090,UAV 1,2,1:3001:2860,ENCAESAR001,1:1:71:4:0:0:0,0,false,false,false,false,0
FRTRK2003,move to,LOC_남측제1방어선,2026-08-09T09:10:29.000Z,21.38804748,-157.75054902,UAV 1,1,1:3001:2863,FRTRK2003,1:1:225:7:12:8:0,0,false,false,false,false,0
ENMORT003,FFE-on-Location,LOC_아군포병진지,2026-08-09T09:10:29.000Z,21.37463664,-157.73725624,UAV 1,2,1:3001:2865,ENMORT003,1:1:71:10:1:0:1,0,false,false,false,false,0
ENBTR60004,move to,LOC_중앙계곡,2026-08-09T09:10:29.000Z,21.36875390,-157.74053753,UAV 1,2,1:3001:2872,ENBTR60004,1:1:222:2:8:1:0,0,false,false,false,false,0
ENBTR80002,move to,LOC_중앙계곡,2026-08-09T09:10:29.000Z,21.36904809,-157.74029380,UAV 1,2,1:3001:2884,ENBTR80002,1:1:222:2:13:0:0,0,false,false,false,false,0
ENM1A2004,move to,LOC_중앙계곡,2026-08-09T09:10:29.000Z,21.37334972,-157.74301542,UAV 1,2,1:3001:2886,ENM1A2004,1:1:225:1:1:3:0,0,false,false,false,false,0
ENBTR60005,move to,LOC_중앙계곡,2026-08-09T09:10:29.000Z,21.36880969,-157.74046170,UAV 1,2,1:3001:2902,ENBTR60005,1:1:222:2:8:1:0,0,false,false,false,false,0
ENM1A2003,move to,LOC_중앙계곡,2026-08-09T09:10:30.000Z,21.37350611,-157.74306014,UAV 1,2,1:3001:2564,ENM1A2003,1:1:225:1:1:3:0,0,false,false,false,false,0
FRTRK2004,move to,LOC_남측제1방어선,2026-08-09T09:10:30.000Z,21.38795213,-157.75051141,UAV 1,1,1:3001:2576,FRTRK2004,1:1:225:7:12:8:0,0,false,false,false,false,0
ENCAESAR002,FFE-on-Location,LOC_아군포병진지,2026-08-09T09:10:30.000Z,21.37011579,-157.73488768,UAV 1,2,1:3001:2594,ENCAESAR002,1:1:71:4:0:0:0,0,false,false,false,false,0
ENT72012,move to,LOC_중앙계곡,2026-08-09T09:10:30.000Z,21.37122772,-157.74170218,UAV 1,2,1:3001:2595,ENT72012,1:1:222:1:2:1:0,0,false,false,false,false,0
ENBTR60001,move to,LOC_중앙계곡,2026-08-09T09:10:30.000Z,21.36893084,-157.74060109,UAV 1,2,1:3001:2602,ENBTR60001,1:1:222:2:8:1:0,0,false,false,false,false,0
ENMORT005,FFE-on-Location,LOC_중앙킬존,2026-08-09T09:10:30.000Z,21.37457651,-157.73710572,UAV 1,2,1:3001:2607,ENMORT005,1:1:71:10:1:0:1,0,false,false,false,false,0
ENM1A2001,move to,LOC_중앙계곡,2026-08-09T09:10:30.000Z,21.37356769,-157.74323683,UAV 1,2,1:3001:2608,ENM1A2001,1:1:225:1:1:3:0,0,false,false,false,false,0
ENM1A2005,move to,LOC_중앙계곡,2026-08-09T09:10:30.000Z,21.37344219,-157.74288391,UAV 1,2,1:3001:2621,ENM1A2005,1:1:225:1:1:3:0,0,false,false,false,false,0
FRT69001,move to,LOC_중앙킬존남측,2026-08-09T09:10:30.000Z,21.38688006,-157.73540970,UAV 1,1,1:3001:2625,FRT69001,1:1:45:1:2:1:0,0,false,false,false,false,0
ENMORT004,FFE-on-Location,LOC_아군박격포진지,2026-08-09T09:10:30.000Z,21.37447596,-157.73706256,UAV 1,2,1:3001:2630,ENMORT004,1:1:71:10:1:0:1,0,false,false,false,false,0
FRTRK1001,move to,LOC_남측제1방어선,2026-08-09T09:10:30.000Z,21.38829767,-157.75037579,UAV 1,1,1:3001:2643,FRTRK1001,1:1:225:7:12:0:0,0,false,false,false,false,0
ENGAZ001,move to,LOC_적북측접근로,2026-08-09T09:10:30.000Z,21.37317668,-157.73312227,UAV 1,2,1:3001:2654,ENGAZ001,1:1:222:7:8:0:0,0,false,false,false,false,0
ENBTR60006,move to,LOC_중앙계곡,2026-08-09T09:10:30.000Z,21.36897848,-157.74039248,UAV 1,2,1:3001:2663,ENBTR60006,1:1:222:2:8:1:0,0,false,false,false,false,0
ENBTR80004,move to,LOC_중앙계곡,2026-08-09T09:10:30.000Z,21.36904263,-157.74031808,UAV 1,2,1:3001:2679,ENBTR80004,1:1:222:2:13:0:0,0,false,false,false,false,0
ENBTR60003,move to,LOC_중앙계곡,2026-08-09T09:10:30.000Z,21.36905303,-157.74045162,UAV 1,2,1:3001:2685,ENBTR60003,1:1:222:2:8:1:0,0,false,false,false,false,0
ENM1A2002,move to,LOC_중앙계곡,2026-08-09T09:10:30.000Z,21.37353821,-157.74314802,UAV 1,2,1:3001:2693,ENM1A2002,1:1:225:1:1:3:0,0,false,false,false,false,0
ENBTR80001,move to,LOC_중앙계곡,2026-08-09T09:10:30.000Z,21.36912305,-157.74037756,UAV 1,2,1:3001:2697,ENBTR80001,1:1:222:2:13:0:0,0,false,false,false,false,0
ENCAESAR004,move to,LOC_북측예비방어선,2026-08-09T09:10:30.000Z,21.37007847,-157.73481126,UAV 1,2,1:3001:2698,ENCAESAR004,1:1:71:4:0:0:0,0,false,false,false,false,0
ENGAZ002,move to,LOC_적북측접근로,2026-08-09T09:10:30.000Z,21.37326367,-157.73314460,UAV 1,2,1:3001:2721,ENGAZ002,1:1:222:7:8:0:0,0,false,false,false,false,0
ENBTR80006,move to,LOC_중앙계곡,2026-08-09T09:10:30.000Z,21.36916138,-157.74016893,UAV 1,2,1:3001:2728,ENBTR80006,1:1:222:2:13:0:0,0,false,false,false,false,0
ENT72011,move to,LOC_중앙계곡,2026-08-09T09:10:30.000Z,21.37123940,-157.74179634,UAV 1,2,1:3001:2732,ENT72011,1:1:222:1:2:1:0,0,false,false,false,false,0
ENM35002,move to,LOC_적북측접근로,2026-08-09T09:10:30.000Z,21.37344343,-157.73316590,UAV 1,2,1:3001:2740,ENM35002,1:1:225:7:1:6:0,0,false,false,false,false,0
ENGAZ003,move to,LOC_적북측접근로,2026-08-09T09:10:30.000Z,21.37319832,-157.73302823,UAV 1,2,1:3001:2749,ENGAZ003,1:1:222:7:8:0:0,0,false,false,false,false,0
ENBTR80003,move to,LOC_중앙계곡,2026-08-09T09:10:30.000Z,21.36924536,-157.74022879,UAV 1,2,1:3001:2753,ENBTR80003,1:1:222:2:13:0:0,0,false,false,false,false,0
ENM35001,move to,LOC_적북측접근로,2026-08-09T09:10:30.000Z,21.37335626,-157.73314319,UAV 1,2,1:3001:2754,ENM35001,1:1:225:7:1:6:0,0,false,false,false,false,0
FRT80008,move to,LOC_중앙킬존남측,2026-08-09T09:10:30.000Z,21.38273383,-157.75073800,UAV 1,1,1:3001:2756,FRT80008,1:1:222:1:1:1:0,0,false,false,false,false,0
ENCAESAR003,FFE-on-Location,LOC_아군박격포진지,2026-08-09T09:10:30.000Z,21.36993473,-157.73482081,UAV 1,2,1:3001:2782,ENCAESAR003,1:1:71:4:0:0:0,0,false,false,false,false,0
ENBTR60002,move to,LOC_중앙계곡,2026-08-09T09:10:30.000Z,21.36899292,-157.74052635,UAV 1,2,1:3001:2788,ENBTR60002,1:1:222:2:8:1:0,0,false,false,false,false,0
ENMORT001,FFE-on-Location,LOC_중앙킬존,2026-08-09T09:10:30.000Z,21.37443553,-157.73716992,UAV 1,2,1:3001:2789,ENMORT001,1:1:71:10:1:0:1,0,false,false,false,false,0
ENBTR60007,move to,LOC_중앙계곡,2026-08-09T09:10:30.000Z,21.36878519,-157.74048293,UAV 1,2,1:3001:2815,ENBTR60007,1:1:222:2:8:1:0,0,false,false,false,false,0
ENBTR60008,move to,LOC_중앙계곡,2026-08-09T09:10:30.000Z,21.36884091,-157.74040788,UAV 1,2,1:3001:2826,ENBTR60008,1:1:222:2:8:1:0,0,false,false,false,false,0
FRTRK2002,move to,LOC_남측제1방어선,2026-08-09T09:10:30.000Z,21.38793956,-157.75041596,UAV 1,1,1:3001:2827,FRTRK2002,1:1:225:7:12:8:0,0,false,false,false,false,0
ENBTR80007,move to,LOC_중앙계곡,2026-08-09T09:10:30.000Z,21.36896867,-157.74025896,UAV 1,2,1:3001:2828,ENBTR80007,1:1:222:2:13:0:0,0,false,false,false,false,0
ENMORT002,FFE-on-Location,LOC_남측제1방어선,2026-08-09T09:10:30.000Z,21.37453609,-157.73721308,UAV 1,2,1:3001:2834,ENMORT002,1:1:71:10:1:0:1,0,false,false,false,false,0
ENGAZ004,move to,LOC_적북측접근로,2026-08-09T09:10:30.000Z,21.37328528,-157.73305071,UAV 1,2,1:3001:2838,ENGAZ004,1:1:222:7:8:0:0,0,false,false,false,false,0
ENBTR80005,move to,LOC_중앙계곡,2026-08-09T09:10:30.000Z,21.36909762,-157.74024315,UAV 1,2,1:3001:2846,ENBTR80005,1:1:222:2:13:0:0,0,false,false,false,false,0
FRTRK1002,move to,LOC_남측제1방어선,2026-08-09T09:10:30.000Z,21.38820816,-157.75038654,UAV 1,1,1:3001:2853,FRTRK1002,1:1:225:7:12:0:0,0,false,false,false,false,0
ENMIM001,move to,LOC_적북측접근로,2026-08-09T09:10:30.000Z,21.36973283,-157.73693831,UAV 1,2,1:3001:2855,ENMIM001,1:1:225:28:2:0:0,0,false,false,false,false,0
ENCAESAR001,move to,LOC_적북측접근로,2026-08-09T09:10:30.000Z,21.37000944,-157.73502354,UAV 1,2,1:3001:2860,ENCAESAR001,1:1:71:4:0:0:0,0,false,false,false,false,0
ENMORT003,FFE-on-Location,LOC_아군포병진지,2026-08-09T09:10:30.000Z,21.37463664,-157.73725624,UAV 1,2,1:3001:2865,ENMORT003,1:1:71:10:1:0:1,0,false,false,false,false,0
ENBTR60004,move to,LOC_중앙계곡,2026-08-09T09:10:30.000Z,21.36885564,-157.74054193,UAV 1,2,1:3001:2872,ENBTR60004,1:1:222:2:8:1:0,0,false,false,false,false,0
ENBTR80002,move to,LOC_중앙계곡,2026-08-09T09:10:30.000Z,21.36919005,-157.74030353,UAV 1,2,1:3001:2884,ENBTR80002,1:1:222:2:13:0:0,0,false,false,false,false,0
ENM1A2004,move to,LOC_중앙계곡,2026-08-09T09:10:30.000Z,21.37347485,-157.74297184,UAV 1,2,1:3001:2886,ENM1A2004,1:1:225:1:1:3:0,0,false,false,false,false,0
ENBTR60005,move to,LOC_중앙계곡,2026-08-09T09:10:30.000Z,21.36891364,-157.74046698,UAV 1,2,1:3001:2902,ENBTR60005,1:1:222:2:8:1:0,0,false,false,false,false,0
ENT72010,move to,LOC_중앙계곡,2026-08-09T09:10:30.000Z,21.37131714,-157.74169361,UAV 1,2,1:3001:2761,ENT72010,1:1:222:1:2:1:0,0,false,false,false,false,0
ENT72006,move to,LOC_중앙계곡,2026-08-09T09:10:30.000Z,21.37150321,-157.74167581,UAV 1,2,1:3001:2778,ENT72006,1:1:222:1:2:1:0,0,false,false,false,false,0
ENM1A2003,move to,LOC_중앙계곡,2026-08-09T09:10:31.000Z,21.37350611,-157.74306014,UAV 1,2,1:3001:2564,ENM1A2003,1:1:225:1:1:3:0,0,false,false,false,false,0
FRTRK2004,move to,LOC_남측제1방어선,2026-08-09T09:10:31.000Z,21.38795213,-157.75051141,UAV 1,1,1:3001:2576,FRTRK2004,1:1:225:7:12:8:0,0,false,false,false,false,0
ENCAESAR002,FFE-on-Location,LOC_아군포병진지,2026-08-09T09:10:31.000Z,21.37011579,-157.73488768,UAV 1,2,1:3001:2594,ENCAESAR002,1:1:71:4:0:0:0,0,false,false,false,false,0
ENT72012,move to,LOC_중앙계곡,2026-08-09T09:10:31.000Z,21.37122772,-157.74170218,UAV 1,2,1:3001:2595,ENT72012,1:1:222:1:2:1:0,0,false,false,false,false,0
ENBTR60001,move to,LOC_중앙계곡,2026-08-09T09:10:31.000Z,21.36893084,-157.74060109,UAV 1,2,1:3001:2602,ENBTR60001,1:1:222:2:8:1:0,0,false,false,false,false,0
ENMORT005,FFE-on-Location,LOC_중앙킬존,2026-08-09T09:10:31.000Z,21.37457651,-157.73710572,UAV 1,2,1:3001:2607,ENMORT005,1:1:71:10:1:0:1,0,false,false,false,false,0
ENM1A2001,move to,LOC_중앙계곡,2026-08-09T09:10:31.000Z,21.37356769,-157.74323683,UAV 1,2,1:3001:2608,ENM1A2001,1:1:225:1:1:3:0,0,false,false,false,false,0
ENM1A2005,move to,LOC_중앙계곡,2026-08-09T09:10:31.000Z,21.37344219,-157.74288391,UAV 1,2,1:3001:2621,ENM1A2005,1:1:225:1:1:3:0,0,false,false,false,false,0
FRT69001,move to,LOC_중앙킬존남측,2026-08-09T09:10:31.000Z,21.38688006,-157.73540970,UAV 1,1,1:3001:2625,FRT69001,1:1:45:1:2:1:0,0,false,false,false,false,0
ENMORT004,FFE-on-Location,LOC_아군박격포진지,2026-08-09T09:10:31.000Z,21.37447596,-157.73706256,UAV 1,2,1:3001:2630,ENMORT004,1:1:71:10:1:0:1,0,false,false,false,false,0
FRTRK1001,move to,LOC_남측제1방어선,2026-08-09T09:10:31.000Z,21.38829767,-157.75037579,UAV 1,1,1:3001:2643,FRTRK1001,1:1:225:7:12:0:0,0,false,false,false,false,0
ENGAZ001,move to,LOC_적북측접근로,2026-08-09T09:10:31.000Z,21.37317668,-157.73312227,UAV 1,2,1:3001:2654,ENGAZ001,1:1:222:7:8:0:0,0,false,false,false,false,0
ENBTR60006,move to,LOC_중앙계곡,2026-08-09T09:10:31.000Z,21.36897848,-157.74039248,UAV 1,2,1:3001:2663,ENBTR60006,1:1:222:2:8:1:0,0,false,false,false,false,0
ENBTR80004,move to,LOC_중앙계곡,2026-08-09T09:10:31.000Z,21.36904263,-157.74031808,UAV 1,2,1:3001:2679,ENBTR80004,1:1:222:2:13:0:0,0,false,false,false,false,0
ENBTR60003,move to,LOC_중앙계곡,2026-08-09T09:10:31.000Z,21.36905303,-157.74045162,UAV 1,2,1:3001:2685,ENBTR60003,1:1:222:2:8:1:0,0,false,false,false,false,0
ENM1A2002,move to,LOC_중앙계곡,2026-08-09T09:10:31.000Z,21.37353821,-157.74314802,UAV 1,2,1:3001:2693,ENM1A2002,1:1:225:1:1:3:0,0,false,false,false,false,0
ENBTR80001,move to,LOC_중앙계곡,2026-08-09T09:10:31.000Z,21.36912305,-157.74037756,UAV 1,2,1:3001:2697,ENBTR80001,1:1:222:2:13:0:0,0,false,false,false,false,0
ENCAESAR004,move to,LOC_북측예비방어선,2026-08-09T09:10:31.000Z,21.37007847,-157.73481126,UAV 1,2,1:3001:2698,ENCAESAR004,1:1:71:4:0:0:0,0,false,false,false,false,0
ENGAZ002,move to,LOC_적북측접근로,2026-08-09T09:10:31.000Z,21.37326367,-157.73314460,UAV 1,2,1:3001:2721,ENGAZ002,1:1:222:7:8:0:0,0,false,false,false,false,0
ENBTR80006,move to,LOC_중앙계곡,2026-08-09T09:10:31.000Z,21.36916138,-157.74016893,UAV 1,2,1:3001:2728,ENBTR80006,1:1:222:2:13:0:0,0,false,false,false,false,0
ENT72011,move to,LOC_중앙계곡,2026-08-09T09:10:31.000Z,21.37123940,-157.74179634,UAV 1,2,1:3001:2732,ENT72011,1:1:222:1:2:1:0,0,false,false,false,false,0
ENM35002,move to,LOC_적북측접근로,2026-08-09T09:10:31.000Z,21.37344343,-157.73316590,UAV 1,2,1:3001:2740,ENM35002,1:1:225:7:1:6:0,0,false,false,false,false,0
ENGAZ003,move to,LOC_적북측접근로,2026-08-09T09:10:31.000Z,21.37319832,-157.73302823,UAV 1,2,1:3001:2749,ENGAZ003,1:1:222:7:8:0:0,0,false,false,false,false,0
ENBTR80003,move to,LOC_중앙계곡,2026-08-09T09:10:31.000Z,21.36924536,-157.74022879,UAV 1,2,1:3001:2753,ENBTR80003,1:1:222:2:13:0:0,0,false,false,false,false,0
ENM35001,move to,LOC_적북측접근로,2026-08-09T09:10:31.000Z,21.37335626,-157.73314319,UAV 1,2,1:3001:2754,ENM35001,1:1:225:7:1:6:0,0,false,false,false,false,0
FRT80008,move to,LOC_중앙킬존남측,2026-08-09T09:10:31.000Z,21.38273383,-157.75073800,UAV 1,1,1:3001:2756,FRT80008,1:1:222:1:1:1:0,0,false,false,false,false,0
ENCAESAR003,FFE-on-Location,LOC_아군박격포진지,2026-08-09T09:10:31.000Z,21.36993473,-157.73482081,UAV 1,2,1:3001:2782,ENCAESAR003,1:1:71:4:0:0:0,0,false,false,false,false,0
ENBTR60002,move to,LOC_중앙계곡,2026-08-09T09:10:31.000Z,21.36899292,-157.74052635,UAV 1,2,1:3001:2788,ENBTR60002,1:1:222:2:8:1:0,0,false,false,false,false,0
ENMORT001,FFE-on-Location,LOC_중앙킬존,2026-08-09T09:10:31.000Z,21.37443553,-157.73716992,UAV 1,2,1:3001:2789,ENMORT001,1:1:71:10:1:0:1,0,false,false,false,false,0
ENBTR60007,move to,LOC_중앙계곡,2026-08-09T09:10:31.000Z,21.36878519,-157.74048293,UAV 1,2,1:3001:2815,ENBTR60007,1:1:222:2:8:1:0,0,false,false,false,false,0
ENBTR60008,move to,LOC_중앙계곡,2026-08-09T09:10:31.000Z,21.36884091,-157.74040788,UAV 1,2,1:3001:2826,ENBTR60008,1:1:222:2:8:1:0,0,false,false,false,false,0
FRTRK2002,move to,LOC_남측제1방어선,2026-08-09T09:10:31.000Z,21.38793956,-157.75041596,UAV 1,1,1:3001:2827,FRTRK2002,1:1:225:7:12:8:0,0,false,false,false,false,0
ENBTR80007,move to,LOC_중앙계곡,2026-08-09T09:10:31.000Z,21.36896867,-157.74025896,UAV 1,2,1:3001:2828,ENBTR80007,1:1:222:2:13:0:0,0,false,false,false,false,0
ENMORT002,FFE-on-Location,LOC_남측제1방어선,2026-08-09T09:10:31.000Z,21.37453609,-157.73721308,UAV 1,2,1:3001:2834,ENMORT002,1:1:71:10:1:0:1,0,false,false,false,false,0
ENGAZ004,move to,LOC_적북측접근로,2026-08-09T09:10:31.000Z,21.37328528,-157.73305071,UAV 1,2,1:3001:2838,ENGAZ004,1:1:222:7:8:0:0,0,false,false,false,false,0
ENBTR80005,move to,LOC_중앙계곡,2026-08-09T09:10:31.000Z,21.36909762,-157.74024315,UAV 1,2,1:3001:2846,ENBTR80005,1:1:222:2:13:0:0,0,false,false,false,false,0
FRTRK1002,move to,LOC_남측제1방어선,2026-08-09T09:10:31.000Z,21.38820816,-157.75038654,UAV 1,1,1:3001:2853,FRTRK1002,1:1:225:7:12:0:0,0,false,false,false,false,0
ENMIM001,move to,LOC_적북측접근로,2026-08-09T09:10:31.000Z,21.36973283,-157.73693831,UAV 1,2,1:3001:2855,ENMIM001,1:1:225:28:2:0:0,0,false,false,false,false,0
ENCAESAR001,move to,LOC_적북측접근로,2026-08-09T09:10:31.000Z,21.37000944,-157.73502354,UAV 1,2,1:3001:2860,ENCAESAR001,1:1:71:4:0:0:0,0,false,false,false,false,0
ENMORT003,FFE-on-Location,LOC_아군포병진지,2026-08-09T09:10:31.000Z,21.37463664,-157.73725624,UAV 1,2,1:3001:2865,ENMORT003,1:1:71:10:1:0:1,0,false,false,false,false,0
ENBTR60004,move to,LOC_중앙계곡,2026-08-09T09:10:31.000Z,21.36885564,-157.74054193,UAV 1,2,1:3001:2872,ENBTR60004,1:1:222:2:8:1:0,0,false,false,false,false,0
ENBTR80002,move to,LOC_중앙계곡,2026-08-09T09:10:31.000Z,21.36919005,-157.74030353,UAV 1,2,1:3001:2884,ENBTR80002,1:1:222:2:13:0:0,0,false,false,false,false,0
ENM1A2004,move to,LOC_중앙계곡,2026-08-09T09:10:31.000Z,21.37347485,-157.74297184,UAV 1,2,1:3001:2886,ENM1A2004,1:1:225:1:1:3:0,0,false,false,false,false,0
ENBTR60005,move to,LOC_중앙계곡,2026-08-09T09:10:31.000Z,21.36891364,-157.74046698,UAV 1,2,1:3001:2902,ENBTR60005,1:1:222:2:8:1:0,0,false,false,false,false,0
ENT72010,move to,LOC_중앙계곡,2026-08-09T09:10:31.000Z,21.37131714,-157.74169361,UAV 1,2,1:3001:2761,ENT72010,1:1:222:1:2:1:0,0,false,false,false,false,0
ENT72006,move to,LOC_중앙계곡,2026-08-09T09:10:31.000Z,21.37150321,-157.74167581,UAV 1,2,1:3001:2778,ENT72006,1:1:222:1:2:1:0,0,false,false,false,false,0
ENM1A2003,move to,LOC_중앙계곡,2026-08-09T09:10:32.000Z,21.37368326,-157.74299533,UAV 1,2,1:3001:2564,ENM1A2003,1:1:225:1:1:3:0,0,false,false,false,false,0
FRTRK2004,move to,LOC_남측제1방어선,2026-08-09T09:10:32.000Z,21.38793546,-157.75036749,UAV 1,1,1:3001:2576,FRTRK2004,1:1:225:7:12:8:0,0,false,false,false,false,0
ENCAESAR002,FFE-on-Location,LOC_아군포병진지,2026-08-09T09:10:32.000Z,21.37011579,-157.73488768,UAV 1,2,1:3001:2594,ENCAESAR002,1:1:71:4:0:0:0,0,false,false,false,false,0
ENT72012,move to,LOC_중앙계곡,2026-08-09T09:10:32.000Z,21.37141335,-157.74168549,UAV 1,2,1:3001:2595,ENT72012,1:1:222:1:2:1:0,0,false,false,false,false,0
ENBTR60001,move to,LOC_중앙계곡,2026-08-09T09:10:32.000Z,21.36911755,-157.74060814,UAV 1,2,1:3001:2602,ENBTR60001,1:1:222:2:8:1:0,0,false,false,false,false,0
ENMORT005,FFE-on-Location,LOC_중앙킬존,2026-08-09T09:10:32.000Z,21.37457651,-157.73710572,UAV 1,2,1:3001:2607,ENMORT005,1:1:71:10:1:0:1,0,false,false,false,false,0
ENM1A2001,move to,LOC_중앙계곡,2026-08-09T09:10:32.000Z,21.37374162,-157.74316702,UAV 1,2,1:3001:2608,ENM1A2001,1:1:225:1:1:3:0,0,false,false,false,false,0
ENM1A2005,move to,LOC_중앙계곡,2026-08-09T09:10:32.000Z,21.37362111,-157.74282469,UAV 1,2,1:3001:2621,ENM1A2005,1:1:225:1:1:3:0,0,false,false,false,false,0
FRT69001,move to,LOC_중앙킬존남측,2026-08-09T09:10:32.000Z,21.38678770,-157.73557803,UAV 1,1,1:3001:2625,FRT69001,1:1:45:1:2:1:0,0,false,false,false,false,0
ENMORT004,FFE-on-Location,LOC_아군박격포진지,2026-08-09T09:10:32.000Z,21.37447596,-157.73706256,UAV 1,2,1:3001:2630,ENMORT004,1:1:71:10:1:0:1,0,false,false,false,false,0
ENGAZ001,move to,LOC_적북측접근로,2026-08-09T09:10:32.000Z,21.37313645,-157.73331007,UAV 1,2,1:3001:2654,ENGAZ001,1:1:222:7:8:0:0,0,false,false,false,false,0
ENBTR60006,move to,LOC_중앙계곡,2026-08-09T09:10:32.000Z,21.36916294,-157.74040326,UAV 1,2,1:3001:2663,ENBTR60006,1:1:222:2:8:1:0,0,false,false,false,false,0
ENBTR80004,move to,LOC_중앙계곡,2026-08-09T09:10:32.000Z,21.36923063,-157.74033052,UAV 1,2,1:3001:2679,ENBTR80004,1:1:222:2:13:0:0,0,false,false,false,false,0
ENM1A2002,move to,LOC_중앙계곡,2026-08-09T09:10:32.000Z,21.37371368,-157.74308073,UAV 1,2,1:3001:2693,ENM1A2002,1:1:225:1:1:3:0,0,false,false,false,false,0
ENBTR80001,move to,LOC_중앙계곡,2026-08-09T09:10:32.000Z,21.36931069,-157.74038896,UAV 1,2,1:3001:2697,ENBTR80001,1:1:222:2:13:0:0,0,false,false,false,false,0
ENCAESAR004,move to,LOC_북측예비방어선,2026-08-09T09:10:32.000Z,21.37014938,-157.73498954,UAV 1,2,1:3001:2698,ENCAESAR004,1:1:71:4:0:0:0,0,false,false,false,false,0
ENGAZ002,move to,LOC_적북측접근로,2026-08-09T09:10:32.000Z,21.37322145,-157.73333229,UAV 1,2,1:3001:2721,ENGAZ002,1:1:222:7:8:0:0,0,false,false,false,false,0
ENBTR80006,move to,LOC_중앙계곡,2026-08-09T09:10:32.000Z,21.36934783,-157.74018418,UAV 1,2,1:3001:2728,ENBTR80006,1:1:222:2:13:0:0,0,false,false,false,false,0
ENT72011,move to,LOC_중앙계곡,2026-08-09T09:10:32.000Z,21.37142680,-157.74177724,UAV 1,2,1:3001:2732,ENT72011,1:1:222:1:2:1:0,0,false,false,false,false,0
ENM35002,move to,LOC_적북측접근로,2026-08-09T09:10:32.000Z,21.37340478,-157.73332274,UAV 1,2,1:3001:2740,ENM35002,1:1:225:7:1:6:0,0,false,false,false,false,0
ENGAZ003,move to,LOC_적북측접근로,2026-08-09T09:10:32.000Z,21.37315797,-157.73321639,UAV 1,2,1:3001:2749,ENGAZ003,1:1:222:7:8:0:0,0,false,false,false,false,0
ENBTR80003,move to,LOC_중앙계곡,2026-08-09T09:10:32.000Z,21.36943063,-157.74024296,UAV 1,2,1:3001:2753,ENBTR80003,1:1:222:2:13:0:0,0,false,false,false,false,0
ENM35001,move to,LOC_적북측접근로,2026-08-09T09:10:32.000Z,21.37331905,-157.73330107,UAV 1,2,1:3001:2754,ENM35001,1:1:225:7:1:6:0,0,false,false,false,false,0
FRT80008,move to,LOC_중앙킬존남측,2026-08-09T09:10:32.000Z,21.38265850,-157.75055936,UAV 1,1,1:3001:2756,FRT80008,1:1:222:1:1:1:0,0,false,false,false,false,0
ENCAESAR003,FFE-on-Location,LOC_아군박격포진지,2026-08-09T09:10:32.000Z,21.36993473,-157.73482081,UAV 1,2,1:3001:2782,ENCAESAR003,1:1:71:4:0:0:0,0,false,false,false,false,0
ENMORT001,FFE-on-Location,LOC_중앙킬존,2026-08-09T09:10:32.000Z,21.37443553,-157.73716992,UAV 1,2,1:3001:2789,ENMORT001,1:1:71:10:1:0:1,0,false,false,false,false,0
ENBTR60007,move to,LOC_중앙계곡,2026-08-09T09:10:32.000Z,21.36897259,-157.74049202,UAV 1,2,1:3001:2815,ENBTR60007,1:1:222:2:8:1:0,0,false,false,false,false,0
ENBTR60008,move to,LOC_중앙계곡,2026-08-09T09:10:32.000Z,21.36902378,-157.74041815,UAV 1,2,1:3001:2826,ENBTR60008,1:1:222:2:8:1:0,0,false,false,false,false,0
FRTRK2002,move to,LOC_남측제1방어선,2026-08-09T09:10:32.000Z,21.38792282,-157.75027126,UAV 1,1,1:3001:2827,FRTRK2002,1:1:225:7:12:8:0,0,false,false,false,false,0
ENBTR80007,move to,LOC_중앙계곡,2026-08-09T09:10:32.000Z,21.36915579,-157.74027232,UAV 1,2,1:3001:2828,ENBTR80007,1:1:222:2:13:0:0,0,false,false,false,false,0
ENMORT002,FFE-on-Location,LOC_남측제1방어선,2026-08-09T09:10:32.000Z,21.37453609,-157.73721308,UAV 1,2,1:3001:2834,ENMORT002,1:1:71:10:1:0:1,0,false,false,false,false,0
ENGAZ004,move to,LOC_적북측접근로,2026-08-09T09:10:32.000Z,21.37324303,-157.73323853,UAV 1,2,1:3001:2838,ENGAZ004,1:1:222:7:8:0:0,0,false,false,false,false,0
ENBTR80005,move to,LOC_중앙계곡,2026-08-09T09:10:32.000Z,21.36928505,-157.74025700,UAV 1,2,1:3001:2846,ENBTR80005,1:1:222:2:13:0:0,0,false,false,false,false,0
ENMIM001,move to,LOC_적북측접근로,2026-08-09T09:10:32.000Z,21.36978266,-157.73708810,UAV 1,2,1:3001:2855,ENMIM001,1:1:225:28:2:0:0,0,false,false,false,false,0
ENCAESAR001,move to,LOC_적북측접근로,2026-08-09T09:10:32.000Z,21.37004649,-157.73521195,UAV 1,2,1:3001:2860,ENCAESAR001,1:1:71:4:0:0:0,0,false,false,false,false,0
ENMORT003,FFE-on-Location,LOC_아군포병진지,2026-08-09T09:10:32.000Z,21.37463664,-157.73725624,UAV 1,2,1:3001:2865,ENMORT003,1:1:71:10:1:0:1,0,false,false,false,false,0
ENBTR60004,move to,LOC_중앙계곡,2026-08-09T09:10:32.000Z,21.36903899,-157.74054985,UAV 1,2,1:3001:2872,ENBTR60004,1:1:222:2:8:1:0,0,false,false,false,false,0
ENM1A2004,move to,LOC_중앙계곡,2026-08-09T09:10:32.000Z,21.37365288,-157.74290983,UAV 1,2,1:3001:2886,ENM1A2004,1:1:225:1:1:3:0,0,false,false,false,false,0
ENBTR60005,move to,LOC_중앙계곡,2026-08-09T09:10:32.000Z,21.36910060,-157.74047648,UAV 1,2,1:3001:2902,ENBTR60005,1:1:222:2:8:1:0,0,false,false,false,false,0
ENT72010,move to,LOC_중앙계곡,2026-08-09T09:10:32.000Z,21.37150414,-157.74167680,UAV 1,2,1:3001:2761,ENT72010,1:1:222:1:2:1:0,0,false,false,false,false,0
ENM35004,move to,LOC_적북측접근로,2026-08-09T09:10:32.000Z,21.37342734,-157.73322521,UAV 1,2,1:3001:2650,ENM35004,1:1:225:7:1:6:0,0,false,false,false,false,0
ENM35003,move to,LOC_적북측접근로,2026-08-09T09:10:32.000Z,21.37334106,-157.73320559,UAV 1,2,1:3001:2894,ENM35003,1:1:225:7:1:6:0,0,false,false,false,false,0
ENM1A2003,move to,LOC_중앙계곡,2026-08-09T09:10:32.000Z,21.37368326,-157.74299533,UAV 1,2,1:3001:2564,ENM1A2003,1:1:225:1:1:3:0,0,false,false,false,false,0
FRTRK2004,move to,LOC_남측제1방어선,2026-08-09T09:10:32.000Z,21.38793546,-157.75036749,UAV 1,1,1:3001:2576,FRTRK2004,1:1:225:7:12:8:0,0,false,false,false,false,0
ENCAESAR002,FFE-on-Location,LOC_아군포병진지,2026-08-09T09:10:32.000Z,21.37011579,-157.73488768,UAV 1,2,1:3001:2594,ENCAESAR002,1:1:71:4:0:0:0,0,false,false,false,false,0
ENT72012,move to,LOC_중앙계곡,2026-08-09T09:10:32.000Z,21.37141335,-157.74168549,UAV 1,2,1:3001:2595,ENT72012,1:1:222:1:2:1:0,0,false,false,false,false,0
ENBTR60001,move to,LOC_중앙계곡,2026-08-09T09:10:32.000Z,21.36911755,-157.74060814,UAV 1,2,1:3001:2602,ENBTR60001,1:1:222:2:8:1:0,0,false,false,false,false,0
ENMORT005,FFE-on-Location,LOC_중앙킬존,2026-08-09T09:10:32.000Z,21.37457651,-157.73710572,UAV 1,2,1:3001:2607,ENMORT005,1:1:71:10:1:0:1,0,false,false,false,false,0
ENM1A2001,move to,LOC_중앙계곡,2026-08-09T09:10:32.000Z,21.37374162,-157.74316702,UAV 1,2,1:3001:2608,ENM1A2001,1:1:225:1:1:3:0,0,false,false,false,false,0
ENM1A2005,move to,LOC_중앙계곡,2026-08-09T09:10:32.000Z,21.37362111,-157.74282469,UAV 1,2,1:3001:2621,ENM1A2005,1:1:225:1:1:3:0,0,false,false,false,false,0
FRT69001,move to,LOC_중앙킬존남측,2026-08-09T09:10:32.000Z,21.38678770,-157.73557803,UAV 1,1,1:3001:2625,FRT69001,1:1:45:1:2:1:0,0,false,false,false,false,0
ENMORT004,FFE-on-Location,LOC_아군박격포진지,2026-08-09T09:10:32.000Z,21.37447596,-157.73706256,UAV 1,2,1:3001:2630,ENMORT004,1:1:71:10:1:0:1,0,false,false,false,false,0
ENGAZ001,move to,LOC_적북측접근로,2026-08-09T09:10:32.000Z,21.37313645,-157.73331007,UAV 1,2,1:3001:2654,ENGAZ001,1:1:222:7:8:0:0,0,false,false,false,false,0
ENBTR60006,move to,LOC_중앙계곡,2026-08-09T09:10:32.000Z,21.36916294,-157.74040326,UAV 1,2,1:3001:2663,ENBTR60006,1:1:222:2:8:1:0,0,false,false,false,false,0
ENBTR80004,move to,LOC_중앙계곡,2026-08-09T09:10:32.000Z,21.36923063,-157.74033052,UAV 1,2,1:3001:2679,ENBTR80004,1:1:222:2:13:0:0,0,false,false,false,false,0
ENM1A2002,move to,LOC_중앙계곡,2026-08-09T09:10:32.000Z,21.37371368,-157.74308073,UAV 1,2,1:3001:2693,ENM1A2002,1:1:225:1:1:3:0,0,false,false,false,false,0
ENBTR80001,move to,LOC_중앙계곡,2026-08-09T09:10:32.000Z,21.36931069,-157.74038896,UAV 1,2,1:3001:2697,ENBTR80001,1:1:222:2:13:0:0,0,false,false,false,false,0
ENCAESAR004,move to,LOC_북측예비방어선,2026-08-09T09:10:32.000Z,21.37014938,-157.73498954,UAV 1,2,1:3001:2698,ENCAESAR004,1:1:71:4:0:0:0,0,false,false,false,false,0
ENGAZ002,move to,LOC_적북측접근로,2026-08-09T09:10:32.000Z,21.37322145,-157.73333229,UAV 1,2,1:3001:2721,ENGAZ002,1:1:222:7:8:0:0,0,false,false,false,false,0
ENBTR80006,move to,LOC_중앙계곡,2026-08-09T09:10:32.000Z,21.36934783,-157.74018418,UAV 1,2,1:3001:2728,ENBTR80006,1:1:222:2:13:0:0,0,false,false,false,false,0
ENT72011,move to,LOC_중앙계곡,2026-08-09T09:10:32.000Z,21.37142680,-157.74177724,UAV 1,2,1:3001:2732,ENT72011,1:1:222:1:2:1:0,0,false,false,false,false,0
ENM35002,move to,LOC_적북측접근로,2026-08-09T09:10:32.000Z,21.37340478,-157.73332274,UAV 1,2,1:3001:2740,ENM35002,1:1:225:7:1:6:0,0,false,false,false,false,0
ENGAZ003,move to,LOC_적북측접근로,2026-08-09T09:10:32.000Z,21.37315797,-157.73321639,UAV 1,2,1:3001:2749,ENGAZ003,1:1:222:7:8:0:0,0,false,false,false,false,0
ENBTR80003,move to,LOC_중앙계곡,2026-08-09T09:10:32.000Z,21.36943063,-157.74024296,UAV 1,2,1:3001:2753,ENBTR80003,1:1:222:2:13:0:0,0,false,false,false,false,0
ENM35001,move to,LOC_적북측접근로,2026-08-09T09:10:32.000Z,21.37331905,-157.73330107,UAV 1,2,1:3001:2754,ENM35001,1:1:225:7:1:6:0,0,false,false,false,false,0
FRT80008,move to,LOC_중앙킬존남측,2026-08-09T09:10:32.000Z,21.38265850,-157.75055936,UAV 1,1,1:3001:2756,FRT80008,1:1:222:1:1:1:0,0,false,false,false,false,0
ENCAESAR003,FFE-on-Location,LOC_아군박격포진지,2026-08-09T09:10:32.000Z,21.36993473,-157.73482081,UAV 1,2,1:3001:2782,ENCAESAR003,1:1:71:4:0:0:0,0,false,false,false,false,0
ENMORT001,FFE-on-Location,LOC_중앙킬존,2026-08-09T09:10:32.000Z,21.37443553,-157.73716992,UAV 1,2,1:3001:2789,ENMORT001,1:1:71:10:1:0:1,0,false,false,false,false,0
ENBTR60007,move to,LOC_중앙계곡,2026-08-09T09:10:32.000Z,21.36897259,-157.74049202,UAV 1,2,1:3001:2815,ENBTR60007,1:1:222:2:8:1:0,0,false,false,false,false,0
ENBTR60008,move to,LOC_중앙계곡,2026-08-09T09:10:32.000Z,21.36902378,-157.74041815,UAV 1,2,1:3001:2826,ENBTR60008,1:1:222:2:8:1:0,0,false,false,false,false,0
FRTRK2002,move to,LOC_남측제1방어선,2026-08-09T09:10:32.000Z,21.38792282,-157.75027126,UAV 1,1,1:3001:2827,FRTRK2002,1:1:225:7:12:8:0,0,false,false,false,false,0
ENBTR80007,move to,LOC_중앙계곡,2026-08-09T09:10:32.000Z,21.36915579,-157.74027232,UAV 1,2,1:3001:2828,ENBTR80007,1:1:222:2:13:0:0,0,false,false,false,false,0
ENMORT002,FFE-on-Location,LOC_남측제1방어선,2026-08-09T09:10:32.000Z,21.37453609,-157.73721308,UAV 1,2,1:3001:2834,ENMORT002,1:1:71:10:1:0:1,0,false,false,false,false,0
ENGAZ004,move to,LOC_적북측접근로,2026-08-09T09:10:32.000Z,21.37324303,-157.73323853,UAV 1,2,1:3001:2838,ENGAZ004,1:1:222:7:8:0:0,0,false,false,false,false,0
ENBTR80005,move to,LOC_중앙계곡,2026-08-09T09:10:32.000Z,21.36928505,-157.74025700,UAV 1,2,1:3001:2846,ENBTR80005,1:1:222:2:13:0:0,0,false,false,false,false,0
ENMIM001,move to,LOC_적북측접근로,2026-08-09T09:10:32.000Z,21.36978266,-157.73708810,UAV 1,2,1:3001:2855,ENMIM001,1:1:225:28:2:0:0,0,false,false,false,false,0
ENCAESAR001,move to,LOC_적북측접근로,2026-08-09T09:10:32.000Z,21.37004649,-157.73521195,UAV 1,2,1:3001:2860,ENCAESAR001,1:1:71:4:0:0:0,0,false,false,false,false,0
ENMORT003,FFE-on-Location,LOC_아군포병진지,2026-08-09T09:10:32.000Z,21.37463664,-157.73725624,UAV 1,2,1:3001:2865,ENMORT003,1:1:71:10:1:0:1,0,false,false,false,false,0
ENBTR60004,move to,LOC_중앙계곡,2026-08-09T09:10:32.000Z,21.36903899,-157.74054985,UAV 1,2,1:3001:2872,ENBTR60004,1:1:222:2:8:1:0,0,false,false,false,false,0
ENM1A2004,move to,LOC_중앙계곡,2026-08-09T09:10:32.000Z,21.37365288,-157.74290983,UAV 1,2,1:3001:2886,ENM1A2004,1:1:225:1:1:3:0,0,false,false,false,false,0
ENBTR60005,move to,LOC_중앙계곡,2026-08-09T09:10:32.000Z,21.36910060,-157.74047648,UAV 1,2,1:3001:2902,ENBTR60005,1:1:222:2:8:1:0,0,false,false,false,false,0
ENT72010,move to,LOC_중앙계곡,2026-08-09T09:10:32.000Z,21.37150414,-157.74167680,UAV 1,2,1:3001:2761,ENT72010,1:1:222:1:2:1:0,0,false,false,false,false,0
ENM35004,move to,LOC_적북측접근로,2026-08-09T09:10:32.000Z,21.37342734,-157.73322521,UAV 1,2,1:3001:2650,ENM35004,1:1:225:7:1:6:0,0,false,false,false,false,0
ENM35003,move to,LOC_적북측접근로,2026-08-09T09:10:32.000Z,21.37334106,-157.73320559,UAV 1,2,1:3001:2894,ENM35003,1:1:225:7:1:6:0,0,false,false,false,false,0
ENM1A2003,move to,LOC_중앙계곡,2026-08-09T09:10:33.000Z,21.37368326,-157.74299533,UAV 1,2,1:3001:2564,ENM1A2003,1:1:225:1:1:3:0,0,false,false,false,false,0
FRTRK2004,move to,LOC_남측제1방어선,2026-08-09T09:10:33.000Z,21.38793546,-157.75036749,UAV 1,1,1:3001:2576,FRTRK2004,1:1:225:7:12:8:0,0,false,false,false,false,0
ENCAESAR002,FFE-on-Location,LOC_아군포병진지,2026-08-09T09:10:33.000Z,21.37011579,-157.73488768,UAV 1,2,1:3001:2594,ENCAESAR002,1:1:71:4:0:0:0,0,false,false,false,false,0
ENT72012,move to,LOC_중앙계곡,2026-08-09T09:10:33.000Z,21.37141335,-157.74168549,UAV 1,2,1:3001:2595,ENT72012,1:1:222:1:2:1:0,0,false,false,false,false,0
ENBTR60001,move to,LOC_중앙계곡,2026-08-09T09:10:33.000Z,21.36911755,-157.74060814,UAV 1,2,1:3001:2602,ENBTR60001,1:1:222:2:8:1:0,0,false,false,false,false,0
ENMORT005,FFE-on-Location,LOC_중앙킬존,2026-08-09T09:10:33.000Z,21.37457651,-157.73710572,UAV 1,2,1:3001:2607,ENMORT005,1:1:71:10:1:0:1,0,false,false,false,false,0
ENM1A2001,move to,LOC_중앙계곡,2026-08-09T09:10:33.000Z,21.37374162,-157.74316702,UAV 1,2,1:3001:2608,ENM1A2001,1:1:225:1:1:3:0,0,false,false,false,false,0
ENM1A2005,move to,LOC_중앙계곡,2026-08-09T09:10:33.000Z,21.37362111,-157.74282469,UAV 1,2,1:3001:2621,ENM1A2005,1:1:225:1:1:3:0,0,false,false,false,false,0
FRT69001,move to,LOC_중앙킬존남측,2026-08-09T09:10:33.000Z,21.38678770,-157.73557803,UAV 1,1,1:3001:2625,FRT69001,1:1:45:1:2:1:0,0,false,false,false,false,0
ENMORT004,FFE-on-Location,LOC_아군박격포진지,2026-08-09T09:10:33.000Z,21.37447596,-157.73706256,UAV 1,2,1:3001:2630,ENMORT004,1:1:71:10:1:0:1,0,false,false,false,false,0
ENGAZ001,move to,LOC_적북측접근로,2026-08-09T09:10:33.000Z,21.37313645,-157.73331007,UAV 1,2,1:3001:2654,ENGAZ001,1:1:222:7:8:0:0,0,false,false,false,false,0
ENBTR60006,move to,LOC_중앙계곡,2026-08-09T09:10:33.000Z,21.36916294,-157.74040326,UAV 1,2,1:3001:2663,ENBTR60006,1:1:222:2:8:1:0,0,false,false,false,false,0
ENBTR80004,move to,LOC_중앙계곡,2026-08-09T09:10:33.000Z,21.36923063,-157.74033052,UAV 1,2,1:3001:2679,ENBTR80004,1:1:222:2:13:0:0,0,false,false,false,false,0
ENM1A2002,move to,LOC_중앙계곡,2026-08-09T09:10:33.000Z,21.37371368,-157.74308073,UAV 1,2,1:3001:2693,ENM1A2002,1:1:225:1:1:3:0,0,false,false,false,false,0
ENBTR80001,move to,LOC_중앙계곡,2026-08-09T09:10:33.000Z,21.36931069,-157.74038896,UAV 1,2,1:3001:2697,ENBTR80001,1:1:222:2:13:0:0,0,false,false,false,false,0
ENCAESAR004,move to,LOC_북측예비방어선,2026-08-09T09:10:33.000Z,21.37014938,-157.73498954,UAV 1,2,1:3001:2698,ENCAESAR004,1:1:71:4:0:0:0,0,false,false,false,false,0
ENGAZ002,move to,LOC_적북측접근로,2026-08-09T09:10:33.000Z,21.37322145,-157.73333229,UAV 1,2,1:3001:2721,ENGAZ002,1:1:222:7:8:0:0,0,false,false,false,false,0
ENBTR80006,move to,LOC_중앙계곡,2026-08-09T09:10:33.000Z,21.36934783,-157.74018418,UAV 1,2,1:3001:2728,ENBTR80006,1:1:222:2:13:0:0,0,false,false,false,false,0
ENT72011,move to,LOC_중앙계곡,2026-08-09T09:10:33.000Z,21.37142680,-157.74177724,UAV 1,2,1:3001:2732,ENT72011,1:1:222:1:2:1:0,0,false,false,false,false,0
ENM35002,move to,LOC_적북측접근로,2026-08-09T09:10:33.000Z,21.37340478,-157.73332274,UAV 1,2,1:3001:2740,ENM35002,1:1:225:7:1:6:0,0,false,false,false,false,0
ENGAZ003,move to,LOC_적북측접근로,2026-08-09T09:10:33.000Z,21.37315797,-157.73321639,UAV 1,2,1:3001:2749,ENGAZ003,1:1:222:7:8:0:0,0,false,false,false,false,0
ENBTR80003,move to,LOC_중앙계곡,2026-08-09T09:10:33.000Z,21.36943063,-157.74024296,UAV 1,2,1:3001:2753,ENBTR80003,1:1:222:2:13:0:0,0,false,false,false,false,0
ENM35001,move to,LOC_적북측접근로,2026-08-09T09:10:33.000Z,21.37331905,-157.73330107,UAV 1,2,1:3001:2754,ENM35001,1:1:225:7:1:6:0,0,false,false,false,false,0
FRT80008,move to,LOC_중앙킬존남측,2026-08-09T09:10:33.000Z,21.38265850,-157.75055936,UAV 1,1,1:3001:2756,FRT80008,1:1:222:1:1:1:0,0,false,false,false,false,0
ENCAESAR003,FFE-on-Location,LOC_아군박격포진지,2026-08-09T09:10:33.000Z,21.36993473,-157.73482081,UAV 1,2,1:3001:2782,ENCAESAR003,1:1:71:4:0:0:0,0,false,false,false,false,0
ENMORT001,FFE-on-Location,LOC_중앙킬존,2026-08-09T09:10:33.000Z,21.37443553,-157.73716992,UAV 1,2,1:3001:2789,ENMORT001,1:1:71:10:1:0:1,0,false,false,false,false,0
ENBTR60007,move to,LOC_중앙계곡,2026-08-09T09:10:33.000Z,21.36897259,-157.74049202,UAV 1,2,1:3001:2815,ENBTR60007,1:1:222:2:8:1:0,0,false,false,false,false,0
ENBTR60008,move to,LOC_중앙계곡,2026-08-09T09:10:33.000Z,21.36902378,-157.74041815,UAV 1,2,1:3001:2826,ENBTR60008,1:1:222:2:8:1:0,0,false,false,false,false,0
FRTRK2002,move to,LOC_남측제1방어선,2026-08-09T09:10:33.000Z,21.38792282,-157.75027126,UAV 1,1,1:3001:2827,FRTRK2002,1:1:225:7:12:8:0,0,false,false,false,false,0
ENBTR80007,move to,LOC_중앙계곡,2026-08-09T09:10:33.000Z,21.36915579,-157.74027232,UAV 1,2,1:3001:2828,ENBTR80007,1:1:222:2:13:0:0,0,false,false,false,false,0
ENMORT002,FFE-on-Location,LOC_남측제1방어선,2026-08-09T09:10:33.000Z,21.37453609,-157.73721308,UAV 1,2,1:3001:2834,ENMORT002,1:1:71:10:1:0:1,0,false,false,false,false,0
ENGAZ004,move to,LOC_적북측접근로,2026-08-09T09:10:33.000Z,21.37324303,-157.73323853,UAV 1,2,1:3001:2838,ENGAZ004,1:1:222:7:8:0:0,0,false,false,false,false,0
ENBTR80005,move to,LOC_중앙계곡,2026-08-09T09:10:33.000Z,21.36928505,-157.74025700,UAV 1,2,1:3001:2846,ENBTR80005,1:1:222:2:13:0:0,0,false,false,false,false,0
ENMIM001,move to,LOC_적북측접근로,2026-08-09T09:10:33.000Z,21.36978266,-157.73708810,UAV 1,2,1:3001:2855,ENMIM001,1:1:225:28:2:0:0,0,false,false,false,false,0
ENCAESAR001,move to,LOC_적북측접근로,2026-08-09T09:10:33.000Z,21.37004649,-157.73521195,UAV 1,2,1:3001:2860,ENCAESAR001,1:1:71:4:0:0:0,0,false,false,false,false,0
ENMORT003,FFE-on-Location,LOC_아군포병진지,2026-08-09T09:10:33.000Z,21.37463664,-157.73725624,UAV 1,2,1:3001:2865,ENMORT003,1:1:71:10:1:0:1,0,false,false,false,false,0
ENBTR60004,move to,LOC_중앙계곡,2026-08-09T09:10:33.000Z,21.36903899,-157.74054985,UAV 1,2,1:3001:2872,ENBTR60004,1:1:222:2:8:1:0,0,false,false,false,false,0
ENM1A2004,move to,LOC_중앙계곡,2026-08-09T09:10:33.000Z,21.37365288,-157.74290983,UAV 1,2,1:3001:2886,ENM1A2004,1:1:225:1:1:3:0,0,false,false,false,false,0
ENBTR60005,move to,LOC_중앙계곡,2026-08-09T09:10:33.000Z,21.36910060,-157.74047648,UAV 1,2,1:3001:2902,ENBTR60005,1:1:222:2:8:1:0,0,false,false,false,false,0
ENT72010,move to,LOC_중앙계곡,2026-08-09T09:10:33.000Z,21.37150414,-157.74167680,UAV 1,2,1:3001:2761,ENT72010,1:1:222:1:2:1:0,0,false,false,false,false,0
ENM35004,move to,LOC_적북측접근로,2026-08-09T09:10:33.000Z,21.37342734,-157.73322521,UAV 1,2,1:3001:2650,ENM35004,1:1:225:7:1:6:0,0,false,false,false,false,0
ENM35003,move to,LOC_적북측접근로,2026-08-09T09:10:33.000Z,21.37334106,-157.73320559,UAV 1,2,1:3001:2894,ENM35003,1:1:225:7:1:6:0,0,false,false,false,false,0
ENM1A2003,move to,LOC_중앙계곡,2026-08-09T09:10:34.000Z,21.37385796,-157.74293142,UAV 1,2,1:3001:2564,ENM1A2003,1:1:225:1:1:3:0,0,false,false,false,false,0
FRTRK2004,move to,LOC_남측제1방어선,2026-08-09T09:10:34.000Z,21.38791248,-157.75016910,UAV 1,1,1:3001:2576,FRTRK2004,1:1:225:7:12:8:0,0,false,false,false,false,0
ENCAESAR002,FFE-on-Location,LOC_아군포병진지,2026-08-09T09:10:34.000Z,21.37011579,-157.73488768,UAV 1,2,1:3001:2594,ENCAESAR002,1:1:71:4:0:0:0,0,false,false,false,false,0
ENT72012,move to,LOC_중앙계곡,2026-08-09T09:10:34.000Z,21.37159764,-157.74166892,UAV 1,2,1:3001:2595,ENT72012,1:1:222:1:2:1:0,0,false,false,false,false,0
ENBTR60001,move to,LOC_중앙계곡,2026-08-09T09:10:34.000Z,21.36930239,-157.74061512,UAV 1,2,1:3001:2602,ENBTR60001,1:1:222:2:8:1:0,0,false,false,false,false,0
ENMORT005,FFE-on-Location,LOC_중앙킬존,2026-08-09T09:10:34.000Z,21.37457651,-157.73710572,UAV 1,2,1:3001:2607,ENMORT005,1:1:71:10:1:0:1,0,false,false,false,false,0
ENM1A2001,move to,LOC_중앙계곡,2026-08-09T09:10:34.000Z,21.37391435,-157.74309769,UAV 1,2,1:3001:2608,ENM1A2001,1:1:225:1:1:3:0,0,false,false,false,false,0
ENM1A2005,move to,LOC_중앙계곡,2026-08-09T09:10:34.000Z,21.37379768,-157.74276625,UAV 1,2,1:3001:2621,ENM1A2005,1:1:225:1:1:3:0,0,false,false,false,false,0
FRT69001,move to,LOC_중앙킬존남측,2026-08-09T09:10:34.000Z,21.38669424,-157.73574838,UAV 1,1,1:3001:2625,FRT69001,1:1:45:1:2:1:0,0,false,false,false,false,0
ENMORT004,FFE-on-Location,LOC_아군박격포진지,2026-08-09T09:10:34.000Z,21.37447596,-157.73706256,UAV 1,2,1:3001:2630,ENMORT004,1:1:71:10:1:0:1,0,false,false,false,false,0
ENGAZ001,move to,LOC_적북측접근로,2026-08-09T09:10:34.000Z,21.37309514,-157.73350286,UAV 1,2,1:3001:2654,ENGAZ001,1:1:222:7:8:0:0,0,false,false,false,false,0
ENBTR60006,move to,LOC_중앙계곡,2026-08-09T09:10:34.000Z,21.36934805,-157.74041407,UAV 1,2,1:3001:2663,ENBTR60006,1:1:222:2:8:1:0,0,false,false,false,false,0
ENBTR80004,move to,LOC_중앙계곡,2026-08-09T09:10:34.000Z,21.36941439,-157.74034267,UAV 1,2,1:3001:2679,ENBTR80004,1:1:222:2:13:0:0,0,false,false,false,false,0
ENM1A2002,move to,LOC_중앙계곡,2026-08-09T09:10:34.000Z,21.37388716,-157.74301420,UAV 1,2,1:3001:2693,ENM1A2002,1:1:225:1:1:3:0,0,false,false,false,false,0
ENBTR80001,move to,LOC_중앙계곡,2026-08-09T09:10:34.000Z,21.36949484,-157.74040014,UAV 1,2,1:3001:2697,ENBTR80001,1:1:222:2:13:0:0,0,false,false,false,false,0
ENCAESAR004,move to,LOC_북측예비방어선,2026-08-09T09:10:34.000Z,21.37022173,-157.73517142,UAV 1,2,1:3001:2698,ENCAESAR004,1:1:71:4:0:0:0,0,false,false,false,false,0
ENGAZ002,move to,LOC_적북측접근로,2026-08-09T09:10:34.000Z,21.37317819,-157.73352463,UAV 1,2,1:3001:2721,ENGAZ002,1:1:222:7:8:0:0,0,false,false,false,false,0
ENBTR80006,move to,LOC_중앙계곡,2026-08-09T09:10:34.000Z,21.36953257,-157.74019930,UAV 1,2,1:3001:2728,ENBTR80006,1:1:222:2:13:0:0,0,false,false,false,false,0
ENT72011,move to,LOC_중앙계곡,2026-08-09T09:10:34.000Z,21.37160995,-157.74175857,UAV 1,2,1:3001:2732,ENT72011,1:1:222:1:2:1:0,0,false,false,false,false,0
ENM35002,move to,LOC_적북측접근로,2026-08-09T09:10:34.000Z,21.37335781,-157.73351332,UAV 1,2,1:3001:2740,ENM35002,1:1:225:7:1:6:0,0,false,false,false,false,0
ENGAZ003,move to,LOC_적북측접근로,2026-08-09T09:10:34.000Z,21.37311668,-157.73340899,UAV 1,2,1:3001:2749,ENGAZ003,1:1:222:7:8:0:0,0,false,false,false,false,0
ENBTR80003,move to,LOC_중앙계곡,2026-08-09T09:10:34.000Z,21.36961660,-157.74025718,UAV 1,2,1:3001:2753,ENBTR80003,1:1:222:2:13:0:0,0,false,false,false,false,0
ENM35001,move to,LOC_적북측접근로,2026-08-09T09:10:34.000Z,21.37327402,-157.73349216,UAV 1,2,1:3001:2754,ENM35001,1:1:225:7:1:6:0,0,false,false,false,false,0
FRT80008,move to,LOC_중앙킬존남측,2026-08-09T09:10:34.000Z,21.38258020,-157.75038069,UAV 1,1,1:3001:2756,FRT80008,1:1:222:1:1:1:0,0,false,false,false,false,0
ENCAESAR003,FFE-on-Location,LOC_아군박격포진지,2026-08-09T09:10:34.000Z,21.36993473,-157.73482081,UAV 1,2,1:3001:2782,ENCAESAR003,1:1:71:4:0:0:0,0,false,false,false,false,0
ENMORT001,FFE-on-Location,LOC_중앙킬존,2026-08-09T09:10:34.000Z,21.37443553,-157.73716992,UAV 1,2,1:3001:2789,ENMORT001,1:1:71:10:1:0:1,0,false,false,false,false,0
ENBTR60007,move to,LOC_중앙계곡,2026-08-09T09:10:34.000Z,21.36915821,-157.74050102,UAV 1,2,1:3001:2815,ENBTR60007,1:1:222:2:8:1:0,0,false,false,false,false,0
ENBTR60008,move to,LOC_중앙계곡,2026-08-09T09:10:34.000Z,21.36920842,-157.74042852,UAV 1,2,1:3001:2826,ENBTR60008,1:1:222:2:8:1:0,0,false,false,false,false,0
FRTRK2002,move to,LOC_남측제1방어선,2026-08-09T09:10:34.000Z,21.38790000,-157.75007408,UAV 1,1,1:3001:2827,FRTRK2002,1:1:225:7:12:8:0,0,false,false,false,false,0
ENBTR80007,move to,LOC_중앙계곡,2026-08-09T09:10:34.000Z,21.36934076,-157.74028554,UAV 1,2,1:3001:2828,ENBTR80007,1:1:222:2:13:0:0,0,false,false,false,false,0
ENMORT002,FFE-on-Location,LOC_남측제1방어선,2026-08-09T09:10:34.000Z,21.37453609,-157.73721308,UAV 1,2,1:3001:2834,ENMORT002,1:1:71:10:1:0:1,0,false,false,false,false,0
ENGAZ004,move to,LOC_적북측접근로,2026-08-09T09:10:34.000Z,21.37319978,-157.73343077,UAV 1,2,1:3001:2838,ENGAZ004,1:1:222:7:8:0:0,0,false,false,false,false,0
ENBTR80005,move to,LOC_중앙계곡,2026-08-09T09:10:34.000Z,21.36946832,-157.74027055,UAV 1,2,1:3001:2846,ENBTR80005,1:1:222:2:13:0:0,0,false,false,false,false,0
ENMIM001,move to,LOC_적북측접근로,2026-08-09T09:10:34.000Z,21.36984467,-157.73727447,UAV 1,2,1:3001:2855,ENMIM001,1:1:225:28:2:0:0,0,false,false,false,false,0
ENCAESAR001,move to,LOC_적북측접근로,2026-08-09T09:10:34.000Z,21.37008471,-157.73540628,UAV 1,2,1:3001:2860,ENCAESAR001,1:1:71:4:0:0:0,0,false,false,false,false,0
ENMORT003,FFE-on-Location,LOC_아군포병진지,2026-08-09T09:10:34.000Z,21.37463664,-157.73725624,UAV 1,2,1:3001:2865,ENMORT003,1:1:71:10:1:0:1,0,false,false,false,false,0
ENBTR60004,move to,LOC_중앙계곡,2026-08-09T09:10:34.000Z,21.36922363,-157.74055783,UAV 1,2,1:3001:2872,ENBTR60004,1:1:222:2:8:1:0,0,false,false,false,false,0
ENM1A2004,move to,LOC_중앙계곡,2026-08-09T09:10:34.000Z,21.37382905,-157.74284847,UAV 1,2,1:3001:2886,ENM1A2004,1:1:225:1:1:3:0,0,false,false,false,false,0
ENBTR60005,move to,LOC_중앙계곡,2026-08-09T09:10:34.000Z,21.36928507,-157.74048585,UAV 1,2,1:3001:2902,ENBTR60005,1:1:222:2:8:1:0,0,false,false,false,false,0
ENT72010,move to,LOC_중앙계곡,2026-08-09T09:10:34.000Z,21.37168582,-157.74166048,UAV 1,2,1:3001:2761,ENT72010,1:1:222:1:2:1:0,0,false,false,false,false,0
ENM35004,move to,LOC_적북측접근로,2026-08-09T09:10:34.000Z,21.37338044,-157.73341564,UAV 1,2,1:3001:2650,ENM35004,1:1:225:7:1:6:0,0,false,false,false,false,0
ENM35003,move to,LOC_적북측접근로,2026-08-09T09:10:34.000Z,21.37329607,-157.73339658,UAV 1,2,1:3001:2894,ENM35003,1:1:225:7:1:6:0,0,false,false,false,false,0
ENT72007,move to,LOC_중앙계곡,2026-08-09T09:10:34.000Z,21.37179353,-157.74174087,UAV 1,2,1:3001:2587,ENT72007,1:1:222:1:2:1:0,0,false,false,false,false,0
ENT72008,move to,LOC_중앙계곡,2026-08-09T09:10:34.000Z,21.37178549,-157.74165101,UAV 1,2,1:3001:2615,ENT72008,1:1:222:1:2:1:0,0,false,false,false,false,0
ENT72009,move to,LOC_중앙계곡,2026-08-09T09:10:34.000Z,21.37170215,-157.74174968,UAV 1,2,1:3001:2727,ENT72009,1:1:222:1:2:1:0,0,false,false,false,false,0
ENBTR80002,move to,LOC_중앙계곡,2026-08-09T09:10:34.000Z,21.36956342,-157.74032913,UAV 1,2,1:3001:2884,ENBTR80002,1:1:222:2:13:0:0,0,false,false,false,false,0
ENM1A2003,move to,LOC_중앙계곡,2026-08-09T09:10:35.000Z,21.37385796,-157.74293142,UAV 1,2,1:3001:2564,ENM1A2003,1:1:225:1:1:3:0,0,false,false,false,false,0
FRTRK2004,move to,LOC_남측제1방어선,2026-08-09T09:10:35.000Z,21.38791248,-157.75016910,UAV 1,1,1:3001:2576,FRTRK2004,1:1:225:7:12:8:0,0,false,false,false,false,0
ENCAESAR002,FFE-on-Location,LOC_아군포병진지,2026-08-09T09:10:35.000Z,21.37011579,-157.73488768,UAV 1,2,1:3001:2594,ENCAESAR002,1:1:71:4:0:0:0,0,false,false,false,false,0
ENT72012,move to,LOC_중앙계곡,2026-08-09T09:10:35.000Z,21.37159764,-157.74166892,UAV 1,2,1:3001:2595,ENT72012,1:1:222:1:2:1:0,0,false,false,false,false,0
ENBTR60001,move to,LOC_중앙계곡,2026-08-09T09:10:35.000Z,21.36930239,-157.74061512,UAV 1,2,1:3001:2602,ENBTR60001,1:1:222:2:8:1:0,0,false,false,false,false,0
ENMORT005,FFE-on-Location,LOC_중앙킬존,2026-08-09T09:10:35.000Z,21.37457651,-157.73710572,UAV 1,2,1:3001:2607,ENMORT005,1:1:71:10:1:0:1,0,false,false,false,false,0
ENM1A2001,move to,LOC_중앙계곡,2026-08-09T09:10:35.000Z,21.37391435,-157.74309769,UAV 1,2,1:3001:2608,ENM1A2001,1:1:225:1:1:3:0,0,false,false,false,false,0
ENM1A2005,move to,LOC_중앙계곡,2026-08-09T09:10:35.000Z,21.37379768,-157.74276625,UAV 1,2,1:3001:2621,ENM1A2005,1:1:225:1:1:3:0,0,false,false,false,false,0
FRT69001,move to,LOC_중앙킬존남측,2026-08-09T09:10:35.000Z,21.38669424,-157.73574838,UAV 1,1,1:3001:2625,FRT69001,1:1:45:1:2:1:0,0,false,false,false,false,0
ENMORT004,FFE-on-Location,LOC_아군박격포진지,2026-08-09T09:10:35.000Z,21.37447596,-157.73706256,UAV 1,2,1:3001:2630,ENMORT004,1:1:71:10:1:0:1,0,false,false,false,false,0
ENGAZ001,move to,LOC_적북측접근로,2026-08-09T09:10:35.000Z,21.37309514,-157.73350286,UAV 1,2,1:3001:2654,ENGAZ001,1:1:222:7:8:0:0,0,false,false,false,false,0
ENBTR60006,move to,LOC_중앙계곡,2026-08-09T09:10:35.000Z,21.36934805,-157.74041407,UAV 1,2,1:3001:2663,ENBTR60006,1:1:222:2:8:1:0,0,false,false,false,false,0
ENBTR80004,move to,LOC_중앙계곡,2026-08-09T09:10:35.000Z,21.36941439,-157.74034267,UAV 1,2,1:3001:2679,ENBTR80004,1:1:222:2:13:0:0,0,false,false,false,false,0
ENM1A2002,move to,LOC_중앙계곡,2026-08-09T09:10:35.000Z,21.37388716,-157.74301420,UAV 1,2,1:3001:2693,ENM1A2002,1:1:225:1:1:3:0,0,false,false,false,false,0
ENBTR80001,move to,LOC_중앙계곡,2026-08-09T09:10:35.000Z,21.36949484,-157.74040014,UAV 1,2,1:3001:2697,ENBTR80001,1:1:222:2:13:0:0,0,false,false,false,false,0
ENCAESAR004,move to,LOC_북측예비방어선,2026-08-09T09:10:35.000Z,21.37022173,-157.73517142,UAV 1,2,1:3001:2698,ENCAESAR004,1:1:71:4:0:0:0,0,false,false,false,false,0
ENGAZ002,move to,LOC_적북측접근로,2026-08-09T09:10:35.000Z,21.37317819,-157.73352463,UAV 1,2,1:3001:2721,ENGAZ002,1:1:222:7:8:0:0,0,false,false,false,false,0
ENBTR80006,move to,LOC_중앙계곡,2026-08-09T09:10:35.000Z,21.36953257,-157.74019930,UAV 1,2,1:3001:2728,ENBTR80006,1:1:222:2:13:0:0,0,false,false,false,false,0
ENT72011,move to,LOC_중앙계곡,2026-08-09T09:10:35.000Z,21.37160995,-157.74175857,UAV 1,2,1:3001:2732,ENT72011,1:1:222:1:2:1:0,0,false,false,false,false,0
ENM35002,move to,LOC_적북측접근로,2026-08-09T09:10:35.000Z,21.37335781,-157.73351332,UAV 1,2,1:3001:2740,ENM35002,1:1:225:7:1:6:0,0,false,false,false,false,0
ENGAZ003,move to,LOC_적북측접근로,2026-08-09T09:10:35.000Z,21.37311668,-157.73340899,UAV 1,2,1:3001:2749,ENGAZ003,1:1:222:7:8:0:0,0,false,false,false,false,0
ENBTR80003,move to,LOC_중앙계곡,2026-08-09T09:10:35.000Z,21.36961660,-157.74025718,UAV 1,2,1:3001:2753,ENBTR80003,1:1:222:2:13:0:0,0,false,false,false,false,0
ENM35001,move to,LOC_적북측접근로,2026-08-09T09:10:35.000Z,21.37327402,-157.73349216,UAV 1,2,1:3001:2754,ENM35001,1:1:225:7:1:6:0,0,false,false,false,false,0
FRT80008,move to,LOC_중앙킬존남측,2026-08-09T09:10:35.000Z,21.38258020,-157.75038069,UAV 1,1,1:3001:2756,FRT80008,1:1:222:1:1:1:0,0,false,false,false,false,0
ENCAESAR003,FFE-on-Location,LOC_아군박격포진지,2026-08-09T09:10:35.000Z,21.36993473,-157.73482081,UAV 1,2,1:3001:2782,ENCAESAR003,1:1:71:4:0:0:0,0,false,false,false,false,0
ENMORT001,FFE-on-Location,LOC_중앙킬존,2026-08-09T09:10:35.000Z,21.37443553,-157.73716992,UAV 1,2,1:3001:2789,ENMORT001,1:1:71:10:1:0:1,0,false,false,false,false,0
ENBTR60007,move to,LOC_중앙계곡,2026-08-09T09:10:35.000Z,21.36915821,-157.74050102,UAV 1,2,1:3001:2815,ENBTR60007,1:1:222:2:8:1:0,0,false,false,false,false,0
ENBTR60008,move to,LOC_중앙계곡,2026-08-09T09:10:35.000Z,21.36920842,-157.74042852,UAV 1,2,1:3001:2826,ENBTR60008,1:1:222:2:8:1:0,0,false,false,false,false,0
FRTRK2002,move to,LOC_남측제1방어선,2026-08-09T09:10:35.000Z,21.38790000,-157.75007408,UAV 1,1,1:3001:2827,FRTRK2002,1:1:225:7:12:8:0,0,false,false,false,false,0
ENBTR80007,move to,LOC_중앙계곡,2026-08-09T09:10:35.000Z,21.36934076,-157.74028554,UAV 1,2,1:3001:2828,ENBTR80007,1:1:222:2:13:0:0,0,false,false,false,false,0
ENMORT002,FFE-on-Location,LOC_남측제1방어선,2026-08-09T09:10:35.000Z,21.37453609,-157.73721308,UAV 1,2,1:3001:2834,ENMORT002,1:1:71:10:1:0:1,0,false,false,false,false,0
ENGAZ004,move to,LOC_적북측접근로,2026-08-09T09:10:35.000Z,21.37319978,-157.73343077,UAV 1,2,1:3001:2838,ENGAZ004,1:1:222:7:8:0:0,0,false,false,false,false,0
ENBTR80005,move to,LOC_중앙계곡,2026-08-09T09:10:35.000Z,21.36946832,-157.74027055,UAV 1,2,1:3001:2846,ENBTR80005,1:1:222:2:13:0:0,0,false,false,false,false,0
ENMIM001,move to,LOC_적북측접근로,2026-08-09T09:10:35.000Z,21.36984467,-157.73727447,UAV 1,2,1:3001:2855,ENMIM001,1:1:225:28:2:0:0,0,false,false,false,false,0
ENCAESAR001,move to,LOC_적북측접근로,2026-08-09T09:10:35.000Z,21.37008471,-157.73540628,UAV 1,2,1:3001:2860,ENCAESAR001,1:1:71:4:0:0:0,0,false,false,false,false,0
ENMORT003,FFE-on-Location,LOC_아군포병진지,2026-08-09T09:10:35.000Z,21.37463664,-157.73725624,UAV 1,2,1:3001:2865,ENMORT003,1:1:71:10:1:0:1,0,false,false,false,false,0
ENBTR60004,move to,LOC_중앙계곡,2026-08-09T09:10:35.000Z,21.36922363,-157.74055783,UAV 1,2,1:3001:2872,ENBTR60004,1:1:222:2:8:1:0,0,false,false,false,false,0
ENM1A2004,move to,LOC_중앙계곡,2026-08-09T09:10:35.000Z,21.37382905,-157.74284847,UAV 1,2,1:3001:2886,ENM1A2004,1:1:225:1:1:3:0,0,false,false,false,false,0
ENBTR60005,move to,LOC_중앙계곡,2026-08-09T09:10:35.000Z,21.36928507,-157.74048585,UAV 1,2,1:3001:2902,ENBTR60005,1:1:222:2:8:1:0,0,false,false,false,false,0
ENT72010,move to,LOC_중앙계곡,2026-08-09T09:10:35.000Z,21.37168582,-157.74166048,UAV 1,2,1:3001:2761,ENT72010,1:1:222:1:2:1:0,0,false,false,false,false,0
ENM35004,move to,LOC_적북측접근로,2026-08-09T09:10:35.000Z,21.37338044,-157.73341564,UAV 1,2,1:3001:2650,ENM35004,1:1:225:7:1:6:0,0,false,false,false,false,0
ENM35003,move to,LOC_적북측접근로,2026-08-09T09:10:35.000Z,21.37329607,-157.73339658,UAV 1,2,1:3001:2894,ENM35003,1:1:225:7:1:6:0,0,false,false,false,false,0
ENT72007,move to,LOC_중앙계곡,2026-08-09T09:10:35.000Z,21.37179353,-157.74174087,UAV 1,2,1:3001:2587,ENT72007,1:1:222:1:2:1:0,0,false,false,false,false,0
ENT72008,move to,LOC_중앙계곡,2026-08-09T09:10:35.000Z,21.37178549,-157.74165101,UAV 1,2,1:3001:2615,ENT72008,1:1:222:1:2:1:0,0,false,false,false,false,0
ENT72009,move to,LOC_중앙계곡,2026-08-09T09:10:35.000Z,21.37170215,-157.74174968,UAV 1,2,1:3001:2727,ENT72009,1:1:222:1:2:1:0,0,false,false,false,false,0
ENBTR80002,move to,LOC_중앙계곡,2026-08-09T09:10:35.000Z,21.36956342,-157.74032913,UAV 1,2,1:3001:2884,ENBTR80002,1:1:222:2:13:0:0,0,false,false,false,false,0
ENM1A2003,move to,LOC_중앙계곡,2026-08-09T09:10:36.000Z,21.37403378,-157.74286710,UAV 1,2,1:3001:2564,ENM1A2003,1:1:225:1:1:3:0,0,false,false,false,false,0
FRTRK2004,move to,LOC_남측제1방어선,2026-08-09T09:10:36.000Z,21.38789000,-157.74997512,UAV 1,1,1:3001:2576,FRTRK2004,1:1:225:7:12:8:0,0,false,false,false,false,0
ENCAESAR002,FFE-on-Location,LOC_아군포병진지,2026-08-09T09:10:36.000Z,21.37011579,-157.73488768,UAV 1,2,1:3001:2594,ENCAESAR002,1:1:71:4:0:0:0,0,false,false,false,false,0
ENT72012,move to,LOC_중앙계곡,2026-08-09T09:10:36.000Z,21.37177780,-157.74165271,UAV 1,2,1:3001:2595,ENT72012,1:1:222:1:2:1:0,0,false,false,false,false,0
ENBTR60001,move to,LOC_중앙계곡,2026-08-09T09:10:36.000Z,21.36948773,-157.74062213,UAV 1,2,1:3001:2602,ENBTR60001,1:1:222:2:8:1:0,0,false,false,false,false,0
ENMORT005,FFE-on-Location,LOC_중앙킬존,2026-08-09T09:10:36.000Z,21.37457651,-157.73710572,UAV 1,2,1:3001:2607,ENMORT005,1:1:71:10:1:0:1,0,false,false,false,false,0
ENM1A2001,move to,LOC_중앙계곡,2026-08-09T09:10:36.000Z,21.37409013,-157.74302714,UAV 1,2,1:3001:2608,ENM1A2001,1:1:225:1:1:3:0,0,false,false,false,false,0
ENM1A2005,move to,LOC_중앙계곡,2026-08-09T09:10:36.000Z,21.37397544,-157.74270742,UAV 1,2,1:3001:2621,ENM1A2005,1:1:225:1:1:3:0,0,false,false,false,false,0
FRT69001,move to,LOC_중앙킬존남측,2026-08-09T09:10:36.000Z,21.38660028,-157.73591963,UAV 1,1,1:3001:2625,FRT69001,1:1:45:1:2:1:0,0,false,false,false,false,0
ENMORT004,FFE-on-Location,LOC_아군박격포진지,2026-08-09T09:10:36.000Z,21.37447596,-157.73706256,UAV 1,2,1:3001:2630,ENMORT004,1:1:71:10:1:0:1,0,false,false,false,false,0
ENGAZ001,move to,LOC_적북측접근로,2026-08-09T09:10:36.000Z,21.37305370,-157.73369630,UAV 1,2,1:3001:2654,ENGAZ001,1:1:222:7:8:0:0,0,false,false,false,false,0
ENBTR60006,move to,LOC_중앙계곡,2026-08-09T09:10:36.000Z,21.36953300,-157.74042487,UAV 1,2,1:3001:2663,ENBTR60006,1:1:222:2:8:1:0,0,false,false,false,false,0
ENBTR80004,move to,LOC_중앙계곡,2026-08-09T09:10:36.000Z,21.36959991,-157.74035494,UAV 1,2,1:3001:2679,ENBTR80004,1:1:222:2:13:0:0,0,false,false,false,false,0
ENM1A2002,move to,LOC_중앙계곡,2026-08-09T09:10:36.000Z,21.37406294,-157.74294679,UAV 1,2,1:3001:2693,ENM1A2002,1:1:225:1:1:3:0,0,false,false,false,false,0
ENBTR80001,move to,LOC_중앙계곡,2026-08-09T09:10:36.000Z,21.36968057,-157.74041143,UAV 1,2,1:3001:2697,ENBTR80001,1:1:222:2:13:0:0,0,false,false,false,false,0
ENCAESAR004,move to,LOC_북측예비방어선,2026-08-09T09:10:36.000Z,21.37029409,-157.73535334,UAV 1,2,1:3001:2698,ENCAESAR004,1:1:71:4:0:0:0,0,false,false,false,false,0
ENGAZ002,move to,LOC_적북측접근로,2026-08-09T09:10:36.000Z,21.37313481,-157.73371753,UAV 1,2,1:3001:2721,ENGAZ002,1:1:222:7:8:0:0,0,false,false,false,false,0
ENBTR80006,move to,LOC_중앙계곡,2026-08-09T09:10:36.000Z,21.36971867,-157.74021452,UAV 1,2,1:3001:2728,ENBTR80006,1:1:222:2:13:0:0,0,false,false,false,false,0
ENT72011,move to,LOC_중앙계곡,2026-08-09T09:10:36.000Z,21.37179178,-157.74174004,UAV 1,2,1:3001:2732,ENT72011,1:1:222:1:2:1:0,0,false,false,false,false,0
ENM35002,move to,LOC_적북측접근로,2026-08-09T09:10:36.000Z,21.37331030,-157.73370609,UAV 1,2,1:3001:2740,ENM35002,1:1:225:7:1:6:0,0,false,false,false,false,0
ENGAZ003,move to,LOC_적북측접근로,2026-08-09T09:10:36.000Z,21.37307518,-157.73360254,UAV 1,2,1:3001:2749,ENGAZ003,1:1:222:7:8:0:0,0,false,false,false,false,0
ENBTR80003,move to,LOC_중앙계곡,2026-08-09T09:10:36.000Z,21.36980167,-157.74027134,UAV 1,2,1:3001:2753,ENBTR80003,1:1:222:2:13:0:0,0,false,false,false,false,0
ENM35001,move to,LOC_적북측접근로,2026-08-09T09:10:36.000Z,21.37322847,-157.73368545,UAV 1,2,1:3001:2754,ENM35001,1:1:225:7:1:6:0,0,false,false,false,false,0
FRT80008,move to,LOC_중앙킬존남측,2026-08-09T09:10:36.000Z,21.38250124,-157.75020054,UAV 1,1,1:3001:2756,FRT80008,1:1:222:1:1:1:0,0,false,false,false,false,0
ENCAESAR003,FFE-on-Location,LOC_아군박격포진지,2026-08-09T09:10:36.000Z,21.36993473,-157.73482081,UAV 1,2,1:3001:2782,ENCAESAR003,1:1:71:4:0:0:0,0,false,false,false,false,0
ENMORT001,FFE-on-Location,LOC_중앙킬존,2026-08-09T09:10:36.000Z,21.37443553,-157.73716992,UAV 1,2,1:3001:2789,ENMORT001,1:1:71:10:1:0:1,0,false,false,false,false,0
ENBTR60007,move to,LOC_중앙계곡,2026-08-09T09:10:36.000Z,21.36934431,-157.74051005,UAV 1,2,1:3001:2815,ENBTR60007,1:1:222:2:8:1:0,0,false,false,false,false,0
ENBTR60008,move to,LOC_중앙계곡,2026-08-09T09:10:36.000Z,21.36939423,-157.74043895,UAV 1,2,1:3001:2826,ENBTR60008,1:1:222:2:8:1:0,0,false,false,false,false,0
FRTRK2002,move to,LOC_남측제1방어선,2026-08-09T09:10:36.000Z,21.38787746,-157.74987934,UAV 1,1,1:3001:2827,FRTRK2002,1:1:225:7:12:8:0,0,false,false,false,false,0
ENBTR80007,move to,LOC_중앙계곡,2026-08-09T09:10:36.000Z,21.36952545,-157.74029874,UAV 1,2,1:3001:2828,ENBTR80007,1:1:222:2:13:0:0,0,false,false,false,false,0
ENMORT002,FFE-on-Location,LOC_남측제1방어선,2026-08-09T09:10:36.000Z,21.37453609,-157.73721308,UAV 1,2,1:3001:2834,ENMORT002,1:1:71:10:1:0:1,0,false,false,false,false,0
ENGAZ004,move to,LOC_적북측접근로,2026-08-09T09:10:36.000Z,21.37315637,-157.73362373,UAV 1,2,1:3001:2838,ENGAZ004,1:1:222:7:8:0:0,0,false,false,false,false,0
ENBTR80005,move to,LOC_중앙계곡,2026-08-09T09:10:36.000Z,21.36965470,-157.74028433,UAV 1,2,1:3001:2846,ENBTR80005,1:1:222:2:13:0:0,0,false,false,false,false,0
ENMIM001,move to,LOC_적북측접근로,2026-08-09T09:10:36.000Z,21.36990777,-157.73746414,UAV 1,2,1:3001:2855,ENMIM001,1:1:225:28:2:0:0,0,false,false,false,false,0
ENCAESAR001,move to,LOC_적북측접근로,2026-08-09T09:10:36.000Z,21.37012241,-157.73559799,UAV 1,2,1:3001:2860,ENCAESAR001,1:1:71:4:0:0:0,0,false,false,false,false,0
ENMORT003,FFE-on-Location,LOC_아군포병진지,2026-08-09T09:10:36.000Z,21.37463664,-157.73725624,UAV 1,2,1:3001:2865,ENMORT003,1:1:71:10:1:0:1,0,false,false,false,false,0
ENBTR60004,move to,LOC_중앙계곡,2026-08-09T09:10:36.000Z,21.36940934,-157.74056586,UAV 1,2,1:3001:2872,ENBTR60004,1:1:222:2:8:1:0,0,false,false,false,false,0
ENM1A2004,move to,LOC_중앙계곡,2026-08-09T09:10:36.000Z,21.37400505,-157.74278717,UAV 1,2,1:3001:2886,ENM1A2004,1:1:225:1:1:3:0,0,false,false,false,false,0
ENBTR60005,move to,LOC_중앙계곡,2026-08-09T09:10:36.000Z,21.36946990,-157.74049523,UAV 1,2,1:3001:2902,ENBTR60005,1:1:222:2:8:1:0,0,false,false,false,false,0
ENT72010,move to,LOC_중앙계곡,2026-08-09T09:10:36.000Z,21.37186918,-157.74164400,UAV 1,2,1:3001:2761,ENT72010,1:1:222:1:2:1:0,0,false,false,false,false,0
ENM35004,move to,LOC_적북측접근로,2026-08-09T09:10:36.000Z,21.37333292,-157.73360859,UAV 1,2,1:3001:2650,ENM35004,1:1:225:7:1:6:0,0,false,false,false,false,0
ENM35003,move to,LOC_적북측접근로,2026-08-09T09:10:36.000Z,21.37325051,-157.73358999,UAV 1,2,1:3001:2894,ENM35003,1:1:225:7:1:6:0,0,false,false,false,false,0
ENT72007,move to,LOC_중앙계곡,2026-08-09T09:10:36.000Z,21.37198245,-157.74172159,UAV 1,2,1:3001:2587,ENT72007,1:1:222:1:2:1:0,0,false,false,false,false,0
ENT72008,move to,LOC_중앙계곡,2026-08-09T09:10:36.000Z,21.37196769,-157.74163465,UAV 1,2,1:3001:2615,ENT72008,1:1:222:1:2:1:0,0,false,false,false,false,0
ENT72009,move to,LOC_중앙계곡,2026-08-09T09:10:36.000Z,21.37188781,-157.74173074,UAV 1,2,1:3001:2727,ENT72009,1:1:222:1:2:1:0,0,false,false,false,false,0
ENBTR80002,move to,LOC_중앙계곡,2026-08-09T09:10:36.000Z,21.36974833,-157.74034181,UAV 1,2,1:3001:2884,ENBTR80002,1:1:222:2:13:0:0,0,false,false,false,false,0
ENBTR60003,move to,LOC_중앙계곡,2026-08-09T09:10:36.000Z,21.36960844,-157.74048106,UAV 1,2,1:3001:2685,ENBTR60003,1:1:222:2:8:1:0,0,false,false,false,false,0
ENT72006,move to,LOC_중앙계곡,2026-08-09T09:10:36.000Z,21.37205448,-157.74162636,UAV 1,2,1:3001:2778,ENT72006,1:1:222:1:2:1:0,0,false,false,false,false,0
ENBTR60002,move to,LOC_중앙계곡,2026-08-09T09:10:36.000Z,21.36954794,-157.74055152,UAV 1,2,1:3001:2788,ENBTR60002,1:1:222:2:8:1:0,0,false,false,false,false,0
ENM1A2003,move to,LOC_중앙계곡,2026-08-09T09:10:37.000Z,21.37403378,-157.74286710,UAV 1,2,1:3001:2564,ENM1A2003,1:1:225:1:1:3:0,0,false,false,false,false,0
FRTRK2004,move to,LOC_남측제1방어선,2026-08-09T09:10:37.000Z,21.38789000,-157.74997512,UAV 1,1,1:3001:2576,FRTRK2004,1:1:225:7:12:8:0,0,false,false,false,false,0
ENCAESAR002,FFE-on-Location,LOC_아군포병진지,2026-08-09T09:10:37.000Z,21.37011579,-157.73488768,UAV 1,2,1:3001:2594,ENCAESAR002,1:1:71:4:0:0:0,0,false,false,false,false,0
ENT72012,move to,LOC_중앙계곡,2026-08-09T09:10:37.000Z,21.37177780,-157.74165271,UAV 1,2,1:3001:2595,ENT72012,1:1:222:1:2:1:0,0,false,false,false,false,0
ENBTR60001,move to,LOC_중앙계곡,2026-08-09T09:10:37.000Z,21.36948773,-157.74062213,UAV 1,2,1:3001:2602,ENBTR60001,1:1:222:2:8:1:0,0,false,false,false,false,0
ENMORT005,FFE-on-Location,LOC_중앙킬존,2026-08-09T09:10:37.000Z,21.37457651,-157.73710572,UAV 1,2,1:3001:2607,ENMORT005,1:1:71:10:1:0:1,0,false,false,false,false,0
ENM1A2001,move to,LOC_중앙계곡,2026-08-09T09:10:37.000Z,21.37409013,-157.74302714,UAV 1,2,1:3001:2608,ENM1A2001,1:1:225:1:1:3:0,0,false,false,false,false,0
ENM1A2005,move to,LOC_중앙계곡,2026-08-09T09:10:37.000Z,21.37397544,-157.74270742,UAV 1,2,1:3001:2621,ENM1A2005,1:1:225:1:1:3:0,0,false,false,false,false,0
FRT69001,move to,LOC_중앙킬존남측,2026-08-09T09:10:37.000Z,21.38660028,-157.73591963,UAV 1,1,1:3001:2625,FRT69001,1:1:45:1:2:1:0,0,false,false,false,false,0
ENMORT004,FFE-on-Location,LOC_아군박격포진지,2026-08-09T09:10:37.000Z,21.37447596,-157.73706256,UAV 1,2,1:3001:2630,ENMORT004,1:1:71:10:1:0:1,0,false,false,false,false,0
ENGAZ001,move to,LOC_적북측접근로,2026-08-09T09:10:37.000Z,21.37305370,-157.73369630,UAV 1,2,1:3001:2654,ENGAZ001,1:1:222:7:8:0:0,0,false,false,false,false,0
ENBTR60006,move to,LOC_중앙계곡,2026-08-09T09:10:37.000Z,21.36953300,-157.74042487,UAV 1,2,1:3001:2663,ENBTR60006,1:1:222:2:8:1:0,0,false,false,false,false,0
ENBTR80004,move to,LOC_중앙계곡,2026-08-09T09:10:37.000Z,21.36959991,-157.74035494,UAV 1,2,1:3001:2679,ENBTR80004,1:1:222:2:13:0:0,0,false,false,false,false,0
ENM1A2002,move to,LOC_중앙계곡,2026-08-09T09:10:37.000Z,21.37406294,-157.74294679,UAV 1,2,1:3001:2693,ENM1A2002,1:1:225:1:1:3:0,0,false,false,false,false,0
ENBTR80001,move to,LOC_중앙계곡,2026-08-09T09:10:37.000Z,21.36968057,-157.74041143,UAV 1,2,1:3001:2697,ENBTR80001,1:1:222:2:13:0:0,0,false,false,false,false,0
ENCAESAR004,move to,LOC_북측예비방어선,2026-08-09T09:10:37.000Z,21.37029409,-157.73535334,UAV 1,2,1:3001:2698,ENCAESAR004,1:1:71:4:0:0:0,0,false,false,false,false,0
ENGAZ002,move to,LOC_적북측접근로,2026-08-09T09:10:37.000Z,21.37313481,-157.73371753,UAV 1,2,1:3001:2721,ENGAZ002,1:1:222:7:8:0:0,0,false,false,false,false,0
ENBTR80006,move to,LOC_중앙계곡,2026-08-09T09:10:37.000Z,21.36971867,-157.74021452,UAV 1,2,1:3001:2728,ENBTR80006,1:1:222:2:13:0:0,0,false,false,false,false,0
ENT72011,move to,LOC_중앙계곡,2026-08-09T09:10:37.000Z,21.37179178,-157.74174004,UAV 1,2,1:3001:2732,ENT72011,1:1:222:1:2:1:0,0,false,false,false,false,0
ENM35002,move to,LOC_적북측접근로,2026-08-09T09:10:37.000Z,21.37331030,-157.73370609,UAV 1,2,1:3001:2740,ENM35002,1:1:225:7:1:6:0,0,false,false,false,false,0
ENGAZ003,move to,LOC_적북측접근로,2026-08-09T09:10:37.000Z,21.37307518,-157.73360254,UAV 1,2,1:3001:2749,ENGAZ003,1:1:222:7:8:0:0,0,false,false,false,false,0
ENBTR80003,move to,LOC_중앙계곡,2026-08-09T09:10:37.000Z,21.36980167,-157.74027134,UAV 1,2,1:3001:2753,ENBTR80003,1:1:222:2:13:0:0,0,false,false,false,false,0
ENM35001,move to,LOC_적북측접근로,2026-08-09T09:10:37.000Z,21.37322847,-157.73368545,UAV 1,2,1:3001:2754,ENM35001,1:1:225:7:1:6:0,0,false,false,false,false,0
FRT80008,move to,LOC_중앙킬존남측,2026-08-09T09:10:37.000Z,21.38250124,-157.75020054,UAV 1,1,1:3001:2756,FRT80008,1:1:222:1:1:1:0,0,false,false,false,false,0
ENCAESAR003,FFE-on-Location,LOC_아군박격포진지,2026-08-09T09:10:37.000Z,21.36993473,-157.73482081,UAV 1,2,1:3001:2782,ENCAESAR003,1:1:71:4:0:0:0,0,false,false,false,false,0
ENMORT001,FFE-on-Location,LOC_중앙킬존,2026-08-09T09:10:37.000Z,21.37443553,-157.73716992,UAV 1,2,1:3001:2789,ENMORT001,1:1:71:10:1:0:1,0,false,false,false,false,0
ENBTR60007,move to,LOC_중앙계곡,2026-08-09T09:10:37.000Z,21.36934431,-157.74051005,UAV 1,2,1:3001:2815,ENBTR60007,1:1:222:2:8:1:0,0,false,false,false,false,0
ENBTR60008,move to,LOC_중앙계곡,2026-08-09T09:10:37.000Z,21.36939423,-157.74043895,UAV 1,2,1:3001:2826,ENBTR60008,1:1:222:2:8:1:0,0,false,false,false,false,0
FRTRK2002,move to,LOC_남측제1방어선,2026-08-09T09:10:37.000Z,21.38787746,-157.74987934,UAV 1,1,1:3001:2827,FRTRK2002,1:1:225:7:12:8:0,0,false,false,false,false,0
ENBTR80007,move to,LOC_중앙계곡,2026-08-09T09:10:37.000Z,21.36952545,-157.74029874,UAV 1,2,1:3001:2828,ENBTR80007,1:1:222:2:13:0:0,0,false,false,false,false,0
ENMORT002,FFE-on-Location,LOC_남측제1방어선,2026-08-09T09:10:37.000Z,21.37453609,-157.73721308,UAV 1,2,1:3001:2834,ENMORT002,1:1:71:10:1:0:1,0,false,false,false,false,0
ENGAZ004,move to,LOC_적북측접근로,2026-08-09T09:10:37.000Z,21.37315637,-157.73362373,UAV 1,2,1:3001:2838,ENGAZ004,1:1:222:7:8:0:0,0,false,false,false,false,0
ENBTR80005,move to,LOC_중앙계곡,2026-08-09T09:10:37.000Z,21.36965470,-157.74028433,UAV 1,2,1:3001:2846,ENBTR80005,1:1:222:2:13:0:0,0,false,false,false,false,0
ENMIM001,move to,LOC_적북측접근로,2026-08-09T09:10:37.000Z,21.36990777,-157.73746414,UAV 1,2,1:3001:2855,ENMIM001,1:1:225:28:2:0:0,0,false,false,false,false,0
ENCAESAR001,move to,LOC_적북측접근로,2026-08-09T09:10:37.000Z,21.37012241,-157.73559799,UAV 1,2,1:3001:2860,ENCAESAR001,1:1:71:4:0:0:0,0,false,false,false,false,0
ENMORT003,FFE-on-Location,LOC_아군포병진지,2026-08-09T09:10:37.000Z,21.37463664,-157.73725624,UAV 1,2,1:3001:2865,ENMORT003,1:1:71:10:1:0:1,0,false,false,false,false,0
ENBTR60004,move to,LOC_중앙계곡,2026-08-09T09:10:37.000Z,21.36940934,-157.74056586,UAV 1,2,1:3001:2872,ENBTR60004,1:1:222:2:8:1:0,0,false,false,false,false,0
ENM1A2004,move to,LOC_중앙계곡,2026-08-09T09:10:37.000Z,21.37400505,-157.74278717,UAV 1,2,1:3001:2886,ENM1A2004,1:1:225:1:1:3:0,0,false,false,false,false,0
ENBTR60005,move to,LOC_중앙계곡,2026-08-09T09:10:37.000Z,21.36946990,-157.74049523,UAV 1,2,1:3001:2902,ENBTR60005,1:1:222:2:8:1:0,0,false,false,false,false,0
ENT72010,move to,LOC_중앙계곡,2026-08-09T09:10:37.000Z,21.37186918,-157.74164400,UAV 1,2,1:3001:2761,ENT72010,1:1:222:1:2:1:0,0,false,false,false,false,0
ENM35004,move to,LOC_적북측접근로,2026-08-09T09:10:37.000Z,21.37333292,-157.73360859,UAV 1,2,1:3001:2650,ENM35004,1:1:225:7:1:6:0,0,false,false,false,false,0
ENM35003,move to,LOC_적북측접근로,2026-08-09T09:10:37.000Z,21.37325051,-157.73358999,UAV 1,2,1:3001:2894,ENM35003,1:1:225:7:1:6:0,0,false,false,false,false,0
ENT72007,move to,LOC_중앙계곡,2026-08-09T09:10:37.000Z,21.37198245,-157.74172159,UAV 1,2,1:3001:2587,ENT72007,1:1:222:1:2:1:0,0,false,false,false,false,0
ENT72008,move to,LOC_중앙계곡,2026-08-09T09:10:37.000Z,21.37196769,-157.74163465,UAV 1,2,1:3001:2615,ENT72008,1:1:222:1:2:1:0,0,false,false,false,false,0
ENT72009,move to,LOC_중앙계곡,2026-08-09T09:10:37.000Z,21.37188781,-157.74173074,UAV 1,2,1:3001:2727,ENT72009,1:1:222:1:2:1:0,0,false,false,false,false,0
ENBTR80002,move to,LOC_중앙계곡,2026-08-09T09:10:37.000Z,21.36974833,-157.74034181,UAV 1,2,1:3001:2884,ENBTR80002,1:1:222:2:13:0:0,0,false,false,false,false,0
ENBTR60003,move to,LOC_중앙계곡,2026-08-09T09:10:37.000Z,21.36960844,-157.74048106,UAV 1,2,1:3001:2685,ENBTR60003,1:1:222:2:8:1:0,0,false,false,false,false,0
ENT72006,move to,LOC_중앙계곡,2026-08-09T09:10:37.000Z,21.37205448,-157.74162636,UAV 1,2,1:3001:2778,ENT72006,1:1:222:1:2:1:0,0,false,false,false,false,0
ENBTR60002,move to,LOC_중앙계곡,2026-08-09T09:10:37.000Z,21.36954794,-157.74055152,UAV 1,2,1:3001:2788,ENBTR60002,1:1:222:2:8:1:0,0,false,false,false,false,0
ENM1A2003,move to,LOC_중앙계곡,2026-08-09T09:10:38.000Z,21.37420759,-157.74280352,UAV 1,2,1:3001:2564,ENM1A2003,1:1:225:1:1:3:0,0,false,false,false,false,0
FRTRK2004,move to,LOC_남측제1방어선,2026-08-09T09:10:38.000Z,21.38786735,-157.74977961,UAV 1,1,1:3001:2576,FRTRK2004,1:1:225:7:12:8:0,0,false,false,false,false,0
ENCAESAR002,FFE-on-Location,LOC_아군포병진지,2026-08-09T09:10:38.000Z,21.37011579,-157.73488768,UAV 1,2,1:3001:2594,ENCAESAR002,1:1:71:4:0:0:0,0,false,false,false,false,0
ENT72012,move to,LOC_중앙계곡,2026-08-09T09:10:38.000Z,21.37196329,-157.74163603,UAV 1,2,1:3001:2595,ENT72012,1:1:222:1:2:1:0,0,false,false,false,false,0
ENBTR60001,move to,LOC_중앙계곡,2026-08-09T09:10:38.000Z,21.36967201,-157.74062909,UAV 1,2,1:3001:2602,ENBTR60001,1:1:222:2:8:1:0,0,false,false,false,false,0
ENMORT005,none,,2026-08-09T09:10:38.000Z,21.37457651,-157.73710572,UAV 1,2,1:3001:2607,ENMORT005,1:1:71:10:1:0:1,0,false,false,false,false,0
ENM1A2001,move to,LOC_중앙계곡,2026-08-09T09:10:38.000Z,21.37426352,-157.74295755,UAV 1,2,1:3001:2608,ENM1A2001,1:1:225:1:1:3:0,0,false,false,false,false,0
ENM1A2005,move to,LOC_중앙계곡,2026-08-09T09:10:38.000Z,21.37415177,-157.74264906,UAV 1,2,1:3001:2621,ENM1A2005,1:1:225:1:1:3:0,0,false,false,false,false,0
FRT69001,move to,LOC_중앙킬존남측,2026-08-09T09:10:38.000Z,21.38650685,-157.73608991,UAV 1,1,1:3001:2625,FRT69001,1:1:45:1:2:1:0,0,false,false,false,false,0
ENMORT004,none,,2026-08-09T09:10:38.000Z,21.37447596,-157.73706256,UAV 1,2,1:3001:2630,ENMORT004,1:1:71:10:1:0:1,0,false,false,false,false,0
ENGAZ001,move to,LOC_적북측접근로,2026-08-09T09:10:38.000Z,21.37301252,-157.73388853,UAV 1,2,1:3001:2654,ENGAZ001,1:1:222:7:8:0:0,0,false,false,false,false,0
ENBTR60006,move to,LOC_중앙계곡,2026-08-09T09:10:38.000Z,21.36971750,-157.74043565,UAV 1,2,1:3001:2663,ENBTR60006,1:1:222:2:8:1:0,0,false,false,false,false,0
ENBTR80004,move to,LOC_중앙계곡,2026-08-09T09:10:38.000Z,21.36978401,-157.74036711,UAV 1,2,1:3001:2679,ENBTR80004,1:1:222:2:13:0:0,0,false,false,false,false,0
ENM1A2002,move to,LOC_중앙계곡,2026-08-09T09:10:38.000Z,21.37423687,-157.74288008,UAV 1,2,1:3001:2693,ENM1A2002,1:1:225:1:1:3:0,0,false,false,false,false,0
ENBTR80001,move to,LOC_중앙계곡,2026-08-09T09:10:38.000Z,21.36986489,-157.74042262,UAV 1,2,1:3001:2697,ENBTR80001,1:1:222:2:13:0:0,0,false,false,false,false,0
ENCAESAR004,move to,LOC_북측예비방어선,2026-08-09T09:10:38.000Z,21.37036636,-157.73553502,UAV 1,2,1:3001:2698,ENCAESAR004,1:1:71:4:0:0:0,0,false,false,false,false,0
ENGAZ002,move to,LOC_적북측접근로,2026-08-09T09:10:38.000Z,21.37309168,-157.73390927,UAV 1,2,1:3001:2721,ENGAZ002,1:1:222:7:8:0:0,0,false,false,false,false,0
ENBTR80006,move to,LOC_중앙계곡,2026-08-09T09:10:38.000Z,21.36990255,-157.74022957,UAV 1,2,1:3001:2728,ENBTR80006,1:1:222:2:13:0:0,0,false,false,false,false,0
ENT72011,move to,LOC_중앙계곡,2026-08-09T09:10:38.000Z,21.37197794,-157.74172106,UAV 1,2,1:3001:2732,ENT72011,1:1:222:1:2:1:0,0,false,false,false,false,0
ENM35002,move to,LOC_적북측접근로,2026-08-09T09:10:38.000Z,21.37326368,-157.73389529,UAV 1,2,1:3001:2740,ENM35002,1:1:225:7:1:6:0,0,false,false,false,false,0
ENGAZ003,move to,LOC_적북측접근로,2026-08-09T09:10:38.000Z,21.37303395,-157.73379483,UAV 1,2,1:3001:2749,ENGAZ003,1:1:222:7:8:0:0,0,false,false,false,false,0
ENBTR80003,move to,LOC_중앙계곡,2026-08-09T09:10:38.000Z,21.36998393,-157.74028528,UAV 1,2,1:3001:2753,ENBTR80003,1:1:222:2:13:0:0,0,false,false,false,false,0
ENM35001,move to,LOC_적북측접근로,2026-08-09T09:10:38.000Z,21.37318375,-157.73387523,UAV 1,2,1:3001:2754,ENM35001,1:1:225:7:1:6:0,0,false,false,false,false,0
FRT80008,move to,LOC_중앙킬존남측,2026-08-09T09:10:38.000Z,21.38242300,-157.75002199,UAV 1,1,1:3001:2756,FRT80008,1:1:222:1:1:1:0,0,false,false,false,false,0
ENCAESAR003,FFE-on-Location,LOC_아군박격포진지,2026-08-09T09:10:38.000Z,21.36993473,-157.73482081,UAV 1,2,1:3001:2782,ENCAESAR003,1:1:71:4:0:0:0,0,false,false,false,false,0
ENMORT001,none,,2026-08-09T09:10:38.000Z,21.37443553,-157.73716992,UAV 1,2,1:3001:2789,ENMORT001,1:1:71:10:1:0:1,0,false,false,false,false,0
ENBTR60007,move to,LOC_중앙계곡,2026-08-09T09:10:38.000Z,21.36952813,-157.74051897,UAV 1,2,1:3001:2815,ENBTR60007,1:1:222:2:8:1:0,0,false,false,false,false,0
ENBTR60008,move to,LOC_중앙계곡,2026-08-09T09:10:38.000Z,21.36957764,-157.74044925,UAV 1,2,1:3001:2826,ENBTR60008,1:1:222:2:8:1:0,0,false,false,false,false,0
FRTRK2002,move to,LOC_남측제1방어선,2026-08-09T09:10:38.000Z,21.38785572,-157.74969140,UAV 1,1,1:3001:2827,FRTRK2002,1:1:225:7:12:8:0,0,false,false,false,false,0
ENBTR80007,move to,LOC_중앙계곡,2026-08-09T09:10:38.000Z,21.36970993,-157.74031192,UAV 1,2,1:3001:2828,ENBTR80007,1:1:222:2:13:0:0,0,false,false,false,false,0
ENMORT002,none,,2026-08-09T09:10:38.000Z,21.37453609,-157.73721308,UAV 1,2,1:3001:2834,ENMORT002,1:1:71:10:1:0:1,0,false,false,false,false,0
ENGAZ004,move to,LOC_적북측접근로,2026-08-09T09:10:38.000Z,21.37311323,-157.73381551,UAV 1,2,1:3001:2838,ENGAZ004,1:1:222:7:8:0:0,0,false,false,false,false,0
ENBTR80005,move to,LOC_중앙계곡,2026-08-09T09:10:38.000Z,21.36983883,-157.74029794,UAV 1,2,1:3001:2846,ENBTR80005,1:1:222:2:13:0:0,0,false,false,false,false,0
ENMIM001,move to,LOC_적북측접근로,2026-08-09T09:10:38.000Z,21.36996799,-157.73764516,UAV 1,2,1:3001:2855,ENMIM001,1:1:225:28:2:0:0,0,false,false,false,false,0
ENCAESAR001,move to,LOC_적북측접근로,2026-08-09T09:10:38.000Z,21.37016074,-157.73579285,UAV 1,2,1:3001:2860,ENCAESAR001,1:1:71:4:0:0:0,0,false,false,false,false,0
ENMORT003,none,,2026-08-09T09:10:38.000Z,21.37463664,-157.73725624,UAV 1,2,1:3001:2865,ENMORT003,1:1:71:10:1:0:1,0,false,false,false,false,0
ENBTR60004,move to,LOC_중앙계곡,2026-08-09T09:10:38.000Z,21.36959289,-157.74057380,UAV 1,2,1:3001:2872,ENBTR60004,1:1:222:2:8:1:0,0,false,false,false,false,0
ENM1A2004,move to,LOC_중앙계곡,2026-08-09T09:10:38.000Z,21.37417760,-157.74272706,UAV 1,2,1:3001:2886,ENM1A2004,1:1:225:1:1:3:0,0,false,false,false,false,0
ENBTR60005,move to,LOC_중앙계곡,2026-08-09T09:10:38.000Z,21.36965413,-157.74050459,UAV 1,2,1:3001:2902,ENBTR60005,1:1:222:2:8:1:0,0,false,false,false,false,0
ENT72010,move to,LOC_중앙계곡,2026-08-09T09:10:38.000Z,21.37205373,-157.74162742,UAV 1,2,1:3001:2761,ENT72010,1:1:222:1:2:1:0,0,false,false,false,false,0
ENM35004,move to,LOC_적북측접근로,2026-08-09T09:10:38.000Z,21.37328638,-157.73379761,UAV 1,2,1:3001:2650,ENM35004,1:1:225:7:1:6:0,0,false,false,false,false,0
ENM35003,move to,LOC_적북측접근로,2026-08-09T09:10:38.000Z,21.37320580,-157.73377975,UAV 1,2,1:3001:2894,ENM35003,1:1:225:7:1:6:0,0,false,false,false,false,0
ENT72007,move to,LOC_중앙계곡,2026-08-09T09:10:38.000Z,21.37216250,-157.74170321,UAV 1,2,1:3001:2587,ENT72007,1:1:222:1:2:1:0,0,false,false,false,false,0
ENT72008,move to,LOC_중앙계곡,2026-08-09T09:10:38.000Z,21.37215436,-157.74161789,UAV 1,2,1:3001:2615,ENT72008,1:1:222:1:2:1:0,0,false,false,false,false,0
ENT72009,move to,LOC_중앙계곡,2026-08-09T09:10:38.000Z,21.37207201,-157.74171196,UAV 1,2,1:3001:2727,ENT72009,1:1:222:1:2:1:0,0,false,false,false,false,0
ENBTR80002,move to,LOC_중앙계곡,2026-08-09T09:10:38.000Z,21.36993174,-157.74035438,UAV 1,2,1:3001:2884,ENBTR80002,1:1:222:2:13:0:0,0,false,false,false,false,0
ENBTR60003,move to,LOC_중앙계곡,2026-08-09T09:10:38.000Z,21.36979233,-157.74049080,UAV 1,2,1:3001:2685,ENBTR60003,1:1:222:2:8:1:0,0,false,false,false,false,0
ENT72006,move to,LOC_중앙계곡,2026-08-09T09:10:38.000Z,21.37223993,-157.74160972,UAV 1,2,1:3001:2778,ENT72006,1:1:222:1:2:1:0,0,false,false,false,false,0
ENBTR60002,move to,LOC_중앙계곡,2026-08-09T09:10:38.000Z,21.36973233,-157.74055988,UAV 1,2,1:3001:2788,ENBTR60002,1:1:222:2:8:1:0,0,false,false,false,false,0
ENT72003,move to,LOC_중앙계곡,2026-08-09T09:10:38.000Z,21.37233130,-157.74168696,UAV 1,2,1:3001:2590,ENT72003,1:1:222:1:2:1:0,0,false,false,false,false,0
ENT72005,move to,LOC_중앙계곡,2026-08-09T09:10:38.000Z,21.37224509,-157.74169527,UAV 1,2,1:3001:2648,ENT72005,1:1:222:1:2:1:0,0,false,false,false,false,0
ENT72001,move to,LOC_중앙계곡,2026-08-09T09:10:38.000Z,21.37241587,-157.74167882,UAV 1,2,1:3001:2681,ENT72001,1:1:222:1:2:1:0,0,false,false,false,false,0
FRTRK2001,move to,LOC_남측제1방어선,2026-08-09T09:10:38.000Z,21.38793962,-157.74968333,UAV 1,1,1:3001:2823,FRTRK2001,1:1:225:7:12:8:0,0,false,false,false,false,0
ENM1A2003,move to,LOC_중앙계곡,2026-08-09T09:10:40.000Z,21.37438306,-157.74273933,UAV 1,2,1:3001:2564,ENM1A2003,1:1:225:1:1:3:0,0,false,false,false,false,0
FRTRK2004,move to,LOC_남측제1방어선,2026-08-09T09:10:40.000Z,21.38784821,-157.74961442,UAV 1,1,1:3001:2576,FRTRK2004,1:1:225:7:12:8:0,0,false,false,false,false,0
ENCAESAR002,FFE-on-Location,LOC_아군포병진지,2026-08-09T09:10:40.000Z,21.37011579,-157.73488768,UAV 1,2,1:3001:2594,ENCAESAR002,1:1:71:4:0:0:0,0,false,false,false,false,0
ENT72012,move to,LOC_중앙계곡,2026-08-09T09:10:40.000Z,21.37215141,-157.74161912,UAV 1,2,1:3001:2595,ENT72012,1:1:222:1:2:1:0,0,false,false,false,false,0
ENBTR60001,move to,LOC_중앙계곡,2026-08-09T09:10:40.000Z,21.36985909,-157.74063615,UAV 1,2,1:3001:2602,ENBTR60001,1:1:222:2:8:1:0,0,false,false,false,false,0
ENMORT005,none,,2026-08-09T09:10:40.000Z,21.37457651,-157.73710572,UAV 1,2,1:3001:2607,ENMORT005,1:1:71:10:1:0:1,0,false,false,false,false,0
ENM1A2001,move to,LOC_중앙계곡,2026-08-09T09:10:40.000Z,21.37443695,-157.74288794,UAV 1,2,1:3001:2608,ENM1A2001,1:1:225:1:1:3:0,0,false,false,false,false,0
ENM1A2005,move to,LOC_중앙계곡,2026-08-09T09:10:40.000Z,21.37432810,-157.74259070,UAV 1,2,1:3001:2621,ENM1A2005,1:1:225:1:1:3:0,0,false,false,false,false,0
FRT69001,move to,LOC_중앙킬존남측,2026-08-09T09:10:40.000Z,21.38641140,-157.73626387,UAV 1,1,1:3001:2625,FRT69001,1:1:45:1:2:1:0,0,false,false,false,false,0
ENMORT004,none,,2026-08-09T09:10:40.000Z,21.37447596,-157.73706256,UAV 1,2,1:3001:2630,ENMORT004,1:1:71:10:1:0:1,0,false,false,false,false,0
ENGAZ001,move to,LOC_적북측접근로,2026-08-09T09:10:40.000Z,21.37297033,-157.73408544,UAV 1,2,1:3001:2654,ENGAZ001,1:1:222:7:8:0:0,0,false,false,false,false,0
ENBTR60006,move to,LOC_중앙계곡,2026-08-09T09:10:40.000Z,21.36990550,-157.74044663,UAV 1,2,1:3001:2663,ENBTR60006,1:1:222:2:8:1:0,0,false,false,false,false,0
ENBTR80004,move to,LOC_중앙계곡,2026-08-09T09:10:40.000Z,21.36996938,-157.74037937,UAV 1,2,1:3001:2679,ENBTR80004,1:1:222:2:13:0:0,0,false,false,false,false,0
ENM1A2002,move to,LOC_중앙계곡,2026-08-09T09:10:40.000Z,21.37441222,-157.74281284,UAV 1,2,1:3001:2693,ENM1A2002,1:1:225:1:1:3:0,0,false,false,false,false,0
ENBTR80001,move to,LOC_중앙계곡,2026-08-09T09:10:40.000Z,21.37005016,-157.74043388,UAV 1,2,1:3001:2697,ENBTR80001,1:1:222:2:13:0:0,0,false,false,false,false,0
ENCAESAR004,move to,LOC_북측예비방어선,2026-08-09T09:10:40.000Z,21.37044028,-157.73572086,UAV 1,2,1:3001:2698,ENCAESAR004,1:1:71:4:0:0:0,0,false,false,false,false,0
ENGAZ002,move to,LOC_적북측접근로,2026-08-09T09:10:40.000Z,21.37304752,-157.73410561,UAV 1,2,1:3001:2721,ENGAZ002,1:1:222:7:8:0:0,0,false,false,false,false,0
ENBTR80006,move to,LOC_중앙계곡,2026-08-09T09:10:40.000Z,21.37008717,-157.74024467,UAV 1,2,1:3001:2728,ENBTR80006,1:1:222:2:13:0:0,0,false,false,false,false,0
ENT72011,move to,LOC_중앙계곡,2026-08-09T09:10:40.000Z,21.37216273,-157.74170223,UAV 1,2,1:3001:2732,ENT72011,1:1:222:1:2:1:0,0,false,false,false,false,0
ENM35002,move to,LOC_적북측접근로,2026-08-09T09:10:40.000Z,21.37321546,-157.73409095,UAV 1,2,1:3001:2740,ENM35002,1:1:225:7:1:6:0,0,false,false,false,false,0
ENGAZ003,move to,LOC_적북측접근로,2026-08-09T09:10:40.000Z,21.37299177,-157.73399158,UAV 1,2,1:3001:2749,ENGAZ003,1:1:222:7:8:0:0,0,false,false,false,false,0
ENBTR80003,move to,LOC_중앙계곡,2026-08-09T09:10:40.000Z,21.37017031,-157.74029953,UAV 1,2,1:3001:2753,ENBTR80003,1:1:222:2:13:0:0,0,false,false,false,false,0
ENM35001,move to,LOC_적북측접근로,2026-08-09T09:10:40.000Z,21.37313750,-157.73407153,UAV 1,2,1:3001:2754,ENM35001,1:1:225:7:1:6:0,0,false,false,false,false,0
FRT80008,move to,LOC_중앙킬존남측,2026-08-09T09:10:40.000Z,21.38234303,-157.74983952,UAV 1,1,1:3001:2756,FRT80008,1:1:222:1:1:1:0,0,false,false,false,false,0
ENCAESAR003,FFE-on-Location,LOC_아군박격포진지,2026-08-09T09:10:40.000Z,21.36993473,-157.73482081,UAV 1,2,1:3001:2782,ENCAESAR003,1:1:71:4:0:0:0,0,false,false,false,false,0
ENMORT001,none,,2026-08-09T09:10:40.000Z,21.37443553,-157.73716992,UAV 1,2,1:3001:2789,ENMORT001,1:1:71:10:1:0:1,0,false,false,false,false,0
ENBTR60007,move to,LOC_중앙계곡,2026-08-09T09:10:40.000Z,21.36971669,-157.74052812,UAV 1,2,1:3001:2815,ENBTR60007,1:1:222:2:8:1:0,0,false,false,false,false,0
ENBTR60008,move to,LOC_중앙계곡,2026-08-09T09:10:40.000Z,21.36976590,-157.74045982,UAV 1,2,1:3001:2826,ENBTR60008,1:1:222:2:8:1:0,0,false,false,false,false,0
FRTRK2002,move to,LOC_남측제1방어선,2026-08-09T09:10:40.000Z,21.38783739,-157.74953302,UAV 1,1,1:3001:2827,FRTRK2002,1:1:225:7:12:8:0,0,false,false,false,false,0
ENBTR80007,move to,LOC_중앙계곡,2026-08-09T09:10:40.000Z,21.36989807,-157.74032536,UAV 1,2,1:3001:2828,ENBTR80007,1:1:222:2:13:0:0,0,false,false,false,false,0
ENMORT002,none,,2026-08-09T09:10:40.000Z,21.37453609,-157.73721308,UAV 1,2,1:3001:2834,ENMORT002,1:1:71:10:1:0:1,0,false,false,false,false,0
ENGAZ004,move to,LOC_적북측접근로,2026-08-09T09:10:40.000Z,21.37306906,-157.73401185,UAV 1,2,1:3001:2838,ENGAZ004,1:1:222:7:8:0:0,0,false,false,false,false,0
ENBTR80005,move to,LOC_중앙계곡,2026-08-09T09:10:40.000Z,21.37002369,-157.74031161,UAV 1,2,1:3001:2846,ENBTR80005,1:1:222:2:13:0:0,0,false,false,false,false,0
ENMIM001,move to,LOC_적북측접근로,2026-08-09T09:10:40.000Z,21.37003101,-157.73783458,UAV 1,2,1:3001:2855,ENMIM001,1:1:225:28:2:0:0,0,false,false,false,false,0
ENCAESAR001,move to,LOC_적북측접근로,2026-08-09T09:10:40.000Z,21.37019936,-157.73598922,UAV 1,2,1:3001:2860,ENCAESAR001,1:1:71:4:0:0:0,0,false,false,false,false,0
ENMORT003,none,,2026-08-09T09:10:40.000Z,21.37463664,-157.73725624,UAV 1,2,1:3001:2865,ENMORT003,1:1:71:10:1:0:1,0,false,false,false,false,0
ENBTR60004,move to,LOC_중앙계곡,2026-08-09T09:10:40.000Z,21.36978095,-157.74058193,UAV 1,2,1:3001:2872,ENBTR60004,1:1:222:2:8:1:0,0,false,false,false,false,0
ENM1A2004,move to,LOC_중앙계곡,2026-08-09T09:10:40.000Z,21.37435926,-157.74266379,UAV 1,2,1:3001:2886,ENM1A2004,1:1:225:1:1:3:0,0,false,false,false,false,0
ENBTR60005,move to,LOC_중앙계곡,2026-08-09T09:10:40.000Z,21.36984213,-157.74051413,UAV 1,2,1:3001:2902,ENBTR60005,1:1:222:2:8:1:0,0,false,false,false,false,0
ENT72010,move to,LOC_중앙계곡,2026-08-09T09:10:40.000Z,21.37224380,-157.74161034,UAV 1,2,1:3001:2761,ENT72010,1:1:222:1:2:1:0,0,false,false,false,false,0
ENM35004,move to,LOC_적북측접근로,2026-08-09T09:10:40.000Z,21.37323820,-157.73399324,UAV 1,2,1:3001:2650,ENM35004,1:1:225:7:1:6:0,0,false,false,false,false,0
ENM35003,move to,LOC_적북측접근로,2026-08-09T09:10:40.000Z,21.37315960,-157.73397583,UAV 1,2,1:3001:2894,ENM35003,1:1:225:7:1:6:0,0,false,false,false,false,0
ENT72007,move to,LOC_중앙계곡,2026-08-09T09:10:40.000Z,21.37235362,-157.74168371,UAV 1,2,1:3001:2587,ENT72007,1:1:222:1:2:1:0,0,false,false,false,false,0
ENT72008,move to,LOC_중앙계곡,2026-08-09T09:10:40.000Z,21.37234431,-157.74160084,UAV 1,2,1:3001:2615,ENT72008,1:1:222:1:2:1:0,0,false,false,false,false,0
ENT72009,move to,LOC_중앙계곡,2026-08-09T09:10:40.000Z,21.37225520,-157.74169327,UAV 1,2,1:3001:2727,ENT72009,1:1:222:1:2:1:0,0,false,false,false,false,0
ENBTR80002,move to,LOC_중앙계곡,2026-08-09T09:10:40.000Z,21.37011820,-157.74036717,UAV 1,2,1:3001:2884,ENBTR80002,1:1:222:2:13:0:0,0,false,false,false,false,0
ENBTR60003,move to,LOC_중앙계곡,2026-08-09T09:10:40.000Z,21.36997399,-157.74050043,UAV 1,2,1:3001:2685,ENBTR60003,1:1:222:2:8:1:0,0,false,false,false,false,0
ENT72006,move to,LOC_중앙계곡,2026-08-09T09:10:40.000Z,21.37243013,-157.74159266,UAV 1,2,1:3001:2778,ENT72006,1:1:222:1:2:1:0,0,false,false,false,false,0
ENBTR60002,move to,LOC_중앙계곡,2026-08-09T09:10:40.000Z,21.36991674,-157.74056825,UAV 1,2,1:3001:2788,ENBTR60002,1:1:222:2:8:1:0,0,false,false,false,false,0
ENT72005,move to,LOC_중앙계곡,2026-08-09T09:10:40.000Z,21.37243922,-157.74167545,UAV 1,2,1:3001:2648,ENT72005,1:1:222:1:2:1:0,0,false,false,false,false,0
ENT72001,move to,LOC_중앙계곡,2026-08-09T09:10:40.000Z,21.37260418,-157.74165956,UAV 1,2,1:3001:2681,ENT72001,1:1:222:1:2:1:0,0,false,false,false,false,0
FRTRK2001,move to,LOC_남측제1방어선,2026-08-09T09:10:40.000Z,21.38791868,-157.74951409,UAV 1,1,1:3001:2823,FRTRK2001,1:1:225:7:12:8:0,0,false,false,false,false,0
FRTRK1003,move to,LOC_남측제1방어선,2026-08-09T09:10:40.000Z,21.38800162,-157.74950879,UAV 1,1,1:3001:2614,FRTRK1003,1:1:225:7:12:0:0,0,false,false,false,false,0
ENT72002,move to,LOC_중앙계곡,2026-08-09T09:10:40.000Z,21.37259314,-157.74157707,UAV 1,2,1:3001:2628,ENT72002,1:1:222:1:2:1:0,0,false,false,false,false,0
FRTRK1002,move to,LOC_남측제1방어선,2026-08-09T09:10:40.000Z,21.38808529,-157.74950737,UAV 1,1,1:3001:2853,FRTRK1002,1:1:225:7:12:0:0,0,false,false,false,false,0
M933HE 1,fired_by,,2026-08-09T09:10:40.000Z,21.37515588,-157.73758517,UAV 1,2,1:3001:2912,M933HE 1,2:9:225:2:11:1:0,0,false,false,false,false,0
M933HE 2,fired_by,,2026-08-09T09:10:40.000Z,21.37552660,-157.73709786,UAV 1,2,1:3001:2913,M933HE 2,2:9:225:2:11:1:0,0,false,false,false,false,0
M933HE 3,fired_by,,2026-08-09T09:10:40.000Z,21.39012061,-157.73727112,UAV 1,1,1:3001:2914,M933HE 3,2:9:225:2:11:1:0,0,false,false,false,false,0
M933HE 4,fired_by,,2026-08-09T09:10:40.000Z,21.38960237,-157.73684759,UAV 1,1,1:3001:2915,M933HE 4,2:9:225:2:11:1:0,0,false,false,false,false,0
M933HE 5,fired_by,,2026-08-09T09:10:40.000Z,21.37503685,-157.73766856,UAV 1,2,1:3001:2916,M933HE 5,2:9:225:2:11:1:0,0,false,false,false,false,0
M933HE 6,fired_by,,2026-08-09T09:10:40.000Z,21.37533098,-157.73734988,UAV 1,2,1:3001:2917,M933HE 6,2:9:225:2:11:1:0,0,false,false,false,false,0
M933HE 7,fired_by,,2026-08-09T09:10:40.000Z,21.38990546,-157.73739319,UAV 1,1,1:3001:2918,M933HE 7,2:9:225:2:11:1:0,0,false,false,false,false,0
M933HE 8,fired_by,,2026-08-09T09:10:40.000Z,21.37590007,-157.73728109,UAV 1,2,1:3001:2919,M933HE 8,2:9:225:2:11:1:0,0,false,false,false,false,0
ENM1A2003,move to,LOC_중앙계곡,2026-08-09T09:10:41.000Z,21.37438306,-157.74273933,UAV 1,2,1:3001:2564,ENM1A2003,1:1:225:1:1:3:0,0,false,false,false,false,0
FRTRK2004,move to,LOC_남측제1방어선,2026-08-09T09:10:41.000Z,21.38784821,-157.74961442,UAV 1,1,1:3001:2576,FRTRK2004,1:1:225:7:12:8:0,0,false,false,false,false,0
ENCAESAR002,FFE-on-Location,LOC_아군포병진지,2026-08-09T09:10:41.000Z,21.37011579,-157.73488768,UAV 1,2,1:3001:2594,ENCAESAR002,1:1:71:4:0:0:0,0,false,false,false,false,0
ENT72012,move to,LOC_중앙계곡,2026-08-09T09:10:41.000Z,21.37215141,-157.74161912,UAV 1,2,1:3001:2595,ENT72012,1:1:222:1:2:1:0,0,false,false,false,false,0
ENBTR60001,move to,LOC_중앙계곡,2026-08-09T09:10:41.000Z,21.36985909,-157.74063615,UAV 1,2,1:3001:2602,ENBTR60001,1:1:222:2:8:1:0,0,false,false,false,false,0
ENMORT005,none,,2026-08-09T09:10:41.000Z,21.37457651,-157.73710572,UAV 1,2,1:3001:2607,ENMORT005,1:1:71:10:1:0:1,0,false,false,false,false,0
ENM1A2001,move to,LOC_중앙계곡,2026-08-09T09:10:41.000Z,21.37443695,-157.74288794,UAV 1,2,1:3001:2608,ENM1A2001,1:1:225:1:1:3:0,0,false,false,false,false,0
ENM1A2005,move to,LOC_중앙계곡,2026-08-09T09:10:41.000Z,21.37432810,-157.74259070,UAV 1,2,1:3001:2621,ENM1A2005,1:1:225:1:1:3:0,0,false,false,false,false,0
FRT69001,move to,LOC_중앙킬존남측,2026-08-09T09:10:41.000Z,21.38641140,-157.73626387,UAV 1,1,1:3001:2625,FRT69001,1:1:45:1:2:1:0,0,false,false,false,false,0
ENMORT004,none,,2026-08-09T09:10:41.000Z,21.37447596,-157.73706256,UAV 1,2,1:3001:2630,ENMORT004,1:1:71:10:1:0:1,0,false,false,false,false,0
ENGAZ001,move to,LOC_적북측접근로,2026-08-09T09:10:41.000Z,21.37297033,-157.73408544,UAV 1,2,1:3001:2654,ENGAZ001,1:1:222:7:8:0:0,0,false,false,false,false,0
ENBTR60006,move to,LOC_중앙계곡,2026-08-09T09:10:41.000Z,21.36990550,-157.74044663,UAV 1,2,1:3001:2663,ENBTR60006,1:1:222:2:8:1:0,0,false,false,false,false,0
ENBTR80004,move to,LOC_중앙계곡,2026-08-09T09:10:41.000Z,21.36996938,-157.74037937,UAV 1,2,1:3001:2679,ENBTR80004,1:1:222:2:13:0:0,0,false,false,false,false,0
ENM1A2002,move to,LOC_중앙계곡,2026-08-09T09:10:41.000Z,21.37441222,-157.74281284,UAV 1,2,1:3001:2693,ENM1A2002,1:1:225:1:1:3:0,0,false,false,false,false,0
ENBTR80001,move to,LOC_중앙계곡,2026-08-09T09:10:41.000Z,21.37005016,-157.74043388,UAV 1,2,1:3001:2697,ENBTR80001,1:1:222:2:13:0:0,0,false,false,false,false,0
ENCAESAR004,move to,LOC_북측예비방어선,2026-08-09T09:10:41.000Z,21.37044028,-157.73572086,UAV 1,2,1:3001:2698,ENCAESAR004,1:1:71:4:0:0:0,0,false,false,false,false,0
ENGAZ002,move to,LOC_적북측접근로,2026-08-09T09:10:41.000Z,21.37304752,-157.73410561,UAV 1,2,1:3001:2721,ENGAZ002,1:1:222:7:8:0:0,0,false,false,false,false,0
ENBTR80006,move to,LOC_중앙계곡,2026-08-09T09:10:41.000Z,21.37008717,-157.74024467,UAV 1,2,1:3001:2728,ENBTR80006,1:1:222:2:13:0:0,0,false,false,false,false,0
ENT72011,move to,LOC_중앙계곡,2026-08-09T09:10:41.000Z,21.37216273,-157.74170223,UAV 1,2,1:3001:2732,ENT72011,1:1:222:1:2:1:0,0,false,false,false,false,0
ENM35002,move to,LOC_적북측접근로,2026-08-09T09:10:41.000Z,21.37321546,-157.73409095,UAV 1,2,1:3001:2740,ENM35002,1:1:225:7:1:6:0,0,false,false,false,false,0
ENGAZ003,move to,LOC_적북측접근로,2026-08-09T09:10:41.000Z,21.37299177,-157.73399158,UAV 1,2,1:3001:2749,ENGAZ003,1:1:222:7:8:0:0,0,false,false,false,false,0
ENBTR80003,move to,LOC_중앙계곡,2026-08-09T09:10:41.000Z,21.37017031,-157.74029953,UAV 1,2,1:3001:2753,ENBTR80003,1:1:222:2:13:0:0,0,false,false,false,false,0
ENM35001,move to,LOC_적북측접근로,2026-08-09T09:10:41.000Z,21.37313750,-157.73407153,UAV 1,2,1:3001:2754,ENM35001,1:1:225:7:1:6:0,0,false,false,false,false,0
FRT80008,move to,LOC_중앙킬존남측,2026-08-09T09:10:41.000Z,21.38234303,-157.74983952,UAV 1,1,1:3001:2756,FRT80008,1:1:222:1:1:1:0,0,false,false,false,false,0
ENCAESAR003,FFE-on-Location,LOC_아군박격포진지,2026-08-09T09:10:41.000Z,21.36993473,-157.73482081,UAV 1,2,1:3001:2782,ENCAESAR003,1:1:71:4:0:0:0,0,false,false,false,false,0
ENMORT001,none,,2026-08-09T09:10:41.000Z,21.37443553,-157.73716992,UAV 1,2,1:3001:2789,ENMORT001,1:1:71:10:1:0:1,0,false,false,false,false,0
ENBTR60007,move to,LOC_중앙계곡,2026-08-09T09:10:41.000Z,21.36971669,-157.74052812,UAV 1,2,1:3001:2815,ENBTR60007,1:1:222:2:8:1:0,0,false,false,false,false,0
ENBTR60008,move to,LOC_중앙계곡,2026-08-09T09:10:41.000Z,21.36976590,-157.74045982,UAV 1,2,1:3001:2826,ENBTR60008,1:1:222:2:8:1:0,0,false,false,false,false,0
FRTRK2002,move to,LOC_남측제1방어선,2026-08-09T09:10:41.000Z,21.38783739,-157.74953302,UAV 1,1,1:3001:2827,FRTRK2002,1:1:225:7:12:8:0,0,false,false,false,false,0
ENBTR80007,move to,LOC_중앙계곡,2026-08-09T09:10:41.000Z,21.36989807,-157.74032536,UAV 1,2,1:3001:2828,ENBTR80007,1:1:222:2:13:0:0,0,false,false,false,false,0
ENMORT002,none,,2026-08-09T09:10:41.000Z,21.37453609,-157.73721308,UAV 1,2,1:3001:2834,ENMORT002,1:1:71:10:1:0:1,0,false,false,false,false,0
ENGAZ004,move to,LOC_적북측접근로,2026-08-09T09:10:41.000Z,21.37306906,-157.73401185,UAV 1,2,1:3001:2838,ENGAZ004,1:1:222:7:8:0:0,0,false,false,false,false,0
ENBTR80005,move to,LOC_중앙계곡,2026-08-09T09:10:41.000Z,21.37002369,-157.74031161,UAV 1,2,1:3001:2846,ENBTR80005,1:1:222:2:13:0:0,0,false,false,false,false,0
ENMIM001,move to,LOC_적북측접근로,2026-08-09T09:10:41.000Z,21.37003101,-157.73783458,UAV 1,2,1:3001:2855,ENMIM001,1:1:225:28:2:0:0,0,false,false,false,false,0
ENCAESAR001,move to,LOC_적북측접근로,2026-08-09T09:10:41.000Z,21.37019936,-157.73598922,UAV 1,2,1:3001:2860,ENCAESAR001,1:1:71:4:0:0:0,0,false,false,false,false,0
ENMORT003,none,,2026-08-09T09:10:41.000Z,21.37463664,-157.73725624,UAV 1,2,1:3001:2865,ENMORT003,1:1:71:10:1:0:1,0,false,false,false,false,0
ENBTR60004,move to,LOC_중앙계곡,2026-08-09T09:10:41.000Z,21.36978095,-157.74058193,UAV 1,2,1:3001:2872,ENBTR60004,1:1:222:2:8:1:0,0,false,false,false,false,0
ENM1A2004,move to,LOC_중앙계곡,2026-08-09T09:10:41.000Z,21.37435926,-157.74266379,UAV 1,2,1:3001:2886,ENM1A2004,1:1:225:1:1:3:0,0,false,false,false,false,0
ENBTR60005,move to,LOC_중앙계곡,2026-08-09T09:10:41.000Z,21.36984213,-157.74051413,UAV 1,2,1:3001:2902,ENBTR60005,1:1:222:2:8:1:0,0,false,false,false,false,0
ENT72010,move to,LOC_중앙계곡,2026-08-09T09:10:41.000Z,21.37224380,-157.74161034,UAV 1,2,1:3001:2761,ENT72010,1:1:222:1:2:1:0,0,false,false,false,false,0
ENM35004,move to,LOC_적북측접근로,2026-08-09T09:10:41.000Z,21.37323820,-157.73399324,UAV 1,2,1:3001:2650,ENM35004,1:1:225:7:1:6:0,0,false,false,false,false,0
ENM35003,move to,LOC_적북측접근로,2026-08-09T09:10:41.000Z,21.37315960,-157.73397583,UAV 1,2,1:3001:2894,ENM35003,1:1:225:7:1:6:0,0,false,false,false,false,0
ENT72007,move to,LOC_중앙계곡,2026-08-09T09:10:41.000Z,21.37235362,-157.74168371,UAV 1,2,1:3001:2587,ENT72007,1:1:222:1:2:1:0,0,false,false,false,false,0
ENT72008,move to,LOC_중앙계곡,2026-08-09T09:10:41.000Z,21.37234431,-157.74160084,UAV 1,2,1:3001:2615,ENT72008,1:1:222:1:2:1:0,0,false,false,false,false,0
ENT72009,move to,LOC_중앙계곡,2026-08-09T09:10:41.000Z,21.37225520,-157.74169327,UAV 1,2,1:3001:2727,ENT72009,1:1:222:1:2:1:0,0,false,false,false,false,0
ENBTR80002,move to,LOC_중앙계곡,2026-08-09T09:10:41.000Z,21.37011820,-157.74036717,UAV 1,2,1:3001:2884,ENBTR80002,1:1:222:2:13:0:0,0,false,false,false,false,0
ENBTR60003,move to,LOC_중앙계곡,2026-08-09T09:10:41.000Z,21.36997399,-157.74050043,UAV 1,2,1:3001:2685,ENBTR60003,1:1:222:2:8:1:0,0,false,false,false,false,0
ENT72006,move to,LOC_중앙계곡,2026-08-09T09:10:41.000Z,21.37243013,-157.74159266,UAV 1,2,1:3001:2778,ENT72006,1:1:222:1:2:1:0,0,false,false,false,false,0
ENBTR60002,move to,LOC_중앙계곡,2026-08-09T09:10:41.000Z,21.36991674,-157.74056825,UAV 1,2,1:3001:2788,ENBTR60002,1:1:222:2:8:1:0,0,false,false,false,false,0
ENT72005,move to,LOC_중앙계곡,2026-08-09T09:10:41.000Z,21.37243922,-157.74167545,UAV 1,2,1:3001:2648,ENT72005,1:1:222:1:2:1:0,0,false,false,false,false,0
ENT72001,move to,LOC_중앙계곡,2026-08-09T09:10:41.000Z,21.37260418,-157.74165956,UAV 1,2,1:3001:2681,ENT72001,1:1:222:1:2:1:0,0,false,false,false,false,0
FRTRK2001,move to,LOC_남측제1방어선,2026-08-09T09:10:41.000Z,21.38791868,-157.74951409,UAV 1,1,1:3001:2823,FRTRK2001,1:1:225:7:12:8:0,0,false,false,false,false,0
FRTRK1003,move to,LOC_남측제1방어선,2026-08-09T09:10:41.000Z,21.38800162,-157.74950879,UAV 1,1,1:3001:2614,FRTRK1003,1:1:225:7:12:0:0,0,false,false,false,false,0
ENT72002,move to,LOC_중앙계곡,2026-08-09T09:10:41.000Z,21.37259314,-157.74157707,UAV 1,2,1:3001:2628,ENT72002,1:1:222:1:2:1:0,0,false,false,false,false,0
FRTRK1002,move to,LOC_남측제1방어선,2026-08-09T09:10:41.000Z,21.38808529,-157.74950737,UAV 1,1,1:3001:2853,FRTRK1002,1:1:225:7:12:0:0,0,false,false,false,false,0
M933HE 1,fired_by,,2026-08-09T09:10:41.000Z,21.37515588,-157.73758517,UAV 1,2,1:3001:2912,M933HE 1,2:9:225:2:11:1:0,0,false,false,false,false,0
M933HE 2,fired_by,,2026-08-09T09:10:41.000Z,21.37552660,-157.73709786,UAV 1,2,1:3001:2913,M933HE 2,2:9:225:2:11:1:0,0,false,false,false,false,0
M933HE 3,fired_by,,2026-08-09T09:10:41.000Z,21.39012061,-157.73727112,UAV 1,1,1:3001:2914,M933HE 3,2:9:225:2:11:1:0,0,false,false,false,false,0
M933HE 4,fired_by,,2026-08-09T09:10:41.000Z,21.38960237,-157.73684759,UAV 1,1,1:3001:2915,M933HE 4,2:9:225:2:11:1:0,0,false,false,false,false,0
M933HE 5,fired_by,,2026-08-09T09:10:41.000Z,21.37503685,-157.73766856,UAV 1,2,1:3001:2916,M933HE 5,2:9:225:2:11:1:0,0,false,false,false,false,0
M933HE 6,fired_by,,2026-08-09T09:10:41.000Z,21.37533098,-157.73734988,UAV 1,2,1:3001:2917,M933HE 6,2:9:225:2:11:1:0,0,false,false,false,false,0
M933HE 7,fired_by,,2026-08-09T09:10:41.000Z,21.38990546,-157.73739319,UAV 1,1,1:3001:2918,M933HE 7,2:9:225:2:11:1:0,0,false,false,false,false,0
M933HE 8,fired_by,,2026-08-09T09:10:41.000Z,21.37590007,-157.73728109,UAV 1,2,1:3001:2919,M933HE 8,2:9:225:2:11:1:0,0,false,false,false,false,0
ENM1A2003,move to,LOC_중앙계곡,2026-08-09T09:10:43.000Z,21.37457741,-157.74266823,UAV 1,2,1:3001:2564,ENM1A2003,1:1:225:1:1:3:0,0,false,false,false,false,0
FRTRK2004,move to,LOC_남측제1방어선,2026-08-09T09:10:43.000Z,21.38782498,-157.74941385,UAV 1,1,1:3001:2576,FRTRK2004,1:1:225:7:12:8:0,0,false,false,false,false,0
ENCAESAR002,move to,LOC_북측예비방어선,2026-08-09T09:10:43.000Z,21.37011579,-157.73488768,UAV 1,2,1:3001:2594,ENCAESAR002,1:1:71:4:0:0:0,0,false,false,false,false,0
ENT72012,move to,LOC_중앙계곡,2026-08-09T09:10:43.000Z,21.37236051,-157.74160032,UAV 1,2,1:3001:2595,ENT72012,1:1:222:1:2:1:0,0,false,false,false,false,0
ENBTR60001,move to,LOC_중앙계곡,2026-08-09T09:10:43.000Z,21.37004965,-157.74064335,UAV 1,2,1:3001:2602,ENBTR60001,1:1:222:2:8:1:0,0,false,false,false,false,0
ENMORT005,none,,2026-08-09T09:10:43.000Z,21.37457651,-157.73710572,UAV 1,2,1:3001:2607,ENMORT005,1:1:71:10:1:0:1,0,false,false,false,false,0
ENM1A2001,move to,LOC_중앙계곡,2026-08-09T09:10:43.000Z,21.37462503,-157.74281245,UAV 1,2,1:3001:2608,ENM1A2001,1:1:225:1:1:3:0,0,false,false,false,false,0
ENM1A2005,move to,LOC_중앙계곡,2026-08-09T09:10:43.000Z,21.37452502,-157.74252552,UAV 1,2,1:3001:2621,ENM1A2005,1:1:225:1:1:3:0,0,false,false,false,false,0
FRT69001,move to,LOC_중앙킬존남측,2026-08-09T09:10:43.000Z,21.38630905,-157.73645041,UAV 1,1,1:3001:2625,FRT69001,1:1:45:1:2:1:0,0,false,false,false,false,0
ENMORT004,none,,2026-08-09T09:10:43.000Z,21.37447596,-157.73706256,UAV 1,2,1:3001:2630,ENMORT004,1:1:71:10:1:0:1,0,false,false,false,false,0
ENGAZ001,move to,LOC_적북측접근로,2026-08-09T09:10:43.000Z,21.37293261,-157.73426151,UAV 1,2,1:3001:2654,ENGAZ001,1:1:222:7:8:0:0,0,false,false,false,false,0
ENBTR60006,move to,LOC_중앙계곡,2026-08-09T09:10:43.000Z,21.37009683,-157.74045781,UAV 1,2,1:3001:2663,ENBTR60006,1:1:222:2:8:1:0,0,false,false,false,false,0
ENBTR80004,move to,LOC_중앙계곡,2026-08-09T09:10:43.000Z,21.37016687,-157.74039243,UAV 1,2,1:3001:2679,ENBTR80004,1:1:222:2:13:0:0,0,false,false,false,false,0
ENM1A2002,move to,LOC_중앙계곡,2026-08-09T09:10:43.000Z,21.37460105,-157.74274042,UAV 1,2,1:3001:2693,ENM1A2002,1:1:225:1:1:3:0,0,false,false,false,false,0
ENBTR80001,move to,LOC_중앙계곡,2026-08-09T09:10:43.000Z,21.37025191,-157.74044613,UAV 1,2,1:3001:2697,ENBTR80001,1:1:222:2:13:0:0,0,false,false,false,false,0
ENCAESAR004,move to,LOC_북측예비방어선,2026-08-09T09:10:43.000Z,21.37051911,-157.73591903,UAV 1,2,1:3001:2698,ENCAESAR004,1:1:71:4:0:0:0,0,false,false,false,false,0
ENGAZ002,move to,LOC_적북측접근로,2026-08-09T09:10:43.000Z,21.37300062,-157.73431414,UAV 1,2,1:3001:2721,ENGAZ002,1:1:222:7:8:0:0,0,false,false,false,false,0
ENBTR80006,move to,LOC_중앙계곡,2026-08-09T09:10:43.000Z,21.37028748,-157.74026106,UAV 1,2,1:3001:2728,ENBTR80006,1:1:222:2:13:0:0,0,false,false,false,false,0
ENT72011,move to,LOC_중앙계곡,2026-08-09T09:10:43.000Z,21.37236341,-157.74168177,UAV 1,2,1:3001:2732,ENT72011,1:1:222:1:2:1:0,0,false,false,false,false,0
ENGAZ003,move to,LOC_적북측접근로,2026-08-09T09:10:43.000Z,21.37294673,-157.73420165,UAV 1,2,1:3001:2749,ENGAZ003,1:1:222:7:8:0:0,0,false,false,false,false,0
ENBTR80003,move to,LOC_중앙계곡,2026-08-09T09:10:43.000Z,21.37037132,-157.74031490,UAV 1,2,1:3001:2753,ENBTR80003,1:1:222:2:13:0:0,0,false,false,false,false,0
FRT80008,move to,LOC_중앙킬존남측,2026-08-09T09:10:43.000Z,21.38225753,-157.74964441,UAV 1,1,1:3001:2756,FRT80008,1:1:222:1:1:1:0,0,false,false,false,false,0
ENCAESAR003,move to,LOC_적북측접근로,2026-08-09T09:10:43.000Z,21.36993473,-157.73482081,UAV 1,2,1:3001:2782,ENCAESAR003,1:1:71:4:0:0:0,0,false,false,false,false,0
ENMORT001,none,,2026-08-09T09:10:43.000Z,21.37443553,-157.73716992,UAV 1,2,1:3001:2789,ENMORT001,1:1:71:10:1:0:1,0,false,false,false,false,0
ENBTR60007,move to,LOC_중앙계곡,2026-08-09T09:10:43.000Z,21.36991522,-157.74053775,UAV 1,2,1:3001:2815,ENBTR60007,1:1:222:2:8:1:0,0,false,false,false,false,0
ENBTR60008,move to,LOC_중앙계곡,2026-08-09T09:10:43.000Z,21.36996176,-157.74047081,UAV 1,2,1:3001:2826,ENBTR60008,1:1:222:2:8:1:0,0,false,false,false,false,0
FRTRK2002,move to,LOC_남측제1방어선,2026-08-09T09:10:43.000Z,21.38781209,-157.74931438,UAV 1,1,1:3001:2827,FRTRK2002,1:1:225:7:12:8:0,0,false,false,false,false,0
ENBTR80007,move to,LOC_중앙계곡,2026-08-09T09:10:43.000Z,21.37009405,-157.74033936,UAV 1,2,1:3001:2828,ENBTR80007,1:1:222:2:13:0:0,0,false,false,false,false,0
ENMORT002,none,,2026-08-09T09:10:43.000Z,21.37453609,-157.73721308,UAV 1,2,1:3001:2834,ENMORT002,1:1:71:10:1:0:1,0,false,false,false,false,0
ENGAZ004,move to,LOC_적북측접근로,2026-08-09T09:10:43.000Z,21.37302197,-157.73422112,UAV 1,2,1:3001:2838,ENGAZ004,1:1:222:7:8:0:0,0,false,false,false,false,0
ENBTR80005,move to,LOC_중앙계곡,2026-08-09T09:10:43.000Z,21.37022294,-157.74032634,UAV 1,2,1:3001:2846,ENBTR80005,1:1:222:2:13:0:0,0,false,false,false,false,0
ENMIM001,move to,LOC_적북측접근로,2026-08-09T09:10:43.000Z,21.37009559,-157.73802870,UAV 1,2,1:3001:2855,ENMIM001,1:1:225:28:2:0:0,0,false,false,false,false,0
ENCAESAR001,move to,LOC_적북측접근로,2026-08-09T09:10:43.000Z,21.37024099,-157.73620094,UAV 1,2,1:3001:2860,ENCAESAR001,1:1:71:4:0:0:0,0,false,false,false,false,0
ENMORT003,none,,2026-08-09T09:10:43.000Z,21.37463664,-157.73725624,UAV 1,2,1:3001:2865,ENMORT003,1:1:71:10:1:0:1,0,false,false,false,false,0
ENBTR60004,move to,LOC_중앙계곡,2026-08-09T09:10:43.000Z,21.36997151,-157.74059017,UAV 1,2,1:3001:2872,ENBTR60004,1:1:222:2:8:1:0,0,false,false,false,false,0
ENM1A2004,move to,LOC_중앙계곡,2026-08-09T09:10:43.000Z,21.37455097,-157.74259702,UAV 1,2,1:3001:2886,ENM1A2004,1:1:225:1:1:3:0,0,false,false,false,false,0
ENBTR60005,move to,LOC_중앙계곡,2026-08-09T09:10:43.000Z,21.37003241,-157.74052380,UAV 1,2,1:3001:2902,ENBTR60005,1:1:222:2:8:1:0,0,false,false,false,false,0
ENT72010,move to,LOC_중앙계곡,2026-08-09T09:10:43.000Z,21.37245057,-157.74159176,UAV 1,2,1:3001:2761,ENT72010,1:1:222:1:2:1:0,0,false,false,false,false,0
ENM35004,move to,LOC_적북측접근로,2026-08-09T09:10:43.000Z,21.37318698,-157.73420122,UAV 1,2,1:3001:2650,ENM35004,1:1:225:7:1:6:0,0,false,false,false,false,0
ENT72007,move to,LOC_중앙계곡,2026-08-09T09:10:43.000Z,21.37255774,-157.74166287,UAV 1,2,1:3001:2587,ENT72007,1:1:222:1:2:1:0,0,false,false,false,false,0
ENT72008,move to,LOC_중앙계곡,2026-08-09T09:10:43.000Z,21.37254636,-157.74158270,UAV 1,2,1:3001:2615,ENT72008,1:1:222:1:2:1:0,0,false,false,false,false,0
ENT72009,move to,LOC_중앙계곡,2026-08-09T09:10:43.000Z,21.37246702,-157.74167167,UAV 1,2,1:3001:2727,ENT72009,1:1:222:1:2:1:0,0,false,false,false,false,0
ENBTR80002,move to,LOC_중앙계곡,2026-08-09T09:10:43.000Z,21.37031889,-157.74038093,UAV 1,2,1:3001:2884,ENBTR80002,1:1:222:2:13:0:0,0,false,false,false,false,0
ENBTR60003,move to,LOC_중앙계곡,2026-08-09T09:10:43.000Z,21.37016802,-157.74051071,UAV 1,2,1:3001:2685,ENBTR60003,1:1:222:2:8:1:0,0,false,false,false,false,0
ENT72006,move to,LOC_중앙계곡,2026-08-09T09:10:43.000Z,21.37263167,-157.74157457,UAV 1,2,1:3001:2778,ENT72006,1:1:222:1:2:1:0,0,false,false,false,false,0
ENBTR60002,move to,LOC_중앙계곡,2026-08-09T09:10:43.000Z,21.37010963,-157.74057699,UAV 1,2,1:3001:2788,ENBTR60002,1:1:222:2:8:1:0,0,false,false,false,false,0
ENT72001,move to,LOC_중앙계곡,2026-08-09T09:10:43.000Z,21.37280701,-157.74163882,UAV 1,2,1:3001:2681,ENT72001,1:1:222:1:2:1:0,0,false,false,false,false,0
FRTRK2001,move to,LOC_남측제1방어선,2026-08-09T09:10:43.000Z,21.38789167,-157.74929577,UAV 1,1,1:3001:2823,FRTRK2001,1:1:225:7:12:8:0,0,false,false,false,false,0
ENT72002,move to,LOC_중앙계곡,2026-08-09T09:10:43.000Z,21.37279472,-157.74155901,UAV 1,2,1:3001:2628,ENT72002,1:1:222:1:2:1:0,0,false,false,false,false,0
M933HE 3,fired_by,,2026-08-09T09:10:43.000Z,21.38886357,-157.73727104,UAV 1,1,1:3001:2914,M933HE 3,2:9:225:2:11:1:0,0,false,false,false,false,0
M933HE 4,fired_by,,2026-08-09T09:10:43.000Z,21.38779593,-157.73641829,UAV 1,1,1:3001:2915,M933HE 4,2:9:225:2:11:1:0,0,false,false,false,false,0
M933HE 7,fired_by,,2026-08-09T09:10:43.000Z,21.38838311,-157.73775079,UAV 1,1,1:3001:2918,M933HE 7,2:9:225:2:11:1:0,0,false,false,false,false,0
ENT72003,move to,LOC_중앙계곡,2026-08-09T09:10:43.000Z,21.37272285,-157.74164695,UAV 1,2,1:3001:2590,ENT72003,1:1:222:1:2:1:0,0,false,false,false,false,0
ENT72004,move to,LOC_중앙계곡,2026-08-09T09:10:43.000Z,21.37271230,-157.74156687,UAV 1,2,1:3001:2738,ENT72004,1:1:222:1:2:1:0,0,false,false,false,false,0
ENM1A2003,move to,LOC_중앙계곡,2026-08-09T09:10:44.000Z,21.37472310,-157.74261493,UAV 1,2,1:3001:2564,ENM1A2003,1:1:225:1:1:3:0,0,false,false,false,false,0
FRTRK2004,move to,LOC_남측제1방어선,2026-08-09T09:10:44.000Z,21.38780294,-157.74922365,UAV 1,1,1:3001:2576,FRTRK2004,1:1:225:7:12:8:0,0,false,false,false,false,0
ENCAESAR002,move to,LOC_북측예비방어선,2026-08-09T09:10:44.000Z,21.37012368,-157.73490663,UAV 1,2,1:3001:2594,ENCAESAR002,1:1:71:4:0:0:0,0,false,false,false,false,0
ENT72012,move to,LOC_중앙계곡,2026-08-09T09:10:44.000Z,21.37252581,-157.74158545,UAV 1,2,1:3001:2595,ENT72012,1:1:222:1:2:1:0,0,false,false,false,false,0
ENBTR60001,move to,LOC_중앙계곡,2026-08-09T09:10:44.000Z,21.37022186,-157.74064986,UAV 1,2,1:3001:2602,ENBTR60001,1:1:222:2:8:1:0,0,false,false,false,false,0
ENMORT005,none,,2026-08-09T09:10:44.000Z,21.37457651,-157.73710572,UAV 1,2,1:3001:2607,ENMORT005,1:1:71:10:1:0:1,0,false,false,false,false,0
ENM1A2001,move to,LOC_중앙계곡,2026-08-09T09:10:44.000Z,21.37477196,-157.74275347,UAV 1,2,1:3001:2608,ENM1A2001,1:1:225:1:1:3:0,0,false,false,false,false,0
ENM1A2005,move to,LOC_중앙계곡,2026-08-09T09:10:44.000Z,21.37467887,-157.74247460,UAV 1,2,1:3001:2621,ENM1A2005,1:1:225:1:1:3:0,0,false,false,false,false,0
FRT69001,move to,LOC_중앙킬존남측,2026-08-09T09:10:44.000Z,21.38622497,-157.73660364,UAV 1,1,1:3001:2625,FRT69001,1:1:45:1:2:1:0,0,false,false,false,false,0
ENMORT004,none,,2026-08-09T09:10:44.000Z,21.37447596,-157.73706256,UAV 1,2,1:3001:2630,ENMORT004,1:1:71:10:1:0:1,0,false,false,false,false,0
ENGAZ001,move to,LOC_적북측접근로,2026-08-09T09:10:44.000Z,21.37291187,-157.73435834,UAV 1,2,1:3001:2654,ENGAZ001,1:1:222:7:8:0:0,0,false,false,false,false,0
ENBTR60006,move to,LOC_중앙계곡,2026-08-09T09:10:44.000Z,21.37026750,-157.74046778,UAV 1,2,1:3001:2663,ENBTR60006,1:1:222:2:8:1:0,0,false,false,false,false,0
ENBTR80004,move to,LOC_중앙계곡,2026-08-09T09:10:44.000Z,21.37033396,-157.74040348,UAV 1,2,1:3001:2679,ENBTR80004,1:1:222:2:13:0:0,0,false,false,false,false,0
ENM1A2002,move to,LOC_중앙계곡,2026-08-09T09:10:44.000Z,21.37474792,-157.74268409,UAV 1,2,1:3001:2693,ENM1A2002,1:1:225:1:1:3:0,0,false,false,false,false,0
ENBTR80001,move to,LOC_중앙계곡,2026-08-09T09:10:44.000Z,21.37041603,-157.74045610,UAV 1,2,1:3001:2697,ENBTR80001,1:1:222:2:13:0:0,0,false,false,false,false,0
ENCAESAR004,move to,LOC_북측예비방어선,2026-08-09T09:10:44.000Z,21.37058480,-157.73608418,UAV 1,2,1:3001:2698,ENCAESAR004,1:1:71:4:0:0:0,0,false,false,false,false,0
ENGAZ002,move to,LOC_적북측접근로,2026-08-09T09:10:44.000Z,21.37297278,-157.73443795,UAV 1,2,1:3001:2721,ENGAZ002,1:1:222:7:8:0:0,0,false,false,false,false,0
ENBTR80006,move to,LOC_중앙계곡,2026-08-09T09:10:44.000Z,21.37045047,-157.74027439,UAV 1,2,1:3001:2728,ENBTR80006,1:1:222:2:13:0:0,0,false,false,false,false,0
ENT72011,move to,LOC_중앙계곡,2026-08-09T09:10:44.000Z,21.37254257,-157.74166351,UAV 1,2,1:3001:2732,ENT72011,1:1:222:1:2:1:0,0,false,false,false,false,0
ENGAZ003,move to,LOC_적북측접근로,2026-08-09T09:10:44.000Z,21.37292507,-157.73430264,UAV 1,2,1:3001:2749,ENGAZ003,1:1:222:7:8:0:0,0,false,false,false,false,0
ENBTR80003,move to,LOC_중앙계곡,2026-08-09T09:10:44.000Z,21.37053163,-157.74032716,UAV 1,2,1:3001:2753,ENBTR80003,1:1:222:2:13:0:0,0,false,false,false,false,0
FRT80008,move to,LOC_중앙킬존남측,2026-08-09T09:10:44.000Z,21.38218667,-157.74948273,UAV 1,1,1:3001:2756,FRT80008,1:1:222:1:1:1:0,0,false,false,false,false,0
ENCAESAR003,move to,LOC_적북측접근로,2026-08-09T09:10:44.000Z,21.36993989,-157.73484258,UAV 1,2,1:3001:2782,ENCAESAR003,1:1:71:4:0:0:0,0,false,false,false,false,0
ENMORT001,none,,2026-08-09T09:10:44.000Z,21.37443553,-157.73716992,UAV 1,2,1:3001:2789,ENMORT001,1:1:71:10:1:0:1,0,false,false,false,false,0
ENBTR60007,move to,LOC_중앙계곡,2026-08-09T09:10:44.000Z,21.37006410,-157.74054497,UAV 1,2,1:3001:2815,ENBTR60007,1:1:222:2:8:1:0,0,false,false,false,false,0
ENBTR60008,move to,LOC_중앙계곡,2026-08-09T09:10:44.000Z,21.37011275,-157.74047929,UAV 1,2,1:3001:2826,ENBTR60008,1:1:222:2:8:1:0,0,false,false,false,false,0
FRTRK2002,move to,LOC_남측제1방어선,2026-08-09T09:10:44.000Z,21.38779114,-157.74913339,UAV 1,1,1:3001:2827,FRTRK2002,1:1:225:7:12:8:0,0,false,false,false,false,0
ENBTR80007,move to,LOC_중앙계곡,2026-08-09T09:10:44.000Z,21.37026092,-157.74035128,UAV 1,2,1:3001:2828,ENBTR80007,1:1:222:2:13:0:0,0,false,false,false,false,0
ENMORT002,none,,2026-08-09T09:10:44.000Z,21.37453609,-157.73721308,UAV 1,2,1:3001:2834,ENMORT002,1:1:71:10:1:0:1,0,false,false,false,false,0
ENGAZ004,move to,LOC_적북측접근로,2026-08-09T09:10:44.000Z,21.37298825,-157.73437102,UAV 1,2,1:3001:2838,ENGAZ004,1:1:222:7:8:0:0,0,false,false,false,false,0
ENBTR80005,move to,LOC_중앙계곡,2026-08-09T09:10:44.000Z,21.37038815,-157.74033856,UAV 1,2,1:3001:2846,ENBTR80005,1:1:222:2:13:0:0,0,false,false,false,false,0
ENMIM001,move to,LOC_적북측접근로,2026-08-09T09:10:44.000Z,21.37015095,-157.73819512,UAV 1,2,1:3001:2855,ENMIM001,1:1:225:28:2:0:0,0,false,false,false,false,0
ENCAESAR001,move to,LOC_적북측접근로,2026-08-09T09:10:44.000Z,21.37027390,-157.73636827,UAV 1,2,1:3001:2860,ENCAESAR001,1:1:71:4:0:0:0,0,false,false,false,false,0
ENMORT003,none,,2026-08-09T09:10:44.000Z,21.37463664,-157.73725624,UAV 1,2,1:3001:2865,ENMORT003,1:1:71:10:1:0:1,0,false,false,false,false,0
ENBTR60004,move to,LOC_중앙계곡,2026-08-09T09:10:44.000Z,21.37012985,-157.74059701,UAV 1,2,1:3001:2872,ENBTR60004,1:1:222:2:8:1:0,0,false,false,false,false,0
ENM1A2004,move to,LOC_중앙계곡,2026-08-09T09:10:44.000Z,21.37469915,-157.74254541,UAV 1,2,1:3001:2886,ENM1A2004,1:1:225:1:1:3:0,0,false,false,false,false,0
ENBTR60005,move to,LOC_중앙계곡,2026-08-09T09:10:44.000Z,21.37019826,-157.74053222,UAV 1,2,1:3001:2902,ENBTR60005,1:1:222:2:8:1:0,0,false,false,false,false,0
ENT72010,move to,LOC_중앙계곡,2026-08-09T09:10:44.000Z,21.37261229,-157.74157723,UAV 1,2,1:3001:2761,ENT72010,1:1:222:1:2:1:0,0,false,false,false,false,0
ENT72007,move to,LOC_중앙계곡,2026-08-09T09:10:44.000Z,21.37272308,-157.74164600,UAV 1,2,1:3001:2587,ENT72007,1:1:222:1:2:1:0,0,false,false,false,false,0
ENT72008,move to,LOC_중앙계곡,2026-08-09T09:10:44.000Z,21.37271265,-157.74156777,UAV 1,2,1:3001:2615,ENT72008,1:1:222:1:2:1:0,0,false,false,false,false,0
ENT72009,move to,LOC_중앙계곡,2026-08-09T09:10:44.000Z,21.37261983,-157.74165608,UAV 1,2,1:3001:2727,ENT72009,1:1:222:1:2:1:0,0,false,false,false,false,0
ENBTR80002,move to,LOC_중앙계곡,2026-08-09T09:10:44.000Z,21.37048090,-157.74039204,UAV 1,2,1:3001:2884,ENBTR80002,1:1:222:2:13:0:0,0,false,false,false,false,0
ENBTR60003,move to,LOC_중앙계곡,2026-08-09T09:10:44.000Z,21.37033774,-157.74051971,UAV 1,2,1:3001:2685,ENBTR60003,1:1:222:2:8:1:0,0,false,false,false,false,0
ENT72006,move to,LOC_중앙계곡,2026-08-09T09:10:44.000Z,21.37279759,-157.74155969,UAV 1,2,1:3001:2778,ENT72006,1:1:222:1:2:1:0,0,false,false,false,false,0
ENBTR60002,move to,LOC_중앙계곡,2026-08-09T09:10:44.000Z,21.37027693,-157.74058458,UAV 1,2,1:3001:2788,ENBTR60002,1:1:222:2:8:1:0,0,false,false,false,false,0
ENT72001,move to,LOC_중앙계곡,2026-08-09T09:10:44.000Z,21.37297003,-157.74162214,UAV 1,2,1:3001:2681,ENT72001,1:1:222:1:2:1:0,0,false,false,false,false,0
FRTRK2001,move to,LOC_남측제1방어선,2026-08-09T09:10:44.000Z,21.38786923,-157.74911442,UAV 1,1,1:3001:2823,FRTRK2001,1:1:225:7:12:8:0,0,false,false,false,false,0
ENT72002,move to,LOC_중앙계곡,2026-08-09T09:10:44.000Z,21.37295911,-157.74154429,UAV 1,2,1:3001:2628,ENT72002,1:1:222:1:2:1:0,0,false,false,false,false,0
ENT72003,move to,LOC_중앙계곡,2026-08-09T09:10:44.000Z,21.37289168,-157.74162969,UAV 1,2,1:3001:2590,ENT72003,1:1:222:1:2:1:0,0,false,false,false,false,0
ENT72004,move to,LOC_중앙계곡,2026-08-09T09:10:44.000Z,21.37287759,-157.74155205,UAV 1,2,1:3001:2738,ENT72004,1:1:222:1:2:1:0,0,false,false,false,false,0
ENT72005,move to,LOC_중앙계곡,2026-08-09T09:10:44.000Z,21.37281239,-157.74163733,UAV 1,2,1:3001:2648,ENT72005,1:1:222:1:2:1:0,0,false,false,false,false,0
M107 1,fired_by,,2026-08-09T09:10:44.000Z,21.37086100,-157.73495643,UAV 1,2,1:3001:2920,M107 1,2:9:225:2:14:2:0,0,false,false,false,false,0
M107 2,fired_by,,2026-08-09T09:10:44.000Z,21.37059392,-157.73491719,UAV 1,2,1:3001:2921,M107 2,2:9:225:2:14:2:0,0,false,false,false,false,0
M107 3,fired_by,,2026-08-09T09:10:44.000Z,21.39471125,-157.73750190,UAV 1,1,1:3001:2922,M107 3,2:9:225:2:14:2:0,0,false,false,false,false,0
M107 4,fired_by,,2026-08-09T09:10:44.000Z,21.39479793,-157.73750411,UAV 1,1,1:3001:2923,M107 4,2:9:225:2:14:2:0,0,false,false,false,false,0
M107 5,fired_by,,2026-08-09T09:10:44.000Z,21.39448057,-157.73724947,UAV 1,1,1:3001:2924,M107 5,2:9:225:2:14:2:0,0,false,false,false,false,0
ENM1A2003,move to,LOC_중앙계곡,2026-08-09T09:10:46.000Z,21.37472310,-157.74261493,UAV 1,2,1:3001:2564,ENM1A2003,1:1:225:1:1:3:0,0,false,false,false,false,0
FRTRK2004,move to,LOC_남측제1방어선,2026-08-09T09:10:46.000Z,21.38780294,-157.74922365,UAV 1,1,1:3001:2576,FRTRK2004,1:1:225:7:12:8:0,0,false,false,false,false,0
ENCAESAR002,move to,LOC_북측예비방어선,2026-08-09T09:10:46.000Z,21.37012368,-157.73490663,UAV 1,2,1:3001:2594,ENCAESAR002,1:1:71:4:0:0:0,0,false,false,false,false,0
ENT72012,move to,LOC_중앙계곡,2026-08-09T09:10:46.000Z,21.37252581,-157.74158545,UAV 1,2,1:3001:2595,ENT72012,1:1:222:1:2:1:0,0,false,false,false,false,0
ENBTR60001,move to,LOC_중앙계곡,2026-08-09T09:10:46.000Z,21.37022186,-157.74064986,UAV 1,2,1:3001:2602,ENBTR60001,1:1:222:2:8:1:0,0,false,false,false,false,0
ENMORT005,none,,2026-08-09T09:10:46.000Z,21.37457651,-157.73710572,UAV 1,2,1:3001:2607,ENMORT005,1:1:71:10:1:0:1,0,false,false,false,false,0
ENM1A2001,move to,LOC_중앙계곡,2026-08-09T09:10:46.000Z,21.37477196,-157.74275347,UAV 1,2,1:3001:2608,ENM1A2001,1:1:225:1:1:3:0,0,false,false,false,false,0
ENM1A2005,move to,LOC_중앙계곡,2026-08-09T09:10:46.000Z,21.37467887,-157.74247460,UAV 1,2,1:3001:2621,ENM1A2005,1:1:225:1:1:3:0,0,false,false,false,false,0
FRT69001,move to,LOC_중앙킬존남측,2026-08-09T09:10:46.000Z,21.38622497,-157.73660364,UAV 1,1,1:3001:2625,FRT69001,1:1:45:1:2:1:0,0,false,false,false,false,0
ENMORT004,none,,2026-08-09T09:10:46.000Z,21.37447596,-157.73706256,UAV 1,2,1:3001:2630,ENMORT004,1:1:71:10:1:0:1,0,false,false,false,false,0
ENGAZ001,move to,LOC_적북측접근로,2026-08-09T09:10:46.000Z,21.37291187,-157.73435834,UAV 1,2,1:3001:2654,ENGAZ001,1:1:222:7:8:0:0,0,false,false,false,false,0
ENBTR60006,move to,LOC_중앙계곡,2026-08-09T09:10:46.000Z,21.37026750,-157.74046778,UAV 1,2,1:3001:2663,ENBTR60006,1:1:222:2:8:1:0,0,false,false,false,false,0
ENBTR80004,move to,LOC_중앙계곡,2026-08-09T09:10:46.000Z,21.37033396,-157.74040348,UAV 1,2,1:3001:2679,ENBTR80004,1:1:222:2:13:0:0,0,false,false,false,false,0
ENM1A2002,move to,LOC_중앙계곡,2026-08-09T09:10:46.000Z,21.37474792,-157.74268409,UAV 1,2,1:3001:2693,ENM1A2002,1:1:225:1:1:3:0,0,false,false,false,false,0
ENBTR80001,move to,LOC_중앙계곡,2026-08-09T09:10:46.000Z,21.37041603,-157.74045610,UAV 1,2,1:3001:2697,ENBTR80001,1:1:222:2:13:0:0,0,false,false,false,false,0
ENCAESAR004,move to,LOC_북측예비방어선,2026-08-09T09:10:46.000Z,21.37058480,-157.73608418,UAV 1,2,1:3001:2698,ENCAESAR004,1:1:71:4:0:0:0,0,false,false,false,false,0
ENGAZ002,move to,LOC_적북측접근로,2026-08-09T09:10:46.000Z,21.37297278,-157.73443795,UAV 1,2,1:3001:2721,ENGAZ002,1:1:222:7:8:0:0,0,false,false,false,false,0
ENBTR80006,move to,LOC_중앙계곡,2026-08-09T09:10:46.000Z,21.37045047,-157.74027439,UAV 1,2,1:3001:2728,ENBTR80006,1:1:222:2:13:0:0,0,false,false,false,false,0
ENT72011,move to,LOC_중앙계곡,2026-08-09T09:10:46.000Z,21.37254257,-157.74166351,UAV 1,2,1:3001:2732,ENT72011,1:1:222:1:2:1:0,0,false,false,false,false,0
ENGAZ003,move to,LOC_적북측접근로,2026-08-09T09:10:46.000Z,21.37292507,-157.73430264,UAV 1,2,1:3001:2749,ENGAZ003,1:1:222:7:8:0:0,0,false,false,false,false,0
ENBTR80003,move to,LOC_중앙계곡,2026-08-09T09:10:46.000Z,21.37053163,-157.74032716,UAV 1,2,1:3001:2753,ENBTR80003,1:1:222:2:13:0:0,0,false,false,false,false,0
FRT80008,move to,LOC_중앙킬존남측,2026-08-09T09:10:46.000Z,21.38218667,-157.74948273,UAV 1,1,1:3001:2756,FRT80008,1:1:222:1:1:1:0,0,false,false,false,false,0
ENCAESAR003,move to,LOC_적북측접근로,2026-08-09T09:10:46.000Z,21.36993989,-157.73484258,UAV 1,2,1:3001:2782,ENCAESAR003,1:1:71:4:0:0:0,0,false,false,false,false,0
ENMORT001,none,,2026-08-09T09:10:46.000Z,21.37443553,-157.73716992,UAV 1,2,1:3001:2789,ENMORT001,1:1:71:10:1:0:1,0,false,false,false,false,0
ENBTR60007,move to,LOC_중앙계곡,2026-08-09T09:10:46.000Z,21.37006410,-157.74054497,UAV 1,2,1:3001:2815,ENBTR60007,1:1:222:2:8:1:0,0,false,false,false,false,0
ENBTR60008,move to,LOC_중앙계곡,2026-08-09T09:10:46.000Z,21.37011275,-157.74047929,UAV 1,2,1:3001:2826,ENBTR60008,1:1:222:2:8:1:0,0,false,false,false,false,0
FRTRK2002,move to,LOC_남측제1방어선,2026-08-09T09:10:46.000Z,21.38779114,-157.74913339,UAV 1,1,1:3001:2827,FRTRK2002,1:1:225:7:12:8:0,0,false,false,false,false,0
ENBTR80007,move to,LOC_중앙계곡,2026-08-09T09:10:46.000Z,21.37026092,-157.74035128,UAV 1,2,1:3001:2828,ENBTR80007,1:1:222:2:13:0:0,0,false,false,false,false,0
ENMORT002,none,,2026-08-09T09:10:46.000Z,21.37453609,-157.73721308,UAV 1,2,1:3001:2834,ENMORT002,1:1:71:10:1:0:1,0,false,false,false,false,0
ENGAZ004,move to,LOC_적북측접근로,2026-08-09T09:10:46.000Z,21.37298825,-157.73437102,UAV 1,2,1:3001:2838,ENGAZ004,1:1:222:7:8:0:0,0,false,false,false,false,0
ENBTR80005,move to,LOC_중앙계곡,2026-08-09T09:10:46.000Z,21.37038815,-157.74033856,UAV 1,2,1:3001:2846,ENBTR80005,1:1:222:2:13:0:0,0,false,false,false,false,0
ENMIM001,move to,LOC_적북측접근로,2026-08-09T09:10:46.000Z,21.37015095,-157.73819512,UAV 1,2,1:3001:2855,ENMIM001,1:1:225:28:2:0:0,0,false,false,false,false,0
ENCAESAR001,move to,LOC_적북측접근로,2026-08-09T09:10:46.000Z,21.37027390,-157.73636827,UAV 1,2,1:3001:2860,ENCAESAR001,1:1:71:4:0:0:0,0,false,false,false,false,0
ENMORT003,none,,2026-08-09T09:10:46.000Z,21.37463664,-157.73725624,UAV 1,2,1:3001:2865,ENMORT003,1:1:71:10:1:0:1,0,false,false,false,false,0
ENBTR60004,move to,LOC_중앙계곡,2026-08-09T09:10:46.000Z,21.37012985,-157.74059701,UAV 1,2,1:3001:2872,ENBTR60004,1:1:222:2:8:1:0,0,false,false,false,false,0
ENM1A2004,move to,LOC_중앙계곡,2026-08-09T09:10:46.000Z,21.37469915,-157.74254541,UAV 1,2,1:3001:2886,ENM1A2004,1:1:225:1:1:3:0,0,false,false,false,false,0
ENBTR60005,move to,LOC_중앙계곡,2026-08-09T09:10:46.000Z,21.37019826,-157.74053222,UAV 1,2,1:3001:2902,ENBTR60005,1:1:222:2:8:1:0,0,false,false,false,false,0
ENT72010,move to,LOC_중앙계곡,2026-08-09T09:10:46.000Z,21.37261229,-157.74157723,UAV 1,2,1:3001:2761,ENT72010,1:1:222:1:2:1:0,0,false,false,false,false,0
ENT72007,move to,LOC_중앙계곡,2026-08-09T09:10:46.000Z,21.37272308,-157.74164600,UAV 1,2,1:3001:2587,ENT72007,1:1:222:1:2:1:0,0,false,false,false,false,0
ENT72008,move to,LOC_중앙계곡,2026-08-09T09:10:46.000Z,21.37271265,-157.74156777,UAV 1,2,1:3001:2615,ENT72008,1:1:222:1:2:1:0,0,false,false,false,false,0
ENT72009,move to,LOC_중앙계곡,2026-08-09T09:10:46.000Z,21.37261983,-157.74165608,UAV 1,2,1:3001:2727,ENT72009,1:1:222:1:2:1:0,0,false,false,false,false,0
ENBTR80002,move to,LOC_중앙계곡,2026-08-09T09:10:46.000Z,21.37048090,-157.74039204,UAV 1,2,1:3001:2884,ENBTR80002,1:1:222:2:13:0:0,0,false,false,false,false,0
ENBTR60003,move to,LOC_중앙계곡,2026-08-09T09:10:46.000Z,21.37033774,-157.74051971,UAV 1,2,1:3001:2685,ENBTR60003,1:1:222:2:8:1:0,0,false,false,false,false,0
ENT72006,move to,LOC_중앙계곡,2026-08-09T09:10:46.000Z,21.37279759,-157.74155969,UAV 1,2,1:3001:2778,ENT72006,1:1:222:1:2:1:0,0,false,false,false,false,0
ENBTR60002,move to,LOC_중앙계곡,2026-08-09T09:10:46.000Z,21.37027693,-157.74058458,UAV 1,2,1:3001:2788,ENBTR60002,1:1:222:2:8:1:0,0,false,false,false,false,0
ENT72001,move to,LOC_중앙계곡,2026-08-09T09:10:46.000Z,21.37297003,-157.74162214,UAV 1,2,1:3001:2681,ENT72001,1:1:222:1:2:1:0,0,false,false,false,false,0
FRTRK2001,move to,LOC_남측제1방어선,2026-08-09T09:10:46.000Z,21.38786923,-157.74911442,UAV 1,1,1:3001:2823,FRTRK2001,1:1:225:7:12:8:0,0,false,false,false,false,0
ENT72002,move to,LOC_중앙계곡,2026-08-09T09:10:46.000Z,21.37295911,-157.74154429,UAV 1,2,1:3001:2628,ENT72002,1:1:222:1:2:1:0,0,false,false,false,false,0
ENT72003,move to,LOC_중앙계곡,2026-08-09T09:10:46.000Z,21.37289168,-157.74162969,UAV 1,2,1:3001:2590,ENT72003,1:1:222:1:2:1:0,0,false,false,false,false,0
ENT72004,move to,LOC_중앙계곡,2026-08-09T09:10:46.000Z,21.37287759,-157.74155205,UAV 1,2,1:3001:2738,ENT72004,1:1:222:1:2:1:0,0,false,false,false,false,0
ENT72005,move to,LOC_중앙계곡,2026-08-09T09:10:46.000Z,21.37281239,-157.74163733,UAV 1,2,1:3001:2648,ENT72005,1:1:222:1:2:1:0,0,false,false,false,false,0
M107 1,fired_by,,2026-08-09T09:10:46.000Z,21.37086100,-157.73495643,UAV 1,2,1:3001:2920,M107 1,2:9:225:2:14:2:0,0,false,false,false,false,0
M107 2,fired_by,,2026-08-09T09:10:46.000Z,21.37059392,-157.73491719,UAV 1,2,1:3001:2921,M107 2,2:9:225:2:14:2:0,0,false,false,false,false,0
M107 3,fired_by,,2026-08-09T09:10:46.000Z,21.39471125,-157.73750190,UAV 1,1,1:3001:2922,M107 3,2:9:225:2:14:2:0,0,false,false,false,false,0
M107 4,fired_by,,2026-08-09T09:10:46.000Z,21.39479793,-157.73750411,UAV 1,1,1:3001:2923,M107 4,2:9:225:2:14:2:0,0,false,false,false,false,0
M107 5,fired_by,,2026-08-09T09:10:46.000Z,21.39448057,-157.73724947,UAV 1,1,1:3001:2924,M107 5,2:9:225:2:14:2:0,0,false,false,false,false,0
ENM1A2003,move to,LOC_중앙계곡,2026-08-09T09:10:47.000Z,21.37490562,-157.74254816,UAV 1,2,1:3001:2564,ENM1A2003,1:1:225:1:1:3:0,0,false,false,false,false,0
FRTRK2004,move to,LOC_남측제1방어선,2026-08-09T09:10:47.000Z,21.38778053,-157.74903015,UAV 1,1,1:3001:2576,FRTRK2004,1:1:225:7:12:8:0,0,false,false,false,false,0
ENCAESAR002,move to,LOC_북측예비방어선,2026-08-09T09:10:47.000Z,21.37018975,-157.73507310,UAV 1,2,1:3001:2594,ENCAESAR002,1:1:71:4:0:0:0,0,false,false,false,false,0
ENT72012,move to,LOC_중앙계곡,2026-08-09T09:10:47.000Z,21.37271340,-157.74156858,UAV 1,2,1:3001:2595,ENT72012,1:1:222:1:2:1:0,0,false,false,false,false,0
ENBTR60001,move to,LOC_중앙계곡,2026-08-09T09:10:47.000Z,21.37040793,-157.74065688,UAV 1,2,1:3001:2602,ENBTR60001,1:1:222:2:8:1:0,0,false,false,false,false,0
ENMORT005,none,,2026-08-09T09:10:47.000Z,21.37457651,-157.73710572,UAV 1,2,1:3001:2607,ENMORT005,1:1:71:10:1:0:1,0,false,false,false,false,0
ENM1A2001,move to,LOC_중앙계곡,2026-08-09T09:10:47.000Z,21.37495468,-157.74268013,UAV 1,2,1:3001:2608,ENM1A2001,1:1:225:1:1:3:0,0,false,false,false,false,0
ENM1A2005,move to,LOC_중앙계곡,2026-08-09T09:10:47.000Z,21.37485805,-157.74241530,UAV 1,2,1:3001:2621,ENM1A2005,1:1:225:1:1:3:0,0,false,false,false,false,0
FRT69001,move to,LOC_중앙킬존남측,2026-08-09T09:10:47.000Z,21.38613053,-157.73677578,UAV 1,1,1:3001:2625,FRT69001,1:1:45:1:2:1:0,0,false,false,false,false,0
ENMORT004,none,,2026-08-09T09:10:47.000Z,21.37447596,-157.73706256,UAV 1,2,1:3001:2630,ENMORT004,1:1:71:10:1:0:1,0,false,false,false,false,0
ENGAZ001,move to,LOC_적북측접근로,2026-08-09T09:10:47.000Z,21.37288912,-157.73446450,UAV 1,2,1:3001:2654,ENGAZ001,1:1:222:7:8:0:0,0,false,false,false,false,0
ENBTR60006,move to,LOC_중앙계곡,2026-08-09T09:10:47.000Z,21.37044934,-157.74047840,UAV 1,2,1:3001:2663,ENBTR60006,1:1:222:2:8:1:0,0,false,false,false,false,0
ENBTR80004,move to,LOC_중앙계곡,2026-08-09T09:10:47.000Z,21.37051395,-157.74041538,UAV 1,2,1:3001:2679,ENBTR80004,1:1:222:2:13:0:0,0,false,false,false,false,0
ENM1A2002,move to,LOC_중앙계곡,2026-08-09T09:10:47.000Z,21.37493051,-157.74261407,UAV 1,2,1:3001:2693,ENM1A2002,1:1:225:1:1:3:0,0,false,false,false,false,0
ENBTR80001,move to,LOC_중앙계곡,2026-08-09T09:10:47.000Z,21.37060179,-157.74046738,UAV 1,2,1:3001:2697,ENBTR80001,1:1:222:2:13:0:0,0,false,false,false,false,0
ENCAESAR004,move to,LOC_북측예비방어선,2026-08-09T09:10:47.000Z,21.37065867,-157.73626990,UAV 1,2,1:3001:2698,ENCAESAR004,1:1:71:4:0:0:0,0,false,false,false,false,0
ENGAZ002,move to,LOC_적북측접근로,2026-08-09T09:10:47.000Z,21.37294921,-157.73454272,UAV 1,2,1:3001:2721,ENGAZ002,1:1:222:7:8:0:0,0,false,false,false,false,0
ENBTR80006,move to,LOC_중앙계곡,2026-08-09T09:10:47.000Z,21.37063712,-157.74028967,UAV 1,2,1:3001:2728,ENBTR80006,1:1:222:2:13:0:0,0,false,false,false,false,0
ENT72011,move to,LOC_중앙계곡,2026-08-09T09:10:47.000Z,21.37271730,-157.74164570,UAV 1,2,1:3001:2732,ENT72011,1:1:222:1:2:1:0,0,false,false,false,false,0
ENGAZ003,move to,LOC_적북측접근로,2026-08-09T09:10:47.000Z,21.37290223,-157.73440918,UAV 1,2,1:3001:2749,ENGAZ003,1:1:222:7:8:0:0,0,false,false,false,false,0
ENBTR80003,move to,LOC_중앙계곡,2026-08-09T09:10:47.000Z,21.37073042,-157.74034237,UAV 1,2,1:3001:2753,ENBTR80003,1:1:222:2:13:0:0,0,false,false,false,false,0
FRT80008,move to,LOC_중앙킬존남측,2026-08-09T09:10:47.000Z,21.38210754,-157.74930217,UAV 1,1,1:3001:2756,FRT80008,1:1:222:1:1:1:0,0,false,false,false,false,0
ENCAESAR003,move to,LOC_적북측접근로,2026-08-09T09:10:47.000Z,21.36997721,-157.73502769,UAV 1,2,1:3001:2782,ENCAESAR003,1:1:71:4:0:0:0,0,false,false,false,false,0
ENMORT001,none,,2026-08-09T09:10:47.000Z,21.37443553,-157.73716992,UAV 1,2,1:3001:2789,ENMORT001,1:1:71:10:1:0:1,0,false,false,false,false,0
ENBTR60007,move to,LOC_중앙계곡,2026-08-09T09:10:47.000Z,21.37025262,-157.74055412,UAV 1,2,1:3001:2815,ENBTR60007,1:1:222:2:8:1:0,0,false,false,false,false,0
ENBTR60008,move to,LOC_중앙계곡,2026-08-09T09:10:47.000Z,21.37030256,-157.74048995,UAV 1,2,1:3001:2826,ENBTR60008,1:1:222:2:8:1:0,0,false,false,false,false,0
FRTRK2002,move to,LOC_남측제1방어선,2026-08-09T09:10:47.000Z,21.38776897,-157.74894181,UAV 1,1,1:3001:2827,FRTRK2002,1:1:225:7:12:8:0,0,false,false,false,false,0
ENBTR80007,move to,LOC_중앙계곡,2026-08-09T09:10:47.000Z,21.37044317,-157.74036430,UAV 1,2,1:3001:2828,ENBTR80007,1:1:222:2:13:0:0,0,false,false,false,false,0
ENMORT002,none,,2026-08-09T09:10:47.000Z,21.37453609,-157.73721308,UAV 1,2,1:3001:2834,ENMORT002,1:1:71:10:1:0:1,0,false,false,false,false,0
ENGAZ004,move to,LOC_적북측접근로,2026-08-09T09:10:47.000Z,21.37296408,-157.73447848,UAV 1,2,1:3001:2838,ENGAZ004,1:1:222:7:8:0:0,0,false,false,false,false,0
ENBTR80005,move to,LOC_중앙계곡,2026-08-09T09:10:47.000Z,21.37057016,-157.74035201,UAV 1,2,1:3001:2846,ENBTR80005,1:1:222:2:13:0:0,0,false,false,false,false,0
ENMIM001,move to,LOC_적북측접근로,2026-08-09T09:10:47.000Z,21.37021800,-157.73839665,UAV 1,2,1:3001:2855,ENMIM001,1:1:225:28:2:0:0,0,false,false,false,false,0
ENCAESAR001,move to,LOC_적북측접근로,2026-08-09T09:10:47.000Z,21.37031230,-157.73656350,UAV 1,2,1:3001:2860,ENCAESAR001,1:1:71:4:0:0:0,0,false,false,false,false,0
ENMORT003,none,,2026-08-09T09:10:47.000Z,21.37463664,-157.73725624,UAV 1,2,1:3001:2865,ENMORT003,1:1:71:10:1:0:1,0,false,false,false,false,0
ENBTR60004,move to,LOC_중앙계곡,2026-08-09T09:10:47.000Z,21.37031794,-157.74060515,UAV 1,2,1:3001:2872,ENBTR60004,1:1:222:2:8:1:0,0,false,false,false,false,0
ENM1A2004,move to,LOC_중앙계곡,2026-08-09T09:10:47.000Z,21.37488090,-157.74248210,UAV 1,2,1:3001:2886,ENM1A2004,1:1:225:1:1:3:0,0,false,false,false,false,0
ENBTR60005,move to,LOC_중앙계곡,2026-08-09T09:10:47.000Z,21.37038419,-157.74054166,UAV 1,2,1:3001:2902,ENBTR60005,1:1:222:2:8:1:0,0,false,false,false,false,0
ENT72010,move to,LOC_중앙계곡,2026-08-09T09:10:47.000Z,21.37280066,-157.74156031,UAV 1,2,1:3001:2761,ENT72010,1:1:222:1:2:1:0,0,false,false,false,false,0
ENT72007,move to,LOC_중앙계곡,2026-08-09T09:10:47.000Z,21.37290916,-157.74162700,UAV 1,2,1:3001:2587,ENT72007,1:1:222:1:2:1:0,0,false,false,false,false,0
ENT72008,move to,LOC_중앙계곡,2026-08-09T09:10:47.000Z,21.37289804,-157.74155112,UAV 1,2,1:3001:2615,ENT72008,1:1:222:1:2:1:0,0,false,false,false,false,0
ENT72009,move to,LOC_중앙계곡,2026-08-09T09:10:47.000Z,21.37281630,-157.74163604,UAV 1,2,1:3001:2727,ENT72009,1:1:222:1:2:1:0,0,false,false,false,false,0
ENBTR80002,move to,LOC_중앙계곡,2026-08-09T09:10:47.000Z,21.37067593,-157.74040541,UAV 1,2,1:3001:2884,ENBTR80002,1:1:222:2:13:0:0,0,false,false,false,false,0
ENBTR60003,move to,LOC_중앙계곡,2026-08-09T09:10:47.000Z,21.37052235,-157.74052949,UAV 1,2,1:3001:2685,ENBTR60003,1:1:222:2:8:1:0,0,false,false,false,false,0
ENT72006,move to,LOC_중앙계곡,2026-08-09T09:10:47.000Z,21.37298289,-157.74154306,UAV 1,2,1:3001:2778,ENT72006,1:1:222:1:2:1:0,0,false,false,false,false,0
ENBTR60002,move to,LOC_중앙계곡,2026-08-09T09:10:47.000Z,21.37046600,-157.74059315,UAV 1,2,1:3001:2788,ENBTR60002,1:1:222:2:8:1:0,0,false,false,false,false,0
ENT72001,move to,LOC_중앙계곡,2026-08-09T09:10:47.000Z,21.37315499,-157.74160322,UAV 1,2,1:3001:2681,ENT72001,1:1:222:1:2:1:0,0,false,false,false,false,0
ENT72002,move to,LOC_중앙계곡,2026-08-09T09:10:47.000Z,21.37314434,-157.74152770,UAV 1,2,1:3001:2628,ENT72002,1:1:222:1:2:1:0,0,false,false,false,false,0
ENT72003,move to,LOC_중앙계곡,2026-08-09T09:10:47.000Z,21.37307557,-157.74161089,UAV 1,2,1:3001:2590,ENT72003,1:1:222:1:2:1:0,0,false,false,false,false,0
ENT72004,move to,LOC_중앙계곡,2026-08-09T09:10:47.000Z,21.37306234,-157.74153549,UAV 1,2,1:3001:2738,ENT72004,1:1:222:1:2:1:0,0,false,false,false,false,0
ENT72005,move to,LOC_중앙계곡,2026-08-09T09:10:47.000Z,21.37299128,-157.74161906,UAV 1,2,1:3001:2648,ENT72005,1:1:222:1:2:1:0,0,false,false,false,false,0
M107 3,fired_by,,2026-08-09T09:10:47.000Z,21.39300665,-157.73792507,UAV 1,1,1:3001:2922,M107 3,2:9:225:2:14:2:0,0,false,false,false,false,0
M107 4,fired_by,,2026-08-09T09:10:47.000Z,21.39335785,-157.73745173,UAV 1,1,1:3001:2923,M107 4,2:9:225:2:14:2:0,0,false,false,false,false,0
M107 5,fired_by,,2026-08-09T09:10:47.000Z,21.39248365,-157.73687645,UAV 1,1,1:3001:2924,M107 5,2:9:225:2:14:2:0,0,false,false,false,false,0
ENM35001,move to,LOC_적북측접근로,2026-08-09T09:10:47.000Z,21.37300258,-157.73464408,UAV 1,2,1:3001:2754,ENM35001,1:1:225:7:1:6:0,0,false,false,false,false,0
FRTRK2004,move to,LOC_남측제1방어선,2026-08-09T09:10:48.000Z,21.38776414,-157.74888873,UAV 1,1,1:3001:2576,FRTRK2004,1:1:225:7:12:8:0,0,false,false,false,false,0
ENCAESAR002,move to,LOC_북측예비방어선,2026-08-09T09:10:48.000Z,21.37026988,-157.73527501,UAV 1,2,1:3001:2594,ENCAESAR002,1:1:71:4:0:0:0,0,false,false,false,false,0
ENT72012,move to,LOC_중앙계곡,2026-08-09T09:10:48.000Z,21.37290846,-157.74155104,UAV 1,2,1:3001:2595,ENT72012,1:1:222:1:2:1:0,0,false,false,false,false,0
ENBTR60001,move to,LOC_중앙계곡,2026-08-09T09:10:48.000Z,21.37060879,-157.74066447,UAV 1,2,1:3001:2602,ENBTR60001,1:1:222:2:8:1:0,0,false,false,false,false,0
ENMORT005,none,,2026-08-09T09:10:48.000Z,21.37457651,-157.73710572,UAV 1,2,1:3001:2607,ENMORT005,1:1:71:10:1:0:1,0,false,false,false,false,0
ENM1A2005,move to,LOC_중앙계곡,2026-08-09T09:10:48.000Z,21.37505268,-157.74235088,UAV 1,2,1:3001:2621,ENM1A2005,1:1:225:1:1:3:0,0,false,false,false,false,0
FRT69001,move to,LOC_중앙킬존남측,2026-08-09T09:10:48.000Z,21.38603106,-157.73695706,UAV 1,1,1:3001:2625,FRT69001,1:1:45:1:2:1:0,0,false,false,false,false,0
ENMORT004,none,,2026-08-09T09:10:48.000Z,21.37447596,-157.73706256,UAV 1,2,1:3001:2630,ENMORT004,1:1:71:10:1:0:1,0,false,false,false,false,0
ENGAZ001,move to,LOC_적북측접근로,2026-08-09T09:10:48.000Z,21.37286332,-157.73458494,UAV 1,2,1:3001:2654,ENGAZ001,1:1:222:7:8:0:0,0,false,false,false,false,0
ENBTR60006,move to,LOC_중앙계곡,2026-08-09T09:10:48.000Z,21.37065076,-157.74049017,UAV 1,2,1:3001:2663,ENBTR60006,1:1:222:2:8:1:0,0,false,false,false,false,0
ENBTR80004,move to,LOC_중앙계곡,2026-08-09T09:10:48.000Z,21.37072312,-157.74042922,UAV 1,2,1:3001:2679,ENBTR80004,1:1:222:2:13:0:0,0,false,false,false,false,0
ENBTR80001,move to,LOC_중앙계곡,2026-08-09T09:10:48.000Z,21.37080795,-157.74047990,UAV 1,2,1:3001:2697,ENBTR80001,1:1:222:2:13:0:0,0,false,false,false,false,0
ENCAESAR004,move to,LOC_북측예비방어선,2026-08-09T09:10:48.000Z,21.37073281,-157.73645628,UAV 1,2,1:3001:2698,ENCAESAR004,1:1:71:4:0:0:0,0,false,false,false,false,0
ENGAZ002,move to,LOC_적북측접근로,2026-08-09T09:10:48.000Z,21.37291650,-157.73468817,UAV 1,2,1:3001:2721,ENGAZ002,1:1:222:7:8:0:0,0,false,false,false,false,0
ENBTR80006,move to,LOC_중앙계곡,2026-08-09T09:10:48.000Z,21.37083848,-157.74030614,UAV 1,2,1:3001:2728,ENBTR80006,1:1:222:2:13:0:0,0,false,false,false,false,0
ENT72011,move to,LOC_중앙계곡,2026-08-09T09:10:48.000Z,21.37292228,-157.74162481,UAV 1,2,1:3001:2732,ENT72011,1:1:222:1:2:1:0,0,false,false,false,false,0
ENGAZ003,move to,LOC_적북측접근로,2026-08-09T09:10:48.000Z,21.37287838,-157.73452043,UAV 1,2,1:3001:2749,ENGAZ003,1:1:222:7:8:0:0,0,false,false,false,false,0
ENBTR80003,move to,LOC_중앙계곡,2026-08-09T09:10:48.000Z,21.37092066,-157.74035692,UAV 1,2,1:3001:2753,ENBTR80003,1:1:222:2:13:0:0,0,false,false,false,false,0
FRT80008,move to,LOC_중앙킬존남측,2026-08-09T09:10:48.000Z,21.38202413,-157.74911184,UAV 1,1,1:3001:2756,FRT80008,1:1:222:1:1:1:0,0,false,false,false,false,0
ENCAESAR003,move to,LOC_적북측접근로,2026-08-09T09:10:48.000Z,21.37002128,-157.73524630,UAV 1,2,1:3001:2782,ENCAESAR003,1:1:71:4:0:0:0,0,false,false,false,false,0
ENMORT001,none,,2026-08-09T09:10:48.000Z,21.37443553,-157.73716992,UAV 1,2,1:3001:2789,ENMORT001,1:1:71:10:1:0:1,0,false,false,false,false,0
ENBTR60007,move to,LOC_중앙계곡,2026-08-09T09:10:48.000Z,21.37044908,-157.74056365,UAV 1,2,1:3001:2815,ENBTR60007,1:1:222:2:8:1:0,0,false,false,false,false,0
ENBTR60008,move to,LOC_중앙계곡,2026-08-09T09:10:48.000Z,21.37049608,-157.74050081,UAV 1,2,1:3001:2826,ENBTR60008,1:1:222:2:8:1:0,0,false,false,false,false,0
FRTRK2002,move to,LOC_남측제1방어선,2026-08-09T09:10:48.000Z,21.38775593,-157.74882913,UAV 1,1,1:3001:2827,FRTRK2002,1:1:225:7:12:8:0,0,false,false,false,false,0
ENBTR80007,move to,LOC_중앙계곡,2026-08-09T09:10:48.000Z,21.37064269,-157.74037856,UAV 1,2,1:3001:2828,ENBTR80007,1:1:222:2:13:0:0,0,false,false,false,false,0
ENMORT002,none,,2026-08-09T09:10:48.000Z,21.37453609,-157.73721308,UAV 1,2,1:3001:2834,ENMORT002,1:1:71:10:1:0:1,0,false,false,false,false,0
ENGAZ004,move to,LOC_적북측접근로,2026-08-09T09:10:48.000Z,21.37293837,-157.73459273,UAV 1,2,1:3001:2838,ENGAZ004,1:1:222:7:8:0:0,0,false,false,false,false,0
ENBTR80005,move to,LOC_중앙계곡,2026-08-09T09:10:48.000Z,21.37077779,-157.74036736,UAV 1,2,1:3001:2846,ENBTR80005,1:1:222:2:13:0:0,0,false,false,false,false,0
ENMIM001,move to,LOC_적북측접근로,2026-08-09T09:10:48.000Z,21.37028338,-157.73859317,UAV 1,2,1:3001:2855,ENMIM001,1:1:225:28:2:0:0,0,false,false,false,false,0
ENCAESAR001,move to,LOC_적북측접근로,2026-08-09T09:10:48.000Z,21.37035330,-157.73677196,UAV 1,2,1:3001:2860,ENCAESAR001,1:1:71:4:0:0:0,0,false,false,false,false,0
ENMORT003,none,,2026-08-09T09:10:48.000Z,21.37463664,-157.73725624,UAV 1,2,1:3001:2865,ENMORT003,1:1:71:10:1:0:1,0,false,false,false,false,0
ENBTR60004,move to,LOC_중앙계곡,2026-08-09T09:10:48.000Z,21.37051837,-157.74061381,UAV 1,2,1:3001:2872,ENBTR60004,1:1:222:2:8:1:0,0,false,false,false,false,0
ENM1A2004,move to,LOC_중앙계곡,2026-08-09T09:10:48.000Z,21.37507368,-157.74241495,UAV 1,2,1:3001:2886,ENM1A2004,1:1:225:1:1:3:0,0,false,false,false,false,0
ENBTR60005,move to,LOC_중앙계곡,2026-08-09T09:10:48.000Z,21.37058238,-157.74055173,UAV 1,2,1:3001:2902,ENBTR60005,1:1:222:2:8:1:0,0,false,false,false,false,0
ENT72010,move to,LOC_중앙계곡,2026-08-09T09:10:48.000Z,21.37299558,-157.74154279,UAV 1,2,1:3001:2761,ENT72010,1:1:222:1:2:1:0,0,false,false,false,false,0
ENT72007,move to,LOC_중앙계곡,2026-08-09T09:10:48.000Z,21.37310414,-157.74160710,UAV 1,2,1:3001:2587,ENT72007,1:1:222:1:2:1:0,0,false,false,false,false,0
ENT72008,move to,LOC_중앙계곡,2026-08-09T09:10:48.000Z,21.37309287,-157.74153363,UAV 1,2,1:3001:2615,ENT72008,1:1:222:1:2:1:0,0,false,false,false,false,0
ENT72009,move to,LOC_중앙계곡,2026-08-09T09:10:48.000Z,21.37300873,-157.74161642,UAV 1,2,1:3001:2727,ENT72009,1:1:222:1:2:1:0,0,false,false,false,false,0
ENBTR80002,move to,LOC_중앙계곡,2026-08-09T09:10:48.000Z,21.37087242,-157.74041888,UAV 1,2,1:3001:2884,ENBTR80002,1:1:222:2:13:0:0,0,false,false,false,false,0
ENBTR60003,move to,LOC_중앙계곡,2026-08-09T09:10:48.000Z,21.37072661,-157.74054032,UAV 1,2,1:3001:2685,ENBTR60003,1:1:222:2:8:1:0,0,false,false,false,false,0
ENT72006,move to,LOC_중앙계곡,2026-08-09T09:10:48.000Z,21.37317682,-157.74152567,UAV 1,2,1:3001:2778,ENT72006,1:1:222:1:2:1:0,0,false,false,false,false,0
ENBTR60002,move to,LOC_중앙계곡,2026-08-09T09:10:48.000Z,21.37066780,-157.74060230,UAV 1,2,1:3001:2788,ENBTR60002,1:1:222:2:8:1:0,0,false,false,false,false,0
ENT72001,move to,LOC_중앙계곡,2026-08-09T09:10:48.000Z,21.37334999,-157.74158328,UAV 1,2,1:3001:2681,ENT72001,1:1:222:1:2:1:0,0,false,false,false,false,0
ENT72002,move to,LOC_중앙계곡,2026-08-09T09:10:48.000Z,21.37334120,-157.74151006,UAV 1,2,1:3001:2628,ENT72002,1:1:222:1:2:1:0,0,false,false,false,false,0
ENT72003,move to,LOC_중앙계곡,2026-08-09T09:10:48.000Z,21.37326972,-157.74159105,UAV 1,2,1:3001:2590,ENT72003,1:1:222:1:2:1:0,0,false,false,false,false,0
ENT72004,move to,LOC_중앙계곡,2026-08-09T09:10:48.000Z,21.37325812,-157.74151794,UAV 1,2,1:3001:2738,ENT72004,1:1:222:1:2:1:0,0,false,false,false,false,0
ENT72005,move to,LOC_중앙계곡,2026-08-09T09:10:48.000Z,21.37318852,-157.74159892,UAV 1,2,1:3001:2648,ENT72005,1:1:222:1:2:1:0,0,false,false,false,false,0
M107 4,fired_by,,2026-08-09T09:10:48.000Z,21.39183847,-157.73739646,UAV 1,1,1:3001:2923,M107 4,2:9:225:2:14:2:0,0,false,false,false,false,0
ENM35001,move to,LOC_적북측접근로,2026-08-09T09:10:48.000Z,21.37295406,-157.73484997,UAV 1,2,1:3001:2754,ENM35001,1:1:225:7:1:6:0,0,false,false,false,false,0
FRTRK1003,move to,LOC_남측제1방어선,2026-08-09T09:10:48.000Z,21.38791051,-157.74881727,UAV 1,1,1:3001:2614,FRTRK1003,1:1:225:7:12:0:0,0,false,false,false,false,0
FRMORT001,none,,2026-08-09T09:10:48.000Z,21.39104607,-157.73719078,UAV 1,1,1:3001:2683,FRMORT001,1:1:71:10:1:0:1,0,false,false,false,false,0
FRTRK1002,move to,LOC_남측제1방어선,2026-08-09T09:10:48.000Z,21.38798154,-157.74876506,UAV 1,1,1:3001:2853,FRTRK1002,1:1:225:7:12:0:0,0,false,false,false,false,0
ENM35003,move to,LOC_적북측접근로,2026-08-09T09:10:48.000Z,21.37297659,-157.73475266,UAV 1,2,1:3001:2894,ENM35003,1:1:225:7:1:6:0,0,false,false,false,false,0
FRTRK2004,move to,LOC_남측제1방어선,2026-08-09T09:10:50.000Z,21.38775394,-157.74880072,UAV 1,1,1:3001:2576,FRTRK2004,1:1:225:7:12:8:0,0,false,false,false,false,0
ENCAESAR002,move to,LOC_북측예비방어선,2026-08-09T09:10:50.000Z,21.37033489,-157.73543881,UAV 1,2,1:3001:2594,ENCAESAR002,1:1:71:4:0:0:0,0,false,false,false,false,0
ENT72012,move to,LOC_중앙계곡,2026-08-09T09:10:50.000Z,21.37308471,-157.74153519,UAV 1,2,1:3001:2595,ENT72012,1:1:222:1:2:1:0,0,false,false,false,false,0
ENBTR60001,move to,LOC_중앙계곡,2026-08-09T09:10:50.000Z,21.37078803,-157.74067124,UAV 1,2,1:3001:2602,ENBTR60001,1:1:222:2:8:1:0,0,false,false,false,false,0
ENMORT005,none,,2026-08-09T09:10:50.000Z,21.37457651,-157.73710572,UAV 1,2,1:3001:2607,ENMORT005,1:1:71:10:1:0:1,0,false,false,false,false,0
ENM1A2005,move to,LOC_중앙계곡,2026-08-09T09:10:50.000Z,21.37521916,-157.74229578,UAV 1,2,1:3001:2621,ENM1A2005,1:1:225:1:1:3:0,0,false,false,false,false,0
FRT69001,move to,LOC_중앙킬존남측,2026-08-09T09:10:50.000Z,21.38594107,-157.73712106,UAV 1,1,1:3001:2625,FRT69001,1:1:45:1:2:1:0,0,false,false,false,false,0
ENMORT004,none,,2026-08-09T09:10:50.000Z,21.37447596,-157.73706256,UAV 1,2,1:3001:2630,ENMORT004,1:1:71:10:1:0:1,0,false,false,false,false,0
ENGAZ001,move to,LOC_적북측접근로,2026-08-09T09:10:50.000Z,21.37282164,-157.73477952,UAV 1,2,1:3001:2654,ENGAZ001,1:1:222:7:8:0:0,0,false,false,false,false,0
ENBTR60006,move to,LOC_중앙계곡,2026-08-09T09:10:50.000Z,21.37083549,-157.74050096,UAV 1,2,1:3001:2663,ENBTR60006,1:1:222:2:8:1:0,0,false,false,false,false,0
ENBTR80004,move to,LOC_중앙계곡,2026-08-09T09:10:50.000Z,21.37088907,-157.74044019,UAV 1,2,1:3001:2679,ENBTR80004,1:1:222:2:13:0:0,0,false,false,false,false,0
ENBTR80001,move to,LOC_중앙계곡,2026-08-09T09:10:50.000Z,21.37097418,-157.74049000,UAV 1,2,1:3001:2697,ENBTR80001,1:1:222:2:13:0:0,0,false,false,false,false,0
ENCAESAR004,move to,LOC_북측예비방어선,2026-08-09T09:10:50.000Z,21.37080546,-157.73663892,UAV 1,2,1:3001:2698,ENCAESAR004,1:1:71:4:0:0:0,0,false,false,false,false,0
ENGAZ002,move to,LOC_적북측접근로,2026-08-09T09:10:50.000Z,21.37286970,-157.73489621,UAV 1,2,1:3001:2721,ENGAZ002,1:1:222:7:8:0:0,0,false,false,false,false,0
ENBTR80006,move to,LOC_중앙계곡,2026-08-09T09:10:50.000Z,21.37100964,-157.74032014,UAV 1,2,1:3001:2728,ENBTR80006,1:1:222:2:13:0:0,0,false,false,false,false,0
ENT72011,move to,LOC_중앙계곡,2026-08-09T09:10:50.000Z,21.37308371,-157.74160836,UAV 1,2,1:3001:2732,ENT72011,1:1:222:1:2:1:0,0,false,false,false,false,0
ENGAZ003,move to,LOC_적북측접근로,2026-08-09T09:10:50.000Z,21.37284901,-157.73465738,UAV 1,2,1:3001:2749,ENGAZ003,1:1:222:7:8:0:0,0,false,false,false,false,0
ENBTR80003,move to,LOC_중앙계곡,2026-08-09T09:10:50.000Z,21.37110303,-157.74037086,UAV 1,2,1:3001:2753,ENBTR80003,1:1:222:2:13:0:0,0,false,false,false,false,0
FRT80008,move to,LOC_중앙킬존남측,2026-08-09T09:10:50.000Z,21.38194681,-157.74893541,UAV 1,1,1:3001:2756,FRT80008,1:1:222:1:1:1:0,0,false,false,false,false,0
ENCAESAR003,move to,LOC_적북측접근로,2026-08-09T09:10:50.000Z,21.37005408,-157.73540900,UAV 1,2,1:3001:2782,ENCAESAR003,1:1:71:4:0:0:0,0,false,false,false,false,0
ENMORT001,none,,2026-08-09T09:10:50.000Z,21.37443553,-157.73716992,UAV 1,2,1:3001:2789,ENMORT001,1:1:71:10:1:0:1,0,false,false,false,false,0
ENBTR60007,move to,LOC_중앙계곡,2026-08-09T09:10:50.000Z,21.37063334,-157.74057258,UAV 1,2,1:3001:2815,ENBTR60007,1:1:222:2:8:1:0,0,false,false,false,false,0
ENBTR60008,move to,LOC_중앙계곡,2026-08-09T09:10:50.000Z,21.37068175,-157.74051124,UAV 1,2,1:3001:2826,ENBTR60008,1:1:222:2:8:1:0,0,false,false,false,false,0
FRTRK2002,move to,LOC_남측제1방어선,2026-08-09T09:10:50.000Z,21.38774286,-157.74871613,UAV 1,1,1:3001:2827,FRTRK2002,1:1:225:7:12:8:0,0,false,false,false,false,0
ENBTR80007,move to,LOC_중앙계곡,2026-08-09T09:10:50.000Z,21.37082716,-157.74039174,UAV 1,2,1:3001:2828,ENBTR80007,1:1:222:2:13:0:0,0,false,false,false,false,0
ENMORT002,none,,2026-08-09T09:10:50.000Z,21.37453609,-157.73721308,UAV 1,2,1:3001:2834,ENMORT002,1:1:71:10:1:0:1,0,false,false,false,false,0
ENGAZ004,move to,LOC_적북측접근로,2026-08-09T09:10:50.000Z,21.37289693,-157.73477697,UAV 1,2,1:3001:2838,ENGAZ004,1:1:222:7:8:0:0,0,false,false,false,false,0
ENBTR80005,move to,LOC_중앙계곡,2026-08-09T09:10:50.000Z,21.37094092,-157.74037942,UAV 1,2,1:3001:2846,ENBTR80005,1:1:222:2:13:0:0,0,false,false,false,false,0
ENMIM001,move to,LOC_적북측접근로,2026-08-09T09:10:50.000Z,21.37033966,-157.73876234,UAV 1,2,1:3001:2855,ENMIM001,1:1:225:28:2:0:0,0,false,false,false,false,0
ENCAESAR001,move to,LOC_적북측접근로,2026-08-09T09:10:50.000Z,21.37039034,-157.73696034,UAV 1,2,1:3001:2860,ENCAESAR001,1:1:71:4:0:0:0,0,false,false,false,false,0
ENMORT003,none,,2026-08-09T09:10:50.000Z,21.37463664,-157.73725624,UAV 1,2,1:3001:2865,ENMORT003,1:1:71:10:1:0:1,0,false,false,false,false,0
ENBTR60004,move to,LOC_중앙계곡,2026-08-09T09:10:50.000Z,21.37069868,-157.74062161,UAV 1,2,1:3001:2872,ENBTR60004,1:1:222:2:8:1:0,0,false,false,false,false,0
ENBTR60005,move to,LOC_중앙계곡,2026-08-09T09:10:50.000Z,21.37077130,-157.74056132,UAV 1,2,1:3001:2902,ENBTR60005,1:1:222:2:8:1:0,0,false,false,false,false,0
ENT72010,move to,LOC_중앙계곡,2026-08-09T09:10:50.000Z,21.37316841,-157.74152726,UAV 1,2,1:3001:2761,ENT72010,1:1:222:1:2:1:0,0,false,false,false,false,0
ENT72007,move to,LOC_중앙계곡,2026-08-09T09:10:50.000Z,21.37327989,-157.74158917,UAV 1,2,1:3001:2587,ENT72007,1:1:222:1:2:1:0,0,false,false,false,false,0
ENT72008,move to,LOC_중앙계곡,2026-08-09T09:10:50.000Z,21.37327067,-157.74151766,UAV 1,2,1:3001:2615,ENT72008,1:1:222:1:2:1:0,0,false,false,false,false,0
ENT72009,move to,LOC_중앙계곡,2026-08-09T09:10:50.000Z,21.37318655,-157.74159828,UAV 1,2,1:3001:2727,ENT72009,1:1:222:1:2:1:0,0,false,false,false,false,0
ENBTR80002,move to,LOC_중앙계곡,2026-08-09T09:10:50.000Z,21.37104370,-157.74043063,UAV 1,2,1:3001:2884,ENBTR80002,1:1:222:2:13:0:0,0,false,false,false,false,0
ENBTR60003,move to,LOC_중앙계곡,2026-08-09T09:10:50.000Z,21.37090194,-157.74054961,UAV 1,2,1:3001:2685,ENBTR60003,1:1:222:2:8:1:0,0,false,false,false,false,0
ENT72006,move to,LOC_중앙계곡,2026-08-09T09:10:50.000Z,21.37335610,-157.74150958,UAV 1,2,1:3001:2778,ENT72006,1:1:222:1:2:1:0,0,false,false,false,false,0
ENBTR60002,move to,LOC_중앙계곡,2026-08-09T09:10:50.000Z,21.37084454,-157.74061032,UAV 1,2,1:3001:2788,ENBTR60002,1:1:222:2:8:1:0,0,false,false,false,false,0
ENT72001,move to,LOC_중앙계곡,2026-08-09T09:10:50.000Z,21.37352049,-157.74156584,UAV 1,2,1:3001:2681,ENT72001,1:1:222:1:2:1:0,0,false,false,false,false,0
ENT72002,move to,LOC_중앙계곡,2026-08-09T09:10:50.000Z,21.37351549,-157.74149445,UAV 1,2,1:3001:2628,ENT72002,1:1:222:1:2:1:0,0,false,false,false,false,0
ENT72003,move to,LOC_중앙계곡,2026-08-09T09:10:50.000Z,21.37344249,-157.74157339,UAV 1,2,1:3001:2590,ENT72003,1:1:222:1:2:1:0,0,false,false,false,false,0
ENT72004,move to,LOC_중앙계곡,2026-08-09T09:10:50.000Z,21.37343694,-157.74150191,UAV 1,2,1:3001:2738,ENT72004,1:1:222:1:2:1:0,0,false,false,false,false,0
ENT72005,move to,LOC_중앙계곡,2026-08-09T09:10:50.000Z,21.37336036,-157.74158136,UAV 1,2,1:3001:2648,ENT72005,1:1:222:1:2:1:0,0,false,false,false,false,0
ENM35001,move to,LOC_적북측접근로,2026-08-09T09:10:50.000Z,21.37291062,-157.73503433,UAV 1,2,1:3001:2754,ENM35001,1:1:225:7:1:6:0,0,false,false,false,false,0
FRTRK1003,move to,LOC_남측제1방어선,2026-08-09T09:10:50.000Z,21.38790040,-157.74874058,UAV 1,1,1:3001:2614,FRTRK1003,1:1:225:7:12:0:0,0,false,false,false,false,0
FRMORT001,none,,2026-08-09T09:10:50.000Z,21.39104607,-157.73719078,UAV 1,1,1:3001:2683,FRMORT001,1:1:71:10:1:0:1,0,false,false,false,false,0
FRTRK1002,move to,LOC_남측제1방어선,2026-08-09T09:10:50.000Z,21.38795443,-157.74857106,UAV 1,1,1:3001:2853,FRTRK1002,1:1:225:7:12:0:0,0,false,false,false,false,0
ENM35003,move to,LOC_적북측접근로,2026-08-09T09:10:50.000Z,21.37293279,-157.73493857,UAV 1,2,1:3001:2894,ENM35003,1:1:225:7:1:6:0,0,false,false,false,false,0
FRMORT002,none,,2026-08-09T09:10:50.000Z,21.39112390,-157.73727132,UAV 1,1,1:3001:2642,FRMORT002,1:1:71:10:1:0:1,0,false,false,false,false,0
FRMORT004,none,,2026-08-09T09:10:50.000Z,21.39119933,-157.73718822,UAV 1,1,1:3001:2767,FRMORT004,1:1:71:10:1:0:1,0,false,false,false,false,0
FRTRK1005,move to,LOC_남측제1방어선,2026-08-09T09:10:50.000Z,21.38796745,-157.74866878,UAV 1,1,1:3001:2773,FRTRK1005,1:1:225:7:12:0:0,0,false,false,false,false,0
FRMORT003,none,,2026-08-09T09:10:50.000Z,21.39112150,-157.73710768,UAV 1,1,1:3001:2839,FRMORT003,1:1:71:10:1:0:1,0,false,false,false,false,0
FRTRK2004,move to,LOC_남측제1방어선,2026-08-09T09:10:52.000Z,21.38774250,-157.74870192,UAV 1,1,1:3001:2576,FRTRK2004,1:1:225:7:12:8:0,0,false,false,false,false,0
ENCAESAR002,move to,LOC_북측예비방어선,2026-08-09T09:10:52.000Z,21.37041697,-157.73564560,UAV 1,2,1:3001:2594,ENCAESAR002,1:1:71:4:0:0:0,0,false,false,false,false,0
ENT72012,move to,LOC_중앙계곡,2026-08-09T09:10:52.000Z,21.37327435,-157.74151814,UAV 1,2,1:3001:2595,ENT72012,1:1:222:1:2:1:0,0,false,false,false,false,0
ENBTR60001,move to,LOC_중앙계곡,2026-08-09T09:10:52.000Z,21.37097642,-157.74067836,UAV 1,2,1:3001:2602,ENBTR60001,1:1:222:2:8:1:0,0,false,false,false,false,0
ENMORT005,none,,2026-08-09T09:10:52.000Z,21.37457651,-157.73710572,UAV 1,2,1:3001:2607,ENMORT005,1:1:71:10:1:0:1,0,false,false,false,false,0
ENM1A2005,move to,LOC_중앙계곡,2026-08-09T09:10:52.000Z,21.37540699,-157.74223361,UAV 1,2,1:3001:2621,ENM1A2005,1:1:225:1:1:3:0,0,false,false,false,false,0
FRT69001,move to,LOC_중앙킬존남측,2026-08-09T09:10:52.000Z,21.38584470,-157.73729671,UAV 1,1,1:3001:2625,FRT69001,1:1:45:1:2:1:0,0,false,false,false,false,0
ENMORT004,none,,2026-08-09T09:10:52.000Z,21.37447596,-157.73706256,UAV 1,2,1:3001:2630,ENMORT004,1:1:71:10:1:0:1,0,false,false,false,false,0
ENGAZ001,move to,LOC_적북측접근로,2026-08-09T09:10:52.000Z,21.37277778,-157.73498420,UAV 1,2,1:3001:2654,ENGAZ001,1:1:222:7:8:0:0,0,false,false,false,false,0
ENBTR60006,move to,LOC_중앙계곡,2026-08-09T09:10:52.000Z,21.37101790,-157.74051162,UAV 1,2,1:3001:2663,ENBTR60006,1:1:222:2:8:1:0,0,false,false,false,false,0
ENBTR80004,move to,LOC_중앙계곡,2026-08-09T09:10:52.000Z,21.37108368,-157.74045306,UAV 1,2,1:3001:2679,ENBTR80004,1:1:222:2:13:0:0,0,false,false,false,false,0
ENBTR80001,move to,LOC_중앙계곡,2026-08-09T09:10:52.000Z,21.37117653,-157.74050229,UAV 1,2,1:3001:2697,ENBTR80001,1:1:222:2:13:0:0,0,false,false,false,false,0
ENCAESAR004,move to,LOC_북측예비방어선,2026-08-09T09:10:52.000Z,21.37087912,-157.73682411,UAV 1,2,1:3001:2698,ENCAESAR004,1:1:71:4:0:0:0,0,false,false,false,false,0
ENGAZ002,move to,LOC_적북측접근로,2026-08-09T09:10:52.000Z,21.37283119,-157.73506746,UAV 1,2,1:3001:2721,ENGAZ002,1:1:222:7:8:0:0,0,false,false,false,false,0
ENBTR80006,move to,LOC_중앙계곡,2026-08-09T09:10:52.000Z,21.37120413,-157.74033606,UAV 1,2,1:3001:2728,ENBTR80006,1:1:222:2:13:0:0,0,false,false,false,false,0
ENT72011,move to,LOC_중앙계곡,2026-08-09T09:10:52.000Z,21.37327742,-157.74158861,UAV 1,2,1:3001:2732,ENT72011,1:1:222:1:2:1:0,0,false,false,false,false,0
ENGAZ003,move to,LOC_적북측접근로,2026-08-09T09:10:52.000Z,21.37279725,-157.73489880,UAV 1,2,1:3001:2749,ENGAZ003,1:1:222:7:8:0:0,0,false,false,false,false,0
ENBTR80003,move to,LOC_중앙계곡,2026-08-09T09:10:52.000Z,21.37128874,-157.74038507,UAV 1,2,1:3001:2753,ENBTR80003,1:1:222:2:13:0:0,0,false,false,false,false,0
FRT80008,move to,LOC_중앙킬존남측,2026-08-09T09:10:52.000Z,21.38187023,-157.74876067,UAV 1,1,1:3001:2756,FRT80008,1:1:222:1:1:1:0,0,false,false,false,false,0
ENCAESAR003,move to,LOC_적북측접근로,2026-08-09T09:10:52.000Z,21.37010053,-157.73563945,UAV 1,2,1:3001:2782,ENCAESAR003,1:1:71:4:0:0:0,0,false,false,false,false,0
ENMORT001,none,,2026-08-09T09:10:52.000Z,21.37443553,-157.73716992,UAV 1,2,1:3001:2789,ENMORT001,1:1:71:10:1:0:1,0,false,false,false,false,0
ENBTR60007,move to,LOC_중앙계곡,2026-08-09T09:10:52.000Z,21.37082819,-157.74058204,UAV 1,2,1:3001:2815,ENBTR60007,1:1:222:2:8:1:0,0,false,false,false,false,0
ENBTR60008,move to,LOC_중앙계곡,2026-08-09T09:10:52.000Z,21.37087445,-157.74052206,UAV 1,2,1:3001:2826,ENBTR60008,1:1:222:2:8:1:0,0,false,false,false,false,0
FRTRK2002,move to,LOC_남측제1방어선,2026-08-09T09:10:52.000Z,21.38773437,-157.74864276,UAV 1,1,1:3001:2827,FRTRK2002,1:1:225:7:12:8:0,0,false,false,false,false,0
ENBTR80007,move to,LOC_중앙계곡,2026-08-09T09:10:52.000Z,21.37099817,-157.74040396,UAV 1,2,1:3001:2828,ENBTR80007,1:1:222:2:13:0:0,0,false,false,false,false,0
ENMORT002,none,,2026-08-09T09:10:52.000Z,21.37453609,-157.73721308,UAV 1,2,1:3001:2834,ENMORT002,1:1:71:10:1:0:1,0,false,false,false,false,0
ENGAZ004,move to,LOC_적북측접근로,2026-08-09T09:10:52.000Z,21.37284818,-157.73499366,UAV 1,2,1:3001:2838,ENGAZ004,1:1:222:7:8:0:0,0,false,false,false,false,0
ENBTR80005,move to,LOC_중앙계곡,2026-08-09T09:10:52.000Z,21.37114436,-157.74039446,UAV 1,2,1:3001:2846,ENBTR80005,1:1:222:2:13:0:0,0,false,false,false,false,0
ENMIM001,move to,LOC_적북측접근로,2026-08-09T09:10:52.000Z,21.37041712,-157.73899518,UAV 1,2,1:3001:2855,ENMIM001,1:1:225:28:2:0:0,0,false,false,false,false,0
ENCAESAR001,move to,LOC_적북측접근로,2026-08-09T09:10:52.000Z,21.37042656,-157.73714447,UAV 1,2,1:3001:2860,ENCAESAR001,1:1:71:4:0:0:0,0,false,false,false,false,0
ENMORT003,none,,2026-08-09T09:10:52.000Z,21.37463664,-157.73725624,UAV 1,2,1:3001:2865,ENMORT003,1:1:71:10:1:0:1,0,false,false,false,false,0
ENBTR60004,move to,LOC_중앙계곡,2026-08-09T09:10:52.000Z,21.37088828,-157.74062980,UAV 1,2,1:3001:2872,ENBTR60004,1:1:222:2:8:1:0,0,false,false,false,false,0
ENBTR60005,move to,LOC_중앙계곡,2026-08-09T09:10:52.000Z,21.37096117,-157.74057096,UAV 1,2,1:3001:2902,ENBTR60005,1:1:222:2:8:1:0,0,false,false,false,false,0
ENT72010,move to,LOC_중앙계곡,2026-08-09T09:10:52.000Z,21.37335704,-157.74151031,UAV 1,2,1:3001:2761,ENT72010,1:1:222:1:2:1:0,0,false,false,false,false,0
ENT72007,move to,LOC_중앙계곡,2026-08-09T09:10:52.000Z,21.37346575,-157.74157020,UAV 1,2,1:3001:2587,ENT72007,1:1:222:1:2:1:0,0,false,false,false,false,0
ENT72008,move to,LOC_중앙계곡,2026-08-09T09:10:52.000Z,21.37346192,-157.74150049,UAV 1,2,1:3001:2615,ENT72008,1:1:222:1:2:1:0,0,false,false,false,false,0
ENT72009,move to,LOC_중앙계곡,2026-08-09T09:10:52.000Z,21.37337133,-157.74157943,UAV 1,2,1:3001:2727,ENT72009,1:1:222:1:2:1:0,0,false,false,false,false,0
ENBTR80002,move to,LOC_중앙계곡,2026-08-09T09:10:52.000Z,21.37124588,-157.74044449,UAV 1,2,1:3001:2884,ENBTR80002,1:1:222:2:13:0:0,0,false,false,false,false,0
ENBTR60003,move to,LOC_중앙계곡,2026-08-09T09:10:52.000Z,21.37108858,-157.74055951,UAV 1,2,1:3001:2685,ENBTR60003,1:1:222:2:8:1:0,0,false,false,false,false,0
ENT72006,move to,LOC_중앙계곡,2026-08-09T09:10:52.000Z,21.37354599,-157.74149255,UAV 1,2,1:3001:2778,ENT72006,1:1:222:1:2:1:0,0,false,false,false,false,0
ENBTR60002,move to,LOC_중앙계곡,2026-08-09T09:10:52.000Z,21.37103463,-157.74061894,UAV 1,2,1:3001:2788,ENBTR60002,1:1:222:2:8:1:0,0,false,false,false,false,0
ENT72001,move to,LOC_중앙계곡,2026-08-09T09:10:52.000Z,21.37370156,-157.74154732,UAV 1,2,1:3001:2681,ENT72001,1:1:222:1:2:1:0,0,false,false,false,false,0
ENT72002,move to,LOC_중앙계곡,2026-08-09T09:10:52.000Z,21.37368931,-157.74147888,UAV 1,2,1:3001:2628,ENT72002,1:1:222:1:2:1:0,0,false,false,false,false,0
ENT72003,move to,LOC_중앙계곡,2026-08-09T09:10:52.000Z,21.37362199,-157.74155505,UAV 1,2,1:3001:2590,ENT72003,1:1:222:1:2:1:0,0,false,false,false,false,0
ENT72004,move to,LOC_중앙계곡,2026-08-09T09:10:52.000Z,21.37361751,-157.74148573,UAV 1,2,1:3001:2738,ENT72004,1:1:222:1:2:1:0,0,false,false,false,false,0
ENT72005,move to,LOC_중앙계곡,2026-08-09T09:10:52.000Z,21.37353958,-157.74156306,UAV 1,2,1:3001:2648,ENT72005,1:1:222:1:2:1:0,0,false,false,false,false,0
ENM35001,move to,LOC_적북측접근로,2026-08-09T09:10:52.000Z,21.37286392,-157.73523248,UAV 1,2,1:3001:2754,ENM35001,1:1:225:7:1:6:0,0,false,false,false,false,0
FRMORT001,none,,2026-08-09T09:10:52.000Z,21.39104607,-157.73719078,UAV 1,1,1:3001:2683,FRMORT001,1:1:71:10:1:0:1,0,false,false,false,false,0
FRTRK1002,move to,LOC_남측제1방어선,2026-08-09T09:10:52.000Z,21.38792777,-157.74838030,UAV 1,1,1:3001:2853,FRTRK1002,1:1:225:7:12:0:0,0,false,false,false,false,0
ENM35003,move to,LOC_적북측접근로,2026-08-09T09:10:52.000Z,21.37288612,-157.73513669,UAV 1,2,1:3001:2894,ENM35003,1:1:225:7:1:6:0,0,false,false,false,false,0
FRMORT002,none,,2026-08-09T09:10:52.000Z,21.39112390,-157.73727132,UAV 1,1,1:3001:2642,FRMORT002,1:1:71:10:1:0:1,0,false,false,false,false,0
FRMORT004,none,,2026-08-09T09:10:52.000Z,21.39119933,-157.73718822,UAV 1,1,1:3001:2767,FRMORT004,1:1:71:10:1:0:1,0,false,false,false,false,0
FRTRK1005,move to,LOC_남측제1방어선,2026-08-09T09:10:52.000Z,21.38793905,-157.74846548,UAV 1,1,1:3001:2773,FRTRK1005,1:1:225:7:12:0:0,0,false,false,false,false,0
FRMORT003,none,,2026-08-09T09:10:52.000Z,21.39112150,-157.73710768,UAV 1,1,1:3001:2839,FRMORT003,1:1:71:10:1:0:1,0,false,false,false,false,0
ENM1A2001,move to,LOC_중앙계곡,2026-08-09T09:10:52.000Z,21.37548180,-157.74246856,UAV 1,2,1:3001:2608,ENM1A2001,1:1:225:1:1:3:0,0,false,false,false,false,0
FRLAV001,move to,LOC_중앙킬존남측,2026-08-09T09:10:52.000Z,21.38949348,-157.74545419,UAV 1,1,1:3001:2818,FRLAV001,1:1:39:2:6:1:0,0,false,false,false,false,0
FRTRK2003,move to,LOC_남측제1방어선,2026-08-09T09:10:52.000Z,21.38780252,-157.74857002,UAV 1,1,1:3001:2863,FRTRK2003,1:1:225:7:12:8:0,0,false,false,false,false,0
ENM1A2004,move to,LOC_중앙계곡,2026-08-09T09:10:52.000Z,21.37542280,-157.74229335,UAV 1,2,1:3001:2886,ENM1A2004,1:1:225:1:1:3:0,0,false,false,false,false,0
FRTRK2004,move to,LOC_남측제1방어선,2026-08-09T09:10:54.000Z,21.38773477,-157.74863518,UAV 1,1,1:3001:2576,FRTRK2004,1:1:225:7:12:8:0,0,false,false,false,false,0
ENCAESAR002,move to,LOC_북측예비방어선,2026-08-09T09:10:54.000Z,21.37049187,-157.73583433,UAV 1,2,1:3001:2594,ENCAESAR002,1:1:71:4:0:0:0,0,false,false,false,false,0
ENT72012,move to,LOC_중앙계곡,2026-08-09T09:10:54.000Z,21.37346852,-157.74150068,UAV 1,2,1:3001:2595,ENT72012,1:1:222:1:2:1:0,0,false,false,false,false,0
ENBTR60001,move to,LOC_중앙계곡,2026-08-09T09:10:54.000Z,21.37116866,-157.74068562,UAV 1,2,1:3001:2602,ENBTR60001,1:1:222:2:8:1:0,0,false,false,false,false,0
ENMORT005,none,,2026-08-09T09:10:54.000Z,21.37457651,-157.73710572,UAV 1,2,1:3001:2607,ENMORT005,1:1:71:10:1:0:1,0,false,false,false,false,0
ENM1A2005,move to,LOC_중앙계곡,2026-08-09T09:10:54.000Z,21.37557237,-157.74217888,UAV 1,2,1:3001:2621,ENM1A2005,1:1:225:1:1:3:0,0,false,false,false,false,0
FRT69001,move to,LOC_중앙킬존남측,2026-08-09T09:10:54.000Z,21.38574872,-157.73747163,UAV 1,1,1:3001:2625,FRT69001,1:1:45:1:2:1:0,0,false,false,false,false,0
ENMORT004,none,,2026-08-09T09:10:54.000Z,21.37447596,-157.73706256,UAV 1,2,1:3001:2630,ENMORT004,1:1:71:10:1:0:1,0,false,false,false,false,0
ENGAZ001,move to,LOC_적북측접근로,2026-08-09T09:10:54.000Z,21.37273797,-157.73517006,UAV 1,2,1:3001:2654,ENGAZ001,1:1:222:7:8:0:0,0,false,false,false,false,0
ENBTR60006,move to,LOC_중앙계곡,2026-08-09T09:10:54.000Z,21.37120657,-157.74052264,UAV 1,2,1:3001:2663,ENBTR60006,1:1:222:2:8:1:0,0,false,false,false,false,0
ENBTR80004,move to,LOC_중앙계곡,2026-08-09T09:10:54.000Z,21.37128000,-157.74046604,UAV 1,2,1:3001:2679,ENBTR80004,1:1:222:2:13:0:0,0,false,false,false,false,0
ENBTR80001,move to,LOC_중앙계곡,2026-08-09T09:10:54.000Z,21.37136245,-157.74051359,UAV 1,2,1:3001:2697,ENBTR80001,1:1:222:2:13:0:0,0,false,false,false,false,0
ENCAESAR004,move to,LOC_북측예비방어선,2026-08-09T09:10:54.000Z,21.37094985,-157.73700193,UAV 1,2,1:3001:2698,ENCAESAR004,1:1:71:4:0:0:0,0,false,false,false,false,0
ENGAZ002,move to,LOC_적북측접근로,2026-08-09T09:10:54.000Z,21.37278552,-157.73527053,UAV 1,2,1:3001:2721,ENGAZ002,1:1:222:7:8:0:0,0,false,false,false,false,0
ENBTR80006,move to,LOC_중앙계곡,2026-08-09T09:10:54.000Z,21.37139827,-157.74035194,UAV 1,2,1:3001:2728,ENBTR80006,1:1:222:2:13:0:0,0,false,false,false,false,0
ENT72011,move to,LOC_중앙계곡,2026-08-09T09:10:54.000Z,21.37347344,-157.74156863,UAV 1,2,1:3001:2732,ENT72011,1:1:222:1:2:1:0,0,false,false,false,false,0
ENGAZ003,move to,LOC_적북측접근로,2026-08-09T09:10:54.000Z,21.37275721,-157.73508556,UAV 1,2,1:3001:2749,ENGAZ003,1:1:222:7:8:0:0,0,false,false,false,false,0
ENBTR80003,move to,LOC_중앙계곡,2026-08-09T09:10:54.000Z,21.37149005,-157.74040046,UAV 1,2,1:3001:2753,ENBTR80003,1:1:222:2:13:0:0,0,false,false,false,false,0
FRT80008,move to,LOC_중앙킬존남측,2026-08-09T09:10:54.000Z,21.38179448,-157.74858783,UAV 1,1,1:3001:2756,FRT80008,1:1:222:1:1:1:0,0,false,false,false,false,0
ENCAESAR003,move to,LOC_적북측접근로,2026-08-09T09:10:54.000Z,21.37014076,-157.73583900,UAV 1,2,1:3001:2782,ENCAESAR003,1:1:71:4:0:0:0,0,false,false,false,false,0
ENMORT001,none,,2026-08-09T09:10:54.000Z,21.37443553,-157.73716992,UAV 1,2,1:3001:2789,ENMORT001,1:1:71:10:1:0:1,0,false,false,false,false,0
ENBTR60007,move to,LOC_중앙계곡,2026-08-09T09:10:54.000Z,21.37101645,-157.74059117,UAV 1,2,1:3001:2815,ENBTR60007,1:1:222:2:8:1:0,0,false,false,false,false,0
ENBTR60008,move to,LOC_중앙계곡,2026-08-09T09:10:54.000Z,21.37106259,-157.74053262,UAV 1,2,1:3001:2826,ENBTR60008,1:1:222:2:8:1:0,0,false,false,false,false,0
FRTRK2002,move to,LOC_남측제1방어선,2026-08-09T09:10:54.000Z,21.38772705,-157.74857955,UAV 1,1,1:3001:2827,FRTRK2002,1:1:225:7:12:8:0,0,false,false,false,false,0
ENBTR80007,move to,LOC_중앙계곡,2026-08-09T09:10:54.000Z,21.37119623,-157.74041811,UAV 1,2,1:3001:2828,ENBTR80007,1:1:222:2:13:0:0,0,false,false,false,false,0
ENMORT002,none,,2026-08-09T09:10:54.000Z,21.37453609,-157.73721308,UAV 1,2,1:3001:2834,ENMORT002,1:1:71:10:1:0:1,0,false,false,false,false,0
ENGAZ004,move to,LOC_적북측접근로,2026-08-09T09:10:54.000Z,21.37280671,-157.73517798,UAV 1,2,1:3001:2838,ENGAZ004,1:1:222:7:8:0:0,0,false,false,false,false,0
ENBTR80005,move to,LOC_중앙계곡,2026-08-09T09:10:54.000Z,21.37133193,-157.74040833,UAV 1,2,1:3001:2846,ENBTR80005,1:1:222:2:13:0:0,0,false,false,false,false,0
ENMIM001,move to,LOC_적북측접근로,2026-08-09T09:10:54.000Z,21.37048446,-157.73919757,UAV 1,2,1:3001:2855,ENMIM001,1:1:225:28:2:0:0,0,false,false,false,false,0
ENCAESAR001,move to,LOC_적북측접근로,2026-08-09T09:10:54.000Z,21.37046305,-157.73733002,UAV 1,2,1:3001:2860,ENCAESAR001,1:1:71:4:0:0:0,0,false,false,false,false,0
ENMORT003,none,,2026-08-09T09:10:54.000Z,21.37463664,-157.73725624,UAV 1,2,1:3001:2865,ENMORT003,1:1:71:10:1:0:1,0,false,false,false,false,0
ENBTR60004,move to,LOC_중앙계곡,2026-08-09T09:10:54.000Z,21.37107842,-157.74063802,UAV 1,2,1:3001:2872,ENBTR60004,1:1:222:2:8:1:0,0,false,false,false,false,0
ENBTR60005,move to,LOC_중앙계곡,2026-08-09T09:10:54.000Z,21.37113643,-157.74057986,UAV 1,2,1:3001:2902,ENBTR60005,1:1:222:2:8:1:0,0,false,false,false,false,0
ENT72010,move to,LOC_중앙계곡,2026-08-09T09:10:54.000Z,21.37354961,-157.74149301,UAV 1,2,1:3001:2761,ENT72010,1:1:222:1:2:1:0,0,false,false,false,false,0
ENT72007,move to,LOC_중앙계곡,2026-08-09T09:10:54.000Z,21.37364010,-157.74155240,UAV 1,2,1:3001:2587,ENT72007,1:1:222:1:2:1:0,0,false,false,false,false,0
ENT72008,move to,LOC_중앙계곡,2026-08-09T09:10:54.000Z,21.37364258,-157.74148427,UAV 1,2,1:3001:2615,ENT72008,1:1:222:1:2:1:0,0,false,false,false,false,0
ENT72009,move to,LOC_중앙계곡,2026-08-09T09:10:54.000Z,21.37354998,-157.74156121,UAV 1,2,1:3001:2727,ENT72009,1:1:222:1:2:1:0,0,false,false,false,false,0
ENBTR80002,move to,LOC_중앙계곡,2026-08-09T09:10:54.000Z,21.37143362,-157.74045736,UAV 1,2,1:3001:2884,ENBTR80002,1:1:222:2:13:0:0,0,false,false,false,false,0
ENBTR60003,move to,LOC_중앙계곡,2026-08-09T09:10:54.000Z,21.37128104,-157.74056971,UAV 1,2,1:3001:2685,ENBTR60003,1:1:222:2:8:1:0,0,false,false,false,false,0
ENT72006,move to,LOC_중앙계곡,2026-08-09T09:10:54.000Z,21.37371670,-157.74147723,UAV 1,2,1:3001:2778,ENT72006,1:1:222:1:2:1:0,0,false,false,false,false,0
ENBTR60002,move to,LOC_중앙계곡,2026-08-09T09:10:54.000Z,21.37122638,-157.74062763,UAV 1,2,1:3001:2788,ENBTR60002,1:1:222:2:8:1:0,0,false,false,false,false,0
ENT72001,move to,LOC_중앙계곡,2026-08-09T09:10:54.000Z,21.37389774,-157.74152725,UAV 1,2,1:3001:2681,ENT72001,1:1:222:1:2:1:0,0,false,false,false,false,0
ENT72002,move to,LOC_중앙계곡,2026-08-09T09:10:54.000Z,21.37387999,-157.74146180,UAV 1,2,1:3001:2628,ENT72002,1:1:222:1:2:1:0,0,false,false,false,false,0
ENT72003,move to,LOC_중앙계곡,2026-08-09T09:10:54.000Z,21.37381597,-157.74153522,UAV 1,2,1:3001:2590,ENT72003,1:1:222:1:2:1:0,0,false,false,false,false,0
ENT72004,move to,LOC_중앙계곡,2026-08-09T09:10:54.000Z,21.37379160,-157.74147012,UAV 1,2,1:3001:2738,ENT72004,1:1:222:1:2:1:0,0,false,false,false,false,0
ENT72005,move to,LOC_중앙계곡,2026-08-09T09:10:54.000Z,21.37372837,-157.74154378,UAV 1,2,1:3001:2648,ENT72005,1:1:222:1:2:1:0,0,false,false,false,false,0
ENM35001,move to,LOC_적북측접근로,2026-08-09T09:10:54.000Z,21.37281766,-157.73542882,UAV 1,2,1:3001:2754,ENM35001,1:1:225:7:1:6:0,0,false,false,false,false,0
FRMORT001,none,,2026-08-09T09:10:54.000Z,21.39104607,-157.73719078,UAV 1,1,1:3001:2683,FRMORT001,1:1:71:10:1:0:1,0,false,false,false,false,0
FRTRK1002,move to,LOC_남측제1방어선,2026-08-09T09:10:54.000Z,21.38790095,-157.74818841,UAV 1,1,1:3001:2853,FRTRK1002,1:1:225:7:12:0:0,0,false,false,false,false,0
ENM35003,move to,LOC_적북측접근로,2026-08-09T09:10:54.000Z,21.37283970,-157.73533372,UAV 1,2,1:3001:2894,ENM35003,1:1:225:7:1:6:0,0,false,false,false,false,0
FRMORT002,none,,2026-08-09T09:10:54.000Z,21.39112390,-157.73727132,UAV 1,1,1:3001:2642,FRMORT002,1:1:71:10:1:0:1,0,false,false,false,false,0
FRMORT004,none,,2026-08-09T09:10:54.000Z,21.39119933,-157.73718822,UAV 1,1,1:3001:2767,FRMORT004,1:1:71:10:1:0:1,0,false,false,false,false,0
FRTRK1005,move to,LOC_남측제1방어선,2026-08-09T09:10:54.000Z,21.38791170,-157.74826974,UAV 1,1,1:3001:2773,FRTRK1005,1:1:225:7:12:0:0,0,false,false,false,false,0
FRMORT003,none,,2026-08-09T09:10:54.000Z,21.39112150,-157.73710768,UAV 1,1,1:3001:2839,FRMORT003,1:1:71:10:1:0:1,0,false,false,false,false,0
ENM1A2001,move to,LOC_중앙계곡,2026-08-09T09:10:54.000Z,21.37564001,-157.74240506,UAV 1,2,1:3001:2608,ENM1A2001,1:1:225:1:1:3:0,0,false,false,false,false,0
FRLAV001,move to,LOC_중앙킬존남측,2026-08-09T09:10:54.000Z,21.38931018,-157.74547452,UAV 1,1,1:3001:2818,FRLAV001,1:1:39:2:6:1:0,0,false,false,false,false,0
FRTRK2003,move to,LOC_남측제1방어선,2026-08-09T09:10:54.000Z,21.38779166,-157.74848227,UAV 1,1,1:3001:2863,FRTRK2003,1:1:225:7:12:8:0,0,false,false,false,false,0
ENM1A2004,move to,LOC_중앙계곡,2026-08-09T09:10:54.000Z,21.37559312,-157.74223403,UAV 1,2,1:3001:2886,ENM1A2004,1:1:225:1:1:3:0,0,false,false,false,false,0
ENM1A2003,move to,LOC_중앙계곡,2026-08-09T09:10:54.000Z,21.37561186,-157.74228980,UAV 1,2,1:3001:2564,ENM1A2003,1:1:225:1:1:3:0,0,false,false,false,false,0
FRTRK1003,move to,LOC_남측제1방어선,2026-08-09T09:10:54.000Z,21.38786119,-157.74844300,UAV 1,1,1:3001:2614,FRTRK1003,1:1:225:7:12:0:0,0,false,false,false,false,0
FRLAV002,move to,LOC_중앙킬존남측,2026-08-09T09:10:54.000Z,21.38934437,-157.74554272,UAV 1,1,1:3001:2691,FRLAV002,1:1:39:2:6:1:0,0,false,false,false,false,0
ENM1A2002,move to,LOC_중앙계곡,2026-08-09T09:10:54.000Z,21.37562531,-157.74234761,UAV 1,2,1:3001:2693,ENM1A2002,1:1:225:1:1:3:0,0,false,false,false,false,0
FRLAV006,move to,LOC_중앙킬존남측,2026-08-09T09:10:54.000Z,21.38951105,-157.74581497,UAV 1,1,1:3001:2696,FRLAV006,1:1:39:2:6:1:0,0,false,false,false,false,0
FRTRK2001,move to,LOC_남측제1방어선,2026-08-09T09:10:54.000Z,21.38779994,-157.74855435,UAV 1,1,1:3001:2823,FRTRK2001,1:1:225:7:12:8:0,0,false,false,false,false,0
FRLAV003,move to,LOC_중앙킬존남측,2026-08-09T09:10:54.000Z,21.38938421,-157.74561054,UAV 1,1,1:3001:2824,FRLAV003,1:1:39:2:6:1:0,0,false,false,false,false,0
FRLAV005,move to,LOC_중앙킬존남측,2026-08-09T09:10:54.000Z,21.38946774,-157.74574658,UAV 1,1,1:3001:2847,FRLAV005,1:1:39:2:6:1:0,0,false,false,false,false,0
FRLAV004,move to,LOC_중앙킬존남측,2026-08-09T09:10:54.000Z,21.38942646,-157.74567832,UAV 1,1,1:3001:2885,FRLAV004,1:1:39:2:6:1:0,0,false,false,false,false,0
FRTRK2004,move to,LOC_남측제1방어선,2026-08-09T09:10:57.000Z,21.38772751,-157.74857255,UAV 1,1,1:3001:2576,FRTRK2004,1:1:225:7:12:8:0,0,false,false,false,false,0
ENCAESAR002,move to,LOC_북측예비방어선,2026-08-09T09:10:57.000Z,21.37056198,-157.73601099,UAV 1,2,1:3001:2594,ENCAESAR002,1:1:71:4:0:0:0,0,false,false,false,false,0
ENT72012,move to,LOC_중앙계곡,2026-08-09T09:10:57.000Z,21.37364440,-157.74148486,UAV 1,2,1:3001:2595,ENT72012,1:1:222:1:2:1:0,0,false,false,false,false,0
ENBTR60001,move to,LOC_중앙계곡,2026-08-09T09:10:57.000Z,21.37135901,-157.74069281,UAV 1,2,1:3001:2602,ENBTR60001,1:1:222:2:8:1:0,0,false,false,false,false,0
ENMORT005,none,,2026-08-09T09:10:57.000Z,21.37457651,-157.73710572,UAV 1,2,1:3001:2607,ENMORT005,1:1:71:10:1:0:1,0,false,false,false,false,0
ENM1A2005,move to,LOC_중앙계곡,2026-08-09T09:10:57.000Z,21.37573741,-157.74212425,UAV 1,2,1:3001:2621,ENM1A2005,1:1:225:1:1:3:0,0,false,false,false,false,0
FRT69001,move to,LOC_중앙킬존남측,2026-08-09T09:10:57.000Z,21.38565276,-157.73764652,UAV 1,1,1:3001:2625,FRT69001,1:1:45:1:2:1:0,0,false,false,false,false,0
ENMORT004,none,,2026-08-09T09:10:57.000Z,21.37447596,-157.73706256,UAV 1,2,1:3001:2630,ENMORT004,1:1:71:10:1:0:1,0,false,false,false,false,0
ENGAZ001,move to,LOC_적북측접근로,2026-08-09T09:10:57.000Z,21.37269462,-157.73537240,UAV 1,2,1:3001:2654,ENGAZ001,1:1:222:7:8:0:0,0,false,false,false,false,0
ENBTR60006,move to,LOC_중앙계곡,2026-08-09T09:10:57.000Z,21.37139688,-157.74053375,UAV 1,2,1:3001:2663,ENBTR60006,1:1:222:2:8:1:0,0,false,false,false,false,0
ENBTR80004,move to,LOC_중앙계곡,2026-08-09T09:10:57.000Z,21.37146657,-157.74047838,UAV 1,2,1:3001:2679,ENBTR80004,1:1:222:2:13:0:0,0,false,false,false,false,0
ENBTR80001,move to,LOC_중앙계곡,2026-08-09T09:10:57.000Z,21.37155674,-157.74052539,UAV 1,2,1:3001:2697,ENBTR80001,1:1:222:2:13:0:0,0,false,false,false,false,0
ENCAESAR004,move to,LOC_북측예비방어선,2026-08-09T09:10:57.000Z,21.37102564,-157.73719245,UAV 1,2,1:3001:2698,ENCAESAR004,1:1:71:4:0:0:0,0,false,false,false,false,0
ENGAZ002,move to,LOC_적북측접근로,2026-08-09T09:10:57.000Z,21.37274030,-157.73547158,UAV 1,2,1:3001:2721,ENGAZ002,1:1:222:7:8:0:0,0,false,false,false,false,0
ENBTR80006,move to,LOC_중앙계곡,2026-08-09T09:10:57.000Z,21.37158667,-157.74036736,UAV 1,2,1:3001:2728,ENBTR80006,1:1:222:2:13:0:0,0,false,false,false,false,0
ENT72011,move to,LOC_중앙계곡,2026-08-09T09:10:57.000Z,21.37365080,-157.74155055,UAV 1,2,1:3001:2732,ENT72011,1:1:222:1:2:1:0,0,false,false,false,false,0
ENGAZ003,move to,LOC_적북측접근로,2026-08-09T09:10:57.000Z,21.37271485,-157.73528313,UAV 1,2,1:3001:2749,ENGAZ003,1:1:222:7:8:0:0,0,false,false,false,false,0
ENBTR80003,move to,LOC_중앙계곡,2026-08-09T09:10:57.000Z,21.37167547,-157.74041464,UAV 1,2,1:3001:2753,ENBTR80003,1:1:222:2:13:0:0,0,false,false,false,false,0
FRT80008,move to,LOC_중앙킬존남측,2026-08-09T09:10:57.000Z,21.38171036,-157.74839586,UAV 1,1,1:3001:2756,FRT80008,1:1:222:1:1:1:0,0,false,false,false,false,0
ENCAESAR003,move to,LOC_적북측접근로,2026-08-09T09:10:57.000Z,21.37017781,-157.73602279,UAV 1,2,1:3001:2782,ENCAESAR003,1:1:71:4:0:0:0,0,false,false,false,false,0
ENMORT001,none,,2026-08-09T09:10:57.000Z,21.37443553,-157.73716992,UAV 1,2,1:3001:2789,ENMORT001,1:1:71:10:1:0:1,0,false,false,false,false,0
ENBTR60007,move to,LOC_중앙계곡,2026-08-09T09:10:57.000Z,21.37120605,-157.74060037,UAV 1,2,1:3001:2815,ENBTR60007,1:1:222:2:8:1:0,0,false,false,false,false,0
ENBTR60008,move to,LOC_중앙계곡,2026-08-09T09:10:57.000Z,21.37125233,-157.74054328,UAV 1,2,1:3001:2826,ENBTR60008,1:1:222:2:8:1:0,0,false,false,false,false,0
FRTRK2002,move to,LOC_남측제1방어선,2026-08-09T09:10:57.000Z,21.38771563,-157.74848088,UAV 1,1,1:3001:2827,FRTRK2002,1:1:225:7:12:8:0,0,false,false,false,false,0
ENBTR80007,move to,LOC_중앙계곡,2026-08-09T09:10:57.000Z,21.37138394,-157.74043152,UAV 1,2,1:3001:2828,ENBTR80007,1:1:222:2:13:0:0,0,false,false,false,false,0
ENMORT002,none,,2026-08-09T09:10:57.000Z,21.37453609,-157.73721308,UAV 1,2,1:3001:2834,ENMORT002,1:1:71:10:1:0:1,0,false,false,false,false,0
ENGAZ004,move to,LOC_적북측접근로,2026-08-09T09:10:57.000Z,21.37276210,-157.73537629,UAV 1,2,1:3001:2838,ENGAZ004,1:1:222:7:8:0:0,0,false,false,false,false,0
ENBTR80005,move to,LOC_중앙계곡,2026-08-09T09:10:57.000Z,21.37152670,-157.74042273,UAV 1,2,1:3001:2846,ENBTR80005,1:1:222:2:13:0:0,0,false,false,false,false,0
ENMIM001,move to,LOC_적북측접근로,2026-08-09T09:10:57.000Z,21.37054414,-157.73937698,UAV 1,2,1:3001:2855,ENMIM001,1:1:225:28:2:0:0,0,false,false,false,false,0
ENCAESAR001,move to,LOC_적북측접근로,2026-08-09T09:10:57.000Z,21.37050460,-157.73754132,UAV 1,2,1:3001:2860,ENCAESAR001,1:1:71:4:0:0:0,0,false,false,false,false,0
ENMORT003,none,,2026-08-09T09:10:57.000Z,21.37463664,-157.73725624,UAV 1,2,1:3001:2865,ENMORT003,1:1:71:10:1:0:1,0,false,false,false,false,0
ENBTR60005,move to,LOC_중앙계곡,2026-08-09T09:10:57.000Z,21.37133079,-157.74058973,UAV 1,2,1:3001:2902,ENBTR60005,1:1:222:2:8:1:0,0,false,false,false,false,0
ENT72010,move to,LOC_중앙계곡,2026-08-09T09:10:57.000Z,21.37372428,-157.74147731,UAV 1,2,1:3001:2761,ENT72010,1:1:222:1:2:1:0,0,false,false,false,false,0
ENT72007,move to,LOC_중앙계곡,2026-08-09T09:10:57.000Z,21.37383329,-157.74153268,UAV 1,2,1:3001:2587,ENT72007,1:1:222:1:2:1:0,0,false,false,false,false,0
ENT72008,move to,LOC_중앙계곡,2026-08-09T09:10:57.000Z,21.37382125,-157.74146823,UAV 1,2,1:3001:2615,ENT72008,1:1:222:1:2:1:0,0,false,false,false,false,0
ENT72009,move to,LOC_중앙계곡,2026-08-09T09:10:57.000Z,21.37373515,-157.74154232,UAV 1,2,1:3001:2727,ENT72009,1:1:222:1:2:1:0,0,false,false,false,false,0
ENBTR80002,move to,LOC_중앙계곡,2026-08-09T09:10:57.000Z,21.37162703,-157.74047062,UAV 1,2,1:3001:2884,ENBTR80002,1:1:222:2:13:0:0,0,false,false,false,false,0
ENBTR60003,move to,LOC_중앙계곡,2026-08-09T09:10:57.000Z,21.37147250,-157.74057985,UAV 1,2,1:3001:2685,ENBTR60003,1:1:222:2:8:1:0,0,false,false,false,false,0
ENT72006,move to,LOC_중앙계곡,2026-08-09T09:10:57.000Z,21.37390933,-157.74145995,UAV 1,2,1:3001:2778,ENT72006,1:1:222:1:2:1:0,0,false,false,false,false,0
ENBTR60002,move to,LOC_중앙계곡,2026-08-09T09:10:57.000Z,21.37141693,-157.74063627,UAV 1,2,1:3001:2788,ENBTR60002,1:1:222:2:8:1:0,0,false,false,false,false,0
ENT72001,move to,LOC_중앙계곡,2026-08-09T09:10:57.000Z,21.37408405,-157.74150820,UAV 1,2,1:3001:2681,ENT72001,1:1:222:1:2:1:0,0,false,false,false,false,0
ENT72002,move to,LOC_중앙계곡,2026-08-09T09:10:57.000Z,21.37406782,-157.74144498,UAV 1,2,1:3001:2628,ENT72002,1:1:222:1:2:1:0,0,false,false,false,false,0
ENT72003,move to,LOC_중앙계곡,2026-08-09T09:10:57.000Z,21.37400270,-157.74151613,UAV 1,2,1:3001:2590,ENT72003,1:1:222:1:2:1:0,0,false,false,false,false,0
ENT72004,move to,LOC_중앙계곡,2026-08-09T09:10:57.000Z,21.37398617,-157.74145268,UAV 1,2,1:3001:2738,ENT72004,1:1:222:1:2:1:0,0,false,false,false,false,0
ENT72005,move to,LOC_중앙계곡,2026-08-09T09:10:57.000Z,21.37391795,-157.74152442,UAV 1,2,1:3001:2648,ENT72005,1:1:222:1:2:1:0,0,false,false,false,false,0
ENM35001,move to,LOC_적북측접근로,2026-08-09T09:10:57.000Z,21.37277188,-157.73562307,UAV 1,2,1:3001:2754,ENM35001,1:1:225:7:1:6:0,0,false,false,false,false,0
FRMORT001,none,,2026-08-09T09:10:57.000Z,21.39104607,-157.73719078,UAV 1,1,1:3001:2683,FRMORT001,1:1:71:10:1:0:1,0,false,false,false,false,0
FRTRK1002,move to,LOC_남측제1방어선,2026-08-09T09:10:57.000Z,21.38788471,-157.74807221,UAV 1,1,1:3001:2853,FRTRK1002,1:1:225:7:12:0:0,0,false,false,false,false,0
FRMORT002,none,,2026-08-09T09:10:57.000Z,21.39112390,-157.73727132,UAV 1,1,1:3001:2642,FRMORT002,1:1:71:10:1:0:1,0,false,false,false,false,0
FRMORT004,none,,2026-08-09T09:10:57.000Z,21.39119933,-157.73718822,UAV 1,1,1:3001:2767,FRMORT004,1:1:71:10:1:0:1,0,false,false,false,false,0
FRTRK1005,move to,LOC_남측제1방어선,2026-08-09T09:10:57.000Z,21.38789101,-157.74812160,UAV 1,1,1:3001:2773,FRTRK1005,1:1:225:7:12:0:0,0,false,false,false,false,0
FRMORT003,none,,2026-08-09T09:10:57.000Z,21.39112150,-157.73710768,UAV 1,1,1:3001:2839,FRMORT003,1:1:71:10:1:0:1,0,false,false,false,false,0
ENM1A2001,move to,LOC_중앙계곡,2026-08-09T09:10:57.000Z,21.37582430,-157.74233109,UAV 1,2,1:3001:2608,ENM1A2001,1:1:225:1:1:3:0,0,false,false,false,false,0
FRLAV001,move to,LOC_중앙킬존남측,2026-08-09T09:10:57.000Z,21.38912792,-157.74549474,UAV 1,1,1:3001:2818,FRLAV001,1:1:39:2:6:1:0,0,false,false,false,false,0
FRTRK2003,move to,LOC_남측제1방어선,2026-08-09T09:10:57.000Z,21.38777779,-157.74837022,UAV 1,1,1:3001:2863,FRTRK2003,1:1:225:7:12:8:0,0,false,false,false,false,0
ENM1A2004,move to,LOC_중앙계곡,2026-08-09T09:10:57.000Z,21.37575379,-157.74217807,UAV 1,2,1:3001:2886,ENM1A2004,1:1:225:1:1:3:0,0,false,false,false,false,0
ENM1A2003,move to,LOC_중앙계곡,2026-08-09T09:10:57.000Z,21.37577761,-157.74222916,UAV 1,2,1:3001:2564,ENM1A2003,1:1:225:1:1:3:0,0,false,false,false,false,0
FRTRK1003,move to,LOC_남측제1방어선,2026-08-09T09:10:57.000Z,21.38783553,-157.74824824,UAV 1,1,1:3001:2614,FRTRK1003,1:1:225:7:12:0:0,0,false,false,false,false,0
FRLAV002,move to,LOC_중앙킬존남측,2026-08-09T09:10:57.000Z,21.38917716,-157.74555986,UAV 1,1,1:3001:2691,FRLAV002,1:1:39:2:6:1:0,0,false,false,false,false,0
ENM1A2002,move to,LOC_중앙계곡,2026-08-09T09:10:57.000Z,21.37580267,-157.74227959,UAV 1,2,1:3001:2693,ENM1A2002,1:1:225:1:1:3:0,0,false,false,false,false,0
FRLAV006,move to,LOC_중앙킬존남측,2026-08-09T09:10:57.000Z,21.38932436,-157.74582787,UAV 1,1,1:3001:2696,FRLAV006,1:1:39:2:6:1:0,0,false,false,false,false,0
FRTRK2001,move to,LOC_남측제1방어선,2026-08-09T09:10:57.000Z,21.38778817,-157.74845922,UAV 1,1,1:3001:2823,FRTRK2001,1:1:225:7:12:8:0,0,false,false,false,false,0
FRLAV003,move to,LOC_중앙킬존남측,2026-08-09T09:10:57.000Z,21.38921460,-157.74562649,UAV 1,1,1:3001:2824,FRLAV003,1:1:39:2:6:1:0,0,false,false,false,false,0
FRLAV005,move to,LOC_중앙킬존남측,2026-08-09T09:10:57.000Z,21.38928338,-157.74576084,UAV 1,1,1:3001:2847,FRLAV005,1:1:39:2:6:1:0,0,false,false,false,false,0
FRLAV004,move to,LOC_중앙킬존남측,2026-08-09T09:10:57.000Z,21.38924549,-157.74569383,UAV 1,1,1:3001:2885,FRLAV004,1:1:39:2:6:1:0,0,false,false,false,false,0
FRLAV008,move to,LOC_중앙킬존남측,2026-08-09T09:10:57.000Z,21.38940481,-157.74596249,UAV 1,1,1:3001:2746,FRLAV008,1:1:39:2:6:1:0,0,false,false,false,false,0
FRLAV007,move to,LOC_중앙킬존남측,2026-08-09T09:10:57.000Z,21.38936633,-157.74589501,UAV 1,1,1:3001:2857,FRLAV007,1:1:39:2:6:1:0,0,false,false,false,false,0
FRTRK2004,move to,LOC_남측제1방어선,2026-08-09T09:10:59.000Z,21.38771543,-157.74846825,UAV 1,1,1:3001:2576,FRTRK2004,1:1:225:7:12:8:0,0,false,false,false,false,0
ENCAESAR002,move to,LOC_북측예비방어선,2026-08-09T09:10:59.000Z,21.37064094,-157.73620994,UAV 1,2,1:3001:2594,ENCAESAR002,1:1:71:4:0:0:0,0,false,false,false,false,0
ENT72012,move to,LOC_중앙계곡,2026-08-09T09:10:59.000Z,21.37381866,-157.74146919,UAV 1,2,1:3001:2595,ENT72012,1:1:222:1:2:1:0,0,false,false,false,false,0
ENBTR60001,move to,LOC_중앙계곡,2026-08-09T09:10:59.000Z,21.37155261,-157.74070012,UAV 1,2,1:3001:2602,ENBTR60001,1:1:222:2:8:1:0,0,false,false,false,false,0
ENMORT005,none,,2026-08-09T09:10:59.000Z,21.37457651,-157.73710572,UAV 1,2,1:3001:2607,ENMORT005,1:1:71:10:1:0:1,0,false,false,false,false,0
ENM1A2005,move to,LOC_중앙계곡,2026-08-09T09:10:59.000Z,21.37593078,-157.74206025,UAV 1,2,1:3001:2621,ENM1A2005,1:1:225:1:1:3:0,0,false,false,false,false,0
FRT69001,move to,LOC_중앙킬존남측,2026-08-09T09:10:59.000Z,21.38555588,-157.73782309,UAV 1,1,1:3001:2625,FRT69001,1:1:45:1:2:1:0,0,false,false,false,false,0
ENMORT004,none,,2026-08-09T09:10:59.000Z,21.37447596,-157.73706256,UAV 1,2,1:3001:2630,ENMORT004,1:1:71:10:1:0:1,0,false,false,false,false,0
ENGAZ001,move to,LOC_적북측접근로,2026-08-09T09:10:59.000Z,21.37265139,-157.73557417,UAV 1,2,1:3001:2654,ENGAZ001,1:1:222:7:8:0:0,0,false,false,false,false,0
ENBTR60006,move to,LOC_중앙계곡,2026-08-09T09:10:59.000Z,21.37158928,-157.74054499,UAV 1,2,1:3001:2663,ENBTR60006,1:1:222:2:8:1:0,0,false,false,false,false,0
ENBTR80004,move to,LOC_중앙계곡,2026-08-09T09:10:59.000Z,21.37166217,-157.74049132,UAV 1,2,1:3001:2679,ENBTR80004,1:1:222:2:13:0:0,0,false,false,false,false,0
ENBTR80001,move to,LOC_중앙계곡,2026-08-09T09:10:59.000Z,21.37175272,-157.74053729,UAV 1,2,1:3001:2697,ENBTR80001,1:1:222:2:13:0:0,0,false,false,false,false,0
ENCAESAR004,move to,LOC_북측예비방어선,2026-08-09T09:10:59.000Z,21.37110124,-157.73738253,UAV 1,2,1:3001:2698,ENCAESAR004,1:1:71:4:0:0:0,0,false,false,false,false,0
ENGAZ002,move to,LOC_적북측접근로,2026-08-09T09:10:59.000Z,21.37269900,-157.73565520,UAV 1,2,1:3001:2721,ENGAZ002,1:1:222:7:8:0:0,0,false,false,false,false,0
ENBTR80006,move to,LOC_중앙계곡,2026-08-09T09:10:59.000Z,21.37177695,-157.74038292,UAV 1,2,1:3001:2728,ENBTR80006,1:1:222:2:13:0:0,0,false,false,false,false,0
ENT72011,move to,LOC_중앙계곡,2026-08-09T09:10:59.000Z,21.37383594,-157.74153168,UAV 1,2,1:3001:2732,ENT72011,1:1:222:1:2:1:0,0,false,false,false,false,0
ENGAZ003,move to,LOC_적북측접근로,2026-08-09T09:10:59.000Z,21.37266804,-157.73550146,UAV 1,2,1:3001:2749,ENGAZ003,1:1:222:7:8:0:0,0,false,false,false,false,0
ENBTR80003,move to,LOC_중앙계곡,2026-08-09T09:10:59.000Z,21.37186597,-157.74042921,UAV 1,2,1:3001:2753,ENBTR80003,1:1:222:2:13:0:0,0,false,false,false,false,0
FRT80008,move to,LOC_중앙킬존남측,2026-08-09T09:10:59.000Z,21.38162790,-157.74820772,UAV 1,1,1:3001:2756,FRT80008,1:1:222:1:1:1:0,0,false,false,false,false,0
ENCAESAR003,move to,LOC_적북측접근로,2026-08-09T09:10:59.000Z,21.37022027,-157.73623342,UAV 1,2,1:3001:2782,ENCAESAR003,1:1:71:4:0:0:0,0,false,false,false,false,0
ENMORT001,none,,2026-08-09T09:10:59.000Z,21.37443553,-157.73716992,UAV 1,2,1:3001:2789,ENMORT001,1:1:71:10:1:0:1,0,false,false,false,false,0
ENBTR60007,move to,LOC_중앙계곡,2026-08-09T09:10:59.000Z,21.37139721,-157.74060964,UAV 1,2,1:3001:2815,ENBTR60007,1:1:222:2:8:1:0,0,false,false,false,false,0
ENBTR60008,move to,LOC_중앙계곡,2026-08-09T09:10:59.000Z,21.37144480,-157.74055408,UAV 1,2,1:3001:2826,ENBTR60008,1:1:222:2:8:1:0,0,false,false,false,false,0
FRTRK2002,move to,LOC_남측제1방어선,2026-08-09T09:10:59.000Z,21.38769962,-157.74834249,UAV 1,1,1:3001:2827,FRTRK2002,1:1:225:7:12:8:0,0,false,false,false,false,0
ENBTR80007,move to,LOC_중앙계곡,2026-08-09T09:10:59.000Z,21.37157340,-157.74044506,UAV 1,2,1:3001:2828,ENBTR80007,1:1:222:2:13:0:0,0,false,false,false,false,0
ENMORT002,none,,2026-08-09T09:10:59.000Z,21.37453609,-157.73721308,UAV 1,2,1:3001:2834,ENMORT002,1:1:71:10:1:0:1,0,false,false,false,false,0
ENGAZ004,move to,LOC_적북측접근로,2026-08-09T09:10:59.000Z,21.37271584,-157.73558190,UAV 1,2,1:3001:2838,ENGAZ004,1:1:222:7:8:0:0,0,false,false,false,false,0
ENBTR80005,move to,LOC_중앙계곡,2026-08-09T09:10:59.000Z,21.37171764,-157.74043685,UAV 1,2,1:3001:2846,ENBTR80005,1:1:222:2:13:0:0,0,false,false,false,false,0
ENMIM001,move to,LOC_적북측접근로,2026-08-09T09:10:59.000Z,21.37061259,-157.73958271,UAV 1,2,1:3001:2855,ENMIM001,1:1:225:28:2:0:0,0,false,false,false,false,0
ENCAESAR001,move to,LOC_적북측접근로,2026-08-09T09:10:59.000Z,21.37054560,-157.73774979,UAV 1,2,1:3001:2860,ENCAESAR001,1:1:71:4:0:0:0,0,false,false,false,false,0
ENMORT003,none,,2026-08-09T09:10:59.000Z,21.37463664,-157.73725624,UAV 1,2,1:3001:2865,ENMORT003,1:1:71:10:1:0:1,0,false,false,false,false,0
ENBTR60005,move to,LOC_중앙계곡,2026-08-09T09:10:59.000Z,21.37152449,-157.74059957,UAV 1,2,1:3001:2902,ENBTR60005,1:1:222:2:8:1:0,0,false,false,false,false,0
ENT72010,move to,LOC_중앙계곡,2026-08-09T09:10:59.000Z,21.37391186,-157.74146046,UAV 1,2,1:3001:2761,ENT72010,1:1:222:1:2:1:0,0,false,false,false,false,0
ENT72007,move to,LOC_중앙계곡,2026-08-09T09:10:59.000Z,21.37402736,-157.74151288,UAV 1,2,1:3001:2587,ENT72007,1:1:222:1:2:1:0,0,false,false,false,false,0
ENT72008,move to,LOC_중앙계곡,2026-08-09T09:10:59.000Z,21.37401749,-157.74145061,UAV 1,2,1:3001:2615,ENT72008,1:1:222:1:2:1:0,0,false,false,false,false,0
ENT72009,move to,LOC_중앙계곡,2026-08-09T09:10:59.000Z,21.37393073,-157.74152238,UAV 1,2,1:3001:2727,ENT72009,1:1:222:1:2:1:0,0,false,false,false,false,0
ENBTR80002,move to,LOC_중앙계곡,2026-08-09T09:10:59.000Z,21.37182069,-157.74048390,UAV 1,2,1:3001:2884,ENBTR80002,1:1:222:2:13:0:0,0,false,false,false,false,0
ENBTR60003,move to,LOC_중앙계곡,2026-08-09T09:10:59.000Z,21.37167119,-157.74059039,UAV 1,2,1:3001:2685,ENBTR60003,1:1:222:2:8:1:0,0,false,false,false,false,0
ENT72006,move to,LOC_중앙계곡,2026-08-09T09:10:59.000Z,21.37410357,-157.74144252,UAV 1,2,1:3001:2778,ENT72006,1:1:222:1:2:1:0,0,false,false,false,false,0
ENBTR60002,move to,LOC_중앙계곡,2026-08-09T09:10:59.000Z,21.37161025,-157.74064504,UAV 1,2,1:3001:2788,ENBTR60002,1:1:222:2:8:1:0,0,false,false,false,false,0
ENT72001,move to,LOC_중앙계곡,2026-08-09T09:10:59.000Z,21.37427546,-157.74148862,UAV 1,2,1:3001:2681,ENT72001,1:1:222:1:2:1:0,0,false,false,false,false,0
ENT72002,move to,LOC_중앙계곡,2026-08-09T09:10:59.000Z,21.37425822,-157.74142793,UAV 1,2,1:3001:2628,ENT72002,1:1:222:1:2:1:0,0,false,false,false,false,0
ENT72003,move to,LOC_중앙계곡,2026-08-09T09:10:59.000Z,21.37419038,-157.74149695,UAV 1,2,1:3001:2590,ENT72003,1:1:222:1:2:1:0,0,false,false,false,false,0
ENT72004,move to,LOC_중앙계곡,2026-08-09T09:10:59.000Z,21.37417530,-157.74143572,UAV 1,2,1:3001:2738,ENT72004,1:1:222:1:2:1:0,0,false,false,false,false,0
ENT72005,move to,LOC_중앙계곡,2026-08-09T09:10:59.000Z,21.37410719,-157.74150509,UAV 1,2,1:3001:2648,ENT72005,1:1:222:1:2:1:0,0,false,false,false,false,0
ENM35001,move to,LOC_적북측접근로,2026-08-09T09:10:59.000Z,21.37272470,-157.73582327,UAV 1,2,1:3001:2754,ENM35001,1:1:225:7:1:6:0,0,false,false,false,false,0
FRMORT001,none,,2026-08-09T09:10:59.000Z,21.39104607,-157.73719078,UAV 1,1,1:3001:2683,FRMORT001,1:1:71:10:1:0:1,0,false,false,false,false,0
FRTRK1002,move to,LOC_남측제1방어선,2026-08-09T09:10:59.000Z,21.38786712,-157.74794634,UAV 1,1,1:3001:2853,FRTRK1002,1:1:225:7:12:0:0,0,false,false,false,false,0
FRMORT002,none,,2026-08-09T09:10:59.000Z,21.39112390,-157.73727132,UAV 1,1,1:3001:2642,FRMORT002,1:1:71:10:1:0:1,0,false,false,false,false,0
FRMORT004,none,,2026-08-09T09:10:59.000Z,21.39119933,-157.73718822,UAV 1,1,1:3001:2767,FRMORT004,1:1:71:10:1:0:1,0,false,false,false,false,0
FRTRK1005,move to,LOC_남측제1방어선,2026-08-09T09:10:59.000Z,21.38787476,-157.74800528,UAV 1,1,1:3001:2773,FRTRK1005,1:1:225:7:12:0:0,0,false,false,false,false,0
FRLAV001,move to,LOC_중앙킬존남측,2026-08-09T09:10:59.000Z,21.38893103,-157.74551659,UAV 1,1,1:3001:2818,FRLAV001,1:1:39:2:6:1:0,0,false,false,false,false,0
FRTRK1003,move to,LOC_남측제1방어선,2026-08-09T09:10:59.000Z,21.38781766,-157.74811264,UAV 1,1,1:3001:2614,FRTRK1003,1:1:225:7:12:0:0,0,false,false,false,false,0
FRLAV002,move to,LOC_중앙킬존남측,2026-08-09T09:10:59.000Z,21.38898413,-157.74557963,UAV 1,1,1:3001:2691,FRLAV002,1:1:39:2:6:1:0,0,false,false,false,false,0
FRLAV006,move to,LOC_중앙킬존남측,2026-08-09T09:10:59.000Z,21.38913183,-157.74584117,UAV 1,1,1:3001:2696,FRLAV006,1:1:39:2:6:1:0,0,false,false,false,false,0
FRTRK2001,move to,LOC_남측제1방어선,2026-08-09T09:10:59.000Z,21.38777272,-157.74833433,UAV 1,1,1:3001:2823,FRTRK2001,1:1:225:7:12:8:0,0,false,false,false,false,0
FRLAV003,move to,LOC_중앙킬존남측,2026-08-09T09:10:59.000Z,21.38902165,-157.74564464,UAV 1,1,1:3001:2824,FRLAV003,1:1:39:2:6:1:0,0,false,false,false,false,0
FRLAV005,move to,LOC_중앙킬존남측,2026-08-09T09:10:59.000Z,21.38909426,-157.74577547,UAV 1,1,1:3001:2847,FRLAV005,1:1:39:2:6:1:0,0,false,false,false,false,0
FRLAV004,move to,LOC_중앙킬존남측,2026-08-09T09:10:59.000Z,21.38905838,-157.74570986,UAV 1,1,1:3001:2885,FRLAV004,1:1:39:2:6:1:0,0,false,false,false,false,0
FRLAV008,move to,LOC_중앙킬존남측,2026-08-09T09:10:59.000Z,21.38921099,-157.74597271,UAV 1,1,1:3001:2746,FRLAV008,1:1:39:2:6:1:0,0,false,false,false,false,0
FRLAV007,move to,LOC_중앙킬존남측,2026-08-09T09:10:59.000Z,21.38917101,-157.74590690,UAV 1,1,1:3001:2857,FRLAV007,1:1:39:2:6:1:0,0,false,false,false,false,0
ENM35003,move to,LOC_적북측접근로,2026-08-09T09:10:59.000Z,21.37274740,-157.73572549,UAV 1,2,1:3001:2894,ENM35003,1:1:225:7:1:6:0,0,false,false,false,false,0
FRTRK2004,move to,LOC_남측제1방어선,2026-08-09T09:11:01.000Z,21.38770067,-157.74834083,UAV 1,1,1:3001:2576,FRTRK2004,1:1:225:7:12:8:0,0,false,false,false,false,0
ENCAESAR002,move to,LOC_북측예비방어선,2026-08-09T09:11:01.000Z,21.37070924,-157.73638204,UAV 1,2,1:3001:2594,ENCAESAR002,1:1:71:4:0:0:0,0,false,false,false,false,0
ENT72012,move to,LOC_중앙계곡,2026-08-09T09:11:01.000Z,21.37400098,-157.74145280,UAV 1,2,1:3001:2595,ENT72012,1:1:222:1:2:1:0,0,false,false,false,false,0
ENBTR60001,move to,LOC_중앙계곡,2026-08-09T09:11:01.000Z,21.37173128,-157.74070687,UAV 1,2,1:3001:2602,ENBTR60001,1:1:222:2:8:1:0,0,false,false,false,false,0
ENMORT005,none,,2026-08-09T09:11:01.000Z,21.37457651,-157.73710572,UAV 1,2,1:3001:2607,ENMORT005,1:1:71:10:1:0:1,0,false,false,false,false,0
ENM1A2005,move to,LOC_중앙계곡,2026-08-09T09:11:01.000Z,21.37611721,-157.74199855,UAV 1,2,1:3001:2621,ENM1A2005,1:1:225:1:1:3:0,0,false,false,false,false,0
FRT69001,move to,LOC_중앙킬존남측,2026-08-09T09:11:01.000Z,21.38546831,-157.73798269,UAV 1,1,1:3001:2625,FRT69001,1:1:45:1:2:1:0,0,false,false,false,false,0
ENMORT004,none,,2026-08-09T09:11:01.000Z,21.37447596,-157.73706256,UAV 1,2,1:3001:2630,ENMORT004,1:1:71:10:1:0:1,0,false,false,false,false,0
ENGAZ001,move to,LOC_적북측접근로,2026-08-09T09:11:01.000Z,21.37261331,-157.73575192,UAV 1,2,1:3001:2654,ENGAZ001,1:1:222:7:8:0:0,0,false,false,false,false,0
ENBTR60006,move to,LOC_중앙계곡,2026-08-09T09:11:01.000Z,21.37176471,-157.74055524,UAV 1,2,1:3001:2663,ENBTR60006,1:1:222:2:8:1:0,0,false,false,false,false,0
ENBTR80004,move to,LOC_중앙계곡,2026-08-09T09:11:01.000Z,21.37183499,-157.74050275,UAV 1,2,1:3001:2679,ENBTR80004,1:1:222:2:13:0:0,0,false,false,false,false,0
ENBTR80001,move to,LOC_중앙계곡,2026-08-09T09:11:01.000Z,21.37192343,-157.74054766,UAV 1,2,1:3001:2697,ENBTR80001,1:1:222:2:13:0:0,0,false,false,false,false,0
ENCAESAR004,move to,LOC_북측예비방어선,2026-08-09T09:11:01.000Z,21.37116714,-157.73754819,UAV 1,2,1:3001:2698,ENCAESAR004,1:1:71:4:0:0:0,0,false,false,false,false,0
ENGAZ002,move to,LOC_적북측접근로,2026-08-09T09:11:01.000Z,21.37265612,-157.73584583,UAV 1,2,1:3001:2721,ENGAZ002,1:1:222:7:8:0:0,0,false,false,false,false,0
ENBTR80006,move to,LOC_중앙계곡,2026-08-09T09:11:01.000Z,21.37195170,-157.74039722,UAV 1,2,1:3001:2728,ENBTR80006,1:1:222:2:13:0:0,0,false,false,false,false,0
ENT72011,move to,LOC_중앙계곡,2026-08-09T09:11:01.000Z,21.37401421,-157.74151351,UAV 1,2,1:3001:2732,ENT72011,1:1:222:1:2:1:0,0,false,false,false,false,0
ENGAZ003,move to,LOC_적북측접근로,2026-08-09T09:11:01.000Z,21.37263216,-157.73566882,UAV 1,2,1:3001:2749,ENGAZ003,1:1:222:7:8:0:0,0,false,false,false,false,0
ENBTR80003,move to,LOC_중앙계곡,2026-08-09T09:11:01.000Z,21.37204051,-157.74044256,UAV 1,2,1:3001:2753,ENBTR80003,1:1:222:2:13:0:0,0,false,false,false,false,0
FRT80008,move to,LOC_중앙킬존남측,2026-08-09T09:11:01.000Z,21.38155648,-157.74804474,UAV 1,1,1:3001:2756,FRT80008,1:1:222:1:1:1:0,0,false,false,false,false,0
ENCAESAR003,move to,LOC_적북측접근로,2026-08-09T09:11:01.000Z,21.37025551,-157.73640821,UAV 1,2,1:3001:2782,ENCAESAR003,1:1:71:4:0:0:0,0,false,false,false,false,0
ENMORT001,none,,2026-08-09T09:11:01.000Z,21.37443553,-157.73716992,UAV 1,2,1:3001:2789,ENMORT001,1:1:71:10:1:0:1,0,false,false,false,false,0
ENBTR60007,move to,LOC_중앙계곡,2026-08-09T09:11:01.000Z,21.37157760,-157.74061839,UAV 1,2,1:3001:2815,ENBTR60007,1:1:222:2:8:1:0,0,false,false,false,false,0
ENBTR60008,move to,LOC_중앙계곡,2026-08-09T09:11:01.000Z,21.37162121,-157.74056399,UAV 1,2,1:3001:2826,ENBTR60008,1:1:222:2:8:1:0,0,false,false,false,false,0
FRTRK2002,move to,LOC_남측제1방어선,2026-08-09T09:11:01.000Z,21.38768669,-157.74823075,UAV 1,1,1:3001:2827,FRTRK2002,1:1:225:7:12:8:0,0,false,false,false,false,0
ENBTR80007,move to,LOC_중앙계곡,2026-08-09T09:11:01.000Z,21.37175203,-157.74045782,UAV 1,2,1:3001:2828,ENBTR80007,1:1:222:2:13:0:0,0,false,false,false,false,0
ENMORT002,none,,2026-08-09T09:11:01.000Z,21.37453609,-157.73721308,UAV 1,2,1:3001:2834,ENMORT002,1:1:71:10:1:0:1,0,false,false,false,false,0
ENGAZ004,move to,LOC_적북측접근로,2026-08-09T09:11:01.000Z,21.37267634,-157.73575750,UAV 1,2,1:3001:2838,ENGAZ004,1:1:222:7:8:0:0,0,false,false,false,false,0
ENBTR80005,move to,LOC_중앙계곡,2026-08-09T09:11:01.000Z,21.37189151,-157.74044970,UAV 1,2,1:3001:2846,ENBTR80005,1:1:222:2:13:0:0,0,false,false,false,false,0
ENMIM001,move to,LOC_적북측접근로,2026-08-09T09:11:01.000Z,21.37066730,-157.73974717,UAV 1,2,1:3001:2855,ENMIM001,1:1:225:28:2:0:0,0,false,false,false,false,0
ENCAESAR001,move to,LOC_적북측접근로,2026-08-09T09:11:01.000Z,21.37057935,-157.73792138,UAV 1,2,1:3001:2860,ENCAESAR001,1:1:71:4:0:0:0,0,false,false,false,false,0
ENMORT003,none,,2026-08-09T09:11:01.000Z,21.37463664,-157.73725624,UAV 1,2,1:3001:2865,ENMORT003,1:1:71:10:1:0:1,0,false,false,false,false,0
ENBTR60005,move to,LOC_중앙계곡,2026-08-09T09:11:01.000Z,21.37169992,-157.74060848,UAV 1,2,1:3001:2902,ENBTR60005,1:1:222:2:8:1:0,0,false,false,false,false,0
ENT72010,move to,LOC_중앙계곡,2026-08-09T09:11:01.000Z,21.37408837,-157.74144460,UAV 1,2,1:3001:2761,ENT72010,1:1:222:1:2:1:0,0,false,false,false,false,0
ENT72007,move to,LOC_중앙계곡,2026-08-09T09:11:01.000Z,21.37419770,-157.74149549,UAV 1,2,1:3001:2587,ENT72007,1:1:222:1:2:1:0,0,false,false,false,false,0
ENT72008,move to,LOC_중앙계곡,2026-08-09T09:11:01.000Z,21.37418842,-157.74143526,UAV 1,2,1:3001:2615,ENT72008,1:1:222:1:2:1:0,0,false,false,false,false,0
ENT72009,move to,LOC_중앙계곡,2026-08-09T09:11:01.000Z,21.37410253,-157.74150485,UAV 1,2,1:3001:2727,ENT72009,1:1:222:1:2:1:0,0,false,false,false,false,0
ENBTR80002,move to,LOC_중앙계곡,2026-08-09T09:11:01.000Z,21.37199173,-157.74049563,UAV 1,2,1:3001:2884,ENBTR80002,1:1:222:2:13:0:0,0,false,false,false,false,0
ENBTR60003,move to,LOC_중앙계곡,2026-08-09T09:11:01.000Z,21.37185040,-157.74059988,UAV 1,2,1:3001:2685,ENBTR60003,1:1:222:2:8:1:0,0,false,false,false,false,0
ENT72006,move to,LOC_중앙계곡,2026-08-09T09:11:01.000Z,21.37427753,-157.74142691,UAV 1,2,1:3001:2778,ENT72006,1:1:222:1:2:1:0,0,false,false,false,false,0
ENBTR60002,move to,LOC_중앙계곡,2026-08-09T09:11:01.000Z,21.37178547,-157.74065299,UAV 1,2,1:3001:2788,ENBTR60002,1:1:222:2:8:1:0,0,false,false,false,false,0
ENT72002,move to,LOC_중앙계곡,2026-08-09T09:11:01.000Z,21.37445276,-157.74141050,UAV 1,2,1:3001:2628,ENT72002,1:1:222:1:2:1:0,0,false,false,false,false,0
ENT72003,move to,LOC_중앙계곡,2026-08-09T09:11:01.000Z,21.37437970,-157.74147760,UAV 1,2,1:3001:2590,ENT72003,1:1:222:1:2:1:0,0,false,false,false,false,0
ENT72004,move to,LOC_중앙계곡,2026-08-09T09:11:01.000Z,21.37435720,-157.74141942,UAV 1,2,1:3001:2738,ENT72004,1:1:222:1:2:1:0,0,false,false,false,false,0
ENT72005,move to,LOC_중앙계곡,2026-08-09T09:11:01.000Z,21.37428387,-157.74148704,UAV 1,2,1:3001:2648,ENT72005,1:1:222:1:2:1:0,0,false,false,false,false,0
ENM35001,move to,LOC_적북측접근로,2026-08-09T09:11:01.000Z,21.37268170,-157.73600577,UAV 1,2,1:3001:2754,ENM35001,1:1:225:7:1:6:0,0,false,false,false,false,0
FRTRK1002,move to,LOC_남측제1방어선,2026-08-09T09:11:01.000Z,21.38785016,-157.74782503,UAV 1,1,1:3001:2853,FRTRK1002,1:1:225:7:12:0:0,0,false,false,false,false,0
FRTRK1005,move to,LOC_남측제1방어선,2026-08-09T09:11:01.000Z,21.38785811,-157.74788606,UAV 1,1,1:3001:2773,FRTRK1005,1:1:225:7:12:0:0,0,false,false,false,false,0
FRLAV001,move to,LOC_중앙킬존남측,2026-08-09T09:11:01.000Z,21.38876004,-157.74553555,UAV 1,1,1:3001:2818,FRLAV001,1:1:39:2:6:1:0,0,false,false,false,false,0
FRTRK1003,move to,LOC_남측제1방어선,2026-08-09T09:11:01.000Z,21.38780563,-157.74802136,UAV 1,1,1:3001:2614,FRTRK1003,1:1:225:7:12:0:0,0,false,false,false,false,0
FRLAV006,move to,LOC_중앙킬존남측,2026-08-09T09:11:01.000Z,21.38896084,-157.74585299,UAV 1,1,1:3001:2696,FRLAV006,1:1:39:2:6:1:0,0,false,false,false,false,0
FRLAV003,move to,LOC_중앙킬존남측,2026-08-09T09:11:01.000Z,21.38884793,-157.74566098,UAV 1,1,1:3001:2824,FRLAV003,1:1:39:2:6:1:0,0,false,false,false,false,0
FRLAV005,move to,LOC_중앙킬존남측,2026-08-09T09:11:01.000Z,21.38892098,-157.74578888,UAV 1,1,1:3001:2847,FRLAV005,1:1:39:2:6:1:0,0,false,false,false,false,0
FRLAV004,move to,LOC_중앙킬존남측,2026-08-09T09:11:01.000Z,21.38888256,-157.74572493,UAV 1,1,1:3001:2885,FRLAV004,1:1:39:2:6:1:0,0,false,false,false,false,0
FRLAV008,move to,LOC_중앙킬존남측,2026-08-09T09:11:01.000Z,21.38903638,-157.74598191,UAV 1,1,1:3001:2746,FRLAV008,1:1:39:2:6:1:0,0,false,false,false,false,0
FRLAV007,move to,LOC_중앙킬존남측,2026-08-09T09:11:01.000Z,21.38900026,-157.74591729,UAV 1,1,1:3001:2857,FRLAV007,1:1:39:2:6:1:0,0,false,false,false,false,0
FRTRK1001,move to,LOC_남측제1방어선,2026-08-09T09:11:01.000Z,21.38792131,-157.74782952,UAV 1,1,1:3001:2643,FRTRK1001,1:1:225:7:12:0:0,0,false,false,false,false,0
FRTRK2003,move to,LOC_남측제1방어선,2026-08-09T09:11:01.000Z,21.38775995,-157.74822605,UAV 1,1,1:3001:2863,FRTRK2003,1:1:225:7:12:8:0,0,false,false,false,false,0
FRT69010,move to,LOC_중앙킬존남측,2026-08-09T09:11:01.000Z,21.38614652,-157.73788787,UAV 1,1,1:3001:2875,FRT69010,1:1:45:1:2:1:0,0,false,false,false,false,0
FRTRK1004,move to,LOC_남측제1방어선,2026-08-09T09:11:01.000Z,21.38791064,-157.74776524,UAV 1,1,1:3001:2898,FRTRK1004,1:1:225:7:12:0:0,0,false,false,false,false,0
FRTRK2004,move to,LOC_남측제1방어선,2026-08-09T09:11:02.000Z,21.38768786,-157.74823029,UAV 1,1,1:3001:2576,FRTRK2004,1:1:225:7:12:8:0,0,false,false,false,false,0
ENCAESAR002,move to,LOC_북측예비방어선,2026-08-09T09:11:02.000Z,21.37076823,-157.73653067,UAV 1,2,1:3001:2594,ENCAESAR002,1:1:71:4:0:0:0,0,false,false,false,false,0
ENT72012,move to,LOC_중앙계곡,2026-08-09T09:11:02.000Z,21.37416670,-157.74143790,UAV 1,2,1:3001:2595,ENT72012,1:1:222:1:2:1:0,0,false,false,false,false,0
ENBTR60001,move to,LOC_중앙계곡,2026-08-09T09:11:02.000Z,21.37190494,-157.74071343,UAV 1,2,1:3001:2602,ENBTR60001,1:1:222:2:8:1:0,0,false,false,false,false,0
ENMORT005,none,,2026-08-09T09:11:02.000Z,21.37457651,-157.73710572,UAV 1,2,1:3001:2607,ENMORT005,1:1:71:10:1:0:1,0,false,false,false,false,0
ENM1A2005,move to,LOC_중앙계곡,2026-08-09T09:11:02.000Z,21.37628385,-157.74194340,UAV 1,2,1:3001:2621,ENM1A2005,1:1:225:1:1:3:0,0,false,false,false,false,0
FRT69001,move to,LOC_중앙킬존남측,2026-08-09T09:11:02.000Z,21.38538151,-157.73814089,UAV 1,1,1:3001:2625,FRT69001,1:1:45:1:2:1:0,0,false,false,false,false,0
ENMORT004,none,,2026-08-09T09:11:02.000Z,21.37447596,-157.73706256,UAV 1,2,1:3001:2630,ENMORT004,1:1:71:10:1:0:1,0,false,false,false,false,0
ENGAZ001,move to,LOC_적북측접근로,2026-08-09T09:11:02.000Z,21.37257432,-157.73593391,UAV 1,2,1:3001:2654,ENGAZ001,1:1:222:7:8:0:0,0,false,false,false,false,0
ENBTR60006,move to,LOC_중앙계곡,2026-08-09T09:11:02.000Z,21.37193428,-157.74056515,UAV 1,2,1:3001:2663,ENBTR60006,1:1:222:2:8:1:0,0,false,false,false,false,0
ENBTR80004,move to,LOC_중앙계곡,2026-08-09T09:11:02.000Z,21.37200518,-157.74051400,UAV 1,2,1:3001:2679,ENBTR80004,1:1:222:2:13:0:0,0,false,false,false,false,0
ENBTR80001,move to,LOC_중앙계곡,2026-08-09T09:11:02.000Z,21.37209347,-157.74055799,UAV 1,2,1:3001:2697,ENBTR80001,1:1:222:2:13:0:0,0,false,false,false,false,0
ENCAESAR004,move to,LOC_북측예비방어선,2026-08-09T09:11:02.000Z,21.37123200,-157.73771126,UAV 1,2,1:3001:2698,ENCAESAR004,1:1:71:4:0:0:0,0,false,false,false,false,0
ENGAZ002,move to,LOC_적북측접근로,2026-08-09T09:11:02.000Z,21.37261553,-157.73602633,UAV 1,2,1:3001:2721,ENGAZ002,1:1:222:7:8:0:0,0,false,false,false,false,0
ENBTR80006,move to,LOC_중앙계곡,2026-08-09T09:11:02.000Z,21.37212218,-157.74041117,UAV 1,2,1:3001:2728,ENBTR80006,1:1:222:2:13:0:0,0,false,false,false,false,0
ENT72011,move to,LOC_중앙계곡,2026-08-09T09:11:02.000Z,21.37418026,-157.74149659,UAV 1,2,1:3001:2732,ENT72011,1:1:222:1:2:1:0,0,false,false,false,false,0
ENGAZ003,move to,LOC_적북측접근로,2026-08-09T09:11:02.000Z,21.37259341,-157.73584953,UAV 1,2,1:3001:2749,ENGAZ003,1:1:222:7:8:0:0,0,false,false,false,false,0
ENBTR80003,move to,LOC_중앙계곡,2026-08-09T09:11:02.000Z,21.37221181,-157.74045566,UAV 1,2,1:3001:2753,ENBTR80003,1:1:222:2:13:0:0,0,false,false,false,false,0
FRT80008,move to,LOC_중앙킬존남측,2026-08-09T09:11:02.000Z,21.38148590,-157.74788369,UAV 1,1,1:3001:2756,FRT80008,1:1:222:1:1:1:0,0,false,false,false,false,0
ENCAESAR003,move to,LOC_적북측접근로,2026-08-09T09:11:02.000Z,21.37028861,-157.73657242,UAV 1,2,1:3001:2782,ENCAESAR003,1:1:71:4:0:0:0,0,false,false,false,false,0
ENMORT001,none,,2026-08-09T09:11:02.000Z,21.37443553,-157.73716992,UAV 1,2,1:3001:2789,ENMORT001,1:1:71:10:1:0:1,0,false,false,false,false,0
ENBTR60007,move to,LOC_중앙계곡,2026-08-09T09:11:02.000Z,21.37175076,-157.74062679,UAV 1,2,1:3001:2815,ENBTR60007,1:1:222:2:8:1:0,0,false,false,false,false,0
ENBTR60008,move to,LOC_중앙계곡,2026-08-09T09:11:02.000Z,21.37179140,-157.74057354,UAV 1,2,1:3001:2826,ENBTR60008,1:1:222:2:8:1:0,0,false,false,false,false,0
ENBTR80007,move to,LOC_중앙계곡,2026-08-09T09:11:02.000Z,21.37191827,-157.74046970,UAV 1,2,1:3001:2828,ENBTR80007,1:1:222:2:13:0:0,0,false,false,false,false,0
ENMORT002,none,,2026-08-09T09:11:02.000Z,21.37453609,-157.73721308,UAV 1,2,1:3001:2834,ENMORT002,1:1:71:10:1:0:1,0,false,false,false,false,0
ENGAZ004,move to,LOC_적북측접근로,2026-08-09T09:11:02.000Z,21.37263569,-157.73593818,UAV 1,2,1:3001:2838,ENGAZ004,1:1:222:7:8:0:0,0,false,false,false,false,0
ENBTR80005,move to,LOC_중앙계곡,2026-08-09T09:11:02.000Z,21.37206233,-157.74046233,UAV 1,2,1:3001:2846,ENBTR80005,1:1:222:2:13:0:0,0,false,false,false,false,0
ENMIM001,move to,LOC_적북측접근로,2026-08-09T09:11:02.000Z,21.37072115,-157.73990904,UAV 1,2,1:3001:2855,ENMIM001,1:1:225:28:2:0:0,0,false,false,false,false,0
ENCAESAR001,move to,LOC_적북측접근로,2026-08-09T09:11:02.000Z,21.37061632,-157.73810937,UAV 1,2,1:3001:2860,ENCAESAR001,1:1:71:4:0:0:0,0,false,false,false,false,0
ENMORT003,none,,2026-08-09T09:11:02.000Z,21.37463664,-157.73725624,UAV 1,2,1:3001:2865,ENMORT003,1:1:71:10:1:0:1,0,false,false,false,false,0
ENBTR60005,move to,LOC_중앙계곡,2026-08-09T09:11:02.000Z,21.37186955,-157.74061709,UAV 1,2,1:3001:2902,ENBTR60005,1:1:222:2:8:1:0,0,false,false,false,false,0
ENT72010,move to,LOC_중앙계곡,2026-08-09T09:11:02.000Z,21.37425937,-157.74142923,UAV 1,2,1:3001:2761,ENT72010,1:1:222:1:2:1:0,0,false,false,false,false,0
ENT72008,move to,LOC_중앙계곡,2026-08-09T09:11:02.000Z,21.37436806,-157.74141913,UAV 1,2,1:3001:2615,ENT72008,1:1:222:1:2:1:0,0,false,false,false,false,0
ENT72009,move to,LOC_중앙계곡,2026-08-09T09:11:02.000Z,21.37427401,-157.74148736,UAV 1,2,1:3001:2727,ENT72009,1:1:222:1:2:1:0,0,false,false,false,false,0
ENBTR80002,move to,LOC_중앙계곡,2026-08-09T09:11:02.000Z,21.37216592,-157.74050757,UAV 1,2,1:3001:2884,ENBTR80002,1:1:222:2:13:0:0,0,false,false,false,false,0
ENBTR60003,move to,LOC_중앙계곡,2026-08-09T09:11:02.000Z,21.37202046,-157.74060890,UAV 1,2,1:3001:2685,ENBTR60003,1:1:222:2:8:1:0,0,false,false,false,false,0
ENT72006,move to,LOC_중앙계곡,2026-08-09T09:11:02.000Z,21.37446897,-157.74140974,UAV 1,2,1:3001:2778,ENT72006,1:1:222:1:2:1:0,0,false,false,false,false,0
ENBTR60002,move to,LOC_중앙계곡,2026-08-09T09:11:02.000Z,21.37195462,-157.74066066,UAV 1,2,1:3001:2788,ENBTR60002,1:1:222:2:8:1:0,0,false,false,false,false,0
ENT72002,move to,LOC_중앙계곡,2026-08-09T09:11:02.000Z,21.37462377,-157.74139518,UAV 1,2,1:3001:2628,ENT72002,1:1:222:1:2:1:0,0,false,false,false,false,0
ENT72004,move to,LOC_중앙계곡,2026-08-09T09:11:02.000Z,21.37454409,-157.74140266,UAV 1,2,1:3001:2738,ENT72004,1:1:222:1:2:1:0,0,false,false,false,false,0
ENM35001,move to,LOC_적북측접근로,2026-08-09T09:11:02.000Z,21.37264000,-157.73618274,UAV 1,2,1:3001:2754,ENM35001,1:1:225:7:1:6:0,0,false,false,false,false,0
FRTRK1002,move to,LOC_남측제1방어선,2026-08-09T09:11:02.000Z,21.38783323,-157.74770386,UAV 1,1,1:3001:2853,FRTRK1002,1:1:225:7:12:0:0,0,false,false,false,false,0
FRTRK1005,move to,LOC_남측제1방어선,2026-08-09T09:11:02.000Z,21.38784182,-157.74776949,UAV 1,1,1:3001:2773,FRTRK1005,1:1:225:7:12:0:0,0,false,false,false,false,0
FRLAV001,move to,LOC_중앙킬존남측,2026-08-09T09:11:02.000Z,21.38859052,-157.74555436,UAV 1,1,1:3001:2818,FRLAV001,1:1:39:2:6:1:0,0,false,false,false,false,0
FRTRK1003,move to,LOC_남측제1방어선,2026-08-09T09:11:02.000Z,21.38779168,-157.74791549,UAV 1,1,1:3001:2614,FRTRK1003,1:1:225:7:12:0:0,0,false,false,false,false,0
FRLAV006,move to,LOC_중앙킬존남측,2026-08-09T09:11:02.000Z,21.38879201,-157.74586465,UAV 1,1,1:3001:2696,FRLAV006,1:1:39:2:6:1:0,0,false,false,false,false,0
FRLAV003,move to,LOC_중앙킬존남측,2026-08-09T09:11:02.000Z,21.38868024,-157.74567675,UAV 1,1,1:3001:2824,FRLAV003,1:1:39:2:6:1:0,0,false,false,false,false,0
FRLAV005,move to,LOC_중앙킬존남측,2026-08-09T09:11:02.000Z,21.38875294,-157.74580188,UAV 1,1,1:3001:2847,FRLAV005,1:1:39:2:6:1:0,0,false,false,false,false,0
FRLAV004,move to,LOC_중앙킬존남측,2026-08-09T09:11:02.000Z,21.38871576,-157.74573922,UAV 1,1,1:3001:2885,FRLAV004,1:1:39:2:6:1:0,0,false,false,false,false,0
FRLAV008,move to,LOC_중앙킬존남측,2026-08-09T09:11:02.000Z,21.38887368,-157.74599049,UAV 1,1,1:3001:2746,FRLAV008,1:1:39:2:6:1:0,0,false,false,false,false,0
FRLAV007,move to,LOC_중앙킬존남측,2026-08-09T09:11:02.000Z,21.38883310,-157.74592747,UAV 1,1,1:3001:2857,FRLAV007,1:1:39:2:6:1:0,0,false,false,false,false,0
FRT69010,move to,LOC_중앙킬존남측,2026-08-09T09:11:02.000Z,21.38604925,-157.73804421,UAV 1,1,1:3001:2875,FRT69010,1:1:45:1:2:1:0,0,false,false,false,false,0
FRTRK1004,move to,LOC_남측제1방어선,2026-08-09T09:11:02.000Z,21.38788607,-157.74759887,UAV 1,1,1:3001:2898,FRTRK1004,1:1:225:7:12:0:0,0,false,false,false,false,0
FRM113003,move to,LOC_중앙킬존남측,2026-08-09T09:11:02.000Z,21.38928930,-157.74715987,UAV 1,1,1:3001:2647,FRM113003,1:1:225:2:3:1:0,0,false,false,false,false,0
FRT69003,move to,LOC_중앙킬존남측,2026-08-09T09:11:02.000Z,21.38552855,-157.73811966,UAV 1,1,1:3001:2705,FRT69003,1:1:45:1:2:1:0,0,false,false,false,false,0
FRM113002,move to,LOC_중앙킬존남측,2026-08-09T09:11:02.000Z,21.38929322,-157.74709780,UAV 1,1,1:3001:2709,FRM113002,1:1:225:2:3:1:0,0,false,false,false,false,0
FRT69004,move to,LOC_중앙킬존남측,2026-08-09T09:11:02.000Z,21.38560436,-157.73810549,UAV 1,1,1:3001:2770,FRT69004,1:1:45:1:2:1:0,0,false,false,false,false,0
FRM113005,move to,LOC_중앙킬존남측,2026-08-09T09:11:02.000Z,21.38943164,-157.74729807,UAV 1,1,1:3001:2841,FRM113005,1:1:225:2:3:1:0,0,false,false,false,false,0
FRM113001,move to,LOC_중앙킬존남측,2026-08-09T09:11:02.000Z,21.38924586,-157.74703149,UAV 1,1,1:3001:2842,FRM113001,1:1:225:2:3:1:0,0,false,false,false,false,0
FRM113004,move to,LOC_중앙킬존남측,2026-08-09T09:11:02.000Z,21.38933455,-157.74722617,UAV 1,1,1:3001:2854,FRM113004,1:1:225:2:3:1:0,0,false,false,false,false,0
M933HE 1,fired_by,,2026-08-09T09:11:02.000Z,21.38260387,-157.74374836,UAV 1,2,1:3001:2912,M933HE 1,2:9:225:2:11:1:0,0,false,false,false,false,0
M933HE 5,fired_by,,2026-08-09T09:11:02.000Z,21.38276600,-157.74407716,UAV 1,2,1:3001:2916,M933HE 5,2:9:225:2:11:1:0,0,false,false,false,false,0
M933HE 6,fired_by,,2026-08-09T09:11:02.000Z,21.38554372,-157.73910824,UAV 1,2,1:3001:2917,M933HE 6,2:9:225:2:11:1:0,0,false,false,false,false,0
ENCAESAR002,move to,LOC_북측예비방어선,2026-08-09T09:11:04.000Z,21.37084161,-157.73671555,UAV 1,2,1:3001:2594,ENCAESAR002,1:1:71:4:0:0:0,0,false,false,false,false,0
ENT72012,move to,LOC_중앙계곡,2026-08-09T09:11:04.000Z,21.37435126,-157.74142130,UAV 1,2,1:3001:2595,ENT72012,1:1:222:1:2:1:0,0,false,false,false,false,0
ENMORT005,none,,2026-08-09T09:11:04.000Z,21.37457651,-157.73710572,UAV 1,2,1:3001:2607,ENMORT005,1:1:71:10:1:0:1,0,false,false,false,false,0
ENM1A2005,move to,LOC_중앙계곡,2026-08-09T09:11:04.000Z,21.37644688,-157.74188944,UAV 1,2,1:3001:2621,ENM1A2005,1:1:225:1:1:3:0,0,false,false,false,false,0
ENMORT004,none,,2026-08-09T09:11:04.000Z,21.37447596,-157.73706256,UAV 1,2,1:3001:2630,ENMORT004,1:1:71:10:1:0:1,0,false,false,false,false,0
ENGAZ001,move to,LOC_적북측접근로,2026-08-09T09:11:04.000Z,21.37253509,-157.73611706,UAV 1,2,1:3001:2654,ENGAZ001,1:1:222:7:8:0:0,0,false,false,false,false,0
ENBTR60006,move to,LOC_중앙계곡,2026-08-09T09:11:04.000Z,21.37210996,-157.74057541,UAV 1,2,1:3001:2663,ENBTR60006,1:1:222:2:8:1:0,0,false,false,false,false,0
ENBTR80004,move to,LOC_중앙계곡,2026-08-09T09:11:04.000Z,21.37218123,-157.74052564,UAV 1,2,1:3001:2679,ENBTR80004,1:1:222:2:13:0:0,0,false,false,false,false,0
ENBTR80001,move to,LOC_중앙계곡,2026-08-09T09:11:04.000Z,21.37227218,-157.74056884,UAV 1,2,1:3001:2697,ENBTR80001,1:1:222:2:13:0:0,0,false,false,false,false,0
ENCAESAR004,move to,LOC_북측예비방어선,2026-08-09T09:11:04.000Z,21.37129585,-157.73787178,UAV 1,2,1:3001:2698,ENCAESAR004,1:1:71:4:0:0:0,0,false,false,false,false,0
ENGAZ002,move to,LOC_적북측접근로,2026-08-09T09:11:04.000Z,21.37257564,-157.73620369,UAV 1,2,1:3001:2721,ENGAZ002,1:1:222:7:8:0:0,0,false,false,false,false,0
ENBTR80006,move to,LOC_중앙계곡,2026-08-09T09:11:04.000Z,21.37229861,-157.74042561,UAV 1,2,1:3001:2728,ENBTR80006,1:1:222:2:13:0:0,0,false,false,false,false,0
ENGAZ003,move to,LOC_적북측접근로,2026-08-09T09:11:04.000Z,21.37255294,-157.73603829,UAV 1,2,1:3001:2749,ENGAZ003,1:1:222:7:8:0:0,0,false,false,false,false,0
ENBTR80003,move to,LOC_중앙계곡,2026-08-09T09:11:04.000Z,21.37238745,-157.74046909,UAV 1,2,1:3001:2753,ENBTR80003,1:1:222:2:13:0:0,0,false,false,false,false,0
FRT80008,move to,LOC_중앙킬존남측,2026-08-09T09:11:04.000Z,21.38141047,-157.74771157,UAV 1,1,1:3001:2756,FRT80008,1:1:222:1:1:1:0,0,false,false,false,false,0
ENCAESAR003,move to,LOC_적북측접근로,2026-08-09T09:11:04.000Z,21.37032859,-157.73677073,UAV 1,2,1:3001:2782,ENCAESAR003,1:1:71:4:0:0:0,0,false,false,false,false,0
ENMORT001,none,,2026-08-09T09:11:04.000Z,21.37443553,-157.73716992,UAV 1,2,1:3001:2789,ENMORT001,1:1:71:10:1:0:1,0,false,false,false,false,0
ENBTR60007,move to,LOC_중앙계곡,2026-08-09T09:11:04.000Z,21.37192511,-157.74063525,UAV 1,2,1:3001:2815,ENBTR60007,1:1:222:2:8:1:0,0,false,false,false,false,0
ENBTR60008,move to,LOC_중앙계곡,2026-08-09T09:11:04.000Z,21.37196649,-157.74058337,UAV 1,2,1:3001:2826,ENBTR60008,1:1:222:2:8:1:0,0,false,false,false,false,0
ENBTR80007,move to,LOC_중앙계곡,2026-08-09T09:11:04.000Z,21.37209570,-157.74048237,UAV 1,2,1:3001:2828,ENBTR80007,1:1:222:2:13:0:0,0,false,false,false,false,0
ENMORT002,none,,2026-08-09T09:11:04.000Z,21.37453609,-157.73721308,UAV 1,2,1:3001:2834,ENMORT002,1:1:71:10:1:0:1,0,false,false,false,false,0
ENGAZ004,move to,LOC_적북측접근로,2026-08-09T09:11:04.000Z,21.37259426,-157.73612233,UAV 1,2,1:3001:2838,ENGAZ004,1:1:222:7:8:0:0,0,false,false,false,false,0
ENBTR80005,move to,LOC_중앙계곡,2026-08-09T09:11:04.000Z,21.37223797,-157.74047532,UAV 1,2,1:3001:2846,ENBTR80005,1:1:222:2:13:0:0,0,false,false,false,false,0
ENMIM001,move to,LOC_적북측접근로,2026-08-09T09:11:04.000Z,21.37077558,-157.74007264,UAV 1,2,1:3001:2855,ENMIM001,1:1:225:28:2:0:0,0,false,false,false,false,0
ENCAESAR001,move to,LOC_적북측접근로,2026-08-09T09:11:04.000Z,21.37065300,-157.73829590,UAV 1,2,1:3001:2860,ENCAESAR001,1:1:71:4:0:0:0,0,false,false,false,false,0
ENMORT003,none,,2026-08-09T09:11:04.000Z,21.37463664,-157.73725624,UAV 1,2,1:3001:2865,ENMORT003,1:1:71:10:1:0:1,0,false,false,false,false,0
ENBTR60005,move to,LOC_중앙계곡,2026-08-09T09:11:04.000Z,21.37204496,-157.74062600,UAV 1,2,1:3001:2902,ENBTR60005,1:1:222:2:8:1:0,0,false,false,false,false,0
ENT72010,move to,LOC_중앙계곡,2026-08-09T09:11:04.000Z,21.37444913,-157.74141218,UAV 1,2,1:3001:2761,ENT72010,1:1:222:1:2:1:0,0,false,false,false,false,0
ENT72008,move to,LOC_중앙계곡,2026-08-09T09:11:04.000Z,21.37455828,-157.74140205,UAV 1,2,1:3001:2615,ENT72008,1:1:222:1:2:1:0,0,false,false,false,false,0
ENBTR80002,move to,LOC_중앙계곡,2026-08-09T09:11:04.000Z,21.37234193,-157.74051964,UAV 1,2,1:3001:2884,ENBTR80002,1:1:222:2:13:0:0,0,false,false,false,false,0
ENBTR60003,move to,LOC_중앙계곡,2026-08-09T09:11:04.000Z,21.37219262,-157.74061802,UAV 1,2,1:3001:2685,ENBTR60003,1:1:222:2:8:1:0,0,false,false,false,false,0
ENT72006,move to,LOC_중앙계곡,2026-08-09T09:11:04.000Z,21.37463639,-157.74139472,UAV 1,2,1:3001:2778,ENT72006,1:1:222:1:2:1:0,0,false,false,false,false,0
ENT72002,move to,LOC_중앙계곡,2026-08-09T09:11:04.000Z,21.37478324,-157.74138090,UAV 1,2,1:3001:2628,ENT72002,1:1:222:1:2:1:0,0,false,false,false,false,0
ENT72004,move to,LOC_중앙계곡,2026-08-09T09:11:04.000Z,21.37470250,-157.74138846,UAV 1,2,1:3001:2738,ENT72004,1:1:222:1:2:1:0,0,false,false,false,false,0
ENM35001,move to,LOC_적북측접근로,2026-08-09T09:11:04.000Z,21.37259685,-157.73636584,UAV 1,2,1:3001:2754,ENM35001,1:1:225:7:1:6:0,0,false,false,false,false,0
FRTRK1002,move to,LOC_남측제1방어선,2026-08-09T09:11:04.000Z,21.38781222,-157.74755352,UAV 1,1,1:3001:2853,FRTRK1002,1:1:225:7:12:0:0,0,false,false,false,false,0
FRTRK1005,move to,LOC_남측제1방어선,2026-08-09T09:11:04.000Z,21.38782319,-157.74763608,UAV 1,1,1:3001:2773,FRTRK1005,1:1:225:7:12:0:0,0,false,false,false,false,0
FRLAV001,move to,LOC_중앙킬존남측,2026-08-09T09:11:04.000Z,21.38841357,-157.74557399,UAV 1,1,1:3001:2818,FRLAV001,1:1:39:2:6:1:0,0,false,false,false,false,0
FRTRK1003,move to,LOC_남측제1방어선,2026-08-09T09:11:04.000Z,21.38777550,-157.74779268,UAV 1,1,1:3001:2614,FRTRK1003,1:1:225:7:12:0:0,0,false,false,false,false,0
FRLAV006,move to,LOC_중앙킬존남측,2026-08-09T09:11:04.000Z,21.38861867,-157.74587663,UAV 1,1,1:3001:2696,FRLAV006,1:1:39:2:6:1:0,0,false,false,false,false,0
FRLAV003,move to,LOC_중앙킬존남측,2026-08-09T09:11:04.000Z,21.38850417,-157.74569331,UAV 1,1,1:3001:2824,FRLAV003,1:1:39:2:6:1:0,0,false,false,false,false,0
FRLAV005,move to,LOC_중앙킬존남측,2026-08-09T09:11:04.000Z,21.38857757,-157.74581545,UAV 1,1,1:3001:2847,FRLAV005,1:1:39:2:6:1:0,0,false,false,false,false,0
FRLAV004,move to,LOC_중앙킬존남측,2026-08-09T09:11:04.000Z,21.38853972,-157.74575431,UAV 1,1,1:3001:2885,FRLAV004,1:1:39:2:6:1:0,0,false,false,false,false,0
FRLAV008,move to,LOC_중앙킬존남측,2026-08-09T09:11:04.000Z,21.38869583,-157.74599986,UAV 1,1,1:3001:2746,FRLAV008,1:1:39:2:6:1:0,0,false,false,false,false,0
FRLAV007,move to,LOC_중앙킬존남측,2026-08-09T09:11:04.000Z,21.38865919,-157.74593805,UAV 1,1,1:3001:2857,FRLAV007,1:1:39:2:6:1:0,0,false,false,false,false,0
FRTRK1004,move to,LOC_남측제1방어선,2026-08-09T09:11:04.000Z,21.38785628,-157.74739714,UAV 1,1,1:3001:2898,FRTRK1004,1:1:225:7:12:0:0,0,false,false,false,false,0
FRM113003,move to,LOC_중앙킬존남측,2026-08-09T09:11:04.000Z,21.38912232,-157.74714512,UAV 1,1,1:3001:2647,FRM113003,1:1:225:2:3:1:0,0,false,false,false,false,0
FRM113005,move to,LOC_중앙킬존남측,2026-08-09T09:11:04.000Z,21.38925764,-157.74728016,UAV 1,1,1:3001:2841,FRM113005,1:1:225:2:3:1:0,0,false,false,false,false,0
FRM113001,move to,LOC_중앙킬존남측,2026-08-09T09:11:04.000Z,21.38906831,-157.74701844,UAV 1,1,1:3001:2842,FRM113001,1:1:225:2:3:1:0,0,false,false,false,false,0
FRM113004,move to,LOC_중앙킬존남측,2026-08-09T09:11:04.000Z,21.38915279,-157.74720879,UAV 1,1,1:3001:2854,FRM113004,1:1:225:2:3:1:0,0,false,false,false,false,0
M933HE 1,fired_by,,2026-08-09T09:11:04.000Z,21.38322500,-157.74426239,UAV 1,2,1:3001:2912,M933HE 1,2:9:225:2:11:1:0,0,false,false,false,false,0
M933HE 5,fired_by,,2026-08-09T09:11:04.000Z,21.38341058,-157.74461164,UAV 1,2,1:3001:2916,M933HE 5,2:9:225:2:11:1:0,0,false,false,false,false,0
FRM113007,move to,LOC_중앙킬존남측,2026-08-09T09:11:04.000Z,21.38931173,-157.74740802,UAV 1,1,1:3001:2707,FRM113007,1:1:225:2:3:1:0,0,false,false,false,false,0
FRM113006,move to,LOC_중앙킬존남측,2026-08-09T09:11:04.000Z,21.38927279,-157.74734278,UAV 1,1,1:3001:2757,FRM113006,1:1:225:2:3:1:0,0,false,false,false,false,0
FRTRK2002,move to,LOC_남측제1방어선,2026-08-09T09:11:04.000Z,21.38767652,-157.74814292,UAV 1,1,1:3001:2827,FRTRK2002,1:1:225:7:12:8:0,0,false,false,false,false,0
FRTRK2003,move to,LOC_남측제1방어선,2026-08-09T09:11:04.000Z,21.38774974,-157.74814349,UAV 1,1,1:3001:2863,FRTRK2003,1:1:225:7:12:8:0,0,false,false,false,false,0
M933HE 3,fired_by,,2026-08-09T09:11:04.000Z,21.37617600,-157.73727022,UAV 1,1,1:3001:2914,M933HE 3,2:9:225:2:11:1:0,0,false,false,false,false,0
ENCAESAR002,move to,LOC_북측예비방어선,2026-08-09T09:11:06.000Z,21.37084161,-157.73671555,UAV 1,2,1:3001:2594,ENCAESAR002,1:1:71:4:0:0:0,0,false,false,false,false,0
ENT72012,move to,LOC_중앙계곡,2026-08-09T09:11:06.000Z,21.37435126,-157.74142130,UAV 1,2,1:3001:2595,ENT72012,1:1:222:1:2:1:0,0,false,false,false,false,0
ENMORT005,none,,2026-08-09T09:11:06.000Z,21.37457651,-157.73710572,UAV 1,2,1:3001:2607,ENMORT005,1:1:71:10:1:0:1,0,false,false,false,false,0
ENM1A2005,move to,LOC_중앙계곡,2026-08-09T09:11:06.000Z,21.37644688,-157.74188944,UAV 1,2,1:3001:2621,ENM1A2005,1:1:225:1:1:3:0,0,false,false,false,false,0
ENMORT004,none,,2026-08-09T09:11:06.000Z,21.37447596,-157.73706256,UAV 1,2,1:3001:2630,ENMORT004,1:1:71:10:1:0:1,0,false,false,false,false,0
ENGAZ001,move to,LOC_적북측접근로,2026-08-09T09:11:06.000Z,21.37253509,-157.73611706,UAV 1,2,1:3001:2654,ENGAZ001,1:1:222:7:8:0:0,0,false,false,false,false,0
ENBTR60006,move to,LOC_중앙계곡,2026-08-09T09:11:06.000Z,21.37210996,-157.74057541,UAV 1,2,1:3001:2663,ENBTR60006,1:1:222:2:8:1:0,0,false,false,false,false,0
ENBTR80004,move to,LOC_중앙계곡,2026-08-09T09:11:06.000Z,21.37218123,-157.74052564,UAV 1,2,1:3001:2679,ENBTR80004,1:1:222:2:13:0:0,0,false,false,false,false,0
ENBTR80001,move to,LOC_중앙계곡,2026-08-09T09:11:06.000Z,21.37227218,-157.74056884,UAV 1,2,1:3001:2697,ENBTR80001,1:1:222:2:13:0:0,0,false,false,false,false,0
ENCAESAR004,move to,LOC_북측예비방어선,2026-08-09T09:11:06.000Z,21.37129585,-157.73787178,UAV 1,2,1:3001:2698,ENCAESAR004,1:1:71:4:0:0:0,0,false,false,false,false,0
ENGAZ002,move to,LOC_적북측접근로,2026-08-09T09:11:06.000Z,21.37257564,-157.73620369,UAV 1,2,1:3001:2721,ENGAZ002,1:1:222:7:8:0:0,0,false,false,false,false,0
ENBTR80006,move to,LOC_중앙계곡,2026-08-09T09:11:06.000Z,21.37229861,-157.74042561,UAV 1,2,1:3001:2728,ENBTR80006,1:1:222:2:13:0:0,0,false,false,false,false,0
ENGAZ003,move to,LOC_적북측접근로,2026-08-09T09:11:06.000Z,21.37255294,-157.73603829,UAV 1,2,1:3001:2749,ENGAZ003,1:1:222:7:8:0:0,0,false,false,false,false,0
ENBTR80003,move to,LOC_중앙계곡,2026-08-09T09:11:06.000Z,21.37238745,-157.74046909,UAV 1,2,1:3001:2753,ENBTR80003,1:1:222:2:13:0:0,0,false,false,false,false,0
FRT80008,move to,LOC_중앙킬존남측,2026-08-09T09:11:06.000Z,21.38141047,-157.74771157,UAV 1,1,1:3001:2756,FRT80008,1:1:222:1:1:1:0,0,false,false,false,false,0
ENCAESAR003,move to,LOC_적북측접근로,2026-08-09T09:11:06.000Z,21.37032859,-157.73677073,UAV 1,2,1:3001:2782,ENCAESAR003,1:1:71:4:0:0:0,0,false,false,false,false,0
ENMORT001,none,,2026-08-09T09:11:06.000Z,21.37443553,-157.73716992,UAV 1,2,1:3001:2789,ENMORT001,1:1:71:10:1:0:1,0,false,false,false,false,0
ENBTR60007,move to,LOC_중앙계곡,2026-08-09T09:11:06.000Z,21.37192511,-157.74063525,UAV 1,2,1:3001:2815,ENBTR60007,1:1:222:2:8:1:0,0,false,false,false,false,0
ENBTR60008,move to,LOC_중앙계곡,2026-08-09T09:11:06.000Z,21.37196649,-157.74058337,UAV 1,2,1:3001:2826,ENBTR60008,1:1:222:2:8:1:0,0,false,false,false,false,0
ENBTR80007,move to,LOC_중앙계곡,2026-08-09T09:11:06.000Z,21.37209570,-157.74048237,UAV 1,2,1:3001:2828,ENBTR80007,1:1:222:2:13:0:0,0,false,false,false,false,0
ENMORT002,none,,2026-08-09T09:11:06.000Z,21.37453609,-157.73721308,UAV 1,2,1:3001:2834,ENMORT002,1:1:71:10:1:0:1,0,false,false,false,false,0
ENGAZ004,move to,LOC_적북측접근로,2026-08-09T09:11:06.000Z,21.37259426,-157.73612233,UAV 1,2,1:3001:2838,ENGAZ004,1:1:222:7:8:0:0,0,false,false,false,false,0
ENBTR80005,move to,LOC_중앙계곡,2026-08-09T09:11:06.000Z,21.37223797,-157.74047532,UAV 1,2,1:3001:2846,ENBTR80005,1:1:222:2:13:0:0,0,false,false,false,false,0
ENMIM001,move to,LOC_적북측접근로,2026-08-09T09:11:06.000Z,21.37077558,-157.74007264,UAV 1,2,1:3001:2855,ENMIM001,1:1:225:28:2:0:0,0,false,false,false,false,0
ENCAESAR001,move to,LOC_적북측접근로,2026-08-09T09:11:06.000Z,21.37065300,-157.73829590,UAV 1,2,1:3001:2860,ENCAESAR001,1:1:71:4:0:0:0,0,false,false,false,false,0
ENMORT003,none,,2026-08-09T09:11:06.000Z,21.37463664,-157.73725624,UAV 1,2,1:3001:2865,ENMORT003,1:1:71:10:1:0:1,0,false,false,false,false,0
ENBTR60005,move to,LOC_중앙계곡,2026-08-09T09:11:06.000Z,21.37204496,-157.74062600,UAV 1,2,1:3001:2902,ENBTR60005,1:1:222:2:8:1:0,0,false,false,false,false,0
ENT72010,move to,LOC_중앙계곡,2026-08-09T09:11:06.000Z,21.37444913,-157.74141218,UAV 1,2,1:3001:2761,ENT72010,1:1:222:1:2:1:0,0,false,false,false,false,0
ENT72008,move to,LOC_중앙계곡,2026-08-09T09:11:06.000Z,21.37455828,-157.74140205,UAV 1,2,1:3001:2615,ENT72008,1:1:222:1:2:1:0,0,false,false,false,false,0
ENBTR80002,move to,LOC_중앙계곡,2026-08-09T09:11:06.000Z,21.37234193,-157.74051964,UAV 1,2,1:3001:2884,ENBTR80002,1:1:222:2:13:0:0,0,false,false,false,false,0
ENBTR60003,move to,LOC_중앙계곡,2026-08-09T09:11:06.000Z,21.37219262,-157.74061802,UAV 1,2,1:3001:2685,ENBTR60003,1:1:222:2:8:1:0,0,false,false,false,false,0
ENT72006,move to,LOC_중앙계곡,2026-08-09T09:11:06.000Z,21.37463639,-157.74139472,UAV 1,2,1:3001:2778,ENT72006,1:1:222:1:2:1:0,0,false,false,false,false,0
ENT72002,move to,LOC_중앙계곡,2026-08-09T09:11:06.000Z,21.37478324,-157.74138090,UAV 1,2,1:3001:2628,ENT72002,1:1:222:1:2:1:0,0,false,false,false,false,0
ENT72004,move to,LOC_중앙계곡,2026-08-09T09:11:06.000Z,21.37470250,-157.74138846,UAV 1,2,1:3001:2738,ENT72004,1:1:222:1:2:1:0,0,false,false,false,false,0
ENM35001,move to,LOC_적북측접근로,2026-08-09T09:11:06.000Z,21.37259685,-157.73636584,UAV 1,2,1:3001:2754,ENM35001,1:1:225:7:1:6:0,0,false,false,false,false,0
FRTRK1002,move to,LOC_남측제1방어선,2026-08-09T09:11:06.000Z,21.38781222,-157.74755352,UAV 1,1,1:3001:2853,FRTRK1002,1:1:225:7:12:0:0,0,false,false,false,false,0
FRTRK1005,move to,LOC_남측제1방어선,2026-08-09T09:11:06.000Z,21.38782319,-157.74763608,UAV 1,1,1:3001:2773,FRTRK1005,1:1:225:7:12:0:0,0,false,false,false,false,0
FRLAV001,move to,LOC_중앙킬존남측,2026-08-09T09:11:06.000Z,21.38841357,-157.74557399,UAV 1,1,1:3001:2818,FRLAV001,1:1:39:2:6:1:0,0,false,false,false,false,0
FRTRK1003,move to,LOC_남측제1방어선,2026-08-09T09:11:06.000Z,21.38777550,-157.74779268,UAV 1,1,1:3001:2614,FRTRK1003,1:1:225:7:12:0:0,0,false,false,false,false,0
FRLAV006,move to,LOC_중앙킬존남측,2026-08-09T09:11:06.000Z,21.38861867,-157.74587663,UAV 1,1,1:3001:2696,FRLAV006,1:1:39:2:6:1:0,0,false,false,false,false,0
FRLAV003,move to,LOC_중앙킬존남측,2026-08-09T09:11:06.000Z,21.38850417,-157.74569331,UAV 1,1,1:3001:2824,FRLAV003,1:1:39:2:6:1:0,0,false,false,false,false,0
FRLAV005,move to,LOC_중앙킬존남측,2026-08-09T09:11:06.000Z,21.38857757,-157.74581545,UAV 1,1,1:3001:2847,FRLAV005,1:1:39:2:6:1:0,0,false,false,false,false,0
FRLAV004,move to,LOC_중앙킬존남측,2026-08-09T09:11:06.000Z,21.38853972,-157.74575431,UAV 1,1,1:3001:2885,FRLAV004,1:1:39:2:6:1:0,0,false,false,false,false,0
FRLAV008,move to,LOC_중앙킬존남측,2026-08-09T09:11:06.000Z,21.38869583,-157.74599986,UAV 1,1,1:3001:2746,FRLAV008,1:1:39:2:6:1:0,0,false,false,false,false,0
FRLAV007,move to,LOC_중앙킬존남측,2026-08-09T09:11:06.000Z,21.38865919,-157.74593805,UAV 1,1,1:3001:2857,FRLAV007,1:1:39:2:6:1:0,0,false,false,false,false,0
FRTRK1004,move to,LOC_남측제1방어선,2026-08-09T09:11:06.000Z,21.38785628,-157.74739714,UAV 1,1,1:3001:2898,FRTRK1004,1:1:225:7:12:0:0,0,false,false,false,false,0
FRM113003,move to,LOC_중앙킬존남측,2026-08-09T09:11:06.000Z,21.38912232,-157.74714512,UAV 1,1,1:3001:2647,FRM113003,1:1:225:2:3:1:0,0,false,false,false,false,0
FRM113005,move to,LOC_중앙킬존남측,2026-08-09T09:11:06.000Z,21.38925764,-157.74728016,UAV 1,1,1:3001:2841,FRM113005,1:1:225:2:3:1:0,0,false,false,false,false,0
FRM113001,move to,LOC_중앙킬존남측,2026-08-09T09:11:06.000Z,21.38906831,-157.74701844,UAV 1,1,1:3001:2842,FRM113001,1:1:225:2:3:1:0,0,false,false,false,false,0
FRM113004,move to,LOC_중앙킬존남측,2026-08-09T09:11:06.000Z,21.38915279,-157.74720879,UAV 1,1,1:3001:2854,FRM113004,1:1:225:2:3:1:0,0,false,false,false,false,0
M933HE 1,fired_by,,2026-08-09T09:11:06.000Z,21.38322500,-157.74426239,UAV 1,,,,,,,,,,
M933HE 5,fired_by,,2026-08-09T09:11:06.000Z,21.38341058,-157.74461164,UAV 1,,,,,,,,,,
FRM113007,move to,LOC_중앙킬존남측,2026-08-09T09:11:06.000Z,21.38931173,-157.74740802,UAV 1,1,1:3001:2707,FRM113007,1:1:225:2:3:1:0,0,false,false,false,false,0
FRM113006,move to,LOC_중앙킬존남측,2026-08-09T09:11:06.000Z,21.38927279,-157.74734278,UAV 1,1,1:3001:2757,FRM113006,1:1:225:2:3:1:0,0,false,false,false,false,0
FRTRK2002,move to,LOC_남측제1방어선,2026-08-09T09:11:06.000Z,21.38767652,-157.74814292,UAV 1,1,1:3001:2827,FRTRK2002,1:1:225:7:12:8:0,0,false,false,false,false,0
FRTRK2003,move to,LOC_남측제1방어선,2026-08-09T09:11:06.000Z,21.38774974,-157.74814349,UAV 1,1,1:3001:2863,FRTRK2003,1:1:225:7:12:8:0,0,false,false,false,false,0
M933HE 3,fired_by,,2026-08-09T09:11:06.000Z,21.37617600,-157.73727022,UAV 1,,,,,,,,,,
ENCAESAR002,move to,LOC_북측예비방어선,2026-08-09T09:11:08.000Z,21.37092110,-157.73691584,UAV 1,2,1:3001:2594,ENCAESAR002,1:1:71:4:0:0:0,0,false,false,false,false,0
ENT72012,move to,LOC_중앙계곡,2026-08-09T09:11:08.000Z,21.37456613,-157.74140198,UAV 1,2,1:3001:2595,ENT72012,1:1:222:1:2:1:0,0,false,false,false,false,0
ENMORT005,none,,2026-08-09T09:11:08.000Z,21.37457651,-157.73710572,UAV 1,2,1:3001:2607,ENMORT005,1:1:71:10:1:0:1,0,false,false,false,false,0
ENM1A2005,move to,LOC_중앙계곡,2026-08-09T09:11:08.000Z,21.37663546,-157.74182702,UAV 1,2,1:3001:2621,ENM1A2005,1:1:225:1:1:3:0,0,false,false,false,false,0
ENMORT004,none,,2026-08-09T09:11:08.000Z,21.37447596,-157.73706256,UAV 1,2,1:3001:2630,ENMORT004,1:1:71:10:1:0:1,0,false,false,false,false,0
ENGAZ001,move to,LOC_적북측접근로,2026-08-09T09:11:08.000Z,21.37249037,-157.73632576,UAV 1,2,1:3001:2654,ENGAZ001,1:1:222:7:8:0:0,0,false,false,false,false,0
ENBTR60006,move to,LOC_중앙계곡,2026-08-09T09:11:08.000Z,21.37231413,-157.74058734,UAV 1,2,1:3001:2663,ENBTR60006,1:1:222:2:8:1:0,0,false,false,false,false,0
ENBTR80004,move to,LOC_중앙계곡,2026-08-09T09:11:08.000Z,21.37238269,-157.74053897,UAV 1,2,1:3001:2679,ENBTR80004,1:1:222:2:13:0:0,0,false,false,false,false,0
ENBTR80001,move to,LOC_중앙계곡,2026-08-09T09:11:08.000Z,21.37247703,-157.74058129,UAV 1,2,1:3001:2697,ENBTR80001,1:1:222:2:13:0:0,0,false,false,false,false,0
ENCAESAR004,move to,LOC_북측예비방어선,2026-08-09T09:11:08.000Z,21.37138492,-157.73809569,UAV 1,2,1:3001:2698,ENCAESAR004,1:1:71:4:0:0:0,0,false,false,false,false,0
ENGAZ002,move to,LOC_적북측접근로,2026-08-09T09:11:08.000Z,21.37252772,-157.73641674,UAV 1,2,1:3001:2721,ENGAZ002,1:1:222:7:8:0:0,0,false,false,false,false,0
ENBTR80006,move to,LOC_중앙계곡,2026-08-09T09:11:08.000Z,21.37249874,-157.74044198,UAV 1,2,1:3001:2728,ENBTR80006,1:1:222:2:13:0:0,0,false,false,false,false,0
ENGAZ003,move to,LOC_적북측접근로,2026-08-09T09:11:08.000Z,21.37250911,-157.73624271,UAV 1,2,1:3001:2749,ENGAZ003,1:1:222:7:8:0:0,0,false,false,false,false,0
ENBTR80003,move to,LOC_중앙계곡,2026-08-09T09:11:08.000Z,21.37258885,-157.74048450,UAV 1,2,1:3001:2753,ENBTR80003,1:1:222:2:13:0:0,0,false,false,false,false,0
FRT80008,move to,LOC_중앙킬존남측,2026-08-09T09:11:08.000Z,21.38132470,-157.74751587,UAV 1,1,1:3001:2756,FRT80008,1:1:222:1:1:1:0,0,false,false,false,false,0
ENCAESAR003,move to,LOC_적북측접근로,2026-08-09T09:11:08.000Z,21.37037271,-157.73698958,UAV 1,2,1:3001:2782,ENCAESAR003,1:1:71:4:0:0:0,0,false,false,false,false,0
ENMORT001,none,,2026-08-09T09:11:08.000Z,21.37443553,-157.73716992,UAV 1,2,1:3001:2789,ENMORT001,1:1:71:10:1:0:1,0,false,false,false,false,0
ENBTR60007,move to,LOC_중앙계곡,2026-08-09T09:11:08.000Z,21.37212175,-157.74064479,UAV 1,2,1:3001:2815,ENBTR60007,1:1:222:2:8:1:0,0,false,false,false,false,0
ENBTR60008,move to,LOC_중앙계곡,2026-08-09T09:11:08.000Z,21.37216755,-157.74059466,UAV 1,2,1:3001:2826,ENBTR60008,1:1:222:2:8:1:0,0,false,false,false,false,0
ENBTR80007,move to,LOC_중앙계곡,2026-08-09T09:11:08.000Z,21.37229595,-157.74049668,UAV 1,2,1:3001:2828,ENBTR80007,1:1:222:2:13:0:0,0,false,false,false,false,0
ENMORT002,none,,2026-08-09T09:11:08.000Z,21.37453609,-157.73721308,UAV 1,2,1:3001:2834,ENMORT002,1:1:71:10:1:0:1,0,false,false,false,false,0
ENGAZ004,move to,LOC_적북측접근로,2026-08-09T09:11:08.000Z,21.37254768,-157.73632938,UAV 1,2,1:3001:2838,ENGAZ004,1:1:222:7:8:0:0,0,false,false,false,false,0
ENBTR80005,move to,LOC_중앙계곡,2026-08-09T09:11:08.000Z,21.37243883,-157.74049017,UAV 1,2,1:3001:2846,ENBTR80005,1:1:222:2:13:0:0,0,false,false,false,false,0
ENMIM001,move to,LOC_적북측접근로,2026-08-09T09:11:08.000Z,21.37084030,-157.74026718,UAV 1,2,1:3001:2855,ENMIM001,1:1:225:28:2:0:0,0,false,false,false,false,0
ENCAESAR001,move to,LOC_적북측접근로,2026-08-09T09:11:08.000Z,21.37069251,-157.73849679,UAV 1,2,1:3001:2860,ENCAESAR001,1:1:71:4:0:0:0,0,false,false,false,false,0
ENMORT003,none,,2026-08-09T09:11:08.000Z,21.37463664,-157.73725624,UAV 1,2,1:3001:2865,ENMORT003,1:1:71:10:1:0:1,0,false,false,false,false,0
ENBTR60005,move to,LOC_중앙계곡,2026-08-09T09:11:08.000Z,21.37224660,-157.74063624,UAV 1,2,1:3001:2902,ENBTR60005,1:1:222:2:8:1:0,0,false,false,false,false,0
ENT72010,move to,LOC_중앙계곡,2026-08-09T09:11:08.000Z,21.37464685,-157.74139441,UAV 1,2,1:3001:2761,ENT72010,1:1:222:1:2:1:0,0,false,false,false,false,0
ENT72008,move to,LOC_중앙계곡,2026-08-09T09:11:08.000Z,21.37473835,-157.74138588,UAV 1,2,1:3001:2615,ENT72008,1:1:222:1:2:1:0,0,false,false,false,false,0
ENBTR80002,move to,LOC_중앙계곡,2026-08-09T09:11:08.000Z,21.37254411,-157.74053351,UAV 1,2,1:3001:2884,ENBTR80002,1:1:222:2:13:0:0,0,false,false,false,false,0
ENBTR60003,move to,LOC_중앙계곡,2026-08-09T09:11:08.000Z,21.37239448,-157.74062872,UAV 1,2,1:3001:2685,ENBTR60003,1:1:222:2:8:1:0,0,false,false,false,false,0
ENT72006,move to,LOC_중앙계곡,2026-08-09T09:11:08.000Z,21.37482172,-157.74137809,UAV 1,2,1:3001:2778,ENT72006,1:1:222:1:2:1:0,0,false,false,false,false,0
ENT72002,move to,LOC_중앙계곡,2026-08-09T09:11:08.000Z,21.37498288,-157.74136302,UAV 1,2,1:3001:2628,ENT72002,1:1:222:1:2:1:0,0,false,false,false,false,0
ENT72004,move to,LOC_중앙계곡,2026-08-09T09:11:08.000Z,21.37489442,-157.74137126,UAV 1,2,1:3001:2738,ENT72004,1:1:222:1:2:1:0,0,false,false,false,false,0
ENM35001,move to,LOC_적북측접근로,2026-08-09T09:11:08.000Z,21.37254772,-157.73657433,UAV 1,2,1:3001:2754,ENM35001,1:1:225:7:1:6:0,0,false,false,false,false,0
FRTRK1002,move to,LOC_남측제1방어선,2026-08-09T09:11:08.000Z,21.38777892,-157.74731525,UAV 1,1,1:3001:2853,FRTRK1002,1:1:225:7:12:0:0,0,false,false,false,false,0
FRTRK1005,move to,LOC_남측제1방어선,2026-08-09T09:11:08.000Z,21.38779467,-157.74743193,UAV 1,1,1:3001:2773,FRTRK1005,1:1:225:7:12:0:0,0,false,false,false,false,0
FRLAV001,move to,LOC_중앙킬존남측,2026-08-09T09:11:08.000Z,21.38819689,-157.74559803,UAV 1,1,1:3001:2818,FRLAV001,1:1:39:2:6:1:0,0,false,false,false,false,0
FRTRK1003,move to,LOC_남측제1방어선,2026-08-09T09:11:08.000Z,21.38775279,-157.74762031,UAV 1,1,1:3001:2614,FRTRK1003,1:1:225:7:12:0:0,0,false,false,false,false,0
FRLAV006,move to,LOC_중앙킬존남측,2026-08-09T09:11:08.000Z,21.38840319,-157.74589151,UAV 1,1,1:3001:2696,FRLAV006,1:1:39:2:6:1:0,0,false,false,false,false,0
FRLAV003,move to,LOC_중앙킬존남측,2026-08-09T09:11:08.000Z,21.38828934,-157.74571351,UAV 1,1,1:3001:2824,FRLAV003,1:1:39:2:6:1:0,0,false,false,false,false,0
FRLAV005,move to,LOC_중앙킬존남측,2026-08-09T09:11:08.000Z,21.38836278,-157.74583207,UAV 1,1,1:3001:2847,FRLAV005,1:1:39:2:6:1:0,0,false,false,false,false,0
FRLAV004,move to,LOC_중앙킬존남측,2026-08-09T09:11:08.000Z,21.38832528,-157.74577268,UAV 1,1,1:3001:2885,FRLAV004,1:1:39:2:6:1:0,0,false,false,false,false,0
FRLAV008,move to,LOC_중앙킬존남측,2026-08-09T09:11:08.000Z,21.38847969,-157.74601126,UAV 1,1,1:3001:2746,FRLAV008,1:1:39:2:6:1:0,0,false,false,false,false,0
FRLAV007,move to,LOC_중앙킬존남측,2026-08-09T09:11:08.000Z,21.38844218,-157.74595126,UAV 1,1,1:3001:2857,FRLAV007,1:1:39:2:6:1:0,0,false,false,false,false,0
FRTRK1004,move to,LOC_남측제1방어선,2026-08-09T09:11:08.000Z,21.38782055,-157.74715526,UAV 1,1,1:3001:2898,FRTRK1004,1:1:225:7:12:0:0,0,false,false,false,false,0
FRM113003,move to,LOC_중앙킬존남측,2026-08-09T09:11:08.000Z,21.38892219,-157.74712745,UAV 1,1,1:3001:2647,FRM113003,1:1:225:2:3:1:0,0,false,false,false,false,0
FRM113001,move to,LOC_중앙킬존남측,2026-08-09T09:11:08.000Z,21.38887272,-157.74700407,UAV 1,1,1:3001:2842,FRM113001,1:1:225:2:3:1:0,0,false,false,false,false,0
FRM113004,move to,LOC_중앙킬존남측,2026-08-09T09:11:08.000Z,21.38895787,-157.74719014,UAV 1,1,1:3001:2854,FRM113004,1:1:225:2:3:1:0,0,false,false,false,false,0
FRM113007,move to,LOC_중앙킬존남측,2026-08-09T09:11:08.000Z,21.38909059,-157.74738207,UAV 1,1,1:3001:2707,FRM113007,1:1:225:2:3:1:0,0,false,false,false,false,0
FRM113006,move to,LOC_중앙킬존남측,2026-08-09T09:11:08.000Z,21.38905206,-157.74731846,UAV 1,1,1:3001:2757,FRM113006,1:1:225:2:3:1:0,0,false,false,false,false,0
FRTRK2002,move to,LOC_남측제1방어선,2026-08-09T09:11:08.000Z,21.38767044,-157.74809034,UAV 1,1,1:3001:2827,FRTRK2002,1:1:225:7:12:8:0,0,false,false,false,false,0
FRTRK2003,move to,LOC_남측제1방어선,2026-08-09T09:11:08.000Z,21.38774490,-157.74810443,UAV 1,1,1:3001:2863,FRTRK2003,1:1:225:7:12:8:0,0,false,false,false,false,0
FRTRK2004,move to,LOC_남측제1방어선,2026-08-09T09:11:08.000Z,21.38767936,-157.74815696,UAV 1,1,1:3001:2576,FRTRK2004,1:1:225:7:12:8:0,0,false,false,false,false,0
FRTRK1001,move to,LOC_남측제1방어선,2026-08-09T09:11:08.000Z,21.38786288,-157.74743425,UAV 1,1,1:3001:2643,FRTRK1001,1:1:225:7:12:0:0,0,false,false,false,false,0
M933HE 7,fired_by,,2026-08-09T09:11:08.000Z,21.37146708,-157.74172393,UAV 1,,,,,,,,,,
ENCAESAR002,move to,LOC_북측예비방어선,2026-08-09T09:11:10.000Z,21.37099184,-157.73709408,UAV 1,2,1:3001:2594,ENCAESAR002,1:1:71:4:0:0:0,0,false,false,false,false,0
ENT72012,move to,LOC_중앙계곡,2026-08-09T09:11:10.000Z,21.37473903,-157.74138643,UAV 1,2,1:3001:2595,ENT72012,1:1:222:1:2:1:0,0,false,false,false,false,0
ENMORT005,none,,2026-08-09T09:11:10.000Z,21.37457651,-157.73710572,UAV 1,2,1:3001:2607,ENMORT005,1:1:71:10:1:0:1,0,false,false,false,false,0
ENM1A2005,move to,LOC_중앙계곡,2026-08-09T09:11:10.000Z,21.37680812,-157.74176988,UAV 1,2,1:3001:2621,ENM1A2005,1:1:225:1:1:3:0,0,false,false,false,false,0
ENMORT004,none,,2026-08-09T09:11:10.000Z,21.37447596,-157.73706256,UAV 1,2,1:3001:2630,ENMORT004,1:1:71:10:1:0:1,0,false,false,false,false,0
ENGAZ001,move to,LOC_적북측접근로,2026-08-09T09:11:10.000Z,21.37244648,-157.73653063,UAV 1,2,1:3001:2654,ENGAZ001,1:1:222:7:8:0:0,0,false,false,false,false,0
ENBTR60006,move to,LOC_중앙계곡,2026-08-09T09:11:10.000Z,21.37251822,-157.74059926,UAV 1,2,1:3001:2663,ENBTR60006,1:1:222:2:8:1:0,0,false,false,false,false,0
ENBTR80004,move to,LOC_중앙계곡,2026-08-09T09:11:10.000Z,21.37257984,-157.74055200,UAV 1,2,1:3001:2679,ENBTR80004,1:1:222:2:13:0:0,0,false,false,false,false,0
ENBTR80001,move to,LOC_중앙계곡,2026-08-09T09:11:10.000Z,21.37266696,-157.74059282,UAV 1,2,1:3001:2697,ENBTR80001,1:1:222:2:13:0:0,0,false,false,false,false,0
ENCAESAR004,move to,LOC_북측예비방어선,2026-08-09T09:11:10.000Z,21.37146071,-157.73828624,UAV 1,2,1:3001:2698,ENCAESAR004,1:1:71:4:0:0:0,0,false,false,false,false,0
ENGAZ002,move to,LOC_적북측접근로,2026-08-09T09:11:10.000Z,21.37248216,-157.73661931,UAV 1,2,1:3001:2721,ENGAZ002,1:1:222:7:8:0:0,0,false,false,false,false,0
ENBTR80006,move to,LOC_중앙계곡,2026-08-09T09:11:10.000Z,21.37269650,-157.74045816,UAV 1,2,1:3001:2728,ENBTR80006,1:1:222:2:13:0:0,0,false,false,false,false,0
ENGAZ003,move to,LOC_적북측접근로,2026-08-09T09:11:10.000Z,21.37246505,-157.73644820,UAV 1,2,1:3001:2749,ENGAZ003,1:1:222:7:8:0:0,0,false,false,false,false,0
ENBTR80003,move to,LOC_중앙계곡,2026-08-09T09:11:10.000Z,21.37278660,-157.74049962,UAV 1,2,1:3001:2753,ENBTR80003,1:1:222:2:13:0:0,0,false,false,false,false,0
FRT80008,move to,LOC_중앙킬존남측,2026-08-09T09:11:10.000Z,21.38124114,-157.74732521,UAV 1,1,1:3001:2756,FRT80008,1:1:222:1:1:1:0,0,false,false,false,false,0
ENCAESAR003,move to,LOC_적북측접근로,2026-08-09T09:11:10.000Z,21.37040999,-157.73717453,UAV 1,2,1:3001:2782,ENCAESAR003,1:1:71:4:0:0:0,0,false,false,false,false,0
ENMORT001,none,,2026-08-09T09:11:10.000Z,21.37443553,-157.73716992,UAV 1,2,1:3001:2789,ENMORT001,1:1:71:10:1:0:1,0,false,false,false,false,0
ENBTR60007,move to,LOC_중앙계곡,2026-08-09T09:11:10.000Z,21.37231751,-157.74065429,UAV 1,2,1:3001:2815,ENBTR60007,1:1:222:2:8:1:0,0,false,false,false,false,0
ENBTR60008,move to,LOC_중앙계곡,2026-08-09T09:11:10.000Z,21.37236554,-157.74060578,UAV 1,2,1:3001:2826,ENBTR60008,1:1:222:2:8:1:0,0,false,false,false,false,0
ENBTR80007,move to,LOC_중앙계곡,2026-08-09T09:11:10.000Z,21.37249029,-157.74051057,UAV 1,2,1:3001:2828,ENBTR80007,1:1:222:2:13:0:0,0,false,false,false,false,0
ENMORT002,none,,2026-08-09T09:11:10.000Z,21.37453609,-157.73721308,UAV 1,2,1:3001:2834,ENMORT002,1:1:71:10:1:0:1,0,false,false,false,false,0
ENGAZ004,move to,LOC_적북측접근로,2026-08-09T09:11:10.000Z,21.37250178,-157.73653341,UAV 1,2,1:3001:2838,ENGAZ004,1:1:222:7:8:0:0,0,false,false,false,false,0
ENBTR80005,move to,LOC_중앙계곡,2026-08-09T09:11:10.000Z,21.37263521,-157.74050469,UAV 1,2,1:3001:2846,ENBTR80005,1:1:222:2:13:0:0,0,false,false,false,false,0
ENMIM001,move to,LOC_적북측접근로,2026-08-09T09:11:10.000Z,21.37089933,-157.74044461,UAV 1,2,1:3001:2855,ENMIM001,1:1:225:28:2:0:0,0,false,false,false,false,0
ENCAESAR001,move to,LOC_적북측접근로,2026-08-09T09:11:10.000Z,21.37073444,-157.73870997,UAV 1,2,1:3001:2860,ENCAESAR001,1:1:71:4:0:0:0,0,false,false,false,false,0
ENMORT003,none,,2026-08-09T09:11:10.000Z,21.37463664,-157.73725624,UAV 1,2,1:3001:2865,ENMORT003,1:1:71:10:1:0:1,0,false,false,false,false,0
ENBTR60005,move to,LOC_중앙계곡,2026-08-09T09:11:10.000Z,21.37244798,-157.74064647,UAV 1,2,1:3001:2902,ENBTR60005,1:1:222:2:8:1:0,0,false,false,false,false,0
ENT72010,move to,LOC_중앙계곡,2026-08-09T09:11:10.000Z,21.37482625,-157.74137829,UAV 1,2,1:3001:2761,ENT72010,1:1:222:1:2:1:0,0,false,false,false,false,0
ENT72008,move to,LOC_중앙계곡,2026-08-09T09:11:10.000Z,21.37492805,-157.74136885,UAV 1,2,1:3001:2615,ENT72008,1:1:222:1:2:1:0,0,false,false,false,false,0
ENBTR80002,move to,LOC_중앙계곡,2026-08-09T09:11:10.000Z,21.37273927,-157.74054689,UAV 1,2,1:3001:2884,ENBTR80002,1:1:222:2:13:0:0,0,false,false,false,false,0
ENBTR60003,move to,LOC_중앙계곡,2026-08-09T09:11:10.000Z,21.37259608,-157.74063941,UAV 1,2,1:3001:2685,ENBTR60003,1:1:222:2:8:1:0,0,false,false,false,false,0
ENT72006,move to,LOC_중앙계곡,2026-08-09T09:11:10.000Z,21.37502084,-157.74136023,UAV 1,2,1:3001:2778,ENT72006,1:1:222:1:2:1:0,0,false,false,false,false,0
ENT72002,move to,LOC_중앙계곡,2026-08-09T09:11:10.000Z,21.37517624,-157.74134570,UAV 1,2,1:3001:2628,ENT72002,1:1:222:1:2:1:0,0,false,false,false,false,0
ENT72004,move to,LOC_중앙계곡,2026-08-09T09:11:10.000Z,21.37509259,-157.74135349,UAV 1,2,1:3001:2738,ENT72004,1:1:222:1:2:1:0,0,false,false,false,false,0
ENM35001,move to,LOC_적북측접근로,2026-08-09T09:11:10.000Z,21.37249956,-157.73677870,UAV 1,2,1:3001:2754,ENM35001,1:1:225:7:1:6:0,0,false,false,false,false,0
FRTRK1002,move to,LOC_남측제1방어선,2026-08-09T09:11:10.000Z,21.38774684,-157.74708574,UAV 1,1,1:3001:2853,FRTRK1002,1:1:225:7:12:0:0,0,false,false,false,false,0
FRTRK1005,move to,LOC_남측제1방어선,2026-08-09T09:11:10.000Z,21.38776032,-157.74718602,UAV 1,1,1:3001:2773,FRTRK1005,1:1:225:7:12:0:0,0,false,false,false,false,0
FRLAV001,move to,LOC_중앙킬존남측,2026-08-09T09:11:10.000Z,21.38799237,-157.74562072,UAV 1,1,1:3001:2818,FRLAV001,1:1:39:2:6:1:0,0,false,false,false,false,0
FRTRK1003,move to,LOC_남측제1방어선,2026-08-09T09:11:10.000Z,21.38772290,-157.74739344,UAV 1,1,1:3001:2614,FRTRK1003,1:1:225:7:12:0:0,0,false,false,false,false,0
FRLAV006,move to,LOC_중앙킬존남측,2026-08-09T09:11:10.000Z,21.38819744,-157.74590573,UAV 1,1,1:3001:2696,FRLAV006,1:1:39:2:6:1:0,0,false,false,false,false,0
FRLAV003,move to,LOC_중앙킬존남측,2026-08-09T09:11:10.000Z,21.38808103,-157.74573310,UAV 1,1,1:3001:2824,FRLAV003,1:1:39:2:6:1:0,0,false,false,false,false,0
FRLAV005,move to,LOC_중앙킬존남측,2026-08-09T09:11:10.000Z,21.38815712,-157.74584798,UAV 1,1,1:3001:2847,FRLAV005,1:1:39:2:6:1:0,0,false,false,false,false,0
FRLAV004,move to,LOC_중앙킬존남측,2026-08-09T09:11:10.000Z,21.38811816,-157.74579043,UAV 1,1,1:3001:2885,FRLAV004,1:1:39:2:6:1:0,0,false,false,false,false,0
FRLAV008,move to,LOC_중앙킬존남측,2026-08-09T09:11:10.000Z,21.38827492,-157.74602206,UAV 1,1,1:3001:2746,FRLAV008,1:1:39:2:6:1:0,0,false,false,false,false,0
FRLAV007,move to,LOC_중앙킬존남측,2026-08-09T09:11:10.000Z,21.38823705,-157.74596375,UAV 1,1,1:3001:2857,FRLAV007,1:1:39:2:6:1:0,0,false,false,false,false,0
FRTRK1004,move to,LOC_남측제1방어선,2026-08-09T09:11:10.000Z,21.38779293,-157.74696820,UAV 1,1,1:3001:2898,FRTRK1004,1:1:225:7:12:0:0,0,false,false,false,false,0
FRM113003,move to,LOC_중앙킬존남측,2026-08-09T09:11:10.000Z,21.38873021,-157.74711049,UAV 1,1,1:3001:2647,FRM113003,1:1:225:2:3:1:0,0,false,false,false,false,0
FRM113001,move to,LOC_중앙킬존남측,2026-08-09T09:11:10.000Z,21.38868397,-157.74699020,UAV 1,1,1:3001:2842,FRM113001,1:1:225:2:3:1:0,0,false,false,false,false,0
FRM113004,move to,LOC_중앙킬존남측,2026-08-09T09:11:10.000Z,21.38876266,-157.74717147,UAV 1,1,1:3001:2854,FRM113004,1:1:225:2:3:1:0,0,false,false,false,false,0
FRM113007,move to,LOC_중앙킬존남측,2026-08-09T09:11:10.000Z,21.38890996,-157.74736086,UAV 1,1,1:3001:2707,FRM113007,1:1:225:2:3:1:0,0,false,false,false,false,0
FRM113006,move to,LOC_중앙킬존남측,2026-08-09T09:11:10.000Z,21.38887146,-157.74729856,UAV 1,1,1:3001:2757,FRM113006,1:1:225:2:3:1:0,0,false,false,false,false,0
FRTRK2002,move to,LOC_남측제1방어선,2026-08-09T09:11:10.000Z,21.38766087,-157.74800762,UAV 1,1,1:3001:2827,FRTRK2002,1:1:225:7:12:8:0,0,false,false,false,false,0
FRTRK2004,move to,LOC_남측제1방어선,2026-08-09T09:11:10.000Z,21.38767543,-157.74812305,UAV 1,1,1:3001:2576,FRTRK2004,1:1:225:7:12:8:0,0,false,false,false,false,0
FRTRK1001,move to,LOC_남측제1방어선,2026-08-09T09:11:10.000Z,21.38782720,-157.74719290,UAV 1,1,1:3001:2643,FRTRK1001,1:1:225:7:12:0:0,0,false,false,false,false,0
ENM35004,move to,LOC_적북측접근로,2026-08-09T09:11:10.000Z,21.37257409,-157.73668998,UAV 1,2,1:3001:2650,ENM35004,1:1:225:7:1:6:0,0,false,false,false,false,0
ENM35002,move to,LOC_적북측접근로,2026-08-09T09:11:10.000Z,21.37255045,-157.73678946,UAV 1,2,1:3001:2740,ENM35002,1:1:225:7:1:6:0,0,false,false,false,false,0
M107 4,fired_by,,2026-08-09T09:11:10.000Z,21.37749105,-157.73687465,UAV 1,1,1:3001:2923,M107 4,2:9:225:2:14:2:0,0,false,false,false,false,0
ENCAESAR002,move to,LOC_북측예비방어선,2026-08-09T09:11:12.000Z,21.37105677,-157.73725767,UAV 1,2,1:3001:2594,ENCAESAR002,1:1:71:4:0:0:0,0,false,false,false,false,0
ENT72012,move to,LOC_중앙계곡,2026-08-09T09:11:12.000Z,21.37490006,-157.74137195,UAV 1,2,1:3001:2595,ENT72012,1:1:222:1:2:1:0,0,false,false,false,false,0
ENMORT005,none,,2026-08-09T09:11:12.000Z,21.37457651,-157.73710572,UAV 1,2,1:3001:2607,ENMORT005,1:1:71:10:1:0:1,0,false,false,false,false,0
ENM1A2005,move to,LOC_중앙계곡,2026-08-09T09:11:12.000Z,21.37696545,-157.74171780,UAV 1,2,1:3001:2621,ENM1A2005,1:1:225:1:1:3:0,0,false,false,false,false,0
ENMORT004,none,,2026-08-09T09:11:12.000Z,21.37447596,-157.73706256,UAV 1,2,1:3001:2630,ENMORT004,1:1:71:10:1:0:1,0,false,false,false,false,0
ENGAZ001,move to,LOC_적북측접근로,2026-08-09T09:11:12.000Z,21.37241045,-157.73669882,UAV 1,2,1:3001:2654,ENGAZ001,1:1:222:7:8:0:0,0,false,false,false,false,0
ENBTR60006,move to,LOC_중앙계곡,2026-08-09T09:11:12.000Z,21.37267601,-157.74060848,UAV 1,2,1:3001:2663,ENBTR60006,1:1:222:2:8:1:0,0,false,false,false,false,0
ENBTR80004,move to,LOC_중앙계곡,2026-08-09T09:11:12.000Z,21.37273924,-157.74056255,UAV 1,2,1:3001:2679,ENBTR80004,1:1:222:2:13:0:0,0,false,false,false,false,0
ENBTR80001,move to,LOC_중앙계곡,2026-08-09T09:11:12.000Z,21.37282813,-157.74060261,UAV 1,2,1:3001:2697,ENBTR80001,1:1:222:2:13:0:0,0,false,false,false,false,0
ENCAESAR004,move to,LOC_북측예비방어선,2026-08-09T09:11:12.000Z,21.37151665,-157.73842687,UAV 1,2,1:3001:2698,ENCAESAR004,1:1:71:4:0:0:0,0,false,false,false,false,0
ENGAZ002,move to,LOC_적북측접근로,2026-08-09T09:11:12.000Z,21.37244455,-157.73678652,UAV 1,2,1:3001:2721,ENGAZ002,1:1:222:7:8:0:0,0,false,false,false,false,0
ENBTR80006,move to,LOC_중앙계곡,2026-08-09T09:11:12.000Z,21.37285548,-157.74047117,UAV 1,2,1:3001:2728,ENBTR80006,1:1:222:2:13:0:0,0,false,false,false,false,0
ENGAZ003,move to,LOC_적북측접근로,2026-08-09T09:11:12.000Z,21.37242887,-157.73661694,UAV 1,2,1:3001:2749,ENGAZ003,1:1:222:7:8:0:0,0,false,false,false,false,0
ENBTR80003,move to,LOC_중앙계곡,2026-08-09T09:11:12.000Z,21.37294116,-157.74051144,UAV 1,2,1:3001:2753,ENBTR80003,1:1:222:2:13:0:0,0,false,false,false,false,0
FRT80008,move to,LOC_중앙킬존남측,2026-08-09T09:11:12.000Z,21.38117440,-157.74717291,UAV 1,1,1:3001:2756,FRT80008,1:1:222:1:1:1:0,0,false,false,false,false,0
ENCAESAR003,move to,LOC_적북측접근로,2026-08-09T09:11:12.000Z,21.37044114,-157.73732905,UAV 1,2,1:3001:2782,ENCAESAR003,1:1:71:4:0:0:0,0,false,false,false,false,0
ENMORT001,none,,2026-08-09T09:11:12.000Z,21.37443553,-157.73716992,UAV 1,2,1:3001:2789,ENMORT001,1:1:71:10:1:0:1,0,false,false,false,false,0
ENBTR60007,move to,LOC_중앙계곡,2026-08-09T09:11:12.000Z,21.37248582,-157.74066245,UAV 1,2,1:3001:2815,ENBTR60007,1:1:222:2:8:1:0,0,false,false,false,false,0
ENBTR60008,move to,LOC_중앙계곡,2026-08-09T09:11:12.000Z,21.37253406,-157.74061524,UAV 1,2,1:3001:2826,ENBTR60008,1:1:222:2:8:1:0,0,false,false,false,false,0
ENBTR80007,move to,LOC_중앙계곡,2026-08-09T09:11:12.000Z,21.37265442,-157.74052229,UAV 1,2,1:3001:2828,ENBTR80007,1:1:222:2:13:0:0,0,false,false,false,false,0
ENMORT002,none,,2026-08-09T09:11:12.000Z,21.37453609,-157.73721308,UAV 1,2,1:3001:2834,ENMORT002,1:1:71:10:1:0:1,0,false,false,false,false,0
ENGAZ004,move to,LOC_적북측접근로,2026-08-09T09:11:12.000Z,21.37246403,-157.73670118,UAV 1,2,1:3001:2838,ENGAZ004,1:1:222:7:8:0:0,0,false,false,false,false,0
ENBTR80005,move to,LOC_중앙계곡,2026-08-09T09:11:12.000Z,21.37279664,-157.74051662,UAV 1,2,1:3001:2846,ENBTR80005,1:1:222:2:13:0:0,0,false,false,false,false,0
ENMIM001,move to,LOC_적북측접근로,2026-08-09T09:11:12.000Z,21.37095055,-157.74059859,UAV 1,2,1:3001:2855,ENMIM001,1:1:225:28:2:0:0,0,false,false,false,false,0
ENCAESAR001,move to,LOC_적북측접근로,2026-08-09T09:11:12.000Z,21.37076885,-157.73888492,UAV 1,2,1:3001:2860,ENCAESAR001,1:1:71:4:0:0:0,0,false,false,false,false,0
ENMORT003,none,,2026-08-09T09:11:12.000Z,21.37463664,-157.73725624,UAV 1,2,1:3001:2865,ENMORT003,1:1:71:10:1:0:1,0,false,false,false,false,0
ENBTR60005,move to,LOC_중앙계곡,2026-08-09T09:11:12.000Z,21.37261383,-157.74065489,UAV 1,2,1:3001:2902,ENBTR60005,1:1:222:2:8:1:0,0,false,false,false,false,0
ENT72010,move to,LOC_중앙계곡,2026-08-09T09:11:12.000Z,21.37498960,-157.74136362,UAV 1,2,1:3001:2761,ENT72010,1:1:222:1:2:1:0,0,false,false,false,false,0
ENT72008,move to,LOC_중앙계곡,2026-08-09T09:11:12.000Z,21.37509043,-157.74135427,UAV 1,2,1:3001:2615,ENT72008,1:1:222:1:2:1:0,0,false,false,false,false,0
ENBTR80002,move to,LOC_중앙계곡,2026-08-09T09:11:12.000Z,21.37289515,-157.74055758,UAV 1,2,1:3001:2884,ENBTR80002,1:1:222:2:13:0:0,0,false,false,false,false,0
ENBTR60003,move to,LOC_중앙계곡,2026-08-09T09:11:12.000Z,21.37275281,-157.74064771,UAV 1,2,1:3001:2685,ENBTR60003,1:1:222:2:8:1:0,0,false,false,false,false,0
ENT72006,move to,LOC_중앙계곡,2026-08-09T09:11:12.000Z,21.37517924,-157.74134602,UAV 1,2,1:3001:2778,ENT72006,1:1:222:1:2:1:0,0,false,false,false,false,0
ENT72002,move to,LOC_중앙계곡,2026-08-09T09:11:12.000Z,21.37533268,-157.74133169,UAV 1,2,1:3001:2628,ENT72002,1:1:222:1:2:1:0,0,false,false,false,false,0
ENT72004,move to,LOC_중앙계곡,2026-08-09T09:11:12.000Z,21.37524810,-157.74133955,UAV 1,2,1:3001:2738,ENT72004,1:1:222:1:2:1:0,0,false,false,false,false,0
ENM35001,move to,LOC_적북측접근로,2026-08-09T09:11:12.000Z,21.37245804,-157.73695490,UAV 1,2,1:3001:2754,ENM35001,1:1:225:7:1:6:0,0,false,false,false,false,0
FRTRK1002,move to,LOC_남측제1방어선,2026-08-09T09:11:12.000Z,21.38772681,-157.74694243,UAV 1,1,1:3001:2853,FRTRK1002,1:1:225:7:12:0:0,0,false,false,false,false,0
FRTRK1005,move to,LOC_남측제1방어선,2026-08-09T09:11:12.000Z,21.38773800,-157.74702627,UAV 1,1,1:3001:2773,FRTRK1005,1:1:225:7:12:0:0,0,false,false,false,false,0
FRLAV001,move to,LOC_중앙킬존남측,2026-08-09T09:11:12.000Z,21.38783675,-157.74563798,UAV 1,1,1:3001:2818,FRLAV001,1:1:39:2:6:1:0,0,false,false,false,false,0
FRTRK1003,move to,LOC_남측제1방어선,2026-08-09T09:11:12.000Z,21.38769797,-157.74720422,UAV 1,1,1:3001:2614,FRTRK1003,1:1:225:7:12:0:0,0,false,false,false,false,0
FRLAV006,move to,LOC_중앙킬존남측,2026-08-09T09:11:12.000Z,21.38803116,-157.74591722,UAV 1,1,1:3001:2696,FRLAV006,1:1:39:2:6:1:0,0,false,false,false,false,0
FRLAV008,move to,LOC_중앙킬존남측,2026-08-09T09:11:12.000Z,21.38811347,-157.74603057,UAV 1,1,1:3001:2746,FRLAV008,1:1:39:2:6:1:0,0,false,false,false,false,0
FRLAV007,move to,LOC_중앙킬존남측,2026-08-09T09:11:12.000Z,21.38807245,-157.74597377,UAV 1,1,1:3001:2857,FRLAV007,1:1:39:2:6:1:0,0,false,false,false,false,0
FRTRK1004,move to,LOC_남측제1방어선,2026-08-09T09:11:12.000Z,21.38776856,-157.74680318,UAV 1,1,1:3001:2898,FRTRK1004,1:1:225:7:12:0:0,0,false,false,false,false,0
FRM113003,move to,LOC_중앙킬존남측,2026-08-09T09:11:12.000Z,21.38858033,-157.74709726,UAV 1,1,1:3001:2647,FRM113003,1:1:225:2:3:1:0,0,false,false,false,false,0
FRM113001,move to,LOC_중앙킬존남측,2026-08-09T09:11:12.000Z,21.38852333,-157.74697839,UAV 1,1,1:3001:2842,FRM113001,1:1:225:2:3:1:0,0,false,false,false,false,0
FRM113004,move to,LOC_중앙킬존남측,2026-08-09T09:11:12.000Z,21.38860720,-157.74715660,UAV 1,1,1:3001:2854,FRM113004,1:1:225:2:3:1:0,0,false,false,false,false,0
FRM113006,move to,LOC_중앙킬존남측,2026-08-09T09:11:12.000Z,21.38870332,-157.74728003,UAV 1,1,1:3001:2757,FRM113006,1:1:225:2:3:1:0,0,false,false,false,false,0
FRTRK2002,move to,LOC_남측제1방어선,2026-08-09T09:11:12.000Z,21.38764924,-157.74790716,UAV 1,1,1:3001:2827,FRTRK2002,1:1:225:7:12:8:0,0,false,false,false,false,0
FRTRK2004,move to,LOC_남측제1방어선,2026-08-09T09:11:12.000Z,21.38766947,-157.74807154,UAV 1,1,1:3001:2576,FRTRK2004,1:1:225:7:12:8:0,0,false,false,false,false,0
FRTRK1001,move to,LOC_남측제1방어선,2026-08-09T09:11:12.000Z,21.38780138,-157.74701820,UAV 1,1,1:3001:2643,FRTRK1001,1:1:225:7:12:0:0,0,false,false,false,false,0
ENM35004,move to,LOC_적북측접근로,2026-08-09T09:11:12.000Z,21.37253245,-157.73685905,UAV 1,2,1:3001:2650,ENM35004,1:1:225:7:1:6:0,0,false,false,false,false,0
ENM35002,move to,LOC_적북측접근로,2026-08-09T09:11:12.000Z,21.37250757,-157.73696344,UAV 1,2,1:3001:2740,ENM35002,1:1:225:7:1:6:0,0,false,false,false,false,0
M107 4,fired_by,,2026-08-09T09:11:12.000Z,21.37621645,-157.73682830,UAV 1,,,,,,,,,,
FRTRK2001,move to,LOC_남측제1방어선,2026-08-09T09:11:12.000Z,21.38773926,-157.74806386,UAV 1,1,1:3001:2823,FRTRK2001,1:1:225:7:12:8:0,0,false,false,false,false,0
M107 3,fired_by,,2026-08-09T09:11:12.000Z,21.37271720,-157.74296110,UAV 1,,,,,,,,,,
ENCAESAR002,move to,LOC_북측예비방어선,2026-08-09T09:11:13.000Z,21.37113483,-157.73745435,UAV 1,2,1:3001:2594,ENCAESAR002,1:1:71:4:0:0:0,0,false,false,false,false,0
ENT72012,move to,LOC_중앙계곡,2026-08-09T09:11:13.000Z,21.37510544,-157.74135348,UAV 1,2,1:3001:2595,ENT72012,1:1:222:1:2:1:0,0,false,false,false,false,0
ENMORT005,none,,2026-08-09T09:11:13.000Z,21.37457651,-157.73710572,UAV 1,2,1:3001:2607,ENMORT005,1:1:71:10:1:0:1,0,false,false,false,false,0
ENM1A2005,move to,LOC_중앙계곡,2026-08-09T09:11:13.000Z,21.37715842,-157.74165393,UAV 1,2,1:3001:2621,ENM1A2005,1:1:225:1:1:3:0,0,false,false,false,false,0
ENMORT004,none,,2026-08-09T09:11:13.000Z,21.37447596,-157.73706256,UAV 1,2,1:3001:2630,ENMORT004,1:1:71:10:1:0:1,0,false,false,false,false,0
ENGAZ001,move to,LOC_적북측접근로,2026-08-09T09:11:13.000Z,21.37236452,-157.73691322,UAV 1,2,1:3001:2654,ENGAZ001,1:1:222:7:8:0:0,0,false,false,false,false,0
ENBTR60006,move to,LOC_중앙계곡,2026-08-09T09:11:13.000Z,21.37287390,-157.74062004,UAV 1,2,1:3001:2663,ENBTR60006,1:1:222:2:8:1:0,0,false,false,false,false,0
ENBTR80004,move to,LOC_중앙계곡,2026-08-09T09:11:13.000Z,21.37293889,-157.74057575,UAV 1,2,1:3001:2679,ENBTR80004,1:1:222:2:13:0:0,0,false,false,false,false,0
ENBTR80001,move to,LOC_중앙계곡,2026-08-09T09:11:13.000Z,21.37302740,-157.74061472,UAV 1,2,1:3001:2697,ENBTR80001,1:1:222:2:13:0:0,0,false,false,false,false,0
ENCAESAR004,move to,LOC_북측예비방어선,2026-08-09T09:11:13.000Z,21.37160626,-157.73865214,UAV 1,2,1:3001:2698,ENCAESAR004,1:1:71:4:0:0:0,0,false,false,false,false,0
ENGAZ002,move to,LOC_적북측접근로,2026-08-09T09:11:13.000Z,21.37239627,-157.73700119,UAV 1,2,1:3001:2721,ENGAZ002,1:1:222:7:8:0:0,0,false,false,false,false,0
ENBTR80006,move to,LOC_중앙계곡,2026-08-09T09:11:13.000Z,21.37305263,-157.74048730,UAV 1,2,1:3001:2728,ENBTR80006,1:1:222:2:13:0:0,0,false,false,false,false,0
ENGAZ003,move to,LOC_적북측접근로,2026-08-09T09:11:13.000Z,21.37238297,-157.73683100,UAV 1,2,1:3001:2749,ENGAZ003,1:1:222:7:8:0:0,0,false,false,false,false,0
ENBTR80003,move to,LOC_중앙계곡,2026-08-09T09:11:13.000Z,21.37314029,-157.74052667,UAV 1,2,1:3001:2753,ENBTR80003,1:1:222:2:13:0:0,0,false,false,false,false,0
FRT80008,move to,LOC_중앙킬존남측,2026-08-09T09:11:13.000Z,21.38108848,-157.74697685,UAV 1,1,1:3001:2756,FRT80008,1:1:222:1:1:1:0,0,false,false,false,false,0
ENCAESAR003,move to,LOC_적북측접근로,2026-08-09T09:11:13.000Z,21.37048676,-157.73755532,UAV 1,2,1:3001:2782,ENCAESAR003,1:1:71:4:0:0:0,0,false,false,false,false,0
ENMORT001,none,,2026-08-09T09:11:13.000Z,21.37443553,-157.73716992,UAV 1,2,1:3001:2789,ENMORT001,1:1:71:10:1:0:1,0,false,false,false,false,0
ENBTR60007,move to,LOC_중앙계곡,2026-08-09T09:11:13.000Z,21.37269162,-157.74067244,UAV 1,2,1:3001:2815,ENBTR60007,1:1:222:2:8:1:0,0,false,false,false,false,0
ENBTR60008,move to,LOC_중앙계곡,2026-08-09T09:11:13.000Z,21.37273361,-157.74062645,UAV 1,2,1:3001:2826,ENBTR60008,1:1:222:2:8:1:0,0,false,false,false,false,0
ENBTR80007,move to,LOC_중앙계곡,2026-08-09T09:11:13.000Z,21.37285497,-157.74053662,UAV 1,2,1:3001:2828,ENBTR80007,1:1:222:2:13:0:0,0,false,false,false,false,0
ENMORT002,none,,2026-08-09T09:11:13.000Z,21.37453609,-157.73721308,UAV 1,2,1:3001:2834,ENMORT002,1:1:71:10:1:0:1,0,false,false,false,false,0
ENGAZ004,move to,LOC_적북측접근로,2026-08-09T09:11:13.000Z,21.37241580,-157.73691556,UAV 1,2,1:3001:2838,ENGAZ004,1:1:222:7:8:0:0,0,false,false,false,false,0
ENBTR80005,move to,LOC_중앙계곡,2026-08-09T09:11:13.000Z,21.37299286,-157.74053113,UAV 1,2,1:3001:2846,ENBTR80005,1:1:222:2:13:0:0,0,false,false,false,false,0
ENMIM001,move to,LOC_적북측접근로,2026-08-09T09:11:13.000Z,21.37102455,-157.74082103,UAV 1,2,1:3001:2855,ENMIM001,1:1:225:28:2:0:0,0,false,false,false,false,0
ENCAESAR001,move to,LOC_적북측접근로,2026-08-09T09:11:13.000Z,21.37080833,-157.73908571,UAV 1,2,1:3001:2860,ENCAESAR001,1:1:71:4:0:0:0,0,false,false,false,false,0
ENMORT003,none,,2026-08-09T09:11:13.000Z,21.37463664,-157.73725624,UAV 1,2,1:3001:2865,ENMORT003,1:1:71:10:1:0:1,0,false,false,false,false,0
ENBTR60005,move to,LOC_중앙계곡,2026-08-09T09:11:13.000Z,21.37280639,-157.74066467,UAV 1,2,1:3001:2902,ENBTR60005,1:1:222:2:8:1:0,0,false,false,false,false,0
ENT72010,move to,LOC_중앙계곡,2026-08-09T09:11:13.000Z,21.37519158,-157.74134547,UAV 1,2,1:3001:2761,ENT72010,1:1:222:1:2:1:0,0,false,false,false,false,0
ENT72008,move to,LOC_중앙계곡,2026-08-09T09:11:13.000Z,21.37528823,-157.74133651,UAV 1,2,1:3001:2615,ENT72008,1:1:222:1:2:1:0,0,false,false,false,false,0
ENBTR80002,move to,LOC_중앙계곡,2026-08-09T09:11:13.000Z,21.37309245,-157.74057110,UAV 1,2,1:3001:2884,ENBTR80002,1:1:222:2:13:0:0,0,false,false,false,false,0
ENBTR60003,move to,LOC_중앙계곡,2026-08-09T09:11:13.000Z,21.37294989,-157.74065816,UAV 1,2,1:3001:2685,ENBTR60003,1:1:222:2:8:1:0,0,false,false,false,false,0
ENT72006,move to,LOC_중앙계곡,2026-08-09T09:11:13.000Z,21.37537575,-157.74132839,UAV 1,2,1:3001:2778,ENT72006,1:1:222:1:2:1:0,0,false,false,false,false,0
ENT72002,move to,LOC_중앙계곡,2026-08-09T09:11:13.000Z,21.37553572,-157.74131350,UAV 1,2,1:3001:2628,ENT72002,1:1:222:1:2:1:0,0,false,false,false,false,0
ENT72004,move to,LOC_중앙계곡,2026-08-09T09:11:13.000Z,21.37544838,-157.74132160,UAV 1,2,1:3001:2738,ENT72004,1:1:222:1:2:1:0,0,false,false,false,false,0
ENM35001,move to,LOC_적북측접근로,2026-08-09T09:11:13.000Z,21.37240736,-157.73716994,UAV 1,2,1:3001:2754,ENM35001,1:1:225:7:1:6:0,0,false,false,false,false,0
FRTRK1002,move to,LOC_남측제1방어선,2026-08-09T09:11:13.000Z,21.38769718,-157.74673042,UAV 1,1,1:3001:2853,FRTRK1002,1:1:225:7:12:0:0,0,false,false,false,false,0
FRTRK1005,move to,LOC_남측제1방어선,2026-08-09T09:11:13.000Z,21.38771159,-157.74683723,UAV 1,1,1:3001:2773,FRTRK1005,1:1:225:7:12:0:0,0,false,false,false,false,0
FRLAV001,move to,LOC_중앙킬존남측,2026-08-09T09:11:13.000Z,21.38763838,-157.74565998,UAV 1,1,1:3001:2818,FRLAV001,1:1:39:2:6:1:0,0,false,false,false,false,0
FRTRK1003,move to,LOC_남측제1방어선,2026-08-09T09:11:13.000Z,21.38767282,-157.74701341,UAV 1,1,1:3001:2614,FRTRK1003,1:1:225:7:12:0:0,0,false,false,false,false,0
FRTRK1004,move to,LOC_남측제1방어선,2026-08-09T09:11:13.000Z,21.38773648,-157.74658594,UAV 1,1,1:3001:2898,FRTRK1004,1:1:225:7:12:0:0,0,false,false,false,false,0
FRM113003,move to,LOC_중앙킬존남측,2026-08-09T09:11:13.000Z,21.38835400,-157.74707727,UAV 1,1,1:3001:2647,FRM113003,1:1:225:2:3:1:0,0,false,false,false,false,0
FRM113001,move to,LOC_중앙킬존남측,2026-08-09T09:11:13.000Z,21.38830646,-157.74696245,UAV 1,1,1:3001:2842,FRM113001,1:1:225:2:3:1:0,0,false,false,false,false,0
FRTRK2002,move to,LOC_남측제1방어선,2026-08-09T09:11:13.000Z,21.38762934,-157.74773514,UAV 1,1,1:3001:2827,FRTRK2002,1:1:225:7:12:8:0,0,false,false,false,false,0
FRTRK2004,move to,LOC_남측제1방어선,2026-08-09T09:11:13.000Z,21.38765740,-157.74796741,UAV 1,1,1:3001:2576,FRTRK2004,1:1:225:7:12:8:0,0,false,false,false,false,0
FRTRK1001,move to,LOC_남측제1방어선,2026-08-09T09:11:13.000Z,21.38777430,-157.74683501,UAV 1,1,1:3001:2643,FRTRK1001,1:1:225:7:12:0:0,0,false,false,false,false,0
ENM35004,move to,LOC_적북측접근로,2026-08-09T09:11:13.000Z,21.37247689,-157.73708468,UAV 1,2,1:3001:2650,ENM35004,1:1:225:7:1:6:0,0,false,false,false,false,0
ENM35002,move to,LOC_적북측접근로,2026-08-09T09:11:13.000Z,21.37245353,-157.73718272,UAV 1,2,1:3001:2740,ENM35002,1:1:225:7:1:6:0,0,false,false,false,false,0
FRTRK2001,move to,LOC_남측제1방어선,2026-08-09T09:11:13.000Z,21.38772721,-157.74796642,UAV 1,1,1:3001:2823,FRTRK2001,1:1:225:7:12:8:0,0,false,false,false,false,0
ENCAESAR002,move to,LOC_북측예비방어선,2026-08-09T09:11:14.000Z,21.37113483,-157.73745435,UAV 1,2,1:3001:2594,ENCAESAR002,1:1:71:4:0:0:0,0,false,false,false,false,0
ENT72012,move to,LOC_중앙계곡,2026-08-09T09:11:14.000Z,21.37510544,-157.74135348,UAV 1,2,1:3001:2595,ENT72012,1:1:222:1:2:1:0,0,false,false,false,false,0
ENMORT005,none,,2026-08-09T09:11:14.000Z,21.37457651,-157.73710572,UAV 1,2,1:3001:2607,ENMORT005,1:1:71:10:1:0:1,0,false,false,false,false,0
ENM1A2005,move to,LOC_중앙계곡,2026-08-09T09:11:14.000Z,21.37715842,-157.74165393,UAV 1,2,1:3001:2621,ENM1A2005,1:1:225:1:1:3:0,0,false,false,false,false,0
ENMORT004,none,,2026-08-09T09:11:14.000Z,21.37447596,-157.73706256,UAV 1,2,1:3001:2630,ENMORT004,1:1:71:10:1:0:1,0,false,false,false,false,0
ENGAZ001,move to,LOC_적북측접근로,2026-08-09T09:11:14.000Z,21.37236452,-157.73691322,UAV 1,2,1:3001:2654,ENGAZ001,1:1:222:7:8:0:0,0,false,false,false,false,0
ENBTR60006,move to,LOC_중앙계곡,2026-08-09T09:11:14.000Z,21.37287390,-157.74062004,UAV 1,2,1:3001:2663,ENBTR60006,1:1:222:2:8:1:0,0,false,false,false,false,0
ENBTR80004,move to,LOC_중앙계곡,2026-08-09T09:11:14.000Z,21.37293889,-157.74057575,UAV 1,2,1:3001:2679,ENBTR80004,1:1:222:2:13:0:0,0,false,false,false,false,0
ENBTR80001,move to,LOC_중앙계곡,2026-08-09T09:11:14.000Z,21.37302740,-157.74061472,UAV 1,2,1:3001:2697,ENBTR80001,1:1:222:2:13:0:0,0,false,false,false,false,0
ENCAESAR004,move to,LOC_북측예비방어선,2026-08-09T09:11:14.000Z,21.37160626,-157.73865214,UAV 1,2,1:3001:2698,ENCAESAR004,1:1:71:4:0:0:0,0,false,false,false,false,0
ENGAZ002,move to,LOC_적북측접근로,2026-08-09T09:11:14.000Z,21.37239627,-157.73700119,UAV 1,2,1:3001:2721,ENGAZ002,1:1:222:7:8:0:0,0,false,false,false,false,0
ENBTR80006,move to,LOC_중앙계곡,2026-08-09T09:11:14.000Z,21.37305263,-157.74048730,UAV 1,2,1:3001:2728,ENBTR80006,1:1:222:2:13:0:0,0,false,false,false,false,0
ENGAZ003,move to,LOC_적북측접근로,2026-08-09T09:11:14.000Z,21.37238297,-157.73683100,UAV 1,2,1:3001:2749,ENGAZ003,1:1:222:7:8:0:0,0,false,false,false,false,0
ENBTR80003,move to,LOC_중앙계곡,2026-08-09T09:11:14.000Z,21.37314029,-157.74052667,UAV 1,2,1:3001:2753,ENBTR80003,1:1:222:2:13:0:0,0,false,false,false,false,0
FRT80008,move to,LOC_중앙킬존남측,2026-08-09T09:11:14.000Z,21.38108848,-157.74697685,UAV 1,1,1:3001:2756,FRT80008,1:1:222:1:1:1:0,0,false,false,false,false,0
ENCAESAR003,move to,LOC_적북측접근로,2026-08-09T09:11:14.000Z,21.37048676,-157.73755532,UAV 1,2,1:3001:2782,ENCAESAR003,1:1:71:4:0:0:0,0,false,false,false,false,0
ENMORT001,none,,2026-08-09T09:11:14.000Z,21.37443553,-157.73716992,UAV 1,2,1:3001:2789,ENMORT001,1:1:71:10:1:0:1,0,false,false,false,false,0
ENBTR60007,move to,LOC_중앙계곡,2026-08-09T09:11:14.000Z,21.37269162,-157.74067244,UAV 1,2,1:3001:2815,ENBTR60007,1:1:222:2:8:1:0,0,false,false,false,false,0
ENBTR60008,move to,LOC_중앙계곡,2026-08-09T09:11:14.000Z,21.37273361,-157.74062645,UAV 1,2,1:3001:2826,ENBTR60008,1:1:222:2:8:1:0,0,false,false,false,false,0
ENBTR80007,move to,LOC_중앙계곡,2026-08-09T09:11:14.000Z,21.37285497,-157.74053662,UAV 1,2,1:3001:2828,ENBTR80007,1:1:222:2:13:0:0,0,false,false,false,false,0
ENMORT002,none,,2026-08-09T09:11:14.000Z,21.37453609,-157.73721308,UAV 1,2,1:3001:2834,ENMORT002,1:1:71:10:1:0:1,0,false,false,false,false,0
ENGAZ004,move to,LOC_적북측접근로,2026-08-09T09:11:14.000Z,21.37241580,-157.73691556,UAV 1,2,1:3001:2838,ENGAZ004,1:1:222:7:8:0:0,0,false,false,false,false,0
ENBTR80005,move to,LOC_중앙계곡,2026-08-09T09:11:14.000Z,21.37299286,-157.74053113,UAV 1,2,1:3001:2846,ENBTR80005,1:1:222:2:13:0:0,0,false,false,false,false,0
ENMIM001,move to,LOC_적북측접근로,2026-08-09T09:11:14.000Z,21.37102455,-157.74082103,UAV 1,2,1:3001:2855,ENMIM001,1:1:225:28:2:0:0,0,false,false,false,false,0
ENCAESAR001,move to,LOC_적북측접근로,2026-08-09T09:11:14.000Z,21.37080833,-157.73908571,UAV 1,2,1:3001:2860,ENCAESAR001,1:1:71:4:0:0:0,0,false,false,false,false,0
ENMORT003,none,,2026-08-09T09:11:14.000Z,21.37463664,-157.73725624,UAV 1,2,1:3001:2865,ENMORT003,1:1:71:10:1:0:1,0,false,false,false,false,0
ENBTR60005,move to,LOC_중앙계곡,2026-08-09T09:11:14.000Z,21.37280639,-157.74066467,UAV 1,2,1:3001:2902,ENBTR60005,1:1:222:2:8:1:0,0,false,false,false,false,0
ENT72010,move to,LOC_중앙계곡,2026-08-09T09:11:14.000Z,21.37519158,-157.74134547,UAV 1,2,1:3001:2761,ENT72010,1:1:222:1:2:1:0,0,false,false,false,false,0
ENT72008,move to,LOC_중앙계곡,2026-08-09T09:11:14.000Z,21.37528823,-157.74133651,UAV 1,2,1:3001:2615,ENT72008,1:1:222:1:2:1:0,0,false,false,false,false,0
ENBTR80002,move to,LOC_중앙계곡,2026-08-09T09:11:14.000Z,21.37309245,-157.74057110,UAV 1,2,1:3001:2884,ENBTR80002,1:1:222:2:13:0:0,0,false,false,false,false,0
ENBTR60003,move to,LOC_중앙계곡,2026-08-09T09:11:14.000Z,21.37294989,-157.74065816,UAV 1,2,1:3001:2685,ENBTR60003,1:1:222:2:8:1:0,0,false,false,false,false,0
ENT72006,move to,LOC_중앙계곡,2026-08-09T09:11:14.000Z,21.37537575,-157.74132839,UAV 1,2,1:3001:2778,ENT72006,1:1:222:1:2:1:0,0,false,false,false,false,0
ENT72002,move to,LOC_중앙계곡,2026-08-09T09:11:14.000Z,21.37553572,-157.74131350,UAV 1,2,1:3001:2628,ENT72002,1:1:222:1:2:1:0,0,false,false,false,false,0
ENT72004,move to,LOC_중앙계곡,2026-08-09T09:11:14.000Z,21.37544838,-157.74132160,UAV 1,2,1:3001:2738,ENT72004,1:1:222:1:2:1:0,0,false,false,false,false,0
ENM35001,move to,LOC_적북측접근로,2026-08-09T09:11:14.000Z,21.37240736,-157.73716994,UAV 1,2,1:3001:2754,ENM35001,1:1:225:7:1:6:0,0,false,false,false,false,0
FRTRK1002,move to,LOC_남측제1방어선,2026-08-09T09:11:14.000Z,21.38769718,-157.74673042,UAV 1,1,1:3001:2853,FRTRK1002,1:1:225:7:12:0:0,0,false,false,false,false,0
FRTRK1005,move to,LOC_남측제1방어선,2026-08-09T09:11:14.000Z,21.38771159,-157.74683723,UAV 1,1,1:3001:2773,FRTRK1005,1:1:225:7:12:0:0,0,false,false,false,false,0
FRLAV001,move to,LOC_중앙킬존남측,2026-08-09T09:11:14.000Z,21.38763838,-157.74565998,UAV 1,1,1:3001:2818,FRLAV001,1:1:39:2:6:1:0,0,false,false,false,false,0
FRTRK1003,move to,LOC_남측제1방어선,2026-08-09T09:11:14.000Z,21.38767282,-157.74701341,UAV 1,1,1:3001:2614,FRTRK1003,1:1:225:7:12:0:0,0,false,false,false,false,0
FRTRK1004,move to,LOC_남측제1방어선,2026-08-09T09:11:14.000Z,21.38773648,-157.74658594,UAV 1,1,1:3001:2898,FRTRK1004,1:1:225:7:12:0:0,0,false,false,false,false,0
FRM113003,move to,LOC_중앙킬존남측,2026-08-09T09:11:14.000Z,21.38835400,-157.74707727,UAV 1,1,1:3001:2647,FRM113003,1:1:225:2:3:1:0,0,false,false,false,false,0
FRM113001,move to,LOC_중앙킬존남측,2026-08-09T09:11:14.000Z,21.38830646,-157.74696245,UAV 1,1,1:3001:2842,FRM113001,1:1:225:2:3:1:0,0,false,false,false,false,0
FRTRK2002,move to,LOC_남측제1방어선,2026-08-09T09:11:14.000Z,21.38762934,-157.74773514,UAV 1,1,1:3001:2827,FRTRK2002,1:1:225:7:12:8:0,0,false,false,false,false,0
FRTRK2004,move to,LOC_남측제1방어선,2026-08-09T09:11:14.000Z,21.38765740,-157.74796741,UAV 1,1,1:3001:2576,FRTRK2004,1:1:225:7:12:8:0,0,false,false,false,false,0
FRTRK1001,move to,LOC_남측제1방어선,2026-08-09T09:11:14.000Z,21.38777430,-157.74683501,UAV 1,1,1:3001:2643,FRTRK1001,1:1:225:7:12:0:0,0,false,false,false,false,0
ENM35004,move to,LOC_적북측접근로,2026-08-09T09:11:14.000Z,21.37247689,-157.73708468,UAV 1,2,1:3001:2650,ENM35004,1:1:225:7:1:6:0,0,false,false,false,false,0
ENM35002,move to,LOC_적북측접근로,2026-08-09T09:11:14.000Z,21.37245353,-157.73718272,UAV 1,2,1:3001:2740,ENM35002,1:1:225:7:1:6:0,0,false,false,false,false,0
FRTRK2001,move to,LOC_남측제1방어선,2026-08-09T09:11:14.000Z,21.38772721,-157.74796642,UAV 1,1,1:3001:2823,FRTRK2001,1:1:225:7:12:8:0,0,false,false,false,false,0
ENCAESAR002,move to,LOC_북측예비방어선,2026-08-09T09:11:16.000Z,21.37120171,-157.73762289,UAV 1,2,1:3001:2594,ENCAESAR002,1:1:71:4:0:0:0,0,false,false,false,false,0
ENT72012,move to,LOC_중앙계곡,2026-08-09T09:11:16.000Z,21.37527617,-157.74133813,UAV 1,2,1:3001:2595,ENT72012,1:1:222:1:2:1:0,0,false,false,false,false,0
ENMORT005,none,,2026-08-09T09:11:16.000Z,21.37457651,-157.73710572,UAV 1,2,1:3001:2607,ENMORT005,1:1:71:10:1:0:1,0,false,false,false,false,0
ENM1A2005,move to,LOC_중앙계곡,2026-08-09T09:11:16.000Z,21.37732512,-157.74159876,UAV 1,2,1:3001:2621,ENM1A2005,1:1:225:1:1:3:0,0,false,false,false,false,0
ENMORT004,none,,2026-08-09T09:11:16.000Z,21.37447596,-157.73706256,UAV 1,2,1:3001:2630,ENMORT004,1:1:71:10:1:0:1,0,false,false,false,false,0
ENGAZ001,move to,LOC_적북측접근로,2026-08-09T09:11:16.000Z,21.37232570,-157.73709443,UAV 1,2,1:3001:2654,ENGAZ001,1:1:222:7:8:0:0,0,false,false,false,false,0
ENBTR60006,move to,LOC_중앙계곡,2026-08-09T09:11:16.000Z,21.37304263,-157.74062989,UAV 1,2,1:3001:2663,ENBTR60006,1:1:222:2:8:1:0,0,false,false,false,false,0
ENBTR80004,move to,LOC_중앙계곡,2026-08-09T09:11:16.000Z,21.37310916,-157.74058701,UAV 1,2,1:3001:2679,ENBTR80004,1:1:222:2:13:0:0,0,false,false,false,false,0
ENBTR80001,move to,LOC_중앙계곡,2026-08-09T09:11:16.000Z,21.37319618,-157.74062497,UAV 1,2,1:3001:2697,ENBTR80001,1:1:222:2:13:0:0,0,false,false,false,false,0
ENCAESAR004,move to,LOC_북측예비방어선,2026-08-09T09:11:16.000Z,21.37167456,-157.73882385,UAV 1,2,1:3001:2698,ENCAESAR004,1:1:71:4:0:0:0,0,false,false,false,false,0
ENGAZ002,move to,LOC_적북측접근로,2026-08-09T09:11:16.000Z,21.37235580,-157.73718110,UAV 1,2,1:3001:2721,ENGAZ002,1:1:222:7:8:0:0,0,false,false,false,false,0
ENBTR80006,move to,LOC_중앙계곡,2026-08-09T09:11:16.000Z,21.37322482,-157.74050139,UAV 1,2,1:3001:2728,ENBTR80006,1:1:222:2:13:0:0,0,false,false,false,false,0
ENGAZ003,move to,LOC_적북측접근로,2026-08-09T09:11:16.000Z,21.37234399,-157.73701282,UAV 1,2,1:3001:2749,ENGAZ003,1:1:222:7:8:0:0,0,false,false,false,false,0
ENBTR80003,move to,LOC_중앙계곡,2026-08-09T09:11:16.000Z,21.37331454,-157.74054000,UAV 1,2,1:3001:2753,ENBTR80003,1:1:222:2:13:0:0,0,false,false,false,false,0
FRT80008,move to,LOC_중앙킬존남측,2026-08-09T09:11:16.000Z,21.38101482,-157.74680878,UAV 1,1,1:3001:2756,FRT80008,1:1:222:1:1:1:0,0,false,false,false,false,0
ENCAESAR003,move to,LOC_적북측접근로,2026-08-09T09:11:16.000Z,21.37052412,-157.73774066,UAV 1,2,1:3001:2782,ENCAESAR003,1:1:71:4:0:0:0,0,false,false,false,false,0
ENMORT001,none,,2026-08-09T09:11:16.000Z,21.37443553,-157.73716992,UAV 1,2,1:3001:2789,ENMORT001,1:1:71:10:1:0:1,0,false,false,false,false,0
ENBTR60007,move to,LOC_중앙계곡,2026-08-09T09:11:16.000Z,21.37285852,-157.74068053,UAV 1,2,1:3001:2815,ENBTR60007,1:1:222:2:8:1:0,0,false,false,false,false,0
ENBTR60008,move to,LOC_중앙계곡,2026-08-09T09:11:16.000Z,21.37290247,-157.74063593,UAV 1,2,1:3001:2826,ENBTR60008,1:1:222:2:8:1:0,0,false,false,false,false,0
ENBTR80007,move to,LOC_중앙계곡,2026-08-09T09:11:16.000Z,21.37302590,-157.74054884,UAV 1,2,1:3001:2828,ENBTR80007,1:1:222:2:13:0:0,0,false,false,false,false,0
ENMORT002,none,,2026-08-09T09:11:16.000Z,21.37453609,-157.73721308,UAV 1,2,1:3001:2834,ENMORT002,1:1:71:10:1:0:1,0,false,false,false,false,0
ENGAZ004,move to,LOC_적북측접근로,2026-08-09T09:11:16.000Z,21.37237511,-157.73709646,UAV 1,2,1:3001:2838,ENGAZ004,1:1:222:7:8:0:0,0,false,false,false,false,0
ENBTR80005,move to,LOC_중앙계곡,2026-08-09T09:11:16.000Z,21.37316533,-157.74054388,UAV 1,2,1:3001:2846,ENBTR80005,1:1:222:2:13:0:0,0,false,false,false,false,0
ENMIM001,move to,LOC_적북측접근로,2026-08-09T09:11:16.000Z,21.37108355,-157.74099836,UAV 1,2,1:3001:2855,ENMIM001,1:1:225:28:2:0:0,0,false,false,false,false,0
ENCAESAR001,move to,LOC_적북측접근로,2026-08-09T09:11:16.000Z,21.37084515,-157.73927293,UAV 1,2,1:3001:2860,ENCAESAR001,1:1:71:4:0:0:0,0,false,false,false,false,0
ENMORT003,none,,2026-08-09T09:11:16.000Z,21.37463664,-157.73725624,UAV 1,2,1:3001:2865,ENMORT003,1:1:71:10:1:0:1,0,false,false,false,false,0
ENBTR60005,move to,LOC_중앙계곡,2026-08-09T09:11:16.000Z,21.37297563,-157.74067327,UAV 1,2,1:3001:2902,ENBTR60005,1:1:222:2:8:1:0,0,false,false,false,false,0
ENT72010,move to,LOC_중앙계곡,2026-08-09T09:11:16.000Z,21.37536304,-157.74133006,UAV 1,2,1:3001:2761,ENT72010,1:1:222:1:2:1:0,0,false,false,false,false,0
ENT72008,move to,LOC_중앙계곡,2026-08-09T09:11:16.000Z,21.37546133,-157.74132097,UAV 1,2,1:3001:2615,ENT72008,1:1:222:1:2:1:0,0,false,false,false,false,0
ENBTR80002,move to,LOC_중앙계곡,2026-08-09T09:11:16.000Z,21.37326527,-157.74058295,UAV 1,2,1:3001:2884,ENBTR80002,1:1:222:2:13:0:0,0,false,false,false,false,0
ENBTR60003,move to,LOC_중앙계곡,2026-08-09T09:11:16.000Z,21.37311876,-157.74066711,UAV 1,2,1:3001:2685,ENBTR60003,1:1:222:2:8:1:0,0,false,false,false,false,0
ENT72006,move to,LOC_중앙계곡,2026-08-09T09:11:16.000Z,21.37555029,-157.74131273,UAV 1,2,1:3001:2778,ENT72006,1:1:222:1:2:1:0,0,false,false,false,false,0
ENT72002,move to,LOC_중앙계곡,2026-08-09T09:11:16.000Z,21.37570908,-157.74129797,UAV 1,2,1:3001:2628,ENT72002,1:1:222:1:2:1:0,0,false,false,false,false,0
ENT72004,move to,LOC_중앙계곡,2026-08-09T09:11:16.000Z,21.37562234,-157.74130601,UAV 1,2,1:3001:2738,ENT72004,1:1:222:1:2:1:0,0,false,false,false,false,0
ENM35001,move to,LOC_적북측접근로,2026-08-09T09:11:16.000Z,21.37236686,-157.73734183,UAV 1,2,1:3001:2754,ENM35001,1:1:225:7:1:6:0,0,false,false,false,false,0
FRTRK1002,move to,LOC_남측제1방어선,2026-08-09T09:11:16.000Z,21.38767082,-157.74654184,UAV 1,1,1:3001:2853,FRTRK1002,1:1:225:7:12:0:0,0,false,false,false,false,0
FRTRK1005,move to,LOC_남측제1방어선,2026-08-09T09:11:16.000Z,21.38768493,-157.74664637,UAV 1,1,1:3001:2773,FRTRK1005,1:1:225:7:12:0:0,0,false,false,false,false,0
FRTRK1003,move to,LOC_남측제1방어선,2026-08-09T09:11:16.000Z,21.38764874,-157.74683066,UAV 1,1,1:3001:2614,FRTRK1003,1:1:225:7:12:0:0,0,false,false,false,false,0
FRTRK1004,move to,LOC_남측제1방어선,2026-08-09T09:11:16.000Z,21.38771059,-157.74641062,UAV 1,1,1:3001:2898,FRTRK1004,1:1:225:7:12:0:0,0,false,false,false,false,0
FRM113003,move to,LOC_중앙킬존남측,2026-08-09T09:11:16.000Z,21.38817091,-157.74706110,UAV 1,1,1:3001:2647,FRM113003,1:1:225:2:3:1:0,0,false,false,false,false,0
FRM113001,move to,LOC_중앙킬존남측,2026-08-09T09:11:16.000Z,21.38811872,-157.74694866,UAV 1,1,1:3001:2842,FRM113001,1:1:225:2:3:1:0,0,false,false,false,false,0
FRTRK2002,move to,LOC_남측제1방어선,2026-08-09T09:11:16.000Z,21.38760676,-157.74754006,UAV 1,1,1:3001:2827,FRTRK2002,1:1:225:7:12:8:0,0,false,false,false,false,0
FRTRK2004,move to,LOC_남측제1방어선,2026-08-09T09:11:16.000Z,21.38764272,-157.74784069,UAV 1,1,1:3001:2576,FRTRK2004,1:1:225:7:12:8:0,0,false,false,false,false,0
FRTRK1001,move to,LOC_남측제1방어선,2026-08-09T09:11:16.000Z,21.38774681,-157.74664903,UAV 1,1,1:3001:2643,FRTRK1001,1:1:225:7:12:0:0,0,false,false,false,false,0
ENM35004,move to,LOC_적북측접근로,2026-08-09T09:11:16.000Z,21.37243293,-157.73726316,UAV 1,2,1:3001:2650,ENM35004,1:1:225:7:1:6:0,0,false,false,false,false,0
ENM35002,move to,LOC_적북측접근로,2026-08-09T09:11:16.000Z,21.37241125,-157.73735429,UAV 1,2,1:3001:2740,ENM35002,1:1:225:7:1:6:0,0,false,false,false,false,0
FRTRK2001,move to,LOC_남측제1방어선,2026-08-09T09:11:16.000Z,21.38771327,-157.74785379,UAV 1,1,1:3001:2823,FRTRK2001,1:1:225:7:12:8:0,0,false,false,false,false,0
FRTRK2003,move to,LOC_남측제1방어선,2026-08-09T09:11:16.000Z,21.38769498,-157.74770101,UAV 1,1,1:3001:2863,FRTRK2003,1:1:225:7:12:8:0,0,false,false,false,false,0
ENM35003,move to,LOC_적북측접근로,2026-08-09T09:11:16.000Z,21.37238761,-157.73725270,UAV 1,2,1:3001:2894,ENM35003,1:1:225:7:1:6:0,0,false,false,false,false,0
ENCAESAR002,move to,LOC_북측예비방어선,2026-08-09T09:11:17.000Z,21.37127262,-157.73780154,UAV 1,2,1:3001:2594,ENCAESAR002,1:1:71:4:0:0:0,0,false,false,false,false,0
ENT72012,move to,LOC_중앙계곡,2026-08-09T09:11:17.000Z,21.37546330,-157.74132130,UAV 1,2,1:3001:2595,ENT72012,1:1:222:1:2:1:0,0,false,false,false,false,0
ENMORT005,none,,2026-08-09T09:11:17.000Z,21.37457651,-157.73710572,UAV 1,2,1:3001:2607,ENMORT005,1:1:71:10:1:0:1,0,false,false,false,false,0
ENM1A2005,move to,LOC_중앙계곡,2026-08-09T09:11:17.000Z,21.37750364,-157.74153967,UAV 1,2,1:3001:2621,ENM1A2005,1:1:225:1:1:3:0,0,false,false,false,false,0
ENMORT004,none,,2026-08-09T09:11:17.000Z,21.37447596,-157.73706256,UAV 1,2,1:3001:2630,ENMORT004,1:1:71:10:1:0:1,0,false,false,false,false,0
ENBTR60006,move to,LOC_중앙계곡,2026-08-09T09:11:17.000Z,21.37323191,-157.74064095,UAV 1,2,1:3001:2663,ENBTR60006,1:1:222:2:8:1:0,0,false,false,false,false,0
ENBTR80004,move to,LOC_중앙계곡,2026-08-09T09:11:17.000Z,21.37329850,-157.74059953,UAV 1,2,1:3001:2679,ENBTR80004,1:1:222:2:13:0:0,0,false,false,false,false,0
ENCAESAR004,move to,LOC_북측예비방어선,2026-08-09T09:11:17.000Z,21.37174845,-157.73900962,UAV 1,2,1:3001:2698,ENCAESAR004,1:1:71:4:0:0:0,0,false,false,false,false,0
ENBTR80006,move to,LOC_중앙계곡,2026-08-09T09:11:17.000Z,21.37341120,-157.74051663,UAV 1,2,1:3001:2728,ENBTR80006,1:1:222:2:13:0:0,0,false,false,false,false,0
ENGAZ003,move to,LOC_적북측접근로,2026-08-09T09:11:17.000Z,21.37230222,-157.73720766,UAV 1,2,1:3001:2749,ENGAZ003,1:1:222:7:8:0:0,0,false,false,false,false,0
ENBTR80003,move to,LOC_중앙계곡,2026-08-09T09:11:17.000Z,21.37350167,-157.74055431,UAV 1,2,1:3001:2753,ENBTR80003,1:1:222:2:13:0:0,0,false,false,false,false,0
FRT80008,move to,LOC_중앙킬존남측,2026-08-09T09:11:17.000Z,21.38093555,-157.74662790,UAV 1,1,1:3001:2756,FRT80008,1:1:222:1:1:1:0,0,false,false,false,false,0
ENCAESAR003,move to,LOC_적북측접근로,2026-08-09T09:11:17.000Z,21.37056406,-157.73793879,UAV 1,2,1:3001:2782,ENCAESAR003,1:1:71:4:0:0:0,0,false,false,false,false,0
ENMORT001,none,,2026-08-09T09:11:17.000Z,21.37443553,-157.73716992,UAV 1,2,1:3001:2789,ENMORT001,1:1:71:10:1:0:1,0,false,false,false,false,0
ENBTR60007,move to,LOC_중앙계곡,2026-08-09T09:11:17.000Z,21.37304809,-157.74068973,UAV 1,2,1:3001:2815,ENBTR60007,1:1:222:2:8:1:0,0,false,false,false,false,0
ENBTR60008,move to,LOC_중앙계곡,2026-08-09T09:11:17.000Z,21.37308980,-157.74064645,UAV 1,2,1:3001:2826,ENBTR60008,1:1:222:2:8:1:0,0,false,false,false,false,0
ENBTR80007,move to,LOC_중앙계곡,2026-08-09T09:11:17.000Z,21.37321272,-157.74056218,UAV 1,2,1:3001:2828,ENBTR80007,1:1:222:2:13:0:0,0,false,false,false,false,0
ENMORT002,none,,2026-08-09T09:11:17.000Z,21.37453609,-157.73721308,UAV 1,2,1:3001:2834,ENMORT002,1:1:71:10:1:0:1,0,false,false,false,false,0
ENGAZ004,move to,LOC_적북측접근로,2026-08-09T09:11:17.000Z,21.37233136,-157.73729094,UAV 1,2,1:3001:2838,ENGAZ004,1:1:222:7:8:0:0,0,false,false,false,false,0
ENBTR80005,move to,LOC_중앙계곡,2026-08-09T09:11:17.000Z,21.37335114,-157.74055762,UAV 1,2,1:3001:2846,ENBTR80005,1:1:222:2:13:0:0,0,false,false,false,false,0
ENMIM001,move to,LOC_적북측접근로,2026-08-09T09:11:17.000Z,21.37114750,-157.74119061,UAV 1,2,1:3001:2855,ENMIM001,1:1:225:28:2:0:0,0,false,false,false,false,0
ENCAESAR001,move to,LOC_적북측접근로,2026-08-09T09:11:17.000Z,21.37088297,-157.73946521,UAV 1,2,1:3001:2860,ENCAESAR001,1:1:71:4:0:0:0,0,false,false,false,false,0
ENMORT003,none,,2026-08-09T09:11:17.000Z,21.37463664,-157.73725624,UAV 1,2,1:3001:2865,ENMORT003,1:1:71:10:1:0:1,0,false,false,false,false,0
ENBTR60005,move to,LOC_중앙계곡,2026-08-09T09:11:17.000Z,21.37316157,-157.74068271,UAV 1,2,1:3001:2902,ENBTR60005,1:1:222:2:8:1:0,0,false,false,false,false,0
ENT72010,move to,LOC_중앙계곡,2026-08-09T09:11:17.000Z,21.37554952,-157.74131330,UAV 1,2,1:3001:2761,ENT72010,1:1:222:1:2:1:0,0,false,false,false,false,0
ENT72008,move to,LOC_중앙계곡,2026-08-09T09:11:17.000Z,21.37564810,-157.74130420,UAV 1,2,1:3001:2615,ENT72008,1:1:222:1:2:1:0,0,false,false,false,false,0
ENBTR60003,move to,LOC_중앙계곡,2026-08-09T09:11:17.000Z,21.37330649,-157.74067706,UAV 1,2,1:3001:2685,ENBTR60003,1:1:222:2:8:1:0,0,false,false,false,false,0
ENT72006,move to,LOC_중앙계곡,2026-08-09T09:11:17.000Z,21.37573703,-157.74129597,UAV 1,2,1:3001:2778,ENT72006,1:1:222:1:2:1:0,0,false,false,false,false,0
ENT72002,move to,LOC_중앙계곡,2026-08-09T09:11:17.000Z,21.37589709,-157.74128113,UAV 1,2,1:3001:2628,ENT72002,1:1:222:1:2:1:0,0,false,false,false,false,0
ENT72004,move to,LOC_중앙계곡,2026-08-09T09:11:17.000Z,21.37581025,-157.74128916,UAV 1,2,1:3001:2738,ENT72004,1:1:222:1:2:1:0,0,false,false,false,false,0
ENM35001,move to,LOC_적북측접근로,2026-08-09T09:11:17.000Z,21.37232017,-157.73753996,UAV 1,2,1:3001:2754,ENM35001,1:1:225:7:1:6:0,0,false,false,false,false,0
ENM35004,move to,LOC_적북측접근로,2026-08-09T09:11:17.000Z,21.37238505,-157.73745761,UAV 1,2,1:3001:2650,ENM35004,1:1:225:7:1:6:0,0,false,false,false,false,0
ENM35002,move to,LOC_적북측접근로,2026-08-09T09:11:17.000Z,21.37236245,-157.73755231,UAV 1,2,1:3001:2740,ENM35002,1:1:225:7:1:6:0,0,false,false,false,false,0
ENM35003,move to,LOC_적북측접근로,2026-08-09T09:11:17.000Z,21.37234150,-157.73744841,UAV 1,2,1:3001:2894,ENM35003,1:1:225:7:1:6:0,0,false,false,false,false,0
ENCAESAR002,move to,LOC_북측예비방어선,2026-08-09T09:11:19.000Z,21.37134790,-157.73799124,UAV 1,2,1:3001:2594,ENCAESAR002,1:1:71:4:0:0:0,0,false,false,false,false,0
ENT72012,move to,LOC_중앙계곡,2026-08-09T09:11:19.000Z,21.37564544,-157.74130492,UAV 1,2,1:3001:2595,ENT72012,1:1:222:1:2:1:0,0,false,false,false,false,0
ENMORT005,none,,2026-08-09T09:11:19.000Z,21.37457651,-157.73710572,UAV 1,2,1:3001:2607,ENMORT005,1:1:71:10:1:0:1,0,false,false,false,false,0
ENM1A2005,move to,LOC_중앙계곡,2026-08-09T09:11:19.000Z,21.37767930,-157.74148153,UAV 1,2,1:3001:2621,ENM1A2005,1:1:225:1:1:3:0,0,false,false,false,false,0
ENMORT004,none,,2026-08-09T09:11:19.000Z,21.37447596,-157.73706256,UAV 1,2,1:3001:2630,ENMORT004,1:1:71:10:1:0:1,0,false,false,false,false,0
ENBTR60006,move to,LOC_중앙계곡,2026-08-09T09:11:19.000Z,21.37341541,-157.74065167,UAV 1,2,1:3001:2663,ENBTR60006,1:1:222:2:8:1:0,0,false,false,false,false,0
ENBTR80004,move to,LOC_중앙계곡,2026-08-09T09:11:19.000Z,21.37348090,-157.74061159,UAV 1,2,1:3001:2679,ENBTR80004,1:1:222:2:13:0:0,0,false,false,false,false,0
ENCAESAR004,move to,LOC_북측예비방어선,2026-08-09T09:11:19.000Z,21.37181833,-157.73918531,UAV 1,2,1:3001:2698,ENCAESAR004,1:1:71:4:0:0:0,0,false,false,false,false,0
ENBTR80006,move to,LOC_중앙계곡,2026-08-09T09:11:19.000Z,21.37359458,-157.74053164,UAV 1,2,1:3001:2728,ENBTR80006,1:1:222:2:13:0:0,0,false,false,false,false,0
ENGAZ003,move to,LOC_적북측접근로,2026-08-09T09:11:19.000Z,21.37226153,-157.73739740,UAV 1,2,1:3001:2749,ENGAZ003,1:1:222:7:8:0:0,0,false,false,false,false,0
ENBTR80003,move to,LOC_중앙계곡,2026-08-09T09:11:19.000Z,21.37368447,-157.74056829,UAV 1,2,1:3001:2753,ENBTR80003,1:1:222:2:13:0:0,0,false,false,false,false,0
ENCAESAR003,move to,LOC_적북측접근로,2026-08-09T09:11:19.000Z,21.37060248,-157.73812937,UAV 1,2,1:3001:2782,ENCAESAR003,1:1:71:4:0:0:0,0,false,false,false,false,0
ENMORT001,none,,2026-08-09T09:11:19.000Z,21.37443553,-157.73716992,UAV 1,2,1:3001:2789,ENMORT001,1:1:71:10:1:0:1,0,false,false,false,false,0
ENBTR60007,move to,LOC_중앙계곡,2026-08-09T09:11:19.000Z,21.37322774,-157.74069844,UAV 1,2,1:3001:2815,ENBTR60007,1:1:222:2:8:1:0,0,false,false,false,false,0
ENBTR60008,move to,LOC_중앙계곡,2026-08-09T09:11:19.000Z,21.37327025,-157.74065658,UAV 1,2,1:3001:2826,ENBTR60008,1:1:222:2:8:1:0,0,false,false,false,false,0
ENBTR80007,move to,LOC_중앙계곡,2026-08-09T09:11:19.000Z,21.37339627,-157.74057530,UAV 1,2,1:3001:2828,ENBTR80007,1:1:222:2:13:0:0,0,false,false,false,false,0
ENMORT002,none,,2026-08-09T09:11:19.000Z,21.37453609,-157.73721308,UAV 1,2,1:3001:2834,ENMORT002,1:1:71:10:1:0:1,0,false,false,false,false,0
ENGAZ004,move to,LOC_적북측접근로,2026-08-09T09:11:19.000Z,21.37228889,-157.73747969,UAV 1,2,1:3001:2838,ENGAZ004,1:1:222:7:8:0:0,0,false,false,false,false,0
ENBTR80005,move to,LOC_중앙계곡,2026-08-09T09:11:19.000Z,21.37353413,-157.74057115,UAV 1,2,1:3001:2846,ENBTR80005,1:1:222:2:13:0:0,0,false,false,false,false,0
ENMIM001,move to,LOC_적북측접근로,2026-08-09T09:11:19.000Z,21.37120585,-157.74136598,UAV 1,2,1:3001:2855,ENMIM001,1:1:225:28:2:0:0,0,false,false,false,false,0
ENCAESAR001,move to,LOC_적북측접근로,2026-08-09T09:11:19.000Z,21.37092169,-157.73966208,UAV 1,2,1:3001:2860,ENCAESAR001,1:1:71:4:0:0:0,0,false,false,false,false,0
ENMORT003,none,,2026-08-09T09:11:19.000Z,21.37463664,-157.73725624,UAV 1,2,1:3001:2865,ENMORT003,1:1:71:10:1:0:1,0,false,false,false,false,0
ENBTR60005,move to,LOC_중앙계곡,2026-08-09T09:11:19.000Z,21.37334693,-157.74069212,UAV 1,2,1:3001:2902,ENBTR60005,1:1:222:2:8:1:0,0,false,false,false,false,0
ENT72010,move to,LOC_중앙계곡,2026-08-09T09:11:19.000Z,21.37573252,-157.74129686,UAV 1,2,1:3001:2761,ENT72010,1:1:222:1:2:1:0,0,false,false,false,false,0
ENT72008,move to,LOC_중앙계곡,2026-08-09T09:11:19.000Z,21.37583217,-157.74128767,UAV 1,2,1:3001:2615,ENT72008,1:1:222:1:2:1:0,0,false,false,false,false,0
ENT72006,move to,LOC_중앙계곡,2026-08-09T09:11:19.000Z,21.37592148,-157.74127942,UAV 1,2,1:3001:2778,ENT72006,1:1:222:1:2:1:0,0,false,false,false,false,0
ENT72002,move to,LOC_중앙계곡,2026-08-09T09:11:19.000Z,21.37608073,-157.74126468,UAV 1,2,1:3001:2628,ENT72002,1:1:222:1:2:1:0,0,false,false,false,false,0
ENT72004,move to,LOC_중앙계곡,2026-08-09T09:11:19.000Z,21.37599380,-157.74127271,UAV 1,2,1:3001:2738,ENT72004,1:1:222:1:2:1:0,0,false,false,false,false,0
ENM35001,move to,LOC_적북측접근로,2026-08-09T09:11:19.000Z,21.37227636,-157.73772589,UAV 1,2,1:3001:2754,ENM35001,1:1:225:7:1:6:0,0,false,false,false,false,0
ENM35004,move to,LOC_적북측접근로,2026-08-09T09:11:19.000Z,21.37233975,-157.73764156,UAV 1,2,1:3001:2650,ENM35004,1:1:225:7:1:6:0,0,false,false,false,false,0
ENM35002,move to,LOC_적북측접근로,2026-08-09T09:11:19.000Z,21.37231726,-157.73773570,UAV 1,2,1:3001:2740,ENM35002,1:1:225:7:1:6:0,0,false,false,false,false,0
ENM35003,move to,LOC_적북측접근로,2026-08-09T09:11:19.000Z,21.37229827,-157.73763190,UAV 1,2,1:3001:2894,ENM35003,1:1:225:7:1:6:0,0,false,false,false,false,0
FRT80006,move to,LOC_중앙킬존남측,2026-08-09T09:11:19.000Z,21.38092949,-157.74660622,UAV 1,1,1:3001:2774,FRT80006,1:1:222:1:1:1:0,0,false,false,false,false,0
ENCAESAR002,move to,LOC_북측예비방어선,2026-08-09T09:11:21.000Z,21.37134790,-157.73799124,UAV 1,2,1:3001:2594,ENCAESAR002,1:1:71:4:0:0:0,0,false,false,false,false,0
ENT72012,move to,LOC_중앙계곡,2026-08-09T09:11:21.000Z,21.37564544,-157.74130492,UAV 1,2,1:3001:2595,ENT72012,1:1:222:1:2:1:0,0,false,false,false,false,0
ENMORT005,none,,2026-08-09T09:11:21.000Z,21.37457651,-157.73710572,UAV 1,2,1:3001:2607,ENMORT005,1:1:71:10:1:0:1,0,false,false,false,false,0
ENM1A2005,move to,LOC_중앙계곡,2026-08-09T09:11:21.000Z,21.37767930,-157.74148153,UAV 1,2,1:3001:2621,ENM1A2005,1:1:225:1:1:3:0,0,false,false,false,false,0
ENMORT004,none,,2026-08-09T09:11:21.000Z,21.37447596,-157.73706256,UAV 1,2,1:3001:2630,ENMORT004,1:1:71:10:1:0:1,0,false,false,false,false,0
ENBTR60006,move to,LOC_중앙계곡,2026-08-09T09:11:21.000Z,21.37341541,-157.74065167,UAV 1,2,1:3001:2663,ENBTR60006,1:1:222:2:8:1:0,0,false,false,false,false,0
ENBTR80004,move to,LOC_중앙계곡,2026-08-09T09:11:21.000Z,21.37348090,-157.74061159,UAV 1,2,1:3001:2679,ENBTR80004,1:1:222:2:13:0:0,0,false,false,false,false,0
ENCAESAR004,move to,LOC_북측예비방어선,2026-08-09T09:11:21.000Z,21.37181833,-157.73918531,UAV 1,2,1:3001:2698,ENCAESAR004,1:1:71:4:0:0:0,0,false,false,false,false,0
ENBTR80006,move to,LOC_중앙계곡,2026-08-09T09:11:21.000Z,21.37359458,-157.74053164,UAV 1,2,1:3001:2728,ENBTR80006,1:1:222:2:13:0:0,0,false,false,false,false,0
ENGAZ003,move to,LOC_적북측접근로,2026-08-09T09:11:21.000Z,21.37226153,-157.73739740,UAV 1,2,1:3001:2749,ENGAZ003,1:1:222:7:8:0:0,0,false,false,false,false,0
ENBTR80003,move to,LOC_중앙계곡,2026-08-09T09:11:21.000Z,21.37368447,-157.74056829,UAV 1,2,1:3001:2753,ENBTR80003,1:1:222:2:13:0:0,0,false,false,false,false,0
ENCAESAR003,move to,LOC_적북측접근로,2026-08-09T09:11:21.000Z,21.37060248,-157.73812937,UAV 1,2,1:3001:2782,ENCAESAR003,1:1:71:4:0:0:0,0,false,false,false,false,0
ENMORT001,none,,2026-08-09T09:11:21.000Z,21.37443553,-157.73716992,UAV 1,2,1:3001:2789,ENMORT001,1:1:71:10:1:0:1,0,false,false,false,false,0
ENBTR60007,move to,LOC_중앙계곡,2026-08-09T09:11:21.000Z,21.37322774,-157.74069844,UAV 1,2,1:3001:2815,ENBTR60007,1:1:222:2:8:1:0,0,false,false,false,false,0
ENBTR60008,move to,LOC_중앙계곡,2026-08-09T09:11:21.000Z,21.37327025,-157.74065658,UAV 1,2,1:3001:2826,ENBTR60008,1:1:222:2:8:1:0,0,false,false,false,false,0
ENBTR80007,move to,LOC_중앙계곡,2026-08-09T09:11:21.000Z,21.37339627,-157.74057530,UAV 1,2,1:3001:2828,ENBTR80007,1:1:222:2:13:0:0,0,false,false,false,false,0
ENMORT002,none,,2026-08-09T09:11:21.000Z,21.37453609,-157.73721308,UAV 1,2,1:3001:2834,ENMORT002,1:1:71:10:1:0:1,0,false,false,false,false,0
ENGAZ004,move to,LOC_적북측접근로,2026-08-09T09:11:21.000Z,21.37228889,-157.73747969,UAV 1,2,1:3001:2838,ENGAZ004,1:1:222:7:8:0:0,0,false,false,false,false,0
ENBTR80005,move to,LOC_중앙계곡,2026-08-09T09:11:21.000Z,21.37353413,-157.74057115,UAV 1,2,1:3001:2846,ENBTR80005,1:1:222:2:13:0:0,0,false,false,false,false,0
ENMIM001,move to,LOC_적북측접근로,2026-08-09T09:11:21.000Z,21.37120585,-157.74136598,UAV 1,2,1:3001:2855,ENMIM001,1:1:225:28:2:0:0,0,false,false,false,false,0
ENCAESAR001,move to,LOC_적북측접근로,2026-08-09T09:11:21.000Z,21.37092169,-157.73966208,UAV 1,2,1:3001:2860,ENCAESAR001,1:1:71:4:0:0:0,0,false,false,false,false,0
ENMORT003,none,,2026-08-09T09:11:21.000Z,21.37463664,-157.73725624,UAV 1,2,1:3001:2865,ENMORT003,1:1:71:10:1:0:1,0,false,false,false,false,0
ENBTR60005,move to,LOC_중앙계곡,2026-08-09T09:11:21.000Z,21.37334693,-157.74069212,UAV 1,2,1:3001:2902,ENBTR60005,1:1:222:2:8:1:0,0,false,false,false,false,0
ENT72010,move to,LOC_중앙계곡,2026-08-09T09:11:21.000Z,21.37573252,-157.74129686,UAV 1,2,1:3001:2761,ENT72010,1:1:222:1:2:1:0,0,false,false,false,false,0
ENT72008,move to,LOC_중앙계곡,2026-08-09T09:11:21.000Z,21.37583217,-157.74128767,UAV 1,2,1:3001:2615,ENT72008,1:1:222:1:2:1:0,0,false,false,false,false,0
ENT72006,move to,LOC_중앙계곡,2026-08-09T09:11:21.000Z,21.37592148,-157.74127942,UAV 1,2,1:3001:2778,ENT72006,1:1:222:1:2:1:0,0,false,false,false,false,0
ENT72002,move to,LOC_중앙계곡,2026-08-09T09:11:21.000Z,21.37608073,-157.74126468,UAV 1,2,1:3001:2628,ENT72002,1:1:222:1:2:1:0,0,false,false,false,false,0
ENT72004,move to,LOC_중앙계곡,2026-08-09T09:11:21.000Z,21.37599380,-157.74127271,UAV 1,2,1:3001:2738,ENT72004,1:1:222:1:2:1:0,0,false,false,false,false,0
ENM35001,move to,LOC_적북측접근로,2026-08-09T09:11:21.000Z,21.37227636,-157.73772589,UAV 1,2,1:3001:2754,ENM35001,1:1:225:7:1:6:0,0,false,false,false,false,0
ENM35004,move to,LOC_적북측접근로,2026-08-09T09:11:21.000Z,21.37233975,-157.73764156,UAV 1,2,1:3001:2650,ENM35004,1:1:225:7:1:6:0,0,false,false,false,false,0
ENM35002,move to,LOC_적북측접근로,2026-08-09T09:11:21.000Z,21.37231726,-157.73773570,UAV 1,2,1:3001:2740,ENM35002,1:1:225:7:1:6:0,0,false,false,false,false,0
ENM35003,move to,LOC_적북측접근로,2026-08-09T09:11:21.000Z,21.37229827,-157.73763190,UAV 1,2,1:3001:2894,ENM35003,1:1:225:7:1:6:0,0,false,false,false,false,0
FRT80006,move to,LOC_중앙킬존남측,2026-08-09T09:11:21.000Z,21.38092949,-157.74660622,UAV 1,1,1:3001:2774,FRT80006,1:1:222:1:1:1:0,0,false,false,false,false,0
ENCAESAR002,move to,LOC_북측예비방어선,2026-08-09T09:11:22.000Z,21.37143262,-157.73820470,UAV 1,2,1:3001:2594,ENCAESAR002,1:1:71:4:0:0:0,0,false,false,false,false,0
ENT72012,move to,LOC_중앙계곡,2026-08-09T09:11:22.000Z,21.37583656,-157.74128774,UAV 1,2,1:3001:2595,ENT72012,1:1:222:1:2:1:0,0,false,false,false,false,0
ENMORT005,none,,2026-08-09T09:11:22.000Z,21.37457651,-157.73710572,UAV 1,2,1:3001:2607,ENMORT005,1:1:71:10:1:0:1,0,false,false,false,false,0
ENM1A2005,move to,LOC_중앙계곡,2026-08-09T09:11:22.000Z,21.37786047,-157.74142157,UAV 1,2,1:3001:2621,ENM1A2005,1:1:225:1:1:3:0,0,false,false,false,false,0
ENMORT004,none,,2026-08-09T09:11:22.000Z,21.37447596,-157.73706256,UAV 1,2,1:3001:2630,ENMORT004,1:1:71:10:1:0:1,0,false,false,false,false,0
ENBTR80004,move to,LOC_중앙계곡,2026-08-09T09:11:22.000Z,21.37367018,-157.74062411,UAV 1,2,1:3001:2679,ENBTR80004,1:1:222:2:13:0:0,0,false,false,false,false,0
ENCAESAR004,move to,LOC_북측예비방어선,2026-08-09T09:11:22.000Z,21.37189061,-157.73936702,UAV 1,2,1:3001:2698,ENCAESAR004,1:1:71:4:0:0:0,0,false,false,false,false,0
ENBTR80006,move to,LOC_중앙계곡,2026-08-09T09:11:22.000Z,21.37378466,-157.74054719,UAV 1,2,1:3001:2728,ENBTR80006,1:1:222:2:13:0:0,0,false,false,false,false,0
ENGAZ003,move to,LOC_적북측접근로,2026-08-09T09:11:22.000Z,21.37221992,-157.73759146,UAV 1,2,1:3001:2749,ENGAZ003,1:1:222:7:8:0:0,0,false,false,false,false,0
ENBTR80003,move to,LOC_중앙계곡,2026-08-09T09:11:22.000Z,21.37387580,-157.74058292,UAV 1,2,1:3001:2753,ENBTR80003,1:1:222:2:13:0:0,0,false,false,false,false,0
ENCAESAR003,move to,LOC_적북측접근로,2026-08-09T09:11:22.000Z,21.37064175,-157.73832414,UAV 1,2,1:3001:2782,ENCAESAR003,1:1:71:4:0:0:0,0,false,false,false,false,0
ENMORT001,none,,2026-08-09T09:11:22.000Z,21.37443553,-157.73716992,UAV 1,2,1:3001:2789,ENMORT001,1:1:71:10:1:0:1,0,false,false,false,false,0
ENBTR60007,move to,LOC_중앙계곡,2026-08-09T09:11:22.000Z,21.37341786,-157.74070767,UAV 1,2,1:3001:2815,ENBTR60007,1:1:222:2:8:1:0,0,false,false,false,false,0
ENBTR60008,move to,LOC_중앙계곡,2026-08-09T09:11:22.000Z,21.37346427,-157.74066747,UAV 1,2,1:3001:2826,ENBTR60008,1:1:222:2:8:1:0,0,false,false,false,false,0
ENBTR80007,move to,LOC_중앙계곡,2026-08-09T09:11:22.000Z,21.37358447,-157.74058874,UAV 1,2,1:3001:2828,ENBTR80007,1:1:222:2:13:0:0,0,false,false,false,false,0
ENMORT002,none,,2026-08-09T09:11:22.000Z,21.37453609,-157.73721308,UAV 1,2,1:3001:2834,ENMORT002,1:1:71:10:1:0:1,0,false,false,false,false,0
ENGAZ004,move to,LOC_적북측접근로,2026-08-09T09:11:22.000Z,21.37224551,-157.73767251,UAV 1,2,1:3001:2838,ENGAZ004,1:1:222:7:8:0:0,0,false,false,false,false,0
ENBTR80005,move to,LOC_중앙계곡,2026-08-09T09:11:22.000Z,21.37372405,-157.74058519,UAV 1,2,1:3001:2846,ENBTR80005,1:1:222:2:13:0:0,0,false,false,false,false,0
ENMIM001,move to,LOC_적북측접근로,2026-08-09T09:11:22.000Z,21.37126908,-157.74155605,UAV 1,2,1:3001:2855,ENMIM001,1:1:225:28:2:0:0,0,false,false,false,false,0
ENCAESAR001,move to,LOC_적북측접근로,2026-08-09T09:11:22.000Z,21.37095794,-157.73984640,UAV 1,2,1:3001:2860,ENCAESAR001,1:1:71:4:0:0:0,0,false,false,false,false,0
ENMORT003,none,,2026-08-09T09:11:22.000Z,21.37463664,-157.73725624,UAV 1,2,1:3001:2865,ENMORT003,1:1:71:10:1:0:1,0,false,false,false,false,0
ENBTR60005,move to,LOC_중앙계곡,2026-08-09T09:11:22.000Z,21.37353513,-157.74070168,UAV 1,2,1:3001:2902,ENBTR60005,1:1:222:2:8:1:0,0,false,false,false,false,0
ENT72010,move to,LOC_중앙계곡,2026-08-09T09:11:22.000Z,21.37592412,-157.74127964,UAV 1,2,1:3001:2761,ENT72010,1:1:222:1:2:1:0,0,false,false,false,false,0
ENT72008,move to,LOC_중앙계곡,2026-08-09T09:11:22.000Z,21.37602370,-157.74127048,UAV 1,2,1:3001:2615,ENT72008,1:1:222:1:2:1:0,0,false,false,false,false,0
ENT72006,move to,LOC_중앙계곡,2026-08-09T09:11:22.000Z,21.37611222,-157.74126231,UAV 1,2,1:3001:2778,ENT72006,1:1:222:1:2:1:0,0,false,false,false,false,0
ENT72002,move to,LOC_중앙계곡,2026-08-09T09:11:22.000Z,21.37627090,-157.74124765,UAV 1,2,1:3001:2628,ENT72002,1:1:222:1:2:1:0,0,false,false,false,false,0
ENT72004,move to,LOC_중앙계곡,2026-08-09T09:11:22.000Z,21.37618474,-157.74125559,UAV 1,2,1:3001:2738,ENT72004,1:1:222:1:2:1:0,0,false,false,false,false,0
ENM35001,move to,LOC_적북측접근로,2026-08-09T09:11:22.000Z,21.37223322,-157.73790894,UAV 1,2,1:3001:2754,ENM35001,1:1:225:7:1:6:0,0,false,false,false,false,0
ENM35004,move to,LOC_적북측접근로,2026-08-09T09:11:22.000Z,21.37229477,-157.73782419,UAV 1,2,1:3001:2650,ENM35004,1:1:225:7:1:6:0,0,false,false,false,false,0
ENM35002,move to,LOC_적북측접근로,2026-08-09T09:11:22.000Z,21.37227220,-157.73791851,UAV 1,2,1:3001:2740,ENM35002,1:1:225:7:1:6:0,0,false,false,false,false,0
ENM35003,move to,LOC_적북측접근로,2026-08-09T09:11:22.000Z,21.37225474,-157.73781668,UAV 1,2,1:3001:2894,ENM35003,1:1:225:7:1:6:0,0,false,false,false,false,0
ENCAESAR002,move to,LOC_북측예비방어선,2026-08-09T09:11:24.000Z,21.37149391,-157.73835911,UAV 1,2,1:3001:2594,ENCAESAR002,1:1:71:4:0:0:0,0,false,false,false,false,0
ENT72012,move to,LOC_중앙계곡,2026-08-09T09:11:24.000Z,21.37602255,-157.74127101,UAV 1,2,1:3001:2595,ENT72012,1:1:222:1:2:1:0,0,false,false,false,false,0
ENMORT005,none,,2026-08-09T09:11:24.000Z,21.37457651,-157.73710572,UAV 1,2,1:3001:2607,ENMORT005,1:1:71:10:1:0:1,0,false,false,false,false,0
ENM1A2005,move to,LOC_중앙계곡,2026-08-09T09:11:24.000Z,21.37803632,-157.74136337,UAV 1,2,1:3001:2621,ENM1A2005,1:1:225:1:1:3:0,0,false,false,false,false,0
ENMORT004,none,,2026-08-09T09:11:24.000Z,21.37447596,-157.73706256,UAV 1,2,1:3001:2630,ENMORT004,1:1:71:10:1:0:1,0,false,false,false,false,0
ENBTR80004,move to,LOC_중앙계곡,2026-08-09T09:11:24.000Z,21.37385664,-157.74063644,UAV 1,2,1:3001:2679,ENBTR80004,1:1:222:2:13:0:0,0,false,false,false,false,0
ENCAESAR004,move to,LOC_북측예비방어선,2026-08-09T09:11:24.000Z,21.37196263,-157.73954807,UAV 1,2,1:3001:2698,ENCAESAR004,1:1:71:4:0:0:0,0,false,false,false,false,0
ENBTR80006,move to,LOC_중앙계곡,2026-08-09T09:11:24.000Z,21.37397102,-157.74056244,UAV 1,2,1:3001:2728,ENBTR80006,1:1:222:2:13:0:0,0,false,false,false,false,0
ENGAZ003,move to,LOC_적북측접근로,2026-08-09T09:11:24.000Z,21.37217916,-157.73778160,UAV 1,2,1:3001:2749,ENGAZ003,1:1:222:7:8:0:0,0,false,false,false,false,0
ENBTR80003,move to,LOC_중앙계곡,2026-08-09T09:11:24.000Z,21.37406442,-157.74059735,UAV 1,2,1:3001:2753,ENBTR80003,1:1:222:2:13:0:0,0,false,false,false,false,0
ENCAESAR003,move to,LOC_적북측접근로,2026-08-09T09:11:24.000Z,21.37068236,-157.73852564,UAV 1,2,1:3001:2782,ENCAESAR003,1:1:71:4:0:0:0,0,false,false,false,false,0
ENMORT001,none,,2026-08-09T09:11:24.000Z,21.37443553,-157.73716992,UAV 1,2,1:3001:2789,ENMORT001,1:1:71:10:1:0:1,0,false,false,false,false,0
ENBTR60007,move to,LOC_중앙계곡,2026-08-09T09:11:24.000Z,21.37360215,-157.74071661,UAV 1,2,1:3001:2815,ENBTR60007,1:1:222:2:8:1:0,0,false,false,false,false,0
ENBTR60008,move to,LOC_중앙계곡,2026-08-09T09:11:24.000Z,21.37364694,-157.74067773,UAV 1,2,1:3001:2826,ENBTR60008,1:1:222:2:8:1:0,0,false,false,false,false,0
ENBTR80007,move to,LOC_중앙계곡,2026-08-09T09:11:24.000Z,21.37377086,-157.74060206,UAV 1,2,1:3001:2828,ENBTR80007,1:1:222:2:13:0:0,0,false,false,false,false,0
ENMORT002,none,,2026-08-09T09:11:24.000Z,21.37453609,-157.73721308,UAV 1,2,1:3001:2834,ENMORT002,1:1:71:10:1:0:1,0,false,false,false,false,0
ENGAZ004,move to,LOC_적북측접근로,2026-08-09T09:11:24.000Z,21.37220242,-157.73786408,UAV 1,2,1:3001:2838,ENGAZ004,1:1:222:7:8:0:0,0,false,false,false,false,0
ENBTR80005,move to,LOC_중앙계곡,2026-08-09T09:11:24.000Z,21.37391068,-157.74059899,UAV 1,2,1:3001:2846,ENBTR80005,1:1:222:2:13:0:0,0,false,false,false,false,0
ENMIM001,move to,LOC_적북측접근로,2026-08-09T09:11:24.000Z,21.37128750,-157.74161142,UAV 1,2,1:3001:2855,ENMIM001,1:1:225:28:2:0:0,0,false,false,false,false,0
ENCAESAR001,move to,LOC_적북측접근로,2026-08-09T09:11:24.000Z,21.37099379,-157.74002872,UAV 1,2,1:3001:2860,ENCAESAR001,1:1:71:4:0:0:0,0,false,false,false,false,0
ENMORT003,none,,2026-08-09T09:11:24.000Z,21.37463664,-157.73725624,UAV 1,2,1:3001:2865,ENMORT003,1:1:71:10:1:0:1,0,false,false,false,false,0
ENBTR60005,move to,LOC_중앙계곡,2026-08-09T09:11:24.000Z,21.37372098,-157.74071112,UAV 1,2,1:3001:2902,ENBTR60005,1:1:222:2:8:1:0,0,false,false,false,false,0
ENT72010,move to,LOC_중앙계곡,2026-08-09T09:11:24.000Z,21.37610978,-157.74126296,UAV 1,2,1:3001:2761,ENT72010,1:1:222:1:2:1:0,0,false,false,false,false,0
ENT72008,move to,LOC_중앙계곡,2026-08-09T09:11:24.000Z,21.37620854,-157.74125388,UAV 1,2,1:3001:2615,ENT72008,1:1:222:1:2:1:0,0,false,false,false,false,0
ENT72006,move to,LOC_중앙계곡,2026-08-09T09:11:24.000Z,21.37629682,-157.74124575,UAV 1,2,1:3001:2778,ENT72006,1:1:222:1:2:1:0,0,false,false,false,false,0
ENT72002,move to,LOC_중앙계곡,2026-08-09T09:11:24.000Z,21.37645393,-157.74123126,UAV 1,2,1:3001:2628,ENT72002,1:1:222:1:2:1:0,0,false,false,false,false,0
ENT72004,move to,LOC_중앙계곡,2026-08-09T09:11:24.000Z,21.37636833,-157.74123913,UAV 1,2,1:3001:2738,ENT72004,1:1:222:1:2:1:0,0,false,false,false,false,0
ENM35001,move to,LOC_적북측접근로,2026-08-09T09:11:24.000Z,21.37218716,-157.73810442,UAV 1,2,1:3001:2754,ENM35001,1:1:225:7:1:6:0,0,false,false,false,false,0
ENM35004,move to,LOC_적북측접근로,2026-08-09T09:11:24.000Z,21.37224655,-157.73802001,UAV 1,2,1:3001:2650,ENM35004,1:1:225:7:1:6:0,0,false,false,false,false,0
ENM35002,move to,LOC_적북측접근로,2026-08-09T09:11:24.000Z,21.37222375,-157.73811512,UAV 1,2,1:3001:2740,ENM35002,1:1:225:7:1:6:0,0,false,false,false,false,0
ENM35003,move to,LOC_적북측접근로,2026-08-09T09:11:24.000Z,21.37220874,-157.73801196,UAV 1,2,1:3001:2894,ENM35003,1:1:225:7:1:6:0,0,false,false,false,false,0
ENGAZ002,move to,LOC_적북측접근로,2026-08-09T09:11:24.000Z,21.37218367,-157.73794643,UAV 1,2,1:3001:2721,ENGAZ002,1:1:222:7:8:0:0,0,false,false,false,false,0
FRT80008,move to,LOC_목표A남측,2026-08-09T09:11:24.000Z,21.38083957,-157.74638359,UAV 1,1,1:3001:2756,FRT80008,1:1:222:1:1:1:0,0,false,false,false,false,0
ENCAESAR002,move to,LOC_북측예비방어선,2026-08-09T09:11:25.000Z,21.37157338,-157.73855935,UAV 1,2,1:3001:2594,ENCAESAR002,1:1:71:4:0:0:0,0,false,false,false,false,0
ENT72012,move to,LOC_중앙계곡,2026-08-09T09:11:25.000Z,21.37621033,-157.74125412,UAV 1,2,1:3001:2595,ENT72012,1:1:222:1:2:1:0,0,false,false,false,false,0
ENMORT005,none,,2026-08-09T09:11:25.000Z,21.37457651,-157.73710572,UAV 1,2,1:3001:2607,ENMORT005,1:1:71:10:1:0:1,0,false,false,false,false,0
ENMORT004,none,,2026-08-09T09:11:25.000Z,21.37447596,-157.73706256,UAV 1,2,1:3001:2630,ENMORT004,1:1:71:10:1:0:1,0,false,false,false,false,0
ENBTR80004,move to,LOC_중앙계곡,2026-08-09T09:11:25.000Z,21.37404552,-157.74064893,UAV 1,2,1:3001:2679,ENBTR80004,1:1:222:2:13:0:0,0,false,false,false,false,0
ENCAESAR004,move to,LOC_북측예비방어선,2026-08-09T09:11:25.000Z,21.37203517,-157.73973045,UAV 1,2,1:3001:2698,ENCAESAR004,1:1:71:4:0:0:0,0,false,false,false,false,0
ENBTR80006,move to,LOC_중앙계곡,2026-08-09T09:11:25.000Z,21.37416341,-157.74057818,UAV 1,2,1:3001:2728,ENBTR80006,1:1:222:2:13:0:0,0,false,false,false,false,0
ENGAZ003,move to,LOC_적북측접근로,2026-08-09T09:11:25.000Z,21.37213771,-157.73797493,UAV 1,2,1:3001:2749,ENGAZ003,1:1:222:7:8:0:0,0,false,false,false,false,0
ENBTR80003,move to,LOC_중앙계곡,2026-08-09T09:11:25.000Z,21.37425280,-157.74061175,UAV 1,2,1:3001:2753,ENBTR80003,1:1:222:2:13:0:0,0,false,false,false,false,0
ENCAESAR003,move to,LOC_적북측접근로,2026-08-09T09:11:25.000Z,21.37072293,-157.73872686,UAV 1,2,1:3001:2782,ENCAESAR003,1:1:71:4:0:0:0,0,false,false,false,false,0
ENMORT001,none,,2026-08-09T09:11:25.000Z,21.37443553,-157.73716992,UAV 1,2,1:3001:2789,ENMORT001,1:1:71:10:1:0:1,0,false,false,false,false,0
ENBTR60007,move to,LOC_중앙계곡,2026-08-09T09:11:25.000Z,21.37379082,-157.74072576,UAV 1,2,1:3001:2815,ENBTR60007,1:1:222:2:8:1:0,0,false,false,false,false,0
ENBTR60008,move to,LOC_중앙계곡,2026-08-09T09:11:25.000Z,21.37383576,-157.74068833,UAV 1,2,1:3001:2826,ENBTR60008,1:1:222:2:8:1:0,0,false,false,false,false,0
ENBTR80007,move to,LOC_중앙계곡,2026-08-09T09:11:25.000Z,21.37395986,-157.74061557,UAV 1,2,1:3001:2828,ENBTR80007,1:1:222:2:13:0:0,0,false,false,false,false,0
ENMORT002,none,,2026-08-09T09:11:25.000Z,21.37453609,-157.73721308,UAV 1,2,1:3001:2834,ENMORT002,1:1:71:10:1:0:1,0,false,false,false,false,0
ENGAZ004,move to,LOC_적북측접근로,2026-08-09T09:11:25.000Z,21.37215927,-157.73805587,UAV 1,2,1:3001:2838,ENGAZ004,1:1:222:7:8:0:0,0,false,false,false,false,0
ENBTR80005,move to,LOC_중앙계곡,2026-08-09T09:11:25.000Z,21.37410049,-157.74061302,UAV 1,2,1:3001:2846,ENBTR80005,1:1:222:2:13:0:0,0,false,false,false,false,0
ENMIM001,move to,LOC_적북측접근로,2026-08-09T09:11:25.000Z,21.37129160,-157.74162375,UAV 1,2,1:3001:2855,ENMIM001,1:1:225:28:2:0:0,0,false,false,false,false,0
ENCAESAR001,move to,LOC_적북측접근로,2026-08-09T09:11:25.000Z,21.37103130,-157.74021944,UAV 1,2,1:3001:2860,ENCAESAR001,1:1:71:4:0:0:0,0,false,false,false,false,0
ENMORT003,none,,2026-08-09T09:11:25.000Z,21.37463664,-157.73725624,UAV 1,2,1:3001:2865,ENMORT003,1:1:71:10:1:0:1,0,false,false,false,false,0
ENBTR60005,move to,LOC_중앙계곡,2026-08-09T09:11:25.000Z,21.37390984,-157.74072071,UAV 1,2,1:3001:2902,ENBTR60005,1:1:222:2:8:1:0,0,false,false,false,false,0
ENT72010,move to,LOC_중앙계곡,2026-08-09T09:11:25.000Z,21.37629691,-157.74124614,UAV 1,2,1:3001:2761,ENT72010,1:1:222:1:2:1:0,0,false,false,false,false,0
ENT72008,move to,LOC_중앙계곡,2026-08-09T09:11:25.000Z,21.37639529,-157.74123711,UAV 1,2,1:3001:2615,ENT72008,1:1:222:1:2:1:0,0,false,false,false,false,0
ENT72006,move to,LOC_중앙계곡,2026-08-09T09:11:25.000Z,21.37648318,-157.74122903,UAV 1,2,1:3001:2778,ENT72006,1:1:222:1:2:1:0,0,false,false,false,false,0
ENT72002,move to,LOC_중앙계곡,2026-08-09T09:11:25.000Z,21.37664105,-157.74121449,UAV 1,2,1:3001:2628,ENT72002,1:1:222:1:2:1:0,0,false,false,false,false,0
ENT72004,move to,LOC_중앙계곡,2026-08-09T09:11:25.000Z,21.37655465,-157.74122243,UAV 1,2,1:3001:2738,ENT72004,1:1:222:1:2:1:0,0,false,false,false,false,0
ENM35001,move to,LOC_적북측접근로,2026-08-09T09:11:25.000Z,21.37214138,-157.73829866,UAV 1,2,1:3001:2754,ENM35001,1:1:225:7:1:6:0,0,false,false,false,false,0
ENM35004,move to,LOC_적북측접근로,2026-08-09T09:11:25.000Z,21.37219978,-157.73820992,UAV 1,2,1:3001:2650,ENM35004,1:1:225:7:1:6:0,0,false,false,false,false,0
ENM35002,move to,LOC_적북측접근로,2026-08-09T09:11:25.000Z,21.37217637,-157.73830740,UAV 1,2,1:3001:2740,ENM35002,1:1:225:7:1:6:0,0,false,false,false,false,0
ENM35003,move to,LOC_적북측접근로,2026-08-09T09:11:25.000Z,21.37216359,-157.73820360,UAV 1,2,1:3001:2894,ENM35003,1:1:225:7:1:6:0,0,false,false,false,false,0
ENGAZ002,move to,LOC_적북측접근로,2026-08-09T09:11:25.000Z,21.37214011,-157.73814008,UAV 1,2,1:3001:2721,ENGAZ002,1:1:222:7:8:0:0,0,false,false,false,false,0
FRT80008,move to,LOC_목표A남측,2026-08-09T09:11:25.000Z,21.38096343,-157.74626904,UAV 1,1,1:3001:2756,FRT80008,1:1:222:1:1:1:0,0,false,false,false,false,0
ENCAESAR002,move to,LOC_북측예비방어선,2026-08-09T09:11:27.000Z,21.37157338,-157.73855935,UAV 1,2,1:3001:2594,ENCAESAR002,1:1:71:4:0:0:0,0,false,false,false,false,0
ENT72012,move to,LOC_중앙계곡,2026-08-09T09:11:27.000Z,21.37621033,-157.74125412,UAV 1,2,1:3001:2595,ENT72012,1:1:222:1:2:1:0,0,false,false,false,false,0
ENMORT005,none,,2026-08-09T09:11:27.000Z,21.37457651,-157.73710572,UAV 1,2,1:3001:2607,ENMORT005,1:1:71:10:1:0:1,0,false,false,false,false,0
ENMORT004,none,,2026-08-09T09:11:27.000Z,21.37447596,-157.73706256,UAV 1,2,1:3001:2630,ENMORT004,1:1:71:10:1:0:1,0,false,false,false,false,0
ENBTR80004,move to,LOC_중앙계곡,2026-08-09T09:11:27.000Z,21.37404552,-157.74064893,UAV 1,2,1:3001:2679,ENBTR80004,1:1:222:2:13:0:0,0,false,false,false,false,0
ENCAESAR004,move to,LOC_북측예비방어선,2026-08-09T09:11:27.000Z,21.37203517,-157.73973045,UAV 1,2,1:3001:2698,ENCAESAR004,1:1:71:4:0:0:0,0,false,false,false,false,0
ENBTR80006,move to,LOC_중앙계곡,2026-08-09T09:11:27.000Z,21.37416341,-157.74057818,UAV 1,2,1:3001:2728,ENBTR80006,1:1:222:2:13:0:0,0,false,false,false,false,0
ENGAZ003,move to,LOC_적북측접근로,2026-08-09T09:11:27.000Z,21.37213771,-157.73797493,UAV 1,2,1:3001:2749,ENGAZ003,1:1:222:7:8:0:0,0,false,false,false,false,0
ENBTR80003,move to,LOC_중앙계곡,2026-08-09T09:11:27.000Z,21.37425280,-157.74061175,UAV 1,2,1:3001:2753,ENBTR80003,1:1:222:2:13:0:0,0,false,false,false,false,0
ENCAESAR003,move to,LOC_적북측접근로,2026-08-09T09:11:27.000Z,21.37072293,-157.73872686,UAV 1,2,1:3001:2782,ENCAESAR003,1:1:71:4:0:0:0,0,false,false,false,false,0
ENMORT001,none,,2026-08-09T09:11:27.000Z,21.37443553,-157.73716992,UAV 1,2,1:3001:2789,ENMORT001,1:1:71:10:1:0:1,0,false,false,false,false,0
ENBTR60007,move to,LOC_중앙계곡,2026-08-09T09:11:27.000Z,21.37379082,-157.74072576,UAV 1,2,1:3001:2815,ENBTR60007,1:1:222:2:8:1:0,0,false,false,false,false,0
ENBTR60008,move to,LOC_중앙계곡,2026-08-09T09:11:27.000Z,21.37383576,-157.74068833,UAV 1,2,1:3001:2826,ENBTR60008,1:1:222:2:8:1:0,0,false,false,false,false,0
ENBTR80007,move to,LOC_중앙계곡,2026-08-09T09:11:27.000Z,21.37395986,-157.74061557,UAV 1,2,1:3001:2828,ENBTR80007,1:1:222:2:13:0:0,0,false,false,false,false,0
ENMORT002,none,,2026-08-09T09:11:27.000Z,21.37453609,-157.73721308,UAV 1,2,1:3001:2834,ENMORT002,1:1:71:10:1:0:1,0,false,false,false,false,0
ENGAZ004,move to,LOC_적북측접근로,2026-08-09T09:11:27.000Z,21.37215927,-157.73805587,UAV 1,2,1:3001:2838,ENGAZ004,1:1:222:7:8:0:0,0,false,false,false,false,0
ENBTR80005,move to,LOC_중앙계곡,2026-08-09T09:11:27.000Z,21.37410049,-157.74061302,UAV 1,2,1:3001:2846,ENBTR80005,1:1:222:2:13:0:0,0,false,false,false,false,0
ENMIM001,move to,LOC_적북측접근로,2026-08-09T09:11:27.000Z,21.37129160,-157.74162375,UAV 1,2,1:3001:2855,ENMIM001,1:1:225:28:2:0:0,0,false,false,false,false,0
ENCAESAR001,move to,LOC_적북측접근로,2026-08-09T09:11:27.000Z,21.37103130,-157.74021944,UAV 1,2,1:3001:2860,ENCAESAR001,1:1:71:4:0:0:0,0,false,false,false,false,0
ENMORT003,none,,2026-08-09T09:11:27.000Z,21.37463664,-157.73725624,UAV 1,2,1:3001:2865,ENMORT003,1:1:71:10:1:0:1,0,false,false,false,false,0
ENBTR60005,move to,LOC_중앙계곡,2026-08-09T09:11:27.000Z,21.37390984,-157.74072071,UAV 1,2,1:3001:2902,ENBTR60005,1:1:222:2:8:1:0,0,false,false,false,false,0
ENT72010,move to,LOC_중앙계곡,2026-08-09T09:11:27.000Z,21.37629691,-157.74124614,UAV 1,2,1:3001:2761,ENT72010,1:1:222:1:2:1:0,0,false,false,false,false,0
ENT72008,move to,LOC_중앙계곡,2026-08-09T09:11:27.000Z,21.37639529,-157.74123711,UAV 1,2,1:3001:2615,ENT72008,1:1:222:1:2:1:0,0,false,false,false,false,0
ENT72006,move to,LOC_중앙계곡,2026-08-09T09:11:27.000Z,21.37648318,-157.74122903,UAV 1,2,1:3001:2778,ENT72006,1:1:222:1:2:1:0,0,false,false,false,false,0
ENT72002,move to,LOC_중앙계곡,2026-08-09T09:11:27.000Z,21.37664105,-157.74121449,UAV 1,2,1:3001:2628,ENT72002,1:1:222:1:2:1:0,0,false,false,false,false,0
ENT72004,move to,LOC_중앙계곡,2026-08-09T09:11:27.000Z,21.37655465,-157.74122243,UAV 1,2,1:3001:2738,ENT72004,1:1:222:1:2:1:0,0,false,false,false,false,0
ENM35001,move to,LOC_적북측접근로,2026-08-09T09:11:27.000Z,21.37214138,-157.73829866,UAV 1,2,1:3001:2754,ENM35001,1:1:225:7:1:6:0,0,false,false,false,false,0
ENM35004,move to,LOC_적북측접근로,2026-08-09T09:11:27.000Z,21.37219978,-157.73820992,UAV 1,2,1:3001:2650,ENM35004,1:1:225:7:1:6:0,0,false,false,false,false,0
ENM35002,move to,LOC_적북측접근로,2026-08-09T09:11:27.000Z,21.37217637,-157.73830740,UAV 1,2,1:3001:2740,ENM35002,1:1:225:7:1:6:0,0,false,false,false,false,0
ENM35003,move to,LOC_적북측접근로,2026-08-09T09:11:27.000Z,21.37216359,-157.73820360,UAV 1,2,1:3001:2894,ENM35003,1:1:225:7:1:6:0,0,false,false,false,false,0
ENGAZ002,move to,LOC_적북측접근로,2026-08-09T09:11:27.000Z,21.37214011,-157.73814008,UAV 1,2,1:3001:2721,ENGAZ002,1:1:222:7:8:0:0,0,false,false,false,false,0
FRT80008,move to,LOC_목표A남측,2026-08-09T09:11:27.000Z,21.38096343,-157.74626904,UAV 1,1,1:3001:2756,FRT80008,1:1:222:1:1:1:0,0,false,false,false,false,0
ENCAESAR002,move to,LOC_북측예비방어선,2026-08-09T09:11:28.000Z,21.37164862,-157.73874893,UAV 1,2,1:3001:2594,ENCAESAR002,1:1:71:4:0:0:0,0,false,false,false,false,0
ENT72012,move to,LOC_중앙계곡,2026-08-09T09:11:28.000Z,21.37640296,-157.74123680,UAV 1,2,1:3001:2595,ENT72012,1:1:222:1:2:1:0,0,false,false,false,false,0
ENMORT005,none,,2026-08-09T09:11:28.000Z,21.37457651,-157.73710572,UAV 1,2,1:3001:2607,ENMORT005,1:1:71:10:1:0:1,0,false,false,false,false,0
ENMORT004,none,,2026-08-09T09:11:28.000Z,21.37447596,-157.73706256,UAV 1,2,1:3001:2630,ENMORT004,1:1:71:10:1:0:1,0,false,false,false,false,0
ENBTR80004,move to,LOC_중앙계곡,2026-08-09T09:11:28.000Z,21.37424412,-157.74066207,UAV 1,2,1:3001:2679,ENBTR80004,1:1:222:2:13:0:0,0,false,false,false,false,0
ENCAESAR004,move to,LOC_북측예비방어선,2026-08-09T09:11:28.000Z,21.37211198,-157.73992356,UAV 1,2,1:3001:2698,ENCAESAR004,1:1:71:4:0:0:0,0,false,false,false,false,0
ENBTR80006,move to,LOC_중앙계곡,2026-08-09T09:11:28.000Z,21.37435530,-157.74059388,UAV 1,2,1:3001:2728,ENBTR80006,1:1:222:2:13:0:0,0,false,false,false,false,0
ENGAZ003,move to,LOC_적북측접근로,2026-08-09T09:11:28.000Z,21.37209439,-157.73817697,UAV 1,2,1:3001:2749,ENGAZ003,1:1:222:7:8:0:0,0,false,false,false,false,0
ENBTR80003,move to,LOC_중앙계곡,2026-08-09T09:11:28.000Z,21.37444221,-157.74062624,UAV 1,2,1:3001:2753,ENBTR80003,1:1:222:2:13:0:0,0,false,false,false,false,0
ENCAESAR003,move to,LOC_적북측접근로,2026-08-09T09:11:28.000Z,21.37076421,-157.73893165,UAV 1,2,1:3001:2782,ENCAESAR003,1:1:71:4:0:0:0,0,false,false,false,false,0
ENMORT001,none,,2026-08-09T09:11:28.000Z,21.37443553,-157.73716992,UAV 1,2,1:3001:2789,ENMORT001,1:1:71:10:1:0:1,0,false,false,false,false,0
ENBTR60007,move to,LOC_중앙계곡,2026-08-09T09:11:28.000Z,21.37398655,-157.74073526,UAV 1,2,1:3001:2815,ENBTR60007,1:1:222:2:8:1:0,0,false,false,false,false,0
ENBTR60008,move to,LOC_중앙계곡,2026-08-09T09:11:28.000Z,21.37403061,-157.74069927,UAV 1,2,1:3001:2826,ENBTR60008,1:1:222:2:8:1:0,0,false,false,false,false,0
ENBTR80007,move to,LOC_중앙계곡,2026-08-09T09:11:28.000Z,21.37415886,-157.74062978,UAV 1,2,1:3001:2828,ENBTR80007,1:1:222:2:13:0:0,0,false,false,false,false,0
ENMORT002,none,,2026-08-09T09:11:28.000Z,21.37453609,-157.73721308,UAV 1,2,1:3001:2834,ENMORT002,1:1:71:10:1:0:1,0,false,false,false,false,0
ENGAZ004,move to,LOC_적북측접근로,2026-08-09T09:11:28.000Z,21.37211340,-157.73825973,UAV 1,2,1:3001:2838,ENGAZ004,1:1:222:7:8:0:0,0,false,false,false,false,0
ENBTR80005,move to,LOC_중앙계곡,2026-08-09T09:11:28.000Z,21.37429551,-157.74062744,UAV 1,2,1:3001:2846,ENBTR80005,1:1:222:2:13:0:0,0,false,false,false,false,0
ENMIM001,move to,LOC_적북측접근로,2026-08-09T09:11:28.000Z,21.37130915,-157.74167650,UAV 1,2,1:3001:2855,ENMIM001,1:1:225:28:2:0:0,0,false,false,false,false,0
ENCAESAR001,move to,LOC_적북측접근로,2026-08-09T09:11:28.000Z,21.37106815,-157.74040679,UAV 1,2,1:3001:2860,ENCAESAR001,1:1:71:4:0:0:0,0,false,false,false,false,0
ENMORT003,none,,2026-08-09T09:11:28.000Z,21.37463664,-157.73725624,UAV 1,2,1:3001:2865,ENMORT003,1:1:71:10:1:0:1,0,false,false,false,false,0
ENBTR60005,move to,LOC_중앙계곡,2026-08-09T09:11:28.000Z,21.37410688,-157.74073072,UAV 1,2,1:3001:2902,ENBTR60005,1:1:222:2:8:1:0,0,false,false,false,false,0
ENT72010,move to,LOC_중앙계곡,2026-08-09T09:11:28.000Z,21.37648921,-157.74122887,UAV 1,2,1:3001:2761,ENT72010,1:1:222:1:2:1:0,0,false,false,false,false,0
ENT72008,move to,LOC_중앙계곡,2026-08-09T09:11:28.000Z,21.37658771,-157.74121984,UAV 1,2,1:3001:2615,ENT72008,1:1:222:1:2:1:0,0,false,false,false,false,0
ENT72006,move to,LOC_중앙계곡,2026-08-09T09:11:28.000Z,21.37667619,-157.74121171,UAV 1,2,1:3001:2778,ENT72006,1:1:222:1:2:1:0,0,false,false,false,false,0
ENT72002,move to,LOC_중앙계곡,2026-08-09T09:11:28.000Z,21.37683397,-157.74119722,UAV 1,2,1:3001:2628,ENT72002,1:1:222:1:2:1:0,0,false,false,false,false,0
ENT72004,move to,LOC_중앙계곡,2026-08-09T09:11:28.000Z,21.37674804,-157.74120509,UAV 1,2,1:3001:2738,ENT72004,1:1:222:1:2:1:0,0,false,false,false,false,0
ENM35001,move to,LOC_적북측접근로,2026-08-09T09:11:28.000Z,21.37209344,-157.73850211,UAV 1,2,1:3001:2754,ENM35001,1:1:225:7:1:6:0,0,false,false,false,false,0
ENM35004,move to,LOC_적북측접근로,2026-08-09T09:11:28.000Z,21.37214938,-157.73841459,UAV 1,2,1:3001:2650,ENM35004,1:1:225:7:1:6:0,0,false,false,false,false,0
ENM35002,move to,LOC_적북측접근로,2026-08-09T09:11:28.000Z,21.37212607,-157.73851149,UAV 1,2,1:3001:2740,ENM35002,1:1:225:7:1:6:0,0,false,false,false,false,0
ENM35003,move to,LOC_적북측접근로,2026-08-09T09:11:28.000Z,21.37211533,-157.73840844,UAV 1,2,1:3001:2894,ENM35003,1:1:225:7:1:6:0,0,false,false,false,false,0
FRT80008,move to,LOC_목표A남측,2026-08-09T09:11:28.000Z,21.38116262,-157.74623337,UAV 1,1,1:3001:2756,FRT80008,1:1:222:1:1:1:0,0,false,false,false,false,0
FRT80007,Wait-Duration,,2026-08-09T09:11:28.000Z,21.38084254,-157.74641584,UAV 1,1,1:3001:2804,FRT80007,1:1:222:1:1:1:0,0,false,false,false,false,0
ENCAESAR002,move to,LOC_북측예비방어선,2026-08-09T09:11:29.000Z,21.37172092,-157.73893109,UAV 1,2,1:3001:2594,ENCAESAR002,1:1:71:4:0:0:0,0,false,false,false,false,0
ENT72012,move to,LOC_중앙계곡,2026-08-09T09:11:29.000Z,21.37659032,-157.74121995,UAV 1,2,1:3001:2595,ENT72012,1:1:222:1:2:1:0,0,false,false,false,false,0
ENMORT005,none,,2026-08-09T09:11:29.000Z,21.37457651,-157.73710572,UAV 1,2,1:3001:2607,ENMORT005,1:1:71:10:1:0:1,0,false,false,false,false,0
ENMORT004,none,,2026-08-09T09:11:29.000Z,21.37447596,-157.73706256,UAV 1,2,1:3001:2630,ENMORT004,1:1:71:10:1:0:1,0,false,false,false,false,0
ENBTR80004,move to,LOC_중앙계곡,2026-08-09T09:11:29.000Z,21.37442851,-157.74067426,UAV 1,2,1:3001:2679,ENBTR80004,1:1:222:2:13:0:0,0,false,false,false,false,0
ENCAESAR004,move to,LOC_북측예비방어선,2026-08-09T09:11:29.000Z,21.37218527,-157.74010780,UAV 1,2,1:3001:2698,ENCAESAR004,1:1:71:4:0:0:0,0,false,false,false,false,0
ENBTR80006,move to,LOC_중앙계곡,2026-08-09T09:11:29.000Z,21.37454107,-157.74060908,UAV 1,2,1:3001:2728,ENBTR80006,1:1:222:2:13:0:0,0,false,false,false,false,0
ENGAZ003,move to,LOC_적북측접근로,2026-08-09T09:11:29.000Z,21.37205732,-157.73834985,UAV 1,2,1:3001:2749,ENGAZ003,1:1:222:7:8:0:0,0,false,false,false,false,0
ENBTR80003,move to,LOC_중앙계곡,2026-08-09T09:11:29.000Z,21.37462998,-157.74064060,UAV 1,2,1:3001:2753,ENBTR80003,1:1:222:2:13:0:0,0,false,false,false,false,0
ENCAESAR003,move to,LOC_적북측접근로,2026-08-09T09:11:29.000Z,21.37080414,-157.73912970,UAV 1,2,1:3001:2782,ENCAESAR003,1:1:71:4:0:0:0,0,false,false,false,false,0
ENMORT001,none,,2026-08-09T09:11:29.000Z,21.37443553,-157.73716992,UAV 1,2,1:3001:2789,ENMORT001,1:1:71:10:1:0:1,0,false,false,false,false,0
ENBTR60007,move to,LOC_중앙계곡,2026-08-09T09:11:29.000Z,21.37417985,-157.74074463,UAV 1,2,1:3001:2815,ENBTR60007,1:1:222:2:8:1:0,0,false,false,false,false,0
ENBTR60008,move to,LOC_중앙계곡,2026-08-09T09:11:29.000Z,21.37422444,-157.74071015,UAV 1,2,1:3001:2826,ENBTR60008,1:1:222:2:8:1:0,0,false,false,false,false,0
ENBTR80007,move to,LOC_중앙계곡,2026-08-09T09:11:29.000Z,21.37434613,-157.74064316,UAV 1,2,1:3001:2828,ENBTR80007,1:1:222:2:13:0:0,0,false,false,false,false,0
ENMORT002,none,,2026-08-09T09:11:29.000Z,21.37453609,-157.73721308,UAV 1,2,1:3001:2834,ENMORT002,1:1:71:10:1:0:1,0,false,false,false,false,0
ENGAZ004,move to,LOC_적북측접근로,2026-08-09T09:11:29.000Z,21.37206902,-157.73845702,UAV 1,2,1:3001:2838,ENGAZ004,1:1:222:7:8:0:0,0,false,false,false,false,0
ENBTR80005,move to,LOC_중앙계곡,2026-08-09T09:11:29.000Z,21.37448091,-157.74064114,UAV 1,2,1:3001:2846,ENBTR80005,1:1:222:2:13:0:0,0,false,false,false,false,0
ENMIM001,move to,LOC_적북측접근로,2026-08-09T09:11:29.000Z,21.37131946,-157.74170761,UAV 1,2,1:3001:2855,ENMIM001,1:1:225:28:2:0:0,0,false,false,false,false,0
ENCAESAR001,move to,LOC_적북측접근로,2026-08-09T09:11:29.000Z,21.37110666,-157.74060264,UAV 1,2,1:3001:2860,ENCAESAR001,1:1:71:4:0:0:0,0,false,false,false,false,0
ENMORT003,none,,2026-08-09T09:11:29.000Z,21.37463664,-157.73725624,UAV 1,2,1:3001:2865,ENMORT003,1:1:71:10:1:0:1,0,false,false,false,false,0
ENBTR60005,move to,LOC_중앙계곡,2026-08-09T09:11:29.000Z,21.37430022,-157.74074053,UAV 1,2,1:3001:2902,ENBTR60005,1:1:222:2:8:1:0,0,false,false,false,false,0
ENT72010,move to,LOC_중앙계곡,2026-08-09T09:11:29.000Z,21.37667693,-157.74121200,UAV 1,2,1:3001:2761,ENT72010,1:1:222:1:2:1:0,0,false,false,false,false,0
ENT72008,move to,LOC_중앙계곡,2026-08-09T09:11:29.000Z,21.37677583,-157.74120294,UAV 1,2,1:3001:2615,ENT72008,1:1:222:1:2:1:0,0,false,false,false,false,0
ENT72006,move to,LOC_중앙계곡,2026-08-09T09:11:29.000Z,21.37686405,-157.74119486,UAV 1,2,1:3001:2778,ENT72006,1:1:222:1:2:1:0,0,false,false,false,false,0
ENT72002,move to,LOC_중앙계곡,2026-08-09T09:11:29.000Z,21.37702189,-157.74118038,UAV 1,2,1:3001:2628,ENT72002,1:1:222:1:2:1:0,0,false,false,false,false,0
ENT72004,move to,LOC_중앙계곡,2026-08-09T09:11:29.000Z,21.37693567,-157.74118827,UAV 1,2,1:3001:2738,ENT72004,1:1:222:1:2:1:0,0,false,false,false,false,0
ENM35001,move to,LOC_적북측접근로,2026-08-09T09:11:29.000Z,21.37204776,-157.73869596,UAV 1,2,1:3001:2754,ENM35001,1:1:225:7:1:6:0,0,false,false,false,false,0
ENM35004,move to,LOC_적북측접근로,2026-08-09T09:11:29.000Z,21.37210148,-157.73860907,UAV 1,2,1:3001:2650,ENM35004,1:1:225:7:1:6:0,0,false,false,false,false,0
ENM35002,move to,LOC_적북측접근로,2026-08-09T09:11:29.000Z,21.37207860,-157.73870412,UAV 1,2,1:3001:2740,ENM35002,1:1:225:7:1:6:0,0,false,false,false,false,0
ENM35003,move to,LOC_적북측접근로,2026-08-09T09:11:29.000Z,21.37206946,-157.73860315,UAV 1,2,1:3001:2894,ENM35003,1:1:225:7:1:6:0,0,false,false,false,false,0
ENBTR80002,move to,LOC_중앙계곡,2026-08-09T09:11:29.000Z,21.37458221,-157.74067325,UAV 1,2,1:3001:2884,ENBTR80002,1:1:222:2:13:0:0,0,false,false,false,false,0
ENCAESAR002,move to,LOC_북측예비방어선,2026-08-09T09:11:30.000Z,21.37172092,-157.73893109,UAV 1,2,1:3001:2594,ENCAESAR002,1:1:71:4:0:0:0,0,false,false,false,false,0
ENT72012,move to,LOC_중앙계곡,2026-08-09T09:11:30.000Z,21.37659032,-157.74121995,UAV 1,2,1:3001:2595,ENT72012,1:1:222:1:2:1:0,0,false,false,false,false,0
ENMORT005,none,,2026-08-09T09:11:30.000Z,21.37457651,-157.73710572,UAV 1,2,1:3001:2607,ENMORT005,1:1:71:10:1:0:1,0,false,false,false,false,0
ENMORT004,none,,2026-08-09T09:11:30.000Z,21.37447596,-157.73706256,UAV 1,2,1:3001:2630,ENMORT004,1:1:71:10:1:0:1,0,false,false,false,false,0
ENBTR80004,move to,LOC_중앙계곡,2026-08-09T09:11:30.000Z,21.37442851,-157.74067426,UAV 1,2,1:3001:2679,ENBTR80004,1:1:222:2:13:0:0,0,false,false,false,false,0
ENCAESAR004,move to,LOC_북측예비방어선,2026-08-09T09:11:30.000Z,21.37218527,-157.74010780,UAV 1,2,1:3001:2698,ENCAESAR004,1:1:71:4:0:0:0,0,false,false,false,false,0
ENBTR80006,move to,LOC_중앙계곡,2026-08-09T09:11:30.000Z,21.37454107,-157.74060908,UAV 1,2,1:3001:2728,ENBTR80006,1:1:222:2:13:0:0,0,false,false,false,false,0
ENGAZ003,move to,LOC_적북측접근로,2026-08-09T09:11:30.000Z,21.37205732,-157.73834985,UAV 1,2,1:3001:2749,ENGAZ003,1:1:222:7:8:0:0,0,false,false,false,false,0
ENBTR80003,move to,LOC_중앙계곡,2026-08-09T09:11:30.000Z,21.37462998,-157.74064060,UAV 1,2,1:3001:2753,ENBTR80003,1:1:222:2:13:0:0,0,false,false,false,false,0
ENCAESAR003,move to,LOC_적북측접근로,2026-08-09T09:11:30.000Z,21.37080414,-157.73912970,UAV 1,2,1:3001:2782,ENCAESAR003,1:1:71:4:0:0:0,0,false,false,false,false,0
ENMORT001,none,,2026-08-09T09:11:30.000Z,21.37443553,-157.73716992,UAV 1,2,1:3001:2789,ENMORT001,1:1:71:10:1:0:1,0,false,false,false,false,0
ENBTR60007,move to,LOC_중앙계곡,2026-08-09T09:11:30.000Z,21.37417985,-157.74074463,UAV 1,2,1:3001:2815,ENBTR60007,1:1:222:2:8:1:0,0,false,false,false,false,0
ENBTR60008,move to,LOC_중앙계곡,2026-08-09T09:11:30.000Z,21.37422444,-157.74071015,UAV 1,2,1:3001:2826,ENBTR60008,1:1:222:2:8:1:0,0,false,false,false,false,0
ENBTR80007,move to,LOC_중앙계곡,2026-08-09T09:11:30.000Z,21.37434613,-157.74064316,UAV 1,2,1:3001:2828,ENBTR80007,1:1:222:2:13:0:0,0,false,false,false,false,0
ENMORT002,none,,2026-08-09T09:11:30.000Z,21.37453609,-157.73721308,UAV 1,2,1:3001:2834,ENMORT002,1:1:71:10:1:0:1,0,false,false,false,false,0
ENGAZ004,move to,LOC_적북측접근로,2026-08-09T09:11:30.000Z,21.37206902,-157.73845702,UAV 1,2,1:3001:2838,ENGAZ004,1:1:222:7:8:0:0,0,false,false,false,false,0
ENBTR80005,move to,LOC_중앙계곡,2026-08-09T09:11:30.000Z,21.37448091,-157.74064114,UAV 1,2,1:3001:2846,ENBTR80005,1:1:222:2:13:0:0,0,false,false,false,false,0
ENMIM001,move to,LOC_적북측접근로,2026-08-09T09:11:30.000Z,21.37131946,-157.74170761,UAV 1,2,1:3001:2855,ENMIM001,1:1:225:28:2:0:0,0,false,false,false,false,0
ENCAESAR001,move to,LOC_적북측접근로,2026-08-09T09:11:30.000Z,21.37110666,-157.74060264,UAV 1,2,1:3001:2860,ENCAESAR001,1:1:71:4:0:0:0,0,false,false,false,false,0
ENMORT003,none,,2026-08-09T09:11:30.000Z,21.37463664,-157.73725624,UAV 1,2,1:3001:2865,ENMORT003,1:1:71:10:1:0:1,0,false,false,false,false,0
ENBTR60005,move to,LOC_중앙계곡,2026-08-09T09:11:30.000Z,21.37430022,-157.74074053,UAV 1,2,1:3001:2902,ENBTR60005,1:1:222:2:8:1:0,0,false,false,false,false,0
ENT72010,move to,LOC_중앙계곡,2026-08-09T09:11:30.000Z,21.37667693,-157.74121200,UAV 1,2,1:3001:2761,ENT72010,1:1:222:1:2:1:0,0,false,false,false,false,0
ENT72008,move to,LOC_중앙계곡,2026-08-09T09:11:30.000Z,21.37677583,-157.74120294,UAV 1,2,1:3001:2615,ENT72008,1:1:222:1:2:1:0,0,false,false,false,false,0
ENT72006,move to,LOC_중앙계곡,2026-08-09T09:11:30.000Z,21.37686405,-157.74119486,UAV 1,2,1:3001:2778,ENT72006,1:1:222:1:2:1:0,0,false,false,false,false,0
ENT72002,move to,LOC_중앙계곡,2026-08-09T09:11:30.000Z,21.37702189,-157.74118038,UAV 1,2,1:3001:2628,ENT72002,1:1:222:1:2:1:0,0,false,false,false,false,0
ENT72004,move to,LOC_중앙계곡,2026-08-09T09:11:30.000Z,21.37693567,-157.74118827,UAV 1,2,1:3001:2738,ENT72004,1:1:222:1:2:1:0,0,false,false,false,false,0
ENM35001,move to,LOC_적북측접근로,2026-08-09T09:11:30.000Z,21.37204776,-157.73869596,UAV 1,2,1:3001:2754,ENM35001,1:1:225:7:1:6:0,0,false,false,false,false,0
ENM35004,move to,LOC_적북측접근로,2026-08-09T09:11:30.000Z,21.37210148,-157.73860907,UAV 1,2,1:3001:2650,ENM35004,1:1:225:7:1:6:0,0,false,false,false,false,0
ENM35002,move to,LOC_적북측접근로,2026-08-09T09:11:30.000Z,21.37207860,-157.73870412,UAV 1,2,1:3001:2740,ENM35002,1:1:225:7:1:6:0,0,false,false,false,false,0
ENM35003,move to,LOC_적북측접근로,2026-08-09T09:11:30.000Z,21.37206946,-157.73860315,UAV 1,2,1:3001:2894,ENM35003,1:1:225:7:1:6:0,0,false,false,false,false,0
ENBTR80002,move to,LOC_중앙계곡,2026-08-09T09:11:30.000Z,21.37458221,-157.74067325,UAV 1,2,1:3001:2884,ENBTR80002,1:1:222:2:13:0:0,0,false,false,false,false,0
ENCAESAR002,move to,LOC_북측예비방어선,2026-08-09T09:11:32.000Z,21.37179541,-157.73911880,UAV 1,2,1:3001:2594,ENCAESAR002,1:1:71:4:0:0:0,0,false,false,false,false,0
ENT72012,move to,LOC_중앙계곡,2026-08-09T09:11:32.000Z,21.37678130,-157.74120278,UAV 1,2,1:3001:2595,ENT72012,1:1:222:1:2:1:0,0,false,false,false,false,0
ENMORT005,none,,2026-08-09T09:11:32.000Z,21.37457651,-157.73710572,UAV 1,2,1:3001:2607,ENMORT005,1:1:71:10:1:0:1,0,false,false,false,false,0
ENMORT004,none,,2026-08-09T09:11:32.000Z,21.37447596,-157.73706256,UAV 1,2,1:3001:2630,ENMORT004,1:1:71:10:1:0:1,0,false,false,false,false,0
ENBTR80004,move to,LOC_중앙계곡,2026-08-09T09:11:32.000Z,21.37462015,-157.74068694,UAV 1,2,1:3001:2679,ENBTR80004,1:1:222:2:13:0:0,0,false,false,false,false,0
ENCAESAR004,move to,LOC_북측예비방어선,2026-08-09T09:11:32.000Z,21.37226029,-157.74029640,UAV 1,2,1:3001:2698,ENCAESAR004,1:1:71:4:0:0:0,0,false,false,false,false,0
ENBTR80006,move to,LOC_중앙계곡,2026-08-09T09:11:32.000Z,21.37473217,-157.74062472,UAV 1,2,1:3001:2728,ENBTR80006,1:1:222:2:13:0:0,0,false,false,false,false,0
ENGAZ003,move to,LOC_적북측접근로,2026-08-09T09:11:32.000Z,21.37201367,-157.73855344,UAV 1,2,1:3001:2749,ENGAZ003,1:1:222:7:8:0:0,0,false,false,false,false,0
ENBTR80003,move to,LOC_중앙계곡,2026-08-09T09:11:32.000Z,21.37482153,-157.74065525,UAV 1,2,1:3001:2753,ENBTR80003,1:1:222:2:13:0:0,0,false,false,false,false,0
ENCAESAR003,move to,LOC_적북측접근로,2026-08-09T09:11:32.000Z,21.37084445,-157.73932966,UAV 1,2,1:3001:2782,ENCAESAR003,1:1:71:4:0:0:0,0,false,false,false,false,0
ENMORT001,none,,2026-08-09T09:11:32.000Z,21.37443553,-157.73716992,UAV 1,2,1:3001:2789,ENMORT001,1:1:71:10:1:0:1,0,false,false,false,false,0
ENBTR60007,move to,LOC_중앙계곡,2026-08-09T09:11:32.000Z,21.37436953,-157.74075384,UAV 1,2,1:3001:2815,ENBTR60007,1:1:222:2:8:1:0,0,false,false,false,false,0
ENBTR60008,move to,LOC_중앙계곡,2026-08-09T09:11:32.000Z,21.37441108,-157.74072063,UAV 1,2,1:3001:2826,ENBTR60008,1:1:222:2:8:1:0,0,false,false,false,false,0
ENBTR80007,move to,LOC_중앙계곡,2026-08-09T09:11:32.000Z,21.37453732,-157.74065682,UAV 1,2,1:3001:2828,ENBTR80007,1:1:222:2:13:0:0,0,false,false,false,false,0
ENMORT002,none,,2026-08-09T09:11:32.000Z,21.37453609,-157.73721308,UAV 1,2,1:3001:2834,ENMORT002,1:1:71:10:1:0:1,0,false,false,false,false,0
ENGAZ004,move to,LOC_적북측접근로,2026-08-09T09:11:32.000Z,21.37202443,-157.73865522,UAV 1,2,1:3001:2838,ENGAZ004,1:1:222:7:8:0:0,0,false,false,false,false,0
ENBTR80005,move to,LOC_중앙계곡,2026-08-09T09:11:32.000Z,21.37467070,-157.74065518,UAV 1,2,1:3001:2846,ENBTR80005,1:1:222:2:13:0:0,0,false,false,false,false,0
ENMIM001,none,,2026-08-09T09:11:32.000Z,21.37133095,-157.74174227,UAV 1,2,1:3001:2855,ENMIM001,1:1:225:28:2:0:0,0,false,false,false,false,0
ENCAESAR001,move to,LOC_적북측접근로,2026-08-09T09:11:32.000Z,21.37114590,-157.74080216,UAV 1,2,1:3001:2860,ENCAESAR001,1:1:71:4:0:0:0,0,false,false,false,false,0
ENMORT003,none,,2026-08-09T09:11:32.000Z,21.37463664,-157.73725624,UAV 1,2,1:3001:2865,ENMORT003,1:1:71:10:1:0:1,0,false,false,false,false,0
ENBTR60005,move to,LOC_중앙계곡,2026-08-09T09:11:32.000Z,21.37448292,-157.74074981,UAV 1,2,1:3001:2902,ENBTR60005,1:1:222:2:8:1:0,0,false,false,false,false,0
ENT72010,move to,LOC_중앙계곡,2026-08-09T09:11:32.000Z,21.37686759,-157.74119487,UAV 1,2,1:3001:2761,ENT72010,1:1:222:1:2:1:0,0,false,false,false,false,0
ENT72008,move to,LOC_중앙계곡,2026-08-09T09:11:32.000Z,21.37696706,-157.74118577,UAV 1,2,1:3001:2615,ENT72008,1:1:222:1:2:1:0,0,false,false,false,false,0
ENT72006,move to,LOC_중앙계곡,2026-08-09T09:11:32.000Z,21.37705553,-157.74117768,UAV 1,2,1:3001:2778,ENT72006,1:1:222:1:2:1:0,0,false,false,false,false,0
ENT72002,move to,LOC_중앙계곡,2026-08-09T09:11:32.000Z,21.37721358,-157.74116321,UAV 1,2,1:3001:2628,ENT72002,1:1:222:1:2:1:0,0,false,false,false,false,0
ENT72004,move to,LOC_중앙계곡,2026-08-09T09:11:32.000Z,21.37712700,-157.74117112,UAV 1,2,1:3001:2738,ENT72004,1:1:222:1:2:1:0,0,false,false,false,false,0
ENM35001,move to,LOC_적북측접근로,2026-08-09T09:11:32.000Z,21.37200065,-157.73889589,UAV 1,2,1:3001:2754,ENM35001,1:1:225:7:1:6:0,0,false,false,false,false,0
ENM35004,move to,LOC_적북측접근로,2026-08-09T09:11:32.000Z,21.37205258,-157.73880767,UAV 1,2,1:3001:2650,ENM35004,1:1:225:7:1:6:0,0,false,false,false,false,0
ENM35002,move to,LOC_적북측접근로,2026-08-09T09:11:32.000Z,21.37202947,-157.73890348,UAV 1,2,1:3001:2740,ENM35002,1:1:225:7:1:6:0,0,false,false,false,false,0
ENM35003,move to,LOC_적북측접근로,2026-08-09T09:11:32.000Z,21.37202251,-157.73880243,UAV 1,2,1:3001:2894,ENM35003,1:1:225:7:1:6:0,0,false,false,false,false,0
ENBTR80002,move to,LOC_중앙계곡,2026-08-09T09:11:32.000Z,21.37477386,-157.74068639,UAV 1,2,1:3001:2884,ENBTR80002,1:1:222:2:13:0:0,0,false,false,false,false,0
ENBTR80001,move to,LOC_중앙계곡,2026-08-09T09:11:32.000Z,21.37470530,-157.74071664,UAV 1,2,1:3001:2697,ENBTR80001,1:1:222:2:13:0:0,0,false,false,false,false,0
ENCAESAR002,move to,LOC_북측예비방어선,2026-08-09T09:11:33.000Z,21.37185585,-157.73927107,UAV 1,2,1:3001:2594,ENCAESAR002,1:1:71:4:0:0:0,0,false,false,false,false,0
ENT72012,move to,LOC_중앙계곡,2026-08-09T09:11:33.000Z,21.37694054,-157.74118846,UAV 1,2,1:3001:2595,ENT72012,1:1:222:1:2:1:0,0,false,false,false,false,0
ENMORT005,none,,2026-08-09T09:11:33.000Z,21.37457651,-157.73710572,UAV 1,2,1:3001:2607,ENMORT005,1:1:71:10:1:0:1,0,false,false,false,false,0
ENMORT004,none,,2026-08-09T09:11:33.000Z,21.37447596,-157.73706256,UAV 1,2,1:3001:2630,ENMORT004,1:1:71:10:1:0:1,0,false,false,false,false,0
ENBTR80004,move to,LOC_중앙계곡,2026-08-09T09:11:33.000Z,21.37477807,-157.74069738,UAV 1,2,1:3001:2679,ENBTR80004,1:1:222:2:13:0:0,0,false,false,false,false,0
ENCAESAR004,move to,LOC_북측예비방어선,2026-08-09T09:11:33.000Z,21.37232360,-157.74045557,UAV 1,2,1:3001:2698,ENCAESAR004,1:1:71:4:0:0:0,0,false,false,false,false,0
ENBTR80006,move to,LOC_중앙계곡,2026-08-09T09:11:33.000Z,21.37489220,-157.74063781,UAV 1,2,1:3001:2728,ENBTR80006,1:1:222:2:13:0:0,0,false,false,false,false,0
ENGAZ003,move to,LOC_적북측접근로,2026-08-09T09:11:33.000Z,21.37197965,-157.73871210,UAV 1,2,1:3001:2749,ENGAZ003,1:1:222:7:8:0:0,0,false,false,false,false,0
ENBTR80003,move to,LOC_중앙계곡,2026-08-09T09:11:33.000Z,21.37498146,-157.74066748,UAV 1,2,1:3001:2753,ENBTR80003,1:1:222:2:13:0:0,0,false,false,false,false,0
ENCAESAR003,move to,LOC_적북측접근로,2026-08-09T09:11:33.000Z,21.37087834,-157.73949778,UAV 1,2,1:3001:2782,ENCAESAR003,1:1:71:4:0:0:0,0,false,false,false,false,0
ENMORT001,none,,2026-08-09T09:11:33.000Z,21.37443553,-157.73716992,UAV 1,2,1:3001:2789,ENMORT001,1:1:71:10:1:0:1,0,false,false,false,false,0
ENBTR60007,move to,LOC_중앙계곡,2026-08-09T09:11:33.000Z,21.37452205,-157.74076123,UAV 1,2,1:3001:2815,ENBTR60007,1:1:222:2:8:1:0,0,false,false,false,false,0
ENBTR60008,move to,LOC_중앙계곡,2026-08-09T09:11:33.000Z,21.37456496,-157.74072927,UAV 1,2,1:3001:2826,ENBTR60008,1:1:222:2:8:1:0,0,false,false,false,false,0
ENBTR80007,move to,LOC_중앙계곡,2026-08-09T09:11:33.000Z,21.37469596,-157.74066816,UAV 1,2,1:3001:2828,ENBTR80007,1:1:222:2:13:0:0,0,false,false,false,false,0
ENMORT002,none,,2026-08-09T09:11:33.000Z,21.37453609,-157.73721308,UAV 1,2,1:3001:2834,ENMORT002,1:1:71:10:1:0:1,0,false,false,false,false,0
ENGAZ004,move to,LOC_적북측접근로,2026-08-09T09:11:33.000Z,21.37198702,-157.73882152,UAV 1,2,1:3001:2838,ENGAZ004,1:1:222:7:8:0:0,0,false,false,false,false,0
ENBTR80005,move to,LOC_중앙계곡,2026-08-09T09:11:33.000Z,21.37483090,-157.74066702,UAV 1,2,1:3001:2846,ENBTR80005,1:1:222:2:13:0:0,0,false,false,false,false,0
ENMIM001,none,,2026-08-09T09:11:33.000Z,21.37133095,-157.74174227,UAV 1,2,1:3001:2855,ENMIM001,1:1:225:28:2:0:0,0,false,false,false,false,0
ENCAESAR001,move to,LOC_적북측접근로,2026-08-09T09:11:33.000Z,21.37118030,-157.74097706,UAV 1,2,1:3001:2860,ENCAESAR001,1:1:71:4:0:0:0,0,false,false,false,false,0
ENMORT003,none,,2026-08-09T09:11:33.000Z,21.37463664,-157.73725624,UAV 1,2,1:3001:2865,ENMORT003,1:1:71:10:1:0:1,0,false,false,false,false,0
ENBTR60005,move to,LOC_중앙계곡,2026-08-09T09:11:33.000Z,21.37464236,-157.74075791,UAV 1,2,1:3001:2902,ENBTR60005,1:1:222:2:8:1:0,0,false,false,false,false,0
ENT72010,move to,LOC_중앙계곡,2026-08-09T09:11:33.000Z,21.37702752,-157.74118049,UAV 1,2,1:3001:2761,ENT72010,1:1:222:1:2:1:0,0,false,false,false,false,0
ENT72008,move to,LOC_중앙계곡,2026-08-09T09:11:33.000Z,21.37712719,-157.74117140,UAV 1,2,1:3001:2615,ENT72008,1:1:222:1:2:1:0,0,false,false,false,false,0
ENT72006,move to,LOC_중앙계곡,2026-08-09T09:11:33.000Z,21.37721576,-157.74116330,UAV 1,2,1:3001:2778,ENT72006,1:1:222:1:2:1:0,0,false,false,false,false,0
ENT72002,move to,LOC_중앙계곡,2026-08-09T09:11:33.000Z,21.37737418,-157.74114883,UAV 1,2,1:3001:2628,ENT72002,1:1:222:1:2:1:0,0,false,false,false,false,0
ENT72004,move to,LOC_중앙계곡,2026-08-09T09:11:33.000Z,21.37728736,-157.74115674,UAV 1,2,1:3001:2738,ENT72004,1:1:222:1:2:1:0,0,false,false,false,false,0
ENM35001,move to,LOC_적북측접근로,2026-08-09T09:11:33.000Z,21.37196169,-157.73906122,UAV 1,2,1:3001:2754,ENM35001,1:1:225:7:1:6:0,0,false,false,false,false,0
ENM35004,move to,LOC_적북측접근로,2026-08-09T09:11:33.000Z,21.37201158,-157.73897415,UAV 1,2,1:3001:2650,ENM35004,1:1:225:7:1:6:0,0,false,false,false,false,0
ENM35002,move to,LOC_적북측접근로,2026-08-09T09:11:33.000Z,21.37198887,-157.73906820,UAV 1,2,1:3001:2740,ENM35002,1:1:225:7:1:6:0,0,false,false,false,false,0
ENM35003,move to,LOC_적북측접근로,2026-08-09T09:11:33.000Z,21.37198321,-157.73896924,UAV 1,2,1:3001:2894,ENM35003,1:1:225:7:1:6:0,0,false,false,false,false,0
ENBTR80002,move to,LOC_중앙계곡,2026-08-09T09:11:33.000Z,21.37493389,-157.74069737,UAV 1,2,1:3001:2884,ENBTR80002,1:1:222:2:13:0:0,0,false,false,false,false,0
ENBTR80001,move to,LOC_중앙계곡,2026-08-09T09:11:33.000Z,21.37486584,-157.74072639,UAV 1,2,1:3001:2697,ENBTR80001,1:1:222:2:13:0:0,0,false,false,false,false,0
ENCAESAR002,move to,LOC_북측예비방어선,2026-08-09T09:11:35.000Z,21.37185585,-157.73927107,UAV 1,2,1:3001:2594,ENCAESAR002,1:1:71:4:0:0:0,0,false,false,false,false,0
ENT72012,move to,LOC_중앙계곡,2026-08-09T09:11:35.000Z,21.37694054,-157.74118846,UAV 1,2,1:3001:2595,ENT72012,1:1:222:1:2:1:0,0,false,false,false,false,0
ENMORT005,none,,2026-08-09T09:11:35.000Z,21.37457651,-157.73710572,UAV 1,2,1:3001:2607,ENMORT005,1:1:71:10:1:0:1,0,false,false,false,false,0
ENMORT004,none,,2026-08-09T09:11:35.000Z,21.37447596,-157.73706256,UAV 1,2,1:3001:2630,ENMORT004,1:1:71:10:1:0:1,0,false,false,false,false,0
ENBTR80004,move to,LOC_중앙계곡,2026-08-09T09:11:35.000Z,21.37477807,-157.74069738,UAV 1,2,1:3001:2679,ENBTR80004,1:1:222:2:13:0:0,0,false,false,false,false,0
ENCAESAR004,move to,LOC_북측예비방어선,2026-08-09T09:11:35.000Z,21.37232360,-157.74045557,UAV 1,2,1:3001:2698,ENCAESAR004,1:1:71:4:0:0:0,0,false,false,false,false,0
ENBTR80006,move to,LOC_중앙계곡,2026-08-09T09:11:35.000Z,21.37489220,-157.74063781,UAV 1,2,1:3001:2728,ENBTR80006,1:1:222:2:13:0:0,0,false,false,false,false,0
ENGAZ003,move to,LOC_적북측접근로,2026-08-09T09:11:35.000Z,21.37197965,-157.73871210,UAV 1,2,1:3001:2749,ENGAZ003,1:1:222:7:8:0:0,0,false,false,false,false,0
ENBTR80003,move to,LOC_중앙계곡,2026-08-09T09:11:35.000Z,21.37498146,-157.74066748,UAV 1,2,1:3001:2753,ENBTR80003,1:1:222:2:13:0:0,0,false,false,false,false,0
ENCAESAR003,move to,LOC_적북측접근로,2026-08-09T09:11:35.000Z,21.37087834,-157.73949778,UAV 1,2,1:3001:2782,ENCAESAR003,1:1:71:4:0:0:0,0,false,false,false,false,0
ENMORT001,none,,2026-08-09T09:11:35.000Z,21.37443553,-157.73716992,UAV 1,2,1:3001:2789,ENMORT001,1:1:71:10:1:0:1,0,false,false,false,false,0
ENBTR60007,move to,LOC_중앙계곡,2026-08-09T09:11:35.000Z,21.37452205,-157.74076123,UAV 1,2,1:3001:2815,ENBTR60007,1:1:222:2:8:1:0,0,false,false,false,false,0
ENBTR60008,move to,LOC_중앙계곡,2026-08-09T09:11:35.000Z,21.37456496,-157.74072927,UAV 1,2,1:3001:2826,ENBTR60008,1:1:222:2:8:1:0,0,false,false,false,false,0
ENBTR80007,move to,LOC_중앙계곡,2026-08-09T09:11:35.000Z,21.37469596,-157.74066816,UAV 1,2,1:3001:2828,ENBTR80007,1:1:222:2:13:0:0,0,false,false,false,false,0
ENMORT002,none,,2026-08-09T09:11:35.000Z,21.37453609,-157.73721308,UAV 1,2,1:3001:2834,ENMORT002,1:1:71:10:1:0:1,0,false,false,false,false,0
ENGAZ004,move to,LOC_적북측접근로,2026-08-09T09:11:35.000Z,21.37198702,-157.73882152,UAV 1,2,1:3001:2838,ENGAZ004,1:1:222:7:8:0:0,0,false,false,false,false,0
ENBTR80005,move to,LOC_중앙계곡,2026-08-09T09:11:35.000Z,21.37483090,-157.74066702,UAV 1,2,1:3001:2846,ENBTR80005,1:1:222:2:13:0:0,0,false,false,false,false,0
ENMIM001,none,,2026-08-09T09:11:35.000Z,21.37133095,-157.74174227,UAV 1,2,1:3001:2855,ENMIM001,1:1:225:28:2:0:0,0,false,false,false,false,0
ENCAESAR001,move to,LOC_적북측접근로,2026-08-09T09:11:35.000Z,21.37118030,-157.74097706,UAV 1,2,1:3001:2860,ENCAESAR001,1:1:71:4:0:0:0,0,false,false,false,false,0
ENMORT003,none,,2026-08-09T09:11:35.000Z,21.37463664,-157.73725624,UAV 1,2,1:3001:2865,ENMORT003,1:1:71:10:1:0:1,0,false,false,false,false,0
ENBTR60005,move to,LOC_중앙계곡,2026-08-09T09:11:35.000Z,21.37464236,-157.74075791,UAV 1,2,1:3001:2902,ENBTR60005,1:1:222:2:8:1:0,0,false,false,false,false,0
ENT72010,move to,LOC_중앙계곡,2026-08-09T09:11:35.000Z,21.37702752,-157.74118049,UAV 1,2,1:3001:2761,ENT72010,1:1:222:1:2:1:0,0,false,false,false,false,0
ENT72008,move to,LOC_중앙계곡,2026-08-09T09:11:35.000Z,21.37712719,-157.74117140,UAV 1,2,1:3001:2615,ENT72008,1:1:222:1:2:1:0,0,false,false,false,false,0
ENT72006,move to,LOC_중앙계곡,2026-08-09T09:11:35.000Z,21.37721576,-157.74116330,UAV 1,2,1:3001:2778,ENT72006,1:1:222:1:2:1:0,0,false,false,false,false,0
ENT72002,move to,LOC_중앙계곡,2026-08-09T09:11:35.000Z,21.37737418,-157.74114883,UAV 1,2,1:3001:2628,ENT72002,1:1:222:1:2:1:0,0,false,false,false,false,0
ENT72004,move to,LOC_중앙계곡,2026-08-09T09:11:35.000Z,21.37728736,-157.74115674,UAV 1,2,1:3001:2738,ENT72004,1:1:222:1:2:1:0,0,false,false,false,false,0
ENM35001,move to,LOC_적북측접근로,2026-08-09T09:11:35.000Z,21.37196169,-157.73906122,UAV 1,2,1:3001:2754,ENM35001,1:1:225:7:1:6:0,0,false,false,false,false,0
ENM35004,move to,LOC_적북측접근로,2026-08-09T09:11:35.000Z,21.37201158,-157.73897415,UAV 1,2,1:3001:2650,ENM35004,1:1:225:7:1:6:0,0,false,false,false,false,0
ENM35002,move to,LOC_적북측접근로,2026-08-09T09:11:35.000Z,21.37198887,-157.73906820,UAV 1,2,1:3001:2740,ENM35002,1:1:225:7:1:6:0,0,false,false,false,false,0
ENM35003,move to,LOC_적북측접근로,2026-08-09T09:11:35.000Z,21.37198321,-157.73896924,UAV 1,2,1:3001:2894,ENM35003,1:1:225:7:1:6:0,0,false,false,false,false,0
ENBTR80002,move to,LOC_중앙계곡,2026-08-09T09:11:35.000Z,21.37493389,-157.74069737,UAV 1,2,1:3001:2884,ENBTR80002,1:1:222:2:13:0:0,0,false,false,false,false,0
ENBTR80001,move to,LOC_중앙계곡,2026-08-09T09:11:35.000Z,21.37486584,-157.74072639,UAV 1,2,1:3001:2697,ENBTR80001,1:1:222:2:13:0:0,0,false,false,false,false,0
ENCAESAR002,move to,LOC_북측예비방어선,2026-08-09T09:11:36.000Z,21.37193178,-157.73946240,UAV 1,2,1:3001:2594,ENCAESAR002,1:1:71:4:0:0:0,0,false,false,false,false,0
ENT72012,move to,LOC_중앙계곡,2026-08-09T09:11:36.000Z,21.37713471,-157.74117100,UAV 1,2,1:3001:2595,ENT72012,1:1:222:1:2:1:0,0,false,false,false,false,0
ENMORT005,none,,2026-08-09T09:11:36.000Z,21.37457651,-157.73710572,UAV 1,2,1:3001:2607,ENMORT005,1:1:71:10:1:0:1,0,false,false,false,false,0
ENMORT004,none,,2026-08-09T09:11:36.000Z,21.37447596,-157.73706256,UAV 1,2,1:3001:2630,ENMORT004,1:1:71:10:1:0:1,0,false,false,false,false,0
ENBTR80004,move to,LOC_중앙계곡,2026-08-09T09:11:36.000Z,21.37497332,-157.74071029,UAV 1,2,1:3001:2679,ENBTR80004,1:1:222:2:13:0:0,0,false,false,false,false,0
ENCAESAR004,move to,LOC_북측예비방어선,2026-08-09T09:11:36.000Z,21.37240234,-157.74065354,UAV 1,2,1:3001:2698,ENCAESAR004,1:1:71:4:0:0:0,0,false,false,false,false,0
ENBTR80006,move to,LOC_중앙계곡,2026-08-09T09:11:36.000Z,21.37508634,-157.74065369,UAV 1,2,1:3001:2728,ENBTR80006,1:1:222:2:13:0:0,0,false,false,false,false,0
ENGAZ003,move to,LOC_적북측접근로,2026-08-09T09:11:36.000Z,21.37193506,-157.73892008,UAV 1,2,1:3001:2749,ENGAZ003,1:1:222:7:8:0:0,0,false,false,false,false,0
ENBTR80003,move to,LOC_중앙계곡,2026-08-09T09:11:36.000Z,21.37517597,-157.74068236,UAV 1,2,1:3001:2753,ENBTR80003,1:1:222:2:13:0:0,0,false,false,false,false,0
ENCAESAR003,move to,LOC_적북측접근로,2026-08-09T09:11:36.000Z,21.37091906,-157.73969979,UAV 1,2,1:3001:2782,ENCAESAR003,1:1:71:4:0:0:0,0,false,false,false,false,0
ENMORT001,none,,2026-08-09T09:11:36.000Z,21.37443553,-157.73716992,UAV 1,2,1:3001:2789,ENMORT001,1:1:71:10:1:0:1,0,false,false,false,false,0
ENBTR60007,move to,LOC_중앙계곡,2026-08-09T09:11:36.000Z,21.37471560,-157.74077062,UAV 1,2,1:3001:2815,ENBTR60007,1:1:222:2:8:1:0,0,false,false,false,false,0
ENBTR60008,move to,LOC_중앙계곡,2026-08-09T09:11:36.000Z,21.37475977,-157.74074021,UAV 1,2,1:3001:2826,ENBTR60008,1:1:222:2:8:1:0,0,false,false,false,false,0
ENBTR80007,move to,LOC_중앙계곡,2026-08-09T09:11:36.000Z,21.37489030,-157.74068204,UAV 1,2,1:3001:2828,ENBTR80007,1:1:222:2:13:0:0,0,false,false,false,false,0
ENMORT002,none,,2026-08-09T09:11:36.000Z,21.37453609,-157.73721308,UAV 1,2,1:3001:2834,ENMORT002,1:1:71:10:1:0:1,0,false,false,false,false,0
ENGAZ004,move to,LOC_적북측접근로,2026-08-09T09:11:36.000Z,21.37194142,-157.73902422,UAV 1,2,1:3001:2838,ENGAZ004,1:1:222:7:8:0:0,0,false,false,false,false,0
ENBTR80005,move to,LOC_중앙계곡,2026-08-09T09:11:36.000Z,21.37502488,-157.74068136,UAV 1,2,1:3001:2846,ENBTR80005,1:1:222:2:13:0:0,0,false,false,false,false,0
ENMIM001,none,,2026-08-09T09:11:36.000Z,21.37133095,-157.74174227,UAV 1,2,1:3001:2855,ENMIM001,1:1:225:28:2:0:0,0,false,false,false,false,0
ENCAESAR001,move to,LOC_적북측접근로,2026-08-09T09:11:36.000Z,21.37122019,-157.74117990,UAV 1,2,1:3001:2860,ENCAESAR001,1:1:71:4:0:0:0,0,false,false,false,false,0
ENMORT003,none,,2026-08-09T09:11:36.000Z,21.37463664,-157.73725624,UAV 1,2,1:3001:2865,ENMORT003,1:1:71:10:1:0:1,0,false,false,false,false,0
ENBTR60005,move to,LOC_중앙계곡,2026-08-09T09:11:36.000Z,21.37483688,-157.74076779,UAV 1,2,1:3001:2902,ENBTR60005,1:1:222:2:8:1:0,0,false,false,false,false,0
ENT72010,move to,LOC_중앙계곡,2026-08-09T09:11:36.000Z,21.37722181,-157.74116304,UAV 1,2,1:3001:2761,ENT72010,1:1:222:1:2:1:0,0,false,false,false,false,0
ENT72008,move to,LOC_중앙계곡,2026-08-09T09:11:36.000Z,21.37732148,-157.74115395,UAV 1,2,1:3001:2615,ENT72008,1:1:222:1:2:1:0,0,false,false,false,false,0
ENT72006,move to,LOC_중앙계곡,2026-08-09T09:11:36.000Z,21.37741009,-157.74114587,UAV 1,2,1:3001:2778,ENT72006,1:1:222:1:2:1:0,0,false,false,false,false,0
ENT72002,move to,LOC_중앙계곡,2026-08-09T09:11:36.000Z,21.37756732,-157.74113153,UAV 1,2,1:3001:2628,ENT72002,1:1:222:1:2:1:0,0,false,false,false,false,0
ENT72004,move to,LOC_중앙계곡,2026-08-09T09:11:36.000Z,21.37748122,-157.74113937,UAV 1,2,1:3001:2738,ENT72004,1:1:222:1:2:1:0,0,false,false,false,false,0
ENM35001,move to,LOC_적북측접근로,2026-08-09T09:11:36.000Z,21.37191417,-157.73926286,UAV 1,2,1:3001:2754,ENM35001,1:1:225:7:1:6:0,0,false,false,false,false,0
ENM35004,move to,LOC_적북측접근로,2026-08-09T09:11:36.000Z,21.37196224,-157.73917448,UAV 1,2,1:3001:2650,ENM35004,1:1:225:7:1:6:0,0,false,false,false,false,0
ENM35002,move to,LOC_적북측접근로,2026-08-09T09:11:36.000Z,21.37193925,-157.73926956,UAV 1,2,1:3001:2740,ENM35002,1:1:225:7:1:6:0,0,false,false,false,false,0
ENM35003,move to,LOC_적북측접근로,2026-08-09T09:11:36.000Z,21.37193585,-157.73917027,UAV 1,2,1:3001:2894,ENM35003,1:1:225:7:1:6:0,0,false,false,false,false,0
ENBTR80002,move to,LOC_중앙계곡,2026-08-09T09:11:36.000Z,21.37512843,-157.74071071,UAV 1,2,1:3001:2884,ENBTR80002,1:1:222:2:13:0:0,0,false,false,false,false,0
ENBTR80001,move to,LOC_중앙계곡,2026-08-09T09:11:36.000Z,21.37506016,-157.74073819,UAV 1,2,1:3001:2697,ENBTR80001,1:1:222:2:13:0:0,0,false,false,false,false,0
ENCAESAR002,move to,LOC_북측예비방어선,2026-08-09T09:11:38.000Z,21.37199522,-157.73962226,UAV 1,2,1:3001:2594,ENCAESAR002,1:1:71:4:0:0:0,0,false,false,false,false,0
ENT72012,move to,LOC_중앙계곡,2026-08-09T09:11:38.000Z,21.37730344,-157.74115583,UAV 1,2,1:3001:2595,ENT72012,1:1:222:1:2:1:0,0,false,false,false,false,0
ENMORT005,none,,2026-08-09T09:11:38.000Z,21.37457651,-157.73710572,UAV 1,2,1:3001:2607,ENMORT005,1:1:71:10:1:0:1,0,false,false,false,false,0
ENMORT004,none,,2026-08-09T09:11:38.000Z,21.37447596,-157.73706256,UAV 1,2,1:3001:2630,ENMORT004,1:1:71:10:1:0:1,0,false,false,false,false,0
ENBTR80004,move to,LOC_중앙계곡,2026-08-09T09:11:38.000Z,21.37514114,-157.74072139,UAV 1,2,1:3001:2679,ENBTR80004,1:1:222:2:13:0:0,0,false,false,false,false,0
ENCAESAR004,move to,LOC_북측예비방어선,2026-08-09T09:11:38.000Z,21.37246711,-157.74081635,UAV 1,2,1:3001:2698,ENCAESAR004,1:1:71:4:0:0:0,0,false,false,false,false,0
ENBTR80006,move to,LOC_중앙계곡,2026-08-09T09:11:38.000Z,21.37525494,-157.74066749,UAV 1,2,1:3001:2728,ENBTR80006,1:1:222:2:13:0:0,0,false,false,false,false,0
ENGAZ003,move to,LOC_적북측접근로,2026-08-09T09:11:38.000Z,21.37189856,-157.73909031,UAV 1,2,1:3001:2749,ENGAZ003,1:1:222:7:8:0:0,0,false,false,false,false,0
ENBTR80003,move to,LOC_중앙계곡,2026-08-09T09:11:38.000Z,21.37534356,-157.74069518,UAV 1,2,1:3001:2753,ENBTR80003,1:1:222:2:13:0:0,0,false,false,false,false,0
ENCAESAR003,move to,LOC_적북측접근로,2026-08-09T09:11:38.000Z,21.37095298,-157.73986803,UAV 1,2,1:3001:2782,ENCAESAR003,1:1:71:4:0:0:0,0,false,false,false,false,0
ENMORT001,none,,2026-08-09T09:11:38.000Z,21.37443553,-157.73716992,UAV 1,2,1:3001:2789,ENMORT001,1:1:71:10:1:0:1,0,false,false,false,false,0
ENBTR60007,move to,LOC_중앙계곡,2026-08-09T09:11:38.000Z,21.37488379,-157.74077878,UAV 1,2,1:3001:2815,ENBTR60007,1:1:222:2:8:1:0,0,false,false,false,false,0
ENBTR60008,move to,LOC_중앙계곡,2026-08-09T09:11:38.000Z,21.37492808,-157.74074966,UAV 1,2,1:3001:2826,ENBTR60008,1:1:222:2:8:1:0,0,false,false,false,false,0
ENBTR80007,move to,LOC_중앙계곡,2026-08-09T09:11:38.000Z,21.37505879,-157.74069408,UAV 1,2,1:3001:2828,ENBTR80007,1:1:222:2:13:0:0,0,false,false,false,false,0
ENMORT002,none,,2026-08-09T09:11:38.000Z,21.37453609,-157.73721308,UAV 1,2,1:3001:2834,ENMORT002,1:1:71:10:1:0:1,0,false,false,false,false,0
ENGAZ004,move to,LOC_적북측접근로,2026-08-09T09:11:38.000Z,21.37190225,-157.73919834,UAV 1,2,1:3001:2838,ENGAZ004,1:1:222:7:8:0:0,0,false,false,false,false,0
ENBTR80005,move to,LOC_중앙계곡,2026-08-09T09:11:38.000Z,21.37519417,-157.74069388,UAV 1,2,1:3001:2846,ENBTR80005,1:1:222:2:13:0:0,0,false,false,false,false,0
ENMIM001,none,,2026-08-09T09:11:38.000Z,21.37133095,-157.74174227,UAV 1,2,1:3001:2855,ENMIM001,1:1:225:28:2:0:0,0,false,false,false,false,0
ENCAESAR001,move to,LOC_적북측접근로,2026-08-09T09:11:38.000Z,21.37125365,-157.74135002,UAV 1,2,1:3001:2860,ENCAESAR001,1:1:71:4:0:0:0,0,false,false,false,false,0
ENMORT003,none,,2026-08-09T09:11:38.000Z,21.37463664,-157.73725624,UAV 1,2,1:3001:2865,ENMORT003,1:1:71:10:1:0:1,0,false,false,false,false,0
ENBTR60005,move to,LOC_중앙계곡,2026-08-09T09:11:38.000Z,21.37500586,-157.74077637,UAV 1,2,1:3001:2902,ENBTR60005,1:1:222:2:8:1:0,0,false,false,false,false,0
ENT72010,move to,LOC_중앙계곡,2026-08-09T09:11:38.000Z,21.37739036,-157.74114789,UAV 1,2,1:3001:2761,ENT72010,1:1:222:1:2:1:0,0,false,false,false,false,0
ENT72008,move to,LOC_중앙계곡,2026-08-09T09:11:38.000Z,21.37748973,-157.74113884,UAV 1,2,1:3001:2615,ENT72008,1:1:222:1:2:1:0,0,false,false,false,false,0
ENT72006,move to,LOC_중앙계곡,2026-08-09T09:11:38.000Z,21.37757737,-157.74113086,UAV 1,2,1:3001:2778,ENT72006,1:1:222:1:2:1:0,0,false,false,false,false,0
ENT72004,move to,LOC_중앙계곡,2026-08-09T09:11:38.000Z,21.37764855,-157.74112436,UAV 1,2,1:3001:2738,ENT72004,1:1:222:1:2:1:0,0,false,false,false,false,0
ENM35004,move to,LOC_적북측접근로,2026-08-09T09:11:38.000Z,21.37191935,-157.73934865,UAV 1,2,1:3001:2650,ENM35004,1:1:225:7:1:6:0,0,false,false,false,false,0
ENM35002,move to,LOC_적북측접근로,2026-08-09T09:11:38.000Z,21.37189703,-157.73944090,UAV 1,2,1:3001:2740,ENM35002,1:1:225:7:1:6:0,0,false,false,false,false,0
ENM35003,move to,LOC_적북측접근로,2026-08-09T09:11:38.000Z,21.37189488,-157.73934415,UAV 1,2,1:3001:2894,ENM35003,1:1:225:7:1:6:0,0,false,false,false,false,0
ENBTR80002,move to,LOC_중앙계곡,2026-08-09T09:11:38.000Z,21.37529656,-157.74072223,UAV 1,2,1:3001:2884,ENBTR80002,1:1:222:2:13:0:0,0,false,false,false,false,0
ENBTR80001,move to,LOC_중앙계곡,2026-08-09T09:11:38.000Z,21.37522886,-157.74074844,UAV 1,2,1:3001:2697,ENBTR80001,1:1:222:2:13:0:0,0,false,false,false,false,0
ENGAZ001,move to,LOC_적북측접근로,2026-08-09T09:11:38.000Z,21.37188175,-157.73916662,UAV 1,2,1:3001:2654,ENGAZ001,1:1:222:7:8:0:0,0,false,false,false,false,0
ENCAESAR002,move to,LOC_북측예비방어선,2026-08-09T09:11:39.000Z,21.37199522,-157.73962226,UAV 1,2,1:3001:2594,ENCAESAR002,1:1:71:4:0:0:0,0,false,false,false,false,0
ENT72012,move to,LOC_중앙계곡,2026-08-09T09:11:39.000Z,21.37730344,-157.74115583,UAV 1,2,1:3001:2595,ENT72012,1:1:222:1:2:1:0,0,false,false,false,false,0
ENMORT005,none,,2026-08-09T09:11:39.000Z,21.37457651,-157.73710572,UAV 1,2,1:3001:2607,ENMORT005,1:1:71:10:1:0:1,0,false,false,false,false,0
ENMORT004,none,,2026-08-09T09:11:39.000Z,21.37447596,-157.73706256,UAV 1,2,1:3001:2630,ENMORT004,1:1:71:10:1:0:1,0,false,false,false,false,0
ENBTR80004,move to,LOC_중앙계곡,2026-08-09T09:11:39.000Z,21.37514114,-157.74072139,UAV 1,2,1:3001:2679,ENBTR80004,1:1:222:2:13:0:0,0,false,false,false,false,0
ENCAESAR004,move to,LOC_북측예비방어선,2026-08-09T09:11:39.000Z,21.37246711,-157.74081635,UAV 1,2,1:3001:2698,ENCAESAR004,1:1:71:4:0:0:0,0,false,false,false,false,0
ENBTR80006,move to,LOC_중앙계곡,2026-08-09T09:11:39.000Z,21.37525494,-157.74066749,UAV 1,2,1:3001:2728,ENBTR80006,1:1:222:2:13:0:0,0,false,false,false,false,0
ENGAZ003,move to,LOC_적북측접근로,2026-08-09T09:11:39.000Z,21.37189856,-157.73909031,UAV 1,2,1:3001:2749,ENGAZ003,1:1:222:7:8:0:0,0,false,false,false,false,0
ENBTR80003,move to,LOC_중앙계곡,2026-08-09T09:11:39.000Z,21.37534356,-157.74069518,UAV 1,2,1:3001:2753,ENBTR80003,1:1:222:2:13:0:0,0,false,false,false,false,0
ENCAESAR003,move to,LOC_적북측접근로,2026-08-09T09:11:39.000Z,21.37095298,-157.73986803,UAV 1,2,1:3001:2782,ENCAESAR003,1:1:71:4:0:0:0,0,false,false,false,false,0
ENMORT001,none,,2026-08-09T09:11:39.000Z,21.37443553,-157.73716992,UAV 1,2,1:3001:2789,ENMORT001,1:1:71:10:1:0:1,0,false,false,false,false,0
ENBTR60007,move to,LOC_중앙계곡,2026-08-09T09:11:39.000Z,21.37488379,-157.74077878,UAV 1,2,1:3001:2815,ENBTR60007,1:1:222:2:8:1:0,0,false,false,false,false,0
ENBTR60008,move to,LOC_중앙계곡,2026-08-09T09:11:39.000Z,21.37492808,-157.74074966,UAV 1,2,1:3001:2826,ENBTR60008,1:1:222:2:8:1:0,0,false,false,false,false,0
ENBTR80007,move to,LOC_중앙계곡,2026-08-09T09:11:39.000Z,21.37505879,-157.74069408,UAV 1,2,1:3001:2828,ENBTR80007,1:1:222:2:13:0:0,0,false,false,false,false,0
ENMORT002,none,,2026-08-09T09:11:39.000Z,21.37453609,-157.73721308,UAV 1,2,1:3001:2834,ENMORT002,1:1:71:10:1:0:1,0,false,false,false,false,0
ENGAZ004,move to,LOC_적북측접근로,2026-08-09T09:11:39.000Z,21.37190225,-157.73919834,UAV 1,2,1:3001:2838,ENGAZ004,1:1:222:7:8:0:0,0,false,false,false,false,0
ENBTR80005,move to,LOC_중앙계곡,2026-08-09T09:11:39.000Z,21.37519417,-157.74069388,UAV 1,2,1:3001:2846,ENBTR80005,1:1:222:2:13:0:0,0,false,false,false,false,0
ENMIM001,none,,2026-08-09T09:11:39.000Z,21.37133095,-157.74174227,UAV 1,2,1:3001:2855,ENMIM001,1:1:225:28:2:0:0,0,false,false,false,false,0
ENCAESAR001,move to,LOC_적북측접근로,2026-08-09T09:11:39.000Z,21.37125365,-157.74135002,UAV 1,2,1:3001:2860,ENCAESAR001,1:1:71:4:0:0:0,0,false,false,false,false,0
ENMORT003,none,,2026-08-09T09:11:39.000Z,21.37463664,-157.73725624,UAV 1,2,1:3001:2865,ENMORT003,1:1:71:10:1:0:1,0,false,false,false,false,0
ENBTR60005,move to,LOC_중앙계곡,2026-08-09T09:11:39.000Z,21.37500586,-157.74077637,UAV 1,2,1:3001:2902,ENBTR60005,1:1:222:2:8:1:0,0,false,false,false,false,0
ENT72010,move to,LOC_중앙계곡,2026-08-09T09:11:39.000Z,21.37739036,-157.74114789,UAV 1,2,1:3001:2761,ENT72010,1:1:222:1:2:1:0,0,false,false,false,false,0
ENT72008,move to,LOC_중앙계곡,2026-08-09T09:11:39.000Z,21.37748973,-157.74113884,UAV 1,2,1:3001:2615,ENT72008,1:1:222:1:2:1:0,0,false,false,false,false,0
ENT72006,move to,LOC_중앙계곡,2026-08-09T09:11:39.000Z,21.37757737,-157.74113086,UAV 1,2,1:3001:2778,ENT72006,1:1:222:1:2:1:0,0,false,false,false,false,0
ENT72004,move to,LOC_중앙계곡,2026-08-09T09:11:39.000Z,21.37764855,-157.74112436,UAV 1,2,1:3001:2738,ENT72004,1:1:222:1:2:1:0,0,false,false,false,false,0
ENM35004,move to,LOC_적북측접근로,2026-08-09T09:11:39.000Z,21.37191935,-157.73934865,UAV 1,2,1:3001:2650,ENM35004,1:1:225:7:1:6:0,0,false,false,false,false,0
ENM35002,move to,LOC_적북측접근로,2026-08-09T09:11:39.000Z,21.37189703,-157.73944090,UAV 1,2,1:3001:2740,ENM35002,1:1:225:7:1:6:0,0,false,false,false,false,0
ENM35003,move to,LOC_적북측접근로,2026-08-09T09:11:39.000Z,21.37189488,-157.73934415,UAV 1,2,1:3001:2894,ENM35003,1:1:225:7:1:6:0,0,false,false,false,false,0
ENBTR80002,move to,LOC_중앙계곡,2026-08-09T09:11:39.000Z,21.37529656,-157.74072223,UAV 1,2,1:3001:2884,ENBTR80002,1:1:222:2:13:0:0,0,false,false,false,false,0
ENBTR80001,move to,LOC_중앙계곡,2026-08-09T09:11:39.000Z,21.37522886,-157.74074844,UAV 1,2,1:3001:2697,ENBTR80001,1:1:222:2:13:0:0,0,false,false,false,false,0
ENGAZ001,move to,LOC_적북측접근로,2026-08-09T09:11:39.000Z,21.37188175,-157.73916662,UAV 1,2,1:3001:2654,ENGAZ001,1:1:222:7:8:0:0,0,false,false,false,false,0
ENCAESAR002,move to,LOC_북측예비방어선,2026-08-09T09:11:40.000Z,21.37206988,-157.73981037,UAV 1,2,1:3001:2594,ENCAESAR002,1:1:71:4:0:0:0,0,false,false,false,false,0
ENT72012,move to,LOC_중앙계곡,2026-08-09T09:11:40.000Z,21.37748883,-157.74113916,UAV 1,2,1:3001:2595,ENT72012,1:1:222:1:2:1:0,0,false,false,false,false,0
ENMORT005,none,,2026-08-09T09:11:40.000Z,21.37457651,-157.73710572,UAV 1,2,1:3001:2607,ENMORT005,1:1:71:10:1:0:1,0,false,false,false,false,0
ENMORT004,none,,2026-08-09T09:11:40.000Z,21.37447596,-157.73706256,UAV 1,2,1:3001:2630,ENMORT004,1:1:71:10:1:0:1,0,false,false,false,false,0
ENBTR80004,move to,LOC_중앙계곡,2026-08-09T09:11:40.000Z,21.37532642,-157.74073364,UAV 1,2,1:3001:2679,ENBTR80004,1:1:222:2:13:0:0,0,false,false,false,false,0
ENCAESAR004,move to,LOC_북측예비방어선,2026-08-09T09:11:40.000Z,21.37254103,-157.74100219,UAV 1,2,1:3001:2698,ENCAESAR004,1:1:71:4:0:0:0,0,false,false,false,false,0
ENBTR80006,move to,LOC_중앙계곡,2026-08-09T09:11:40.000Z,21.37543938,-157.74068258,UAV 1,2,1:3001:2728,ENBTR80006,1:1:222:2:13:0:0,0,false,false,false,false,0
ENGAZ003,move to,LOC_적북측접근로,2026-08-09T09:11:40.000Z,21.37185592,-157.73928918,UAV 1,2,1:3001:2749,ENGAZ003,1:1:222:7:8:0:0,0,false,false,false,false,0
ENBTR80003,move to,LOC_중앙계곡,2026-08-09T09:11:40.000Z,21.37552882,-157.74070934,UAV 1,2,1:3001:2753,ENBTR80003,1:1:222:2:13:0:0,0,false,false,false,false,0
ENCAESAR003,move to,LOC_적북측접근로,2026-08-09T09:11:40.000Z,21.37099175,-157.74006036,UAV 1,2,1:3001:2782,ENCAESAR003,1:1:71:4:0:0:0,0,false,false,false,false,0
ENMORT001,none,,2026-08-09T09:11:40.000Z,21.37443553,-157.73716992,UAV 1,2,1:3001:2789,ENMORT001,1:1:71:10:1:0:1,0,false,false,false,false,0
ENBTR60008,move to,LOC_중앙계곡,2026-08-09T09:11:40.000Z,21.37511438,-157.74076012,UAV 1,2,1:3001:2826,ENBTR60008,1:1:222:2:8:1:0,0,false,false,false,false,0
ENBTR80007,move to,LOC_중앙계곡,2026-08-09T09:11:40.000Z,21.37524473,-157.74070737,UAV 1,2,1:3001:2828,ENBTR80007,1:1:222:2:13:0:0,0,false,false,false,false,0
ENMORT002,none,,2026-08-09T09:11:40.000Z,21.37453609,-157.73721308,UAV 1,2,1:3001:2834,ENMORT002,1:1:71:10:1:0:1,0,false,false,false,false,0
ENGAZ004,move to,LOC_적북측접근로,2026-08-09T09:11:40.000Z,21.37185900,-157.73939058,UAV 1,2,1:3001:2838,ENGAZ004,1:1:222:7:8:0:0,0,false,false,false,false,0
ENBTR80005,move to,LOC_중앙계곡,2026-08-09T09:11:40.000Z,21.37537823,-157.74070749,UAV 1,2,1:3001:2846,ENBTR80005,1:1:222:2:13:0:0,0,false,false,false,false,0
ENMIM001,none,,2026-08-09T09:11:40.000Z,21.37133095,-157.74174227,UAV 1,2,1:3001:2855,ENMIM001,1:1:225:28:2:0:0,0,false,false,false,false,0
ENCAESAR001,move to,LOC_적북측접근로,2026-08-09T09:11:40.000Z,21.37129143,-157.74154215,UAV 1,2,1:3001:2860,ENCAESAR001,1:1:71:4:0:0:0,0,false,false,false,false,0
ENMORT003,none,,2026-08-09T09:11:40.000Z,21.37463664,-157.73725624,UAV 1,2,1:3001:2865,ENMORT003,1:1:71:10:1:0:1,0,false,false,false,false,0
ENBTR60005,move to,LOC_중앙계곡,2026-08-09T09:11:40.000Z,21.37519145,-157.74078580,UAV 1,2,1:3001:2902,ENBTR60005,1:1:222:2:8:1:0,0,false,false,false,false,0
ENT72010,move to,LOC_중앙계곡,2026-08-09T09:11:40.000Z,21.37757474,-157.74113132,UAV 1,2,1:3001:2761,ENT72010,1:1:222:1:2:1:0,0,false,false,false,false,0
ENM35004,move to,LOC_적북측접근로,2026-08-09T09:11:40.000Z,21.37187310,-157.73953647,UAV 1,2,1:3001:2650,ENM35004,1:1:225:7:1:6:0,0,false,false,false,false,0
ENM35002,move to,LOC_적북측접근로,2026-08-09T09:11:40.000Z,21.37185011,-157.73963128,UAV 1,2,1:3001:2740,ENM35002,1:1:225:7:1:6:0,0,false,false,false,false,0
ENBTR80002,move to,LOC_중앙계곡,2026-08-09T09:11:40.000Z,21.37548171,-157.74073493,UAV 1,2,1:3001:2884,ENBTR80002,1:1:222:2:13:0:0,0,false,false,false,false,0
ENBTR80001,move to,LOC_중앙계곡,2026-08-09T09:11:40.000Z,21.37541375,-157.74075967,UAV 1,2,1:3001:2697,ENBTR80001,1:1:222:2:13:0:0,0,false,false,false,false,0
ENGAZ001,move to,LOC_적북측접근로,2026-08-09T09:11:40.000Z,21.37183976,-157.73936263,UAV 1,2,1:3001:2654,ENGAZ001,1:1:222:7:8:0:0,0,false,false,false,false,0
ENBTR60001,move to,LOC_중앙계곡,2026-08-09T09:11:40.000Z,21.37523118,-157.74083908,UAV 1,2,1:3001:2602,ENBTR60001,1:1:222:2:8:1:0,0,false,false,false,false,0
ENBTR60006,move to,LOC_중앙계곡,2026-08-09T09:11:40.000Z,21.37526462,-157.74075970,UAV 1,2,1:3001:2663,ENBTR60006,1:1:222:2:8:1:0,0,false,false,false,false,0
ENBTR60003,move to,LOC_중앙계곡,2026-08-09T09:11:40.000Z,21.37534301,-157.74078500,UAV 1,2,1:3001:2685,ENBTR60003,1:1:222:2:8:1:0,0,false,false,false,false,0
ENCAESAR002,move to,LOC_북측예비방어선,2026-08-09T09:11:42.000Z,21.37214065,-157.73998868,UAV 1,2,1:3001:2594,ENCAESAR002,1:1:71:4:0:0:0,0,false,false,false,false,0
ENMORT005,none,,2026-08-09T09:11:42.000Z,21.37457651,-157.73710572,UAV 1,2,1:3001:2607,ENMORT005,1:1:71:10:1:0:1,0,false,false,false,false,0
ENMORT004,none,,2026-08-09T09:11:42.000Z,21.37447596,-157.73706256,UAV 1,2,1:3001:2630,ENMORT004,1:1:71:10:1:0:1,0,false,false,false,false,0
ENBTR80004,move to,LOC_중앙계곡,2026-08-09T09:11:42.000Z,21.37551128,-157.74074587,UAV 1,2,1:3001:2679,ENBTR80004,1:1:222:2:13:0:0,0,false,false,false,false,0
ENCAESAR004,move to,LOC_북측예비방어선,2026-08-09T09:11:42.000Z,21.37260761,-157.74116959,UAV 1,2,1:3001:2698,ENCAESAR004,1:1:71:4:0:0:0,0,false,false,false,false,0
ENBTR80006,move to,LOC_중앙계곡,2026-08-09T09:11:42.000Z,21.37562415,-157.74069770,UAV 1,2,1:3001:2728,ENBTR80006,1:1:222:2:13:0:0,0,false,false,false,false,0
ENGAZ003,move to,LOC_적북측접근로,2026-08-09T09:11:42.000Z,21.37181629,-157.73947401,UAV 1,2,1:3001:2749,ENGAZ003,1:1:222:7:8:0:0,0,false,false,false,false,0
ENBTR80003,move to,LOC_중앙계곡,2026-08-09T09:11:42.000Z,21.37571389,-157.74072350,UAV 1,2,1:3001:2753,ENBTR80003,1:1:222:2:13:0:0,0,false,false,false,false,0
ENCAESAR003,move to,LOC_적북측접근로,2026-08-09T09:11:42.000Z,21.37102819,-157.74024113,UAV 1,2,1:3001:2782,ENCAESAR003,1:1:71:4:0:0:0,0,false,false,false,false,0
ENMORT001,none,,2026-08-09T09:11:42.000Z,21.37443553,-157.73716992,UAV 1,2,1:3001:2789,ENMORT001,1:1:71:10:1:0:1,0,false,false,false,false,0
ENBTR60008,move to,LOC_중앙계곡,2026-08-09T09:11:42.000Z,21.37529922,-157.74077050,UAV 1,2,1:3001:2826,ENBTR60008,1:1:222:2:8:1:0,0,false,false,false,false,0
ENBTR80007,move to,LOC_중앙계곡,2026-08-09T09:11:42.000Z,21.37542887,-157.74072053,UAV 1,2,1:3001:2828,ENBTR80007,1:1:222:2:13:0:0,0,false,false,false,false,0
ENMORT002,none,,2026-08-09T09:11:42.000Z,21.37453609,-157.73721308,UAV 1,2,1:3001:2834,ENMORT002,1:1:71:10:1:0:1,0,false,false,false,false,0
ENGAZ004,move to,LOC_적북측접근로,2026-08-09T09:11:42.000Z,21.37181631,-157.73958034,UAV 1,2,1:3001:2838,ENGAZ004,1:1:222:7:8:0:0,0,false,false,false,false,0
ENBTR80005,move to,LOC_중앙계곡,2026-08-09T09:11:42.000Z,21.37556350,-157.74072118,UAV 1,2,1:3001:2846,ENBTR80005,1:1:222:2:13:0:0,0,false,false,false,false,0
ENMIM001,none,,2026-08-09T09:11:42.000Z,21.37133095,-157.74174227,UAV 1,2,1:3001:2855,ENMIM001,1:1:225:28:2:0:0,0,false,false,false,false,0
ENCAESAR001,move to,LOC_적북측접근로,2026-08-09T09:11:42.000Z,21.37130119,-157.74159176,UAV 1,2,1:3001:2860,ENCAESAR001,1:1:71:4:0:0:0,0,false,false,false,false,0
ENMORT003,none,,2026-08-09T09:11:42.000Z,21.37463664,-157.73725624,UAV 1,2,1:3001:2865,ENMORT003,1:1:71:10:1:0:1,0,false,false,false,false,0
ENBTR60005,move to,LOC_중앙계곡,2026-08-09T09:11:42.000Z,21.37537634,-157.74079519,UAV 1,2,1:3001:2902,ENBTR60005,1:1:222:2:8:1:0,0,false,false,false,false,0
ENM35004,move to,LOC_적북측접근로,2026-08-09T09:11:42.000Z,21.37182570,-157.73972892,UAV 1,2,1:3001:2650,ENM35004,1:1:225:7:1:6:0,0,false,false,false,false,0
ENM35002,move to,LOC_적북측접근로,2026-08-09T09:11:42.000Z,21.37180319,-157.73982166,UAV 1,2,1:3001:2740,ENM35002,1:1:225:7:1:6:0,0,false,false,false,false,0
ENBTR80002,move to,LOC_중앙계곡,2026-08-09T09:11:42.000Z,21.37566674,-157.74074762,UAV 1,2,1:3001:2884,ENBTR80002,1:1:222:2:13:0:0,0,false,false,false,false,0
ENBTR80001,move to,LOC_중앙계곡,2026-08-09T09:11:42.000Z,21.37559843,-157.74077089,UAV 1,2,1:3001:2697,ENBTR80001,1:1:222:2:13:0:0,0,false,false,false,false,0
ENBTR60001,move to,LOC_중앙계곡,2026-08-09T09:11:42.000Z,21.37541602,-157.74084606,UAV 1,2,1:3001:2602,ENBTR60001,1:1:222:2:8:1:0,0,false,false,false,false,0
ENBTR60006,move to,LOC_중앙계곡,2026-08-09T09:11:42.000Z,21.37544916,-157.74077048,UAV 1,2,1:3001:2663,ENBTR60006,1:1:222:2:8:1:0,0,false,false,false,false,0
ENBTR60003,move to,LOC_중앙계곡,2026-08-09T09:11:42.000Z,21.37552765,-157.74079479,UAV 1,2,1:3001:2685,ENBTR60003,1:1:222:2:8:1:0,0,false,false,false,false,0
ENGAZ002,move to,LOC_적북측접근로,2026-08-09T09:11:42.000Z,21.37180011,-157.73965179,UAV 1,2,1:3001:2721,ENGAZ002,1:1:222:7:8:0:0,0,false,false,false,false,0
ENCAESAR002,move to,LOC_북측예비방어선,2026-08-09T09:11:43.000Z,21.37221319,-157.74017145,UAV 1,2,1:3001:2594,ENCAESAR002,1:1:71:4:0:0:0,0,false,false,false,false,0
ENMORT005,none,,2026-08-09T09:11:43.000Z,21.37457651,-157.73710572,UAV 1,2,1:3001:2607,ENMORT005,1:1:71:10:1:0:1,0,false,false,false,false,0
ENMORT004,none,,2026-08-09T09:11:43.000Z,21.37447596,-157.73706256,UAV 1,2,1:3001:2630,ENMORT004,1:1:71:10:1:0:1,0,false,false,false,false,0
ENBTR80004,move to,LOC_중앙계곡,2026-08-09T09:11:43.000Z,21.37569220,-157.74075783,UAV 1,2,1:3001:2679,ENBTR80004,1:1:222:2:13:0:0,0,false,false,false,false,0
ENCAESAR004,move to,LOC_북측예비방어선,2026-08-09T09:11:43.000Z,21.37268304,-157.74135922,UAV 1,2,1:3001:2698,ENCAESAR004,1:1:71:4:0:0:0,0,false,false,false,false,0
ENBTR80006,move to,LOC_중앙계곡,2026-08-09T09:11:43.000Z,21.37580405,-157.74071242,UAV 1,2,1:3001:2728,ENBTR80006,1:1:222:2:13:0:0,0,false,false,false,false,0
ENGAZ003,move to,LOC_적북측접근로,2026-08-09T09:11:43.000Z,21.37177477,-157.73966765,UAV 1,2,1:3001:2749,ENGAZ003,1:1:222:7:8:0:0,0,false,false,false,false,0
ENBTR80003,move to,LOC_중앙계곡,2026-08-09T09:11:43.000Z,21.37589305,-157.74073720,UAV 1,2,1:3001:2753,ENBTR80003,1:1:222:2:13:0:0,0,false,false,false,false,0
ENCAESAR003,move to,LOC_적북측접근로,2026-08-09T09:11:43.000Z,21.37106162,-157.74040695,UAV 1,2,1:3001:2782,ENCAESAR003,1:1:71:4:0:0:0,0,false,false,false,false,0
ENMORT001,none,,2026-08-09T09:11:43.000Z,21.37443553,-157.73716992,UAV 1,2,1:3001:2789,ENMORT001,1:1:71:10:1:0:1,0,false,false,false,false,0
ENBTR60008,move to,LOC_중앙계곡,2026-08-09T09:11:43.000Z,21.37547982,-157.74078064,UAV 1,2,1:3001:2826,ENBTR60008,1:1:222:2:8:1:0,0,false,false,false,false,0
ENBTR80007,move to,LOC_중앙계곡,2026-08-09T09:11:43.000Z,21.37560974,-157.74073345,UAV 1,2,1:3001:2828,ENBTR80007,1:1:222:2:13:0:0,0,false,false,false,false,0
ENMORT002,none,,2026-08-09T09:11:43.000Z,21.37453609,-157.73721308,UAV 1,2,1:3001:2834,ENMORT002,1:1:71:10:1:0:1,0,false,false,false,false,0
ENGAZ004,move to,LOC_적북측접근로,2026-08-09T09:11:43.000Z,21.37177400,-157.73976839,UAV 1,2,1:3001:2838,ENGAZ004,1:1:222:7:8:0:0,0,false,false,false,false,0
ENBTR80005,move to,LOC_중앙계곡,2026-08-09T09:11:43.000Z,21.37574393,-157.74073452,UAV 1,2,1:3001:2846,ENBTR80005,1:1:222:2:13:0:0,0,false,false,false,false,0
ENMIM001,none,,2026-08-09T09:11:43.000Z,21.37133095,-157.74174227,UAV 1,2,1:3001:2855,ENMIM001,1:1:225:28:2:0:0,0,false,false,false,false,0
ENCAESAR001,move to,LOC_적북측접근로,2026-08-09T09:11:43.000Z,21.37130731,-157.74162302,UAV 1,2,1:3001:2860,ENCAESAR001,1:1:71:4:0:0:0,0,false,false,false,false,0
ENMORT003,none,,2026-08-09T09:11:43.000Z,21.37463664,-157.73725624,UAV 1,2,1:3001:2865,ENMORT003,1:1:71:10:1:0:1,0,false,false,false,false,0
ENBTR60005,move to,LOC_중앙계곡,2026-08-09T09:11:43.000Z,21.37555687,-157.74080435,UAV 1,2,1:3001:2902,ENBTR60005,1:1:222:2:8:1:0,0,false,false,false,false,0
ENM35004,move to,LOC_적북측접근로,2026-08-09T09:11:43.000Z,21.37178016,-157.73991387,UAV 1,2,1:3001:2650,ENM35004,1:1:225:7:1:6:0,0,false,false,false,false,0
ENM35002,move to,LOC_적북측접근로,2026-08-09T09:11:43.000Z,21.37175892,-157.74000130,UAV 1,2,1:3001:2740,ENM35002,1:1:225:7:1:6:0,0,false,false,false,false,0
ENBTR80002,move to,LOC_중앙계곡,2026-08-09T09:11:43.000Z,21.37584600,-157.74075991,UAV 1,2,1:3001:2884,ENBTR80002,1:1:222:2:13:0:0,0,false,false,false,false,0
ENBTR80001,move to,LOC_중앙계곡,2026-08-09T09:11:43.000Z,21.37577909,-157.74078186,UAV 1,2,1:3001:2697,ENBTR80001,1:1:222:2:13:0:0,0,false,false,false,false,0
ENBTR60001,move to,LOC_중앙계곡,2026-08-09T09:11:43.000Z,21.37559687,-157.74085289,UAV 1,2,1:3001:2602,ENBTR60001,1:1:222:2:8:1:0,0,false,false,false,false,0
ENBTR60006,move to,LOC_중앙계곡,2026-08-09T09:11:43.000Z,21.37563014,-157.74078105,UAV 1,2,1:3001:2663,ENBTR60006,1:1:222:2:8:1:0,0,false,false,false,false,0
ENBTR60003,move to,LOC_중앙계곡,2026-08-09T09:11:43.000Z,21.37570899,-157.74080440,UAV 1,2,1:3001:2685,ENBTR60003,1:1:222:2:8:1:0,0,false,false,false,false,0
ENGAZ002,move to,LOC_적북측접근로,2026-08-09T09:11:43.000Z,21.37175874,-157.73983572,UAV 1,2,1:3001:2721,ENGAZ002,1:1:222:7:8:0:0,0,false,false,false,false,0
ENCAESAR002,move to,LOC_북측예비방어선,2026-08-09T09:11:45.000Z,21.37221319,-157.74017145,UAV 1,2,1:3001:2594,ENCAESAR002,1:1:71:4:0:0:0,0,false,false,false,false,0
ENMORT005,none,,2026-08-09T09:11:45.000Z,21.37457651,-157.73710572,UAV 1,2,1:3001:2607,ENMORT005,1:1:71:10:1:0:1,0,false,false,false,false,0
ENMORT004,none,,2026-08-09T09:11:45.000Z,21.37447596,-157.73706256,UAV 1,2,1:3001:2630,ENMORT004,1:1:71:10:1:0:1,0,false,false,false,false,0
ENBTR80004,move to,LOC_중앙계곡,2026-08-09T09:11:45.000Z,21.37569220,-157.74075783,UAV 1,2,1:3001:2679,ENBTR80004,1:1:222:2:13:0:0,0,false,false,false,false,0
ENCAESAR004,move to,LOC_북측예비방어선,2026-08-09T09:11:45.000Z,21.37268304,-157.74135922,UAV 1,2,1:3001:2698,ENCAESAR004,1:1:71:4:0:0:0,0,false,false,false,false,0
ENBTR80006,move to,LOC_중앙계곡,2026-08-09T09:11:45.000Z,21.37580405,-157.74071242,UAV 1,2,1:3001:2728,ENBTR80006,1:1:222:2:13:0:0,0,false,false,false,false,0
ENGAZ003,move to,LOC_적북측접근로,2026-08-09T09:11:45.000Z,21.37177477,-157.73966765,UAV 1,2,1:3001:2749,ENGAZ003,1:1:222:7:8:0:0,0,false,false,false,false,0
ENBTR80003,move to,LOC_중앙계곡,2026-08-09T09:11:45.000Z,21.37589305,-157.74073720,UAV 1,2,1:3001:2753,ENBTR80003,1:1:222:2:13:0:0,0,false,false,false,false,0
ENCAESAR003,move to,LOC_적북측접근로,2026-08-09T09:11:45.000Z,21.37106162,-157.74040695,UAV 1,2,1:3001:2782,ENCAESAR003,1:1:71:4:0:0:0,0,false,false,false,false,0
ENMORT001,none,,2026-08-09T09:11:45.000Z,21.37443553,-157.73716992,UAV 1,2,1:3001:2789,ENMORT001,1:1:71:10:1:0:1,0,false,false,false,false,0
ENBTR60008,move to,LOC_중앙계곡,2026-08-09T09:11:45.000Z,21.37547982,-157.74078064,UAV 1,2,1:3001:2826,ENBTR60008,1:1:222:2:8:1:0,0,false,false,false,false,0
ENBTR80007,move to,LOC_중앙계곡,2026-08-09T09:11:45.000Z,21.37560974,-157.74073345,UAV 1,2,1:3001:2828,ENBTR80007,1:1:222:2:13:0:0,0,false,false,false,false,0
ENMORT002,none,,2026-08-09T09:11:45.000Z,21.37453609,-157.73721308,UAV 1,2,1:3001:2834,ENMORT002,1:1:71:10:1:0:1,0,false,false,false,false,0
ENGAZ004,move to,LOC_적북측접근로,2026-08-09T09:11:45.000Z,21.37177400,-157.73976839,UAV 1,2,1:3001:2838,ENGAZ004,1:1:222:7:8:0:0,0,false,false,false,false,0
ENBTR80005,move to,LOC_중앙계곡,2026-08-09T09:11:45.000Z,21.37574393,-157.74073452,UAV 1,2,1:3001:2846,ENBTR80005,1:1:222:2:13:0:0,0,false,false,false,false,0
ENMIM001,none,,2026-08-09T09:11:45.000Z,21.37133095,-157.74174227,UAV 1,2,1:3001:2855,ENMIM001,1:1:225:28:2:0:0,0,false,false,false,false,0
ENCAESAR001,move to,LOC_적북측접근로,2026-08-09T09:11:45.000Z,21.37130731,-157.74162302,UAV 1,2,1:3001:2860,ENCAESAR001,1:1:71:4:0:0:0,0,false,false,false,false,0
ENMORT003,none,,2026-08-09T09:11:45.000Z,21.37463664,-157.73725624,UAV 1,2,1:3001:2865,ENMORT003,1:1:71:10:1:0:1,0,false,false,false,false,0
ENBTR60005,move to,LOC_중앙계곡,2026-08-09T09:11:45.000Z,21.37555687,-157.74080435,UAV 1,2,1:3001:2902,ENBTR60005,1:1:222:2:8:1:0,0,false,false,false,false,0
ENM35004,move to,LOC_적북측접근로,2026-08-09T09:11:45.000Z,21.37178016,-157.73991387,UAV 1,2,1:3001:2650,ENM35004,1:1:225:7:1:6:0,0,false,false,false,false,0
ENM35002,move to,LOC_적북측접근로,2026-08-09T09:11:45.000Z,21.37175892,-157.74000130,UAV 1,2,1:3001:2740,ENM35002,1:1:225:7:1:6:0,0,false,false,false,false,0
ENBTR80002,move to,LOC_중앙계곡,2026-08-09T09:11:45.000Z,21.37584600,-157.74075991,UAV 1,2,1:3001:2884,ENBTR80002,1:1:222:2:13:0:0,0,false,false,false,false,0
ENBTR80001,move to,LOC_중앙계곡,2026-08-09T09:11:45.000Z,21.37577909,-157.74078186,UAV 1,2,1:3001:2697,ENBTR80001,1:1:222:2:13:0:0,0,false,false,false,false,0
ENBTR60001,move to,LOC_중앙계곡,2026-08-09T09:11:45.000Z,21.37559687,-157.74085289,UAV 1,2,1:3001:2602,ENBTR60001,1:1:222:2:8:1:0,0,false,false,false,false,0
ENBTR60006,move to,LOC_중앙계곡,2026-08-09T09:11:45.000Z,21.37563014,-157.74078105,UAV 1,2,1:3001:2663,ENBTR60006,1:1:222:2:8:1:0,0,false,false,false,false,0
ENBTR60003,move to,LOC_중앙계곡,2026-08-09T09:11:45.000Z,21.37570899,-157.74080440,UAV 1,2,1:3001:2685,ENBTR60003,1:1:222:2:8:1:0,0,false,false,false,false,0
ENGAZ002,move to,LOC_적북측접근로,2026-08-09T09:11:45.000Z,21.37175874,-157.73983572,UAV 1,2,1:3001:2721,ENGAZ002,1:1:222:7:8:0:0,0,false,false,false,false,0
ENCAESAR002,move to,LOC_북측예비방어선,2026-08-09T09:11:46.000Z,21.37228768,-157.74035914,UAV 1,2,1:3001:2594,ENCAESAR002,1:1:71:4:0:0:0,0,false,false,false,false,0
ENMORT005,none,,2026-08-09T09:11:46.000Z,21.37457651,-157.73710572,UAV 1,2,1:3001:2607,ENMORT005,1:1:71:10:1:0:1,0,false,false,false,false,0
ENMORT004,none,,2026-08-09T09:11:46.000Z,21.37447596,-157.73706256,UAV 1,2,1:3001:2630,ENMORT004,1:1:71:10:1:0:1,0,false,false,false,false,0
ENBTR80004,move to,LOC_중앙계곡,2026-08-09T09:11:46.000Z,21.37588474,-157.74077057,UAV 1,2,1:3001:2679,ENBTR80004,1:1:222:2:13:0:0,0,false,false,false,false,0
ENCAESAR004,move to,LOC_북측예비방어선,2026-08-09T09:11:46.000Z,21.37275667,-157.74154432,UAV 1,2,1:3001:2698,ENCAESAR004,1:1:71:4:0:0:0,0,false,false,false,false,0
ENBTR80006,move to,LOC_중앙계곡,2026-08-09T09:11:46.000Z,21.37599783,-157.74072827,UAV 1,2,1:3001:2728,ENBTR80006,1:1:222:2:13:0:0,0,false,false,false,false,0
ENGAZ003,move to,LOC_적북측접근로,2026-08-09T09:11:46.000Z,21.37173262,-157.73986425,UAV 1,2,1:3001:2749,ENGAZ003,1:1:222:7:8:0:0,0,false,false,false,false,0
ENBTR80003,move to,LOC_중앙계곡,2026-08-09T09:11:46.000Z,21.37608697,-157.74075203,UAV 1,2,1:3001:2753,ENBTR80003,1:1:222:2:13:0:0,0,false,false,false,false,0
ENCAESAR003,move to,LOC_적북측접근로,2026-08-09T09:11:46.000Z,21.37110209,-157.74060771,UAV 1,2,1:3001:2782,ENCAESAR003,1:1:71:4:0:0:0,0,false,false,false,false,0
ENMORT001,none,,2026-08-09T09:11:46.000Z,21.37443553,-157.73716992,UAV 1,2,1:3001:2789,ENMORT001,1:1:71:10:1:0:1,0,false,false,false,false,0
ENBTR60008,move to,LOC_중앙계곡,2026-08-09T09:11:46.000Z,21.37567362,-157.74079152,UAV 1,2,1:3001:2826,ENBTR60008,1:1:222:2:8:1:0,0,false,false,false,false,0
ENBTR80007,move to,LOC_중앙계곡,2026-08-09T09:11:46.000Z,21.37580241,-157.74074721,UAV 1,2,1:3001:2828,ENBTR80007,1:1:222:2:13:0:0,0,false,false,false,false,0
ENMORT002,none,,2026-08-09T09:11:46.000Z,21.37453609,-157.73721308,UAV 1,2,1:3001:2834,ENMORT002,1:1:71:10:1:0:1,0,false,false,false,false,0
ENGAZ004,move to,LOC_적북측접근로,2026-08-09T09:11:46.000Z,21.37172902,-157.73996834,UAV 1,2,1:3001:2838,ENGAZ004,1:1:222:7:8:0:0,0,false,false,false,false,0
ENBTR80005,move to,LOC_중앙계곡,2026-08-09T09:11:46.000Z,21.37593661,-157.74074877,UAV 1,2,1:3001:2846,ENBTR80005,1:1:222:2:13:0:0,0,false,false,false,false,0
ENMIM001,none,,2026-08-09T09:11:46.000Z,21.37133095,-157.74174227,UAV 1,2,1:3001:2855,ENMIM001,1:1:225:28:2:0:0,0,false,false,false,false,0
ENCAESAR001,move to,LOC_적북측접근로,2026-08-09T09:11:46.000Z,21.37131523,-157.74166352,UAV 1,2,1:3001:2860,ENCAESAR001,1:1:71:4:0:0:0,0,false,false,false,false,0
ENMORT003,none,,2026-08-09T09:11:46.000Z,21.37463664,-157.73725624,UAV 1,2,1:3001:2865,ENMORT003,1:1:71:10:1:0:1,0,false,false,false,false,0
ENBTR60005,move to,LOC_중앙계곡,2026-08-09T09:11:46.000Z,21.37575064,-157.74081420,UAV 1,2,1:3001:2902,ENBTR60005,1:1:222:2:8:1:0,0,false,false,false,false,0
ENM35004,move to,LOC_적북측접근로,2026-08-09T09:11:46.000Z,21.37173646,-157.74009129,UAV 1,2,1:3001:2650,ENM35004,1:1:225:7:1:6:0,0,false,false,false,false,0
ENM35002,move to,LOC_적북측접근로,2026-08-09T09:11:46.000Z,21.37171719,-157.74017064,UAV 1,2,1:3001:2740,ENM35002,1:1:225:7:1:6:0,0,false,false,false,false,0
ENBTR80002,move to,LOC_중앙계곡,2026-08-09T09:11:46.000Z,21.37604070,-157.74077326,UAV 1,2,1:3001:2884,ENBTR80002,1:1:222:2:13:0:0,0,false,false,false,false,0
ENBTR80001,move to,LOC_중앙계곡,2026-08-09T09:11:46.000Z,21.37597258,-157.74079362,UAV 1,2,1:3001:2697,ENBTR80001,1:1:222:2:13:0:0,0,false,false,false,false,0
ENBTR60001,move to,LOC_중앙계곡,2026-08-09T09:11:46.000Z,21.37579033,-157.74086020,UAV 1,2,1:3001:2602,ENBTR60001,1:1:222:2:8:1:0,0,false,false,false,false,0
ENBTR60006,move to,LOC_중앙계곡,2026-08-09T09:11:46.000Z,21.37582300,-157.74079232,UAV 1,2,1:3001:2663,ENBTR60006,1:1:222:2:8:1:0,0,false,false,false,false,0
ENBTR60003,move to,LOC_중앙계곡,2026-08-09T09:11:46.000Z,21.37590179,-157.74081462,UAV 1,2,1:3001:2685,ENBTR60003,1:1:222:2:8:1:0,0,false,false,false,false,0
ENGAZ002,move to,LOC_적북측접근로,2026-08-09T09:11:46.000Z,21.37171313,-157.74003852,UAV 1,2,1:3001:2721,ENGAZ002,1:1:222:7:8:0:0,0,false,false,false,false,0
ENCAESAR002,move to,LOC_북측예비방어선,2026-08-09T09:11:47.000Z,21.37228768,-157.74035914,UAV 1,2,1:3001:2594,ENCAESAR002,1:1:71:4:0:0:0,0,false,false,false,false,0
ENMORT005,none,,2026-08-09T09:11:47.000Z,21.37457651,-157.73710572,UAV 1,2,1:3001:2607,ENMORT005,1:1:71:10:1:0:1,0,false,false,false,false,0
ENMORT004,none,,2026-08-09T09:11:47.000Z,21.37447596,-157.73706256,UAV 1,2,1:3001:2630,ENMORT004,1:1:71:10:1:0:1,0,false,false,false,false,0
ENBTR80004,move to,LOC_중앙계곡,2026-08-09T09:11:47.000Z,21.37588474,-157.74077057,UAV 1,2,1:3001:2679,ENBTR80004,1:1:222:2:13:0:0,0,false,false,false,false,0
ENCAESAR004,move to,LOC_북측예비방어선,2026-08-09T09:11:47.000Z,21.37275667,-157.74154432,UAV 1,2,1:3001:2698,ENCAESAR004,1:1:71:4:0:0:0,0,false,false,false,false,0
ENBTR80006,move to,LOC_중앙계곡,2026-08-09T09:11:47.000Z,21.37599783,-157.74072827,UAV 1,2,1:3001:2728,ENBTR80006,1:1:222:2:13:0:0,0,false,false,false,false,0
ENGAZ003,move to,LOC_적북측접근로,2026-08-09T09:11:47.000Z,21.37173262,-157.73986425,UAV 1,2,1:3001:2749,ENGAZ003,1:1:222:7:8:0:0,0,false,false,false,false,0
ENBTR80003,move to,LOC_중앙계곡,2026-08-09T09:11:47.000Z,21.37608697,-157.74075203,UAV 1,2,1:3001:2753,ENBTR80003,1:1:222:2:13:0:0,0,false,false,false,false,0
ENCAESAR003,move to,LOC_적북측접근로,2026-08-09T09:11:47.000Z,21.37110209,-157.74060771,UAV 1,2,1:3001:2782,ENCAESAR003,1:1:71:4:0:0:0,0,false,false,false,false,0
ENMORT001,none,,2026-08-09T09:11:47.000Z,21.37443553,-157.73716992,UAV 1,2,1:3001:2789,ENMORT001,1:1:71:10:1:0:1,0,false,false,false,false,0
ENBTR60008,move to,LOC_중앙계곡,2026-08-09T09:11:47.000Z,21.37567362,-157.74079152,UAV 1,2,1:3001:2826,ENBTR60008,1:1:222:2:8:1:0,0,false,false,false,false,0
ENBTR80007,move to,LOC_중앙계곡,2026-08-09T09:11:47.000Z,21.37580241,-157.74074721,UAV 1,2,1:3001:2828,ENBTR80007,1:1:222:2:13:0:0,0,false,false,false,false,0
ENMORT002,none,,2026-08-09T09:11:47.000Z,21.37453609,-157.73721308,UAV 1,2,1:3001:2834,ENMORT002,1:1:71:10:1:0:1,0,false,false,false,false,0
ENGAZ004,move to,LOC_적북측접근로,2026-08-09T09:11:47.000Z,21.37172902,-157.73996834,UAV 1,2,1:3001:2838,ENGAZ004,1:1:222:7:8:0:0,0,false,false,false,false,0
ENBTR80005,move to,LOC_중앙계곡,2026-08-09T09:11:47.000Z,21.37593661,-157.74074877,UAV 1,2,1:3001:2846,ENBTR80005,1:1:222:2:13:0:0,0,false,false,false,false,0
ENMIM001,none,,2026-08-09T09:11:47.000Z,21.37133095,-157.74174227,UAV 1,2,1:3001:2855,ENMIM001,1:1:225:28:2:0:0,0,false,false,false,false,0
ENCAESAR001,move to,LOC_적북측접근로,2026-08-09T09:11:47.000Z,21.37131523,-157.74166352,UAV 1,2,1:3001:2860,ENCAESAR001,1:1:71:4:0:0:0,0,false,false,false,false,0
ENMORT003,none,,2026-08-09T09:11:47.000Z,21.37463664,-157.73725624,UAV 1,2,1:3001:2865,ENMORT003,1:1:71:10:1:0:1,0,false,false,false,false,0
ENBTR60005,move to,LOC_중앙계곡,2026-08-09T09:11:47.000Z,21.37575064,-157.74081420,UAV 1,2,1:3001:2902,ENBTR60005,1:1:222:2:8:1:0,0,false,false,false,false,0
ENM35004,move to,LOC_적북측접근로,2026-08-09T09:11:47.000Z,21.37173646,-157.74009129,UAV 1,2,1:3001:2650,ENM35004,1:1:225:7:1:6:0,0,false,false,false,false,0
ENM35002,move to,LOC_적북측접근로,2026-08-09T09:11:47.000Z,21.37171719,-157.74017064,UAV 1,2,1:3001:2740,ENM35002,1:1:225:7:1:6:0,0,false,false,false,false,0
ENBTR80002,move to,LOC_중앙계곡,2026-08-09T09:11:47.000Z,21.37604070,-157.74077326,UAV 1,2,1:3001:2884,ENBTR80002,1:1:222:2:13:0:0,0,false,false,false,false,0
ENBTR80001,move to,LOC_중앙계곡,2026-08-09T09:11:47.000Z,21.37597258,-157.74079362,UAV 1,2,1:3001:2697,ENBTR80001,1:1:222:2:13:0:0,0,false,false,false,false,0
ENBTR60001,move to,LOC_중앙계곡,2026-08-09T09:11:47.000Z,21.37579033,-157.74086020,UAV 1,2,1:3001:2602,ENBTR60001,1:1:222:2:8:1:0,0,false,false,false,false,0
ENBTR60006,move to,LOC_중앙계곡,2026-08-09T09:11:47.000Z,21.37582300,-157.74079232,UAV 1,2,1:3001:2663,ENBTR60006,1:1:222:2:8:1:0,0,false,false,false,false,0
ENBTR60003,move to,LOC_중앙계곡,2026-08-09T09:11:47.000Z,21.37590179,-157.74081462,UAV 1,2,1:3001:2685,ENBTR60003,1:1:222:2:8:1:0,0,false,false,false,false,0
ENGAZ002,move to,LOC_적북측접근로,2026-08-09T09:11:47.000Z,21.37171313,-157.74003852,UAV 1,2,1:3001:2721,ENGAZ002,1:1:222:7:8:0:0,0,false,false,false,false,0
ENCAESAR002,move to,LOC_북측예비방어선,2026-08-09T09:11:49.000Z,21.37237075,-157.74056846,UAV 1,2,1:3001:2594,ENCAESAR002,1:1:71:4:0:0:0,0,false,false,false,false,0
ENMORT005,none,,2026-08-09T09:11:49.000Z,21.37457651,-157.73710572,UAV 1,2,1:3001:2607,ENMORT005,1:1:71:10:1:0:1,0,false,false,false,false,0
ENMORT004,none,,2026-08-09T09:11:49.000Z,21.37447596,-157.73706256,UAV 1,2,1:3001:2630,ENMORT004,1:1:71:10:1:0:1,0,false,false,false,false,0
ENBTR80004,move to,LOC_중앙계곡,2026-08-09T09:11:49.000Z,21.37608484,-157.74078380,UAV 1,2,1:3001:2679,ENBTR80004,1:1:222:2:13:0:0,0,false,false,false,false,0
ENCAESAR004,move to,LOC_북측예비방어선,2026-08-09T09:11:49.000Z,21.37283714,-157.74174663,UAV 1,2,1:3001:2698,ENCAESAR004,1:1:71:4:0:0:0,0,false,false,false,false,0
ENBTR80006,move to,LOC_중앙계곡,2026-08-09T09:11:49.000Z,21.37619656,-157.74074453,UAV 1,2,1:3001:2728,ENBTR80006,1:1:222:2:13:0:0,0,false,false,false,false,0
ENGAZ003,move to,LOC_적북측접근로,2026-08-09T09:11:49.000Z,21.37169001,-157.74006297,UAV 1,2,1:3001:2749,ENGAZ003,1:1:222:7:8:0:0,0,false,false,false,false,0
ENBTR80003,move to,LOC_중앙계곡,2026-08-09T09:11:49.000Z,21.37628743,-157.74076736,UAV 1,2,1:3001:2753,ENBTR80003,1:1:222:2:13:0:0,0,false,false,false,false,0
ENCAESAR003,move to,LOC_적북측접근로,2026-08-09T09:11:49.000Z,21.37114444,-157.74081779,UAV 1,2,1:3001:2782,ENCAESAR003,1:1:71:4:0:0:0,0,false,false,false,false,0
ENMORT001,none,,2026-08-09T09:11:49.000Z,21.37443553,-157.73716992,UAV 1,2,1:3001:2789,ENMORT001,1:1:71:10:1:0:1,0,false,false,false,false,0
ENBTR60008,move to,LOC_중앙계곡,2026-08-09T09:11:49.000Z,21.37587203,-157.74080267,UAV 1,2,1:3001:2826,ENBTR60008,1:1:222:2:8:1:0,0,false,false,false,false,0
ENBTR80007,move to,LOC_중앙계곡,2026-08-09T09:11:49.000Z,21.37600209,-157.74076148,UAV 1,2,1:3001:2828,ENBTR80007,1:1:222:2:13:0:0,0,false,false,false,false,0
ENMORT002,none,,2026-08-09T09:11:49.000Z,21.37453609,-157.73721308,UAV 1,2,1:3001:2834,ENMORT002,1:1:71:10:1:0:1,0,false,false,false,false,0
ENBTR80005,move to,LOC_중앙계곡,2026-08-09T09:11:49.000Z,21.37613642,-157.74076354,UAV 1,2,1:3001:2846,ENBTR80005,1:1:222:2:13:0:0,0,false,false,false,false,0
ENMORT003,none,,2026-08-09T09:11:49.000Z,21.37463664,-157.73725624,UAV 1,2,1:3001:2865,ENMORT003,1:1:71:10:1:0:1,0,false,false,false,false,0
ENBTR60005,move to,LOC_중앙계곡,2026-08-09T09:11:49.000Z,21.37594955,-157.74082430,UAV 1,2,1:3001:2902,ENBTR60005,1:1:222:2:8:1:0,0,false,false,false,false,0
ENM35004,move to,LOC_적북측접근로,2026-08-09T09:11:49.000Z,21.37169054,-157.74027777,UAV 1,2,1:3001:2650,ENM35004,1:1:225:7:1:6:0,0,false,false,false,false,0
ENM35002,move to,LOC_적북측접근로,2026-08-09T09:11:49.000Z,21.37166822,-157.74036934,UAV 1,2,1:3001:2740,ENM35002,1:1:225:7:1:6:0,0,false,false,false,false,0
ENBTR80002,move to,LOC_중앙계곡,2026-08-09T09:11:49.000Z,21.37623997,-157.74078692,UAV 1,2,1:3001:2884,ENBTR80002,1:1:222:2:13:0:0,0,false,false,false,false,0
ENBTR80001,move to,LOC_중앙계곡,2026-08-09T09:11:49.000Z,21.37617212,-157.74080574,UAV 1,2,1:3001:2697,ENBTR80001,1:1:222:2:13:0:0,0,false,false,false,false,0
ENBTR60001,move to,LOC_중앙계곡,2026-08-09T09:11:49.000Z,21.37599002,-157.74086774,UAV 1,2,1:3001:2602,ENBTR60001,1:1:222:2:8:1:0,0,false,false,false,false,0
ENBTR60006,move to,LOC_중앙계곡,2026-08-09T09:11:49.000Z,21.37602283,-157.74080399,UAV 1,2,1:3001:2663,ENBTR60006,1:1:222:2:8:1:0,0,false,false,false,false,0
ENBTR60003,move to,LOC_중앙계곡,2026-08-09T09:11:49.000Z,21.37610176,-157.74082522,UAV 1,2,1:3001:2685,ENBTR60003,1:1:222:2:8:1:0,0,false,false,false,false,0
ENCAESAR002,move to,LOC_북측예비방어선,2026-08-09T09:11:51.000Z,21.37243790,-157.74073766,UAV 1,2,1:3001:2594,ENCAESAR002,1:1:71:4:0:0:0,0,false,false,false,false,0
ENMORT005,none,,2026-08-09T09:11:51.000Z,21.37457651,-157.73710572,UAV 1,2,1:3001:2607,ENMORT005,1:1:71:10:1:0:1,0,false,false,false,false,0
ENMORT004,none,,2026-08-09T09:11:51.000Z,21.37447596,-157.73706256,UAV 1,2,1:3001:2630,ENMORT004,1:1:71:10:1:0:1,0,false,false,false,false,0
ENBTR80004,move to,LOC_중앙계곡,2026-08-09T09:11:51.000Z,21.37626380,-157.74079564,UAV 1,2,1:3001:2679,ENBTR80004,1:1:222:2:13:0:0,0,false,false,false,false,0
ENCAESAR004,move to,LOC_북측예비방어선,2026-08-09T09:11:51.000Z,21.37290481,-157.74191675,UAV 1,2,1:3001:2698,ENCAESAR004,1:1:71:4:0:0:0,0,false,false,false,false,0
ENBTR80006,move to,LOC_중앙계곡,2026-08-09T09:11:51.000Z,21.37637460,-157.74075910,UAV 1,2,1:3001:2728,ENBTR80006,1:1:222:2:13:0:0,0,false,false,false,false,0
ENGAZ003,move to,LOC_적북측접근로,2026-08-09T09:11:51.000Z,21.37166980,-157.74015726,UAV 1,2,1:3001:2749,ENGAZ003,1:1:222:7:8:0:0,0,false,false,false,false,0
ENBTR80003,move to,LOC_중앙계곡,2026-08-09T09:11:51.000Z,21.37646375,-157.74078085,UAV 1,2,1:3001:2753,ENBTR80003,1:1:222:2:13:0:0,0,false,false,false,false,0
ENCAESAR003,move to,LOC_적북측접근로,2026-08-09T09:11:51.000Z,21.37118380,-157.74101303,UAV 1,2,1:3001:2782,ENCAESAR003,1:1:71:4:0:0:0,0,false,false,false,false,0
ENMORT001,none,,2026-08-09T09:11:51.000Z,21.37443553,-157.73716992,UAV 1,2,1:3001:2789,ENMORT001,1:1:71:10:1:0:1,0,false,false,false,false,0
ENBTR60008,move to,LOC_중앙계곡,2026-08-09T09:11:51.000Z,21.37605171,-157.74081275,UAV 1,2,1:3001:2826,ENBTR60008,1:1:222:2:8:1:0,0,false,false,false,false,0
ENBTR80007,move to,LOC_중앙계곡,2026-08-09T09:11:51.000Z,21.37618068,-157.74077424,UAV 1,2,1:3001:2828,ENBTR80007,1:1:222:2:13:0:0,0,false,false,false,false,0
ENMORT002,none,,2026-08-09T09:11:51.000Z,21.37453609,-157.73721308,UAV 1,2,1:3001:2834,ENMORT002,1:1:71:10:1:0:1,0,false,false,false,false,0
ENBTR80005,move to,LOC_중앙계곡,2026-08-09T09:11:51.000Z,21.37631476,-157.74077673,UAV 1,2,1:3001:2846,ENBTR80005,1:1:222:2:13:0:0,0,false,false,false,false,0
ENMORT003,none,,2026-08-09T09:11:51.000Z,21.37463664,-157.73725624,UAV 1,2,1:3001:2865,ENMORT003,1:1:71:10:1:0:1,0,false,false,false,false,0
ENBTR60005,move to,LOC_중앙계곡,2026-08-09T09:11:51.000Z,21.37612883,-157.74083340,UAV 1,2,1:3001:2902,ENBTR60005,1:1:222:2:8:1:0,0,false,false,false,false,0
ENM35004,move to,LOC_적북측접근로,2026-08-09T09:11:51.000Z,21.37164357,-157.74046852,UAV 1,2,1:3001:2650,ENM35004,1:1:225:7:1:6:0,0,false,false,false,false,0
ENBTR80002,move to,LOC_중앙계곡,2026-08-09T09:11:51.000Z,21.37641754,-157.74079910,UAV 1,2,1:3001:2884,ENBTR80002,1:1:222:2:13:0:0,0,false,false,false,false,0
ENBTR80001,move to,LOC_중앙계곡,2026-08-09T09:11:51.000Z,21.37635056,-157.74081658,UAV 1,2,1:3001:2697,ENBTR80001,1:1:222:2:13:0:0,0,false,false,false,false,0
ENBTR60006,move to,LOC_중앙계곡,2026-08-09T09:11:51.000Z,21.37620166,-157.74081444,UAV 1,2,1:3001:2663,ENBTR60006,1:1:222:2:8:1:0,0,false,false,false,false,0
ENBTR60003,move to,LOC_중앙계곡,2026-08-09T09:11:51.000Z,21.37628073,-157.74083471,UAV 1,2,1:3001:2685,ENBTR60003,1:1:222:2:8:1:0,0,false,false,false,false,0
ENGAZ004,move to,LOC_적북측접근로,2026-08-09T09:11:51.000Z,21.37165868,-157.74028099,UAV 1,2,1:3001:2838,ENGAZ004,1:1:222:7:8:0:0,0,false,false,false,false,0
ENCAESAR002,move to,LOC_북측예비방어선,2026-08-09T09:11:52.000Z,21.37251135,-157.74092271,UAV 1,2,1:3001:2594,ENCAESAR002,1:1:71:4:0:0:0,0,false,false,false,false,0
ENMORT005,none,,2026-08-09T09:11:52.000Z,21.37457651,-157.73710572,UAV 1,2,1:3001:2607,ENMORT005,1:1:71:10:1:0:1,0,false,false,false,false,0
ENMORT004,none,,2026-08-09T09:11:52.000Z,21.37447596,-157.73706256,UAV 1,2,1:3001:2630,ENMORT004,1:1:71:10:1:0:1,0,false,false,false,false,0
ENBTR80004,move to,LOC_중앙계곡,2026-08-09T09:11:52.000Z,21.37644587,-157.74080768,UAV 1,2,1:3001:2679,ENBTR80004,1:1:222:2:13:0:0,0,false,false,false,false,0
ENCAESAR004,move to,LOC_북측예비방어선,2026-08-09T09:11:52.000Z,21.37297696,-157.74209816,UAV 1,2,1:3001:2698,ENCAESAR004,1:1:71:4:0:0:0,0,false,false,false,false,0
ENBTR80006,move to,LOC_중앙계곡,2026-08-09T09:11:52.000Z,21.37655731,-157.74077405,UAV 1,2,1:3001:2728,ENBTR80006,1:1:222:2:13:0:0,0,false,false,false,false,0
ENGAZ003,move to,LOC_적북측접근로,2026-08-09T09:11:52.000Z,21.37163895,-157.74030115,UAV 1,2,1:3001:2749,ENGAZ003,1:1:222:7:8:0:0,0,false,false,false,false,0
ENBTR80003,move to,LOC_중앙계곡,2026-08-09T09:11:52.000Z,21.37664799,-157.74079494,UAV 1,2,1:3001:2753,ENBTR80003,1:1:222:2:13:0:0,0,false,false,false,false,0
ENCAESAR003,move to,LOC_적북측접근로,2026-08-09T09:11:52.000Z,21.37122284,-157.74120671,UAV 1,2,1:3001:2782,ENCAESAR003,1:1:71:4:0:0:0,0,false,false,false,false,0
ENMORT001,none,,2026-08-09T09:11:52.000Z,21.37443553,-157.73716992,UAV 1,2,1:3001:2789,ENMORT001,1:1:71:10:1:0:1,0,false,false,false,false,0
ENBTR60008,move to,LOC_중앙계곡,2026-08-09T09:11:52.000Z,21.37623485,-157.74082304,UAV 1,2,1:3001:2826,ENBTR60008,1:1:222:2:8:1:0,0,false,false,false,false,0
ENBTR80007,move to,LOC_중앙계곡,2026-08-09T09:11:52.000Z,21.37636359,-157.74078731,UAV 1,2,1:3001:2828,ENBTR80007,1:1:222:2:13:0:0,0,false,false,false,false,0
ENMORT002,none,,2026-08-09T09:11:52.000Z,21.37453609,-157.73721308,UAV 1,2,1:3001:2834,ENMORT002,1:1:71:10:1:0:1,0,false,false,false,false,0
ENBTR80005,move to,LOC_중앙계곡,2026-08-09T09:11:52.000Z,21.37649706,-157.74079021,UAV 1,2,1:3001:2846,ENBTR80005,1:1:222:2:13:0:0,0,false,false,false,false,0
ENMORT003,none,,2026-08-09T09:11:52.000Z,21.37463664,-157.73725624,UAV 1,2,1:3001:2865,ENMORT003,1:1:71:10:1:0:1,0,false,false,false,false,0
ENBTR60005,move to,LOC_중앙계곡,2026-08-09T09:11:52.000Z,21.37631214,-157.74084271,UAV 1,2,1:3001:2902,ENBTR60005,1:1:222:2:8:1:0,0,false,false,false,false,0
ENBTR80002,move to,LOC_중앙계곡,2026-08-09T09:11:52.000Z,21.37660096,-157.74081168,UAV 1,2,1:3001:2884,ENBTR80002,1:1:222:2:13:0:0,0,false,false,false,false,0
ENBTR80001,move to,LOC_중앙계곡,2026-08-09T09:11:52.000Z,21.37653334,-157.74082768,UAV 1,2,1:3001:2697,ENBTR80001,1:1:222:2:13:0:0,0,false,false,false,false,0
ENBTR60006,move to,LOC_중앙계곡,2026-08-09T09:11:52.000Z,21.37638456,-157.74082512,UAV 1,2,1:3001:2663,ENBTR60006,1:1:222:2:8:1:0,0,false,false,false,false,0
ENGAZ004,move to,LOC_적북측접근로,2026-08-09T09:11:52.000Z,21.37161331,-157.74048267,UAV 1,2,1:3001:2838,ENGAZ004,1:1:222:7:8:0:0,0,false,false,false,false,0
ENGAZ001,move to,LOC_적북측접근로,2026-08-09T09:11:52.000Z,21.37162699,-157.74035577,UAV 1,2,1:3001:2654,ENGAZ001,1:1:222:7:8:0:0,0,false,false,false,false,0
ENCAESAR002,move to,LOC_북측예비방어선,2026-08-09T09:11:53.000Z,21.37251135,-157.74092271,UAV 1,2,1:3001:2594,ENCAESAR002,1:1:71:4:0:0:0,0,false,false,false,false,0
ENMORT005,none,,2026-08-09T09:11:53.000Z,21.37457651,-157.73710572,UAV 1,2,1:3001:2607,ENMORT005,1:1:71:10:1:0:1,0,false,false,false,false,0
ENMORT004,none,,2026-08-09T09:11:53.000Z,21.37447596,-157.73706256,UAV 1,2,1:3001:2630,ENMORT004,1:1:71:10:1:0:1,0,false,false,false,false,0
ENBTR80004,move to,LOC_중앙계곡,2026-08-09T09:11:53.000Z,21.37644587,-157.74080768,UAV 1,2,1:3001:2679,ENBTR80004,1:1:222:2:13:0:0,0,false,false,false,false,0
ENCAESAR004,move to,LOC_북측예비방어선,2026-08-09T09:11:53.000Z,21.37297696,-157.74209816,UAV 1,2,1:3001:2698,ENCAESAR004,1:1:71:4:0:0:0,0,false,false,false,false,0
ENBTR80006,move to,LOC_중앙계곡,2026-08-09T09:11:53.000Z,21.37655731,-157.74077405,UAV 1,2,1:3001:2728,ENBTR80006,1:1:222:2:13:0:0,0,false,false,false,false,0
ENGAZ003,move to,LOC_적북측접근로,2026-08-09T09:11:53.000Z,21.37163895,-157.74030115,UAV 1,2,1:3001:2749,ENGAZ003,1:1:222:7:8:0:0,0,false,false,false,false,0
ENBTR80003,move to,LOC_중앙계곡,2026-08-09T09:11:53.000Z,21.37664799,-157.74079494,UAV 1,2,1:3001:2753,ENBTR80003,1:1:222:2:13:0:0,0,false,false,false,false,0
ENCAESAR003,move to,LOC_적북측접근로,2026-08-09T09:11:53.000Z,21.37122284,-157.74120671,UAV 1,2,1:3001:2782,ENCAESAR003,1:1:71:4:0:0:0,0,false,false,false,false,0
ENMORT001,none,,2026-08-09T09:11:53.000Z,21.37443553,-157.73716992,UAV 1,2,1:3001:2789,ENMORT001,1:1:71:10:1:0:1,0,false,false,false,false,0
ENBTR60008,move to,LOC_중앙계곡,2026-08-09T09:11:53.000Z,21.37623485,-157.74082304,UAV 1,2,1:3001:2826,ENBTR60008,1:1:222:2:8:1:0,0,false,false,false,false,0
ENBTR80007,move to,LOC_중앙계곡,2026-08-09T09:11:53.000Z,21.37636359,-157.74078731,UAV 1,2,1:3001:2828,ENBTR80007,1:1:222:2:13:0:0,0,false,false,false,false,0
ENMORT002,none,,2026-08-09T09:11:53.000Z,21.37453609,-157.73721308,UAV 1,2,1:3001:2834,ENMORT002,1:1:71:10:1:0:1,0,false,false,false,false,0
ENBTR80005,move to,LOC_중앙계곡,2026-08-09T09:11:53.000Z,21.37649706,-157.74079021,UAV 1,2,1:3001:2846,ENBTR80005,1:1:222:2:13:0:0,0,false,false,false,false,0
ENMORT003,none,,2026-08-09T09:11:53.000Z,21.37463664,-157.73725624,UAV 1,2,1:3001:2865,ENMORT003,1:1:71:10:1:0:1,0,false,false,false,false,0
ENBTR60005,move to,LOC_중앙계곡,2026-08-09T09:11:53.000Z,21.37631214,-157.74084271,UAV 1,2,1:3001:2902,ENBTR60005,1:1:222:2:8:1:0,0,false,false,false,false,0
ENBTR80002,move to,LOC_중앙계곡,2026-08-09T09:11:53.000Z,21.37660096,-157.74081168,UAV 1,2,1:3001:2884,ENBTR80002,1:1:222:2:13:0:0,0,false,false,false,false,0
ENBTR80001,move to,LOC_중앙계곡,2026-08-09T09:11:53.000Z,21.37653334,-157.74082768,UAV 1,2,1:3001:2697,ENBTR80001,1:1:222:2:13:0:0,0,false,false,false,false,0
ENBTR60006,move to,LOC_중앙계곡,2026-08-09T09:11:53.000Z,21.37638456,-157.74082512,UAV 1,2,1:3001:2663,ENBTR60006,1:1:222:2:8:1:0,0,false,false,false,false,0
ENGAZ004,move to,LOC_적북측접근로,2026-08-09T09:11:53.000Z,21.37161331,-157.74048267,UAV 1,2,1:3001:2838,ENGAZ004,1:1:222:7:8:0:0,0,false,false,false,false,0
ENGAZ001,move to,LOC_적북측접근로,2026-08-09T09:11:53.000Z,21.37162699,-157.74035577,UAV 1,2,1:3001:2654,ENGAZ001,1:1:222:7:8:0:0,0,false,false,false,false,0
ENCAESAR002,move to,LOC_북측예비방어선,2026-08-09T09:11:54.000Z,21.37257391,-157.74108035,UAV 1,2,1:3001:2594,ENCAESAR002,1:1:71:4:0:0:0,0,false,false,false,false,0
ENMORT005,none,,2026-08-09T09:11:54.000Z,21.37457651,-157.73710572,UAV 1,2,1:3001:2607,ENMORT005,1:1:71:10:1:0:1,0,false,false,false,false,0
ENMORT004,none,,2026-08-09T09:11:54.000Z,21.37447596,-157.73706256,UAV 1,2,1:3001:2630,ENMORT004,1:1:71:10:1:0:1,0,false,false,false,false,0
ENBTR80004,move to,LOC_중앙계곡,2026-08-09T09:11:54.000Z,21.37661401,-157.74081880,UAV 1,2,1:3001:2679,ENBTR80004,1:1:222:2:13:0:0,0,false,false,false,false,0
ENCAESAR004,move to,LOC_북측예비방어선,2026-08-09T09:11:54.000Z,21.37304156,-157.74226056,UAV 1,2,1:3001:2698,ENCAESAR004,1:1:71:4:0:0:0,0,false,false,false,false,0
ENBTR80006,move to,LOC_중앙계곡,2026-08-09T09:11:54.000Z,21.37672479,-157.74078775,UAV 1,2,1:3001:2728,ENBTR80006,1:1:222:2:13:0:0,0,false,false,false,false,0
ENGAZ003,move to,LOC_적북측접근로,2026-08-09T09:11:54.000Z,21.37159980,-157.74048373,UAV 1,2,1:3001:2749,ENGAZ003,1:1:222:7:8:0:0,0,false,false,false,false,0
ENBTR80003,move to,LOC_중앙계곡,2026-08-09T09:11:54.000Z,21.37681547,-157.74080775,UAV 1,2,1:3001:2753,ENBTR80003,1:1:222:2:13:0:0,0,false,false,false,false,0
ENCAESAR003,move to,LOC_적북측접근로,2026-08-09T09:11:54.000Z,21.37125766,-157.74137942,UAV 1,2,1:3001:2782,ENCAESAR003,1:1:71:4:0:0:0,0,false,false,false,false,0
ENMORT001,none,,2026-08-09T09:11:54.000Z,21.37443553,-157.73716992,UAV 1,2,1:3001:2789,ENMORT001,1:1:71:10:1:0:1,0,false,false,false,false,0
ENBTR60008,move to,LOC_중앙계곡,2026-08-09T09:11:54.000Z,21.37640283,-157.74083247,UAV 1,2,1:3001:2826,ENBTR60008,1:1:222:2:8:1:0,0,false,false,false,false,0
ENBTR80007,move to,LOC_중앙계곡,2026-08-09T09:11:54.000Z,21.37653159,-157.74079931,UAV 1,2,1:3001:2828,ENBTR80007,1:1:222:2:13:0:0,0,false,false,false,false,0
ENMORT002,none,,2026-08-09T09:11:54.000Z,21.37453609,-157.73721308,UAV 1,2,1:3001:2834,ENMORT002,1:1:71:10:1:0:1,0,false,false,false,false,0
ENBTR80005,move to,LOC_중앙계곡,2026-08-09T09:11:54.000Z,21.37666496,-157.74080262,UAV 1,2,1:3001:2846,ENBTR80005,1:1:222:2:13:0:0,0,false,false,false,false,0
ENMORT003,none,,2026-08-09T09:11:54.000Z,21.37463664,-157.73725624,UAV 1,2,1:3001:2865,ENMORT003,1:1:71:10:1:0:1,0,false,false,false,false,0
ENBTR60005,move to,LOC_중앙계곡,2026-08-09T09:11:54.000Z,21.37648020,-157.74085125,UAV 1,2,1:3001:2902,ENBTR60005,1:1:222:2:8:1:0,0,false,false,false,false,0
ENBTR80001,move to,LOC_중앙계곡,2026-08-09T09:11:54.000Z,21.37670115,-157.74083787,UAV 1,2,1:3001:2697,ENBTR80001,1:1:222:2:13:0:0,0,false,false,false,false,0
ENGAZ004,move to,LOC_적북측접근로,2026-08-09T09:11:54.000Z,21.37157483,-157.74065371,UAV 1,2,1:3001:2838,ENGAZ004,1:1:222:7:8:0:0,0,false,false,false,false,0
ENGAZ001,move to,LOC_적북측접근로,2026-08-09T09:11:54.000Z,21.37158719,-157.74054157,UAV 1,2,1:3001:2654,ENGAZ001,1:1:222:7:8:0:0,0,false,false,false,false,0
ENCAESAR002,move to,LOC_북측예비방어선,2026-08-09T09:11:56.000Z,21.37265042,-157.74127312,UAV 1,2,1:3001:2594,ENCAESAR002,1:1:71:4:0:0:0,0,false,false,false,false,0
ENMORT005,none,,2026-08-09T09:11:56.000Z,21.37457651,-157.73710572,UAV 1,2,1:3001:2607,ENMORT005,1:1:71:10:1:0:1,0,false,false,false,false,0
ENMORT004,none,,2026-08-09T09:11:56.000Z,21.37447596,-157.73706256,UAV 1,2,1:3001:2630,ENMORT004,1:1:71:10:1:0:1,0,false,false,false,false,0
ENBTR80004,move to,LOC_중앙계곡,2026-08-09T09:11:56.000Z,21.37681159,-157.74083186,UAV 1,2,1:3001:2679,ENBTR80004,1:1:222:2:13:0:0,0,false,false,false,false,0
ENCAESAR004,move to,LOC_북측예비방어선,2026-08-09T09:11:56.000Z,21.37311904,-157.74245534,UAV 1,2,1:3001:2698,ENCAESAR004,1:1:71:4:0:0:0,0,false,false,false,false,0
ENBTR80006,move to,LOC_중앙계곡,2026-08-09T09:11:56.000Z,21.37692239,-157.74080392,UAV 1,2,1:3001:2728,ENBTR80006,1:1:222:2:13:0:0,0,false,false,false,false,0
ENGAZ003,move to,LOC_적북측접근로,2026-08-09T09:11:56.000Z,21.37155560,-157.74068988,UAV 1,2,1:3001:2749,ENGAZ003,1:1:222:7:8:0:0,0,false,false,false,false,0
ENBTR80003,move to,LOC_중앙계곡,2026-08-09T09:11:56.000Z,21.37701343,-157.74082289,UAV 1,2,1:3001:2753,ENBTR80003,1:1:222:2:13:0:0,0,false,false,false,false,0
ENCAESAR003,move to,LOC_적북측접근로,2026-08-09T09:11:56.000Z,21.37129507,-157.74156498,UAV 1,2,1:3001:2782,ENCAESAR003,1:1:71:4:0:0:0,0,false,false,false,false,0
ENMORT001,none,,2026-08-09T09:11:56.000Z,21.37443553,-157.73716992,UAV 1,2,1:3001:2789,ENMORT001,1:1:71:10:1:0:1,0,false,false,false,false,0
ENBTR60008,move to,LOC_중앙계곡,2026-08-09T09:11:56.000Z,21.37660049,-157.74084357,UAV 1,2,1:3001:2826,ENBTR60008,1:1:222:2:8:1:0,0,false,false,false,false,0
ENBTR80007,move to,LOC_중앙계곡,2026-08-09T09:11:56.000Z,21.37672901,-157.74081342,UAV 1,2,1:3001:2828,ENBTR80007,1:1:222:2:13:0:0,0,false,false,false,false,0
ENMORT002,none,,2026-08-09T09:11:56.000Z,21.37453609,-157.73721308,UAV 1,2,1:3001:2834,ENMORT002,1:1:71:10:1:0:1,0,false,false,false,false,0
ENBTR80005,move to,LOC_중앙계곡,2026-08-09T09:11:56.000Z,21.37686247,-157.74081722,UAV 1,2,1:3001:2846,ENBTR80005,1:1:222:2:13:0:0,0,false,false,false,false,0
ENMORT003,none,,2026-08-09T09:11:56.000Z,21.37463664,-157.73725624,UAV 1,2,1:3001:2865,ENMORT003,1:1:71:10:1:0:1,0,false,false,false,false,0
ENBTR60005,move to,LOC_중앙계곡,2026-08-09T09:11:56.000Z,21.37667774,-157.74086128,UAV 1,2,1:3001:2902,ENBTR60005,1:1:222:2:8:1:0,0,false,false,false,false,0
ENBTR80001,move to,LOC_중앙계곡,2026-08-09T09:11:56.000Z,21.37689906,-157.74084989,UAV 1,2,1:3001:2697,ENBTR80001,1:1:222:2:13:0:0,0,false,false,false,false,0
ENGAZ004,move to,LOC_적북측접근로,2026-08-09T09:11:56.000Z,21.37152725,-157.74086517,UAV 1,2,1:3001:2838,ENGAZ004,1:1:222:7:8:0:0,0,false,false,false,false,0
ENGAZ001,move to,LOC_적북측접근로,2026-08-09T09:11:56.000Z,21.37154328,-157.74074652,UAV 1,2,1:3001:2654,ENGAZ001,1:1:222:7:8:0:0,0,false,false,false,false,0
ENCAESAR002,move to,LOC_북측예비방어선,2026-08-09T09:11:57.000Z,21.37265042,-157.74127312,UAV 1,2,1:3001:2594,ENCAESAR002,1:1:71:4:0:0:0,0,false,false,false,false,0
ENMORT005,none,,2026-08-09T09:11:57.000Z,21.37457651,-157.73710572,UAV 1,2,1:3001:2607,ENMORT005,1:1:71:10:1:0:1,0,false,false,false,false,0
ENMORT004,none,,2026-08-09T09:11:57.000Z,21.37447596,-157.73706256,UAV 1,2,1:3001:2630,ENMORT004,1:1:71:10:1:0:1,0,false,false,false,false,0
ENBTR80004,move to,LOC_중앙계곡,2026-08-09T09:11:57.000Z,21.37681159,-157.74083186,UAV 1,2,1:3001:2679,ENBTR80004,1:1:222:2:13:0:0,0,false,false,false,false,0
ENCAESAR004,move to,LOC_북측예비방어선,2026-08-09T09:11:57.000Z,21.37311904,-157.74245534,UAV 1,2,1:3001:2698,ENCAESAR004,1:1:71:4:0:0:0,0,false,false,false,false,0
ENBTR80006,move to,LOC_중앙계곡,2026-08-09T09:11:57.000Z,21.37692239,-157.74080392,UAV 1,2,1:3001:2728,ENBTR80006,1:1:222:2:13:0:0,0,false,false,false,false,0
ENGAZ003,move to,LOC_적북측접근로,2026-08-09T09:11:57.000Z,21.37155560,-157.74068988,UAV 1,2,1:3001:2749,ENGAZ003,1:1:222:7:8:0:0,0,false,false,false,false,0
ENBTR80003,move to,LOC_중앙계곡,2026-08-09T09:11:57.000Z,21.37701343,-157.74082289,UAV 1,2,1:3001:2753,ENBTR80003,1:1:222:2:13:0:0,0,false,false,false,false,0
ENCAESAR003,move to,LOC_적북측접근로,2026-08-09T09:11:57.000Z,21.37129507,-157.74156498,UAV 1,2,1:3001:2782,ENCAESAR003,1:1:71:4:0:0:0,0,false,false,false,false,0
ENMORT001,none,,2026-08-09T09:11:57.000Z,21.37443553,-157.73716992,UAV 1,2,1:3001:2789,ENMORT001,1:1:71:10:1:0:1,0,false,false,false,false,0
ENBTR60008,move to,LOC_중앙계곡,2026-08-09T09:11:57.000Z,21.37660049,-157.74084357,UAV 1,2,1:3001:2826,ENBTR60008,1:1:222:2:8:1:0,0,false,false,false,false,0
ENBTR80007,move to,LOC_중앙계곡,2026-08-09T09:11:57.000Z,21.37672901,-157.74081342,UAV 1,2,1:3001:2828,ENBTR80007,1:1:222:2:13:0:0,0,false,false,false,false,0
ENMORT002,none,,2026-08-09T09:11:57.000Z,21.37453609,-157.73721308,UAV 1,2,1:3001:2834,ENMORT002,1:1:71:10:1:0:1,0,false,false,false,false,0
ENBTR80005,move to,LOC_중앙계곡,2026-08-09T09:11:57.000Z,21.37686247,-157.74081722,UAV 1,2,1:3001:2846,ENBTR80005,1:1:222:2:13:0:0,0,false,false,false,false,0
ENMORT003,none,,2026-08-09T09:11:57.000Z,21.37463664,-157.73725624,UAV 1,2,1:3001:2865,ENMORT003,1:1:71:10:1:0:1,0,false,false,false,false,0
ENBTR60005,move to,LOC_중앙계곡,2026-08-09T09:11:57.000Z,21.37667774,-157.74086128,UAV 1,2,1:3001:2902,ENBTR60005,1:1:222:2:8:1:0,0,false,false,false,false,0
ENBTR80001,move to,LOC_중앙계곡,2026-08-09T09:11:57.000Z,21.37689906,-157.74084989,UAV 1,2,1:3001:2697,ENBTR80001,1:1:222:2:13:0:0,0,false,false,false,false,0
ENGAZ004,move to,LOC_적북측접근로,2026-08-09T09:11:57.000Z,21.37152725,-157.74086517,UAV 1,2,1:3001:2838,ENGAZ004,1:1:222:7:8:0:0,0,false,false,false,false,0
ENGAZ001,move to,LOC_적북측접근로,2026-08-09T09:11:57.000Z,21.37154328,-157.74074652,UAV 1,2,1:3001:2654,ENGAZ001,1:1:222:7:8:0:0,0,false,false,false,false,0
ENCAESAR002,move to,LOC_북측예비방어선,2026-08-09T09:11:58.000Z,21.37271945,-157.74144708,UAV 1,2,1:3001:2594,ENCAESAR002,1:1:71:4:0:0:0,0,false,false,false,false,0
ENMORT005,none,,2026-08-09T09:11:58.000Z,21.37457651,-157.73710572,UAV 1,2,1:3001:2607,ENMORT005,1:1:71:10:1:0:1,0,false,false,false,false,0
ENMORT004,none,,2026-08-09T09:11:58.000Z,21.37447596,-157.73706256,UAV 1,2,1:3001:2630,ENMORT004,1:1:71:10:1:0:1,0,false,false,false,false,0
ENBTR80004,move to,LOC_중앙계곡,2026-08-09T09:11:58.000Z,21.37698239,-157.74084316,UAV 1,2,1:3001:2679,ENBTR80004,1:1:222:2:13:0:0,0,false,false,false,false,0
ENCAESAR004,move to,LOC_북측예비방어선,2026-08-09T09:11:58.000Z,21.37318456,-157.74262008,UAV 1,2,1:3001:2698,ENCAESAR004,1:1:71:4:0:0:0,0,false,false,false,false,0
ENBTR80006,move to,LOC_중앙계곡,2026-08-09T09:11:58.000Z,21.37709331,-157.74081790,UAV 1,2,1:3001:2728,ENBTR80006,1:1:222:2:13:0:0,0,false,false,false,false,0
ENGAZ003,move to,LOC_적북측접근로,2026-08-09T09:11:58.000Z,21.37151633,-157.74087303,UAV 1,2,1:3001:2749,ENGAZ003,1:1:222:7:8:0:0,0,false,false,false,false,0
ENBTR80003,move to,LOC_중앙계곡,2026-08-09T09:11:58.000Z,21.37718441,-157.74083597,UAV 1,2,1:3001:2753,ENBTR80003,1:1:222:2:13:0:0,0,false,false,false,false,0
ENCAESAR003,move to,LOC_적북측접근로,2026-08-09T09:11:58.000Z,21.37129901,-157.74158457,UAV 1,2,1:3001:2782,ENCAESAR003,1:1:71:4:0:0:0,0,false,false,false,false,0
ENMORT001,none,,2026-08-09T09:11:58.000Z,21.37443553,-157.73716992,UAV 1,2,1:3001:2789,ENMORT001,1:1:71:10:1:0:1,0,false,false,false,false,0
ENBTR60008,move to,LOC_중앙계곡,2026-08-09T09:11:58.000Z,21.37677093,-157.74085314,UAV 1,2,1:3001:2826,ENBTR60008,1:1:222:2:8:1:0,0,false,false,false,false,0
ENBTR80007,move to,LOC_중앙계곡,2026-08-09T09:11:58.000Z,21.37689955,-157.74082560,UAV 1,2,1:3001:2828,ENBTR80007,1:1:222:2:13:0:0,0,false,false,false,false,0
ENMORT002,none,,2026-08-09T09:11:58.000Z,21.37453609,-157.73721308,UAV 1,2,1:3001:2834,ENMORT002,1:1:71:10:1:0:1,0,false,false,false,false,0
ENBTR80005,move to,LOC_중앙계곡,2026-08-09T09:11:58.000Z,21.37703345,-157.74082986,UAV 1,2,1:3001:2846,ENBTR80005,1:1:222:2:13:0:0,0,false,false,false,false,0
ENMORT003,none,,2026-08-09T09:11:58.000Z,21.37463664,-157.73725624,UAV 1,2,1:3001:2865,ENMORT003,1:1:71:10:1:0:1,0,false,false,false,false,0
ENBTR60005,move to,LOC_중앙계곡,2026-08-09T09:11:58.000Z,21.37684857,-157.74086995,UAV 1,2,1:3001:2902,ENBTR60005,1:1:222:2:8:1:0,0,false,false,false,false,0
ENBTR80001,move to,LOC_중앙계곡,2026-08-09T09:11:58.000Z,21.37707013,-157.74086029,UAV 1,2,1:3001:2697,ENBTR80001,1:1:222:2:13:0:0,0,false,false,false,false,0
ENGAZ001,move to,LOC_적북측접근로,2026-08-09T09:11:58.000Z,21.37150406,-157.74092958,UAV 1,2,1:3001:2654,ENGAZ001,1:1:222:7:8:0:0,0,false,false,false,false,0
ENCAESAR002,move to,LOC_북측예비방어선,2026-08-09T09:11:59.000Z,21.37278775,-157.74161917,UAV 1,2,1:3001:2594,ENCAESAR002,1:1:71:4:0:0:0,0,false,false,false,false,0
ENMORT005,none,,2026-08-09T09:11:59.000Z,21.37457651,-157.73710572,UAV 1,2,1:3001:2607,ENMORT005,1:1:71:10:1:0:1,0,false,false,false,false,0
ENMORT004,none,,2026-08-09T09:11:59.000Z,21.37447596,-157.73706256,UAV 1,2,1:3001:2630,ENMORT004,1:1:71:10:1:0:1,0,false,false,false,false,0
ENBTR80004,move to,LOC_중앙계곡,2026-08-09T09:11:59.000Z,21.37716070,-157.74085495,UAV 1,2,1:3001:2679,ENBTR80004,1:1:222:2:13:0:0,0,false,false,false,false,0
ENCAESAR004,move to,LOC_북측예비방어선,2026-08-09T09:11:59.000Z,21.37325506,-157.74279731,UAV 1,2,1:3001:2698,ENCAESAR004,1:1:71:4:0:0:0,0,false,false,false,false,0
ENBTR80006,move to,LOC_중앙계곡,2026-08-09T09:11:59.000Z,21.37727150,-157.74083248,UAV 1,2,1:3001:2728,ENBTR80006,1:1:222:2:13:0:0,0,false,false,false,false,0
ENGAZ003,move to,LOC_적북측접근로,2026-08-09T09:11:59.000Z,21.37148295,-157.74102872,UAV 1,2,1:3001:2749,ENGAZ003,1:1:222:7:8:0:0,0,false,false,false,false,0
ENBTR80003,move to,LOC_중앙계곡,2026-08-09T09:11:59.000Z,21.37736242,-157.74084958,UAV 1,2,1:3001:2753,ENBTR80003,1:1:222:2:13:0:0,0,false,false,false,false,0
ENCAESAR003,move to,LOC_적북측접근로,2026-08-09T09:11:59.000Z,21.37130724,-157.74162554,UAV 1,2,1:3001:2782,ENCAESAR003,1:1:71:4:0:0:0,0,false,false,false,false,0
ENMORT001,none,,2026-08-09T09:11:59.000Z,21.37443553,-157.73716992,UAV 1,2,1:3001:2789,ENMORT001,1:1:71:10:1:0:1,0,false,false,false,false,0
ENBTR60008,move to,LOC_중앙계곡,2026-08-09T09:11:59.000Z,21.37694913,-157.74086314,UAV 1,2,1:3001:2826,ENBTR60008,1:1:222:2:8:1:0,0,false,false,false,false,0
ENBTR80007,move to,LOC_중앙계곡,2026-08-09T09:11:59.000Z,21.37707794,-157.74083835,UAV 1,2,1:3001:2828,ENBTR80007,1:1:222:2:13:0:0,0,false,false,false,false,0
ENMORT002,none,,2026-08-09T09:11:59.000Z,21.37453609,-157.73721308,UAV 1,2,1:3001:2834,ENMORT002,1:1:71:10:1:0:1,0,false,false,false,false,0
ENBTR80005,move to,LOC_중앙계곡,2026-08-09T09:11:59.000Z,21.37721173,-157.74084304,UAV 1,2,1:3001:2846,ENBTR80005,1:1:222:2:13:0:0,0,false,false,false,false,0
ENMORT003,none,,2026-08-09T09:11:59.000Z,21.37463664,-157.73725624,UAV 1,2,1:3001:2865,ENMORT003,1:1:71:10:1:0:1,0,false,false,false,false,0
ENBTR60005,move to,LOC_중앙계곡,2026-08-09T09:11:59.000Z,21.37702696,-157.74087901,UAV 1,2,1:3001:2902,ENBTR60005,1:1:222:2:8:1:0,0,false,false,false,false,0
ENBTR80001,move to,LOC_중앙계곡,2026-08-09T09:11:59.000Z,21.37724850,-157.74087112,UAV 1,2,1:3001:2697,ENBTR80001,1:1:222:2:13:0:0,0,false,false,false,false,0
ENCAESAR002,move to,LOC_북측예비방어선,2026-08-09T09:12:01.000Z,21.37278775,-157.74161917,UAV 1,2,1:3001:2594,ENCAESAR002,1:1:71:4:0:0:0,0,false,false,false,false,0
ENMORT005,none,,2026-08-09T09:12:01.000Z,21.37457651,-157.73710572,UAV 1,2,1:3001:2607,ENMORT005,1:1:71:10:1:0:1,0,false,false,false,false,0
ENMORT004,none,,2026-08-09T09:12:01.000Z,21.37447596,-157.73706256,UAV 1,2,1:3001:2630,ENMORT004,1:1:71:10:1:0:1,0,false,false,false,false,0
ENBTR80004,move to,LOC_중앙계곡,2026-08-09T09:12:01.000Z,21.37716070,-157.74085495,UAV 1,2,1:3001:2679,ENBTR80004,1:1:222:2:13:0:0,0,false,false,false,false,0
ENCAESAR004,move to,LOC_북측예비방어선,2026-08-09T09:12:01.000Z,21.37325506,-157.74279731,UAV 1,2,1:3001:2698,ENCAESAR004,1:1:71:4:0:0:0,0,false,false,false,false,0
ENBTR80006,move to,LOC_중앙계곡,2026-08-09T09:12:01.000Z,21.37727150,-157.74083248,UAV 1,2,1:3001:2728,ENBTR80006,1:1:222:2:13:0:0,0,false,false,false,false,0
ENGAZ003,move to,LOC_적북측접근로,2026-08-09T09:12:01.000Z,21.37148295,-157.74102872,UAV 1,2,1:3001:2749,ENGAZ003,1:1:222:7:8:0:0,0,false,false,false,false,0
ENBTR80003,move to,LOC_중앙계곡,2026-08-09T09:12:01.000Z,21.37736242,-157.74084958,UAV 1,2,1:3001:2753,ENBTR80003,1:1:222:2:13:0:0,0,false,false,false,false,0
ENCAESAR003,move to,LOC_적북측접근로,2026-08-09T09:12:01.000Z,21.37130724,-157.74162554,UAV 1,2,1:3001:2782,ENCAESAR003,1:1:71:4:0:0:0,0,false,false,false,false,0
ENMORT001,none,,2026-08-09T09:12:01.000Z,21.37443553,-157.73716992,UAV 1,2,1:3001:2789,ENMORT001,1:1:71:10:1:0:1,0,false,false,false,false,0
ENBTR60008,move to,LOC_중앙계곡,2026-08-09T09:12:01.000Z,21.37694913,-157.74086314,UAV 1,2,1:3001:2826,ENBTR60008,1:1:222:2:8:1:0,0,false,false,false,false,0
ENBTR80007,move to,LOC_중앙계곡,2026-08-09T09:12:01.000Z,21.37707794,-157.74083835,UAV 1,2,1:3001:2828,ENBTR80007,1:1:222:2:13:0:0,0,false,false,false,false,0
ENMORT002,none,,2026-08-09T09:12:01.000Z,21.37453609,-157.73721308,UAV 1,2,1:3001:2834,ENMORT002,1:1:71:10:1:0:1,0,false,false,false,false,0
ENBTR80005,move to,LOC_중앙계곡,2026-08-09T09:12:01.000Z,21.37721173,-157.74084304,UAV 1,2,1:3001:2846,ENBTR80005,1:1:222:2:13:0:0,0,false,false,false,false,0
ENMORT003,none,,2026-08-09T09:12:01.000Z,21.37463664,-157.73725624,UAV 1,2,1:3001:2865,ENMORT003,1:1:71:10:1:0:1,0,false,false,false,false,0
ENBTR60005,move to,LOC_중앙계곡,2026-08-09T09:12:01.000Z,21.37702696,-157.74087901,UAV 1,2,1:3001:2902,ENBTR60005,1:1:222:2:8:1:0,0,false,false,false,false,0
ENBTR80001,move to,LOC_중앙계곡,2026-08-09T09:12:01.000Z,21.37724850,-157.74087112,UAV 1,2,1:3001:2697,ENBTR80001,1:1:222:2:13:0:0,0,false,false,false,false,0
ENCAESAR002,move to,LOC_북측예비방어선,2026-08-09T09:12:02.000Z,21.37285845,-157.74179730,UAV 1,2,1:3001:2594,ENCAESAR002,1:1:71:4:0:0:0,0,false,false,false,false,0
ENMORT005,none,,2026-08-09T09:12:02.000Z,21.37457651,-157.73710572,UAV 1,2,1:3001:2607,ENMORT005,1:1:71:10:1:0:1,0,false,false,false,false,0
ENMORT004,none,,2026-08-09T09:12:02.000Z,21.37447596,-157.73706256,UAV 1,2,1:3001:2630,ENMORT004,1:1:71:10:1:0:1,0,false,false,false,false,0
ENBTR80004,move to,LOC_중앙계곡,2026-08-09T09:12:02.000Z,21.37733976,-157.74086679,UAV 1,2,1:3001:2679,ENBTR80004,1:1:222:2:13:0:0,0,false,false,false,false,0
ENCAESAR004,move to,LOC_북측예비방어선,2026-08-09T09:12:02.000Z,21.37331372,-157.74294494,UAV 1,2,1:3001:2698,ENCAESAR004,1:1:71:4:0:0:0,0,false,false,false,false,0
ENBTR80006,move to,LOC_중앙계곡,2026-08-09T09:12:02.000Z,21.37745032,-157.74084712,UAV 1,2,1:3001:2728,ENBTR80006,1:1:222:2:13:0:0,0,false,false,false,false,0
ENGAZ003,move to,LOC_적북측접근로,2026-08-09T09:12:02.000Z,21.37145936,-157.74113873,UAV 1,2,1:3001:2749,ENGAZ003,1:1:222:7:8:0:0,0,false,false,false,false,0
ENBTR80003,move to,LOC_중앙계곡,2026-08-09T09:12:02.000Z,21.37754146,-157.74086327,UAV 1,2,1:3001:2753,ENBTR80003,1:1:222:2:13:0:0,0,false,false,false,false,0
ENCAESAR003,move to,LOC_적북측접근로,2026-08-09T09:12:02.000Z,21.37131269,-157.74165273,UAV 1,2,1:3001:2782,ENCAESAR003,1:1:71:4:0:0:0,0,false,false,false,false,0
ENMORT001,none,,2026-08-09T09:12:02.000Z,21.37443553,-157.73716992,UAV 1,2,1:3001:2789,ENMORT001,1:1:71:10:1:0:1,0,false,false,false,false,0
ENBTR60008,move to,LOC_중앙계곡,2026-08-09T09:12:02.000Z,21.37712839,-157.74087321,UAV 1,2,1:3001:2826,ENBTR60008,1:1:222:2:8:1:0,0,false,false,false,false,0
ENBTR80007,move to,LOC_중앙계곡,2026-08-09T09:12:02.000Z,21.37725715,-157.74085116,UAV 1,2,1:3001:2828,ENBTR80007,1:1:222:2:13:0:0,0,false,false,false,false,0
ENMORT002,none,,2026-08-09T09:12:02.000Z,21.37453609,-157.73721308,UAV 1,2,1:3001:2834,ENMORT002,1:1:71:10:1:0:1,0,false,false,false,false,0
ENBTR80005,move to,LOC_중앙계곡,2026-08-09T09:12:02.000Z,21.37739058,-157.74085627,UAV 1,2,1:3001:2846,ENBTR80005,1:1:222:2:13:0:0,0,false,false,false,false,0
ENMORT003,none,,2026-08-09T09:12:02.000Z,21.37463664,-157.73725624,UAV 1,2,1:3001:2865,ENMORT003,1:1:71:10:1:0:1,0,false,false,false,false,0
ENBTR60005,move to,LOC_중앙계곡,2026-08-09T09:12:02.000Z,21.37720620,-157.74088812,UAV 1,2,1:3001:2902,ENBTR60005,1:1:222:2:8:1:0,0,false,false,false,false,0
ENBTR80001,move to,LOC_중앙계곡,2026-08-09T09:12:02.000Z,21.37742754,-157.74088200,UAV 1,2,1:3001:2697,ENBTR80001,1:1:222:2:13:0:0,0,false,false,false,false,0
ENCAESAR002,move to,LOC_북측예비방어선,2026-08-09T09:12:03.000Z,21.37285845,-157.74179730,UAV 1,2,1:3001:2594,ENCAESAR002,1:1:71:4:0:0:0,0,false,false,false,false,0
ENMORT005,none,,2026-08-09T09:12:03.000Z,21.37457651,-157.73710572,UAV 1,2,1:3001:2607,ENMORT005,1:1:71:10:1:0:1,0,false,false,false,false,0
ENMORT004,none,,2026-08-09T09:12:03.000Z,21.37447596,-157.73706256,UAV 1,2,1:3001:2630,ENMORT004,1:1:71:10:1:0:1,0,false,false,false,false,0
ENBTR80004,move to,LOC_중앙계곡,2026-08-09T09:12:03.000Z,21.37733976,-157.74086679,UAV 1,2,1:3001:2679,ENBTR80004,1:1:222:2:13:0:0,0,false,false,false,false,0
ENCAESAR004,move to,LOC_북측예비방어선,2026-08-09T09:12:03.000Z,21.37331372,-157.74294494,UAV 1,2,1:3001:2698,ENCAESAR004,1:1:71:4:0:0:0,0,false,false,false,false,0
ENBTR80006,move to,LOC_중앙계곡,2026-08-09T09:12:03.000Z,21.37745032,-157.74084712,UAV 1,2,1:3001:2728,ENBTR80006,1:1:222:2:13:0:0,0,false,false,false,false,0
ENGAZ003,move to,LOC_적북측접근로,2026-08-09T09:12:03.000Z,21.37145936,-157.74113873,UAV 1,2,1:3001:2749,ENGAZ003,1:1:222:7:8:0:0,0,false,false,false,false,0
ENBTR80003,move to,LOC_중앙계곡,2026-08-09T09:12:03.000Z,21.37754146,-157.74086327,UAV 1,2,1:3001:2753,ENBTR80003,1:1:222:2:13:0:0,0,false,false,false,false,0
ENCAESAR003,move to,LOC_적북측접근로,2026-08-09T09:12:03.000Z,21.37131269,-157.74165273,UAV 1,2,1:3001:2782,ENCAESAR003,1:1:71:4:0:0:0,0,false,false,false,false,0
ENMORT001,none,,2026-08-09T09:12:03.000Z,21.37443553,-157.73716992,UAV 1,2,1:3001:2789,ENMORT001,1:1:71:10:1:0:1,0,false,false,false,false,0
ENBTR60008,move to,LOC_중앙계곡,2026-08-09T09:12:03.000Z,21.37712839,-157.74087321,UAV 1,2,1:3001:2826,ENBTR60008,1:1:222:2:8:1:0,0,false,false,false,false,0
ENBTR80007,move to,LOC_중앙계곡,2026-08-09T09:12:03.000Z,21.37725715,-157.74085116,UAV 1,2,1:3001:2828,ENBTR80007,1:1:222:2:13:0:0,0,false,false,false,false,0
ENMORT002,none,,2026-08-09T09:12:03.000Z,21.37453609,-157.73721308,UAV 1,2,1:3001:2834,ENMORT002,1:1:71:10:1:0:1,0,false,false,false,false,0
ENBTR80005,move to,LOC_중앙계곡,2026-08-09T09:12:03.000Z,21.37739058,-157.74085627,UAV 1,2,1:3001:2846,ENBTR80005,1:1:222:2:13:0:0,0,false,false,false,false,0
ENMORT003,none,,2026-08-09T09:12:03.000Z,21.37463664,-157.73725624,UAV 1,2,1:3001:2865,ENMORT003,1:1:71:10:1:0:1,0,false,false,false,false,0
ENBTR60005,move to,LOC_중앙계곡,2026-08-09T09:12:03.000Z,21.37720620,-157.74088812,UAV 1,2,1:3001:2902,ENBTR60005,1:1:222:2:8:1:0,0,false,false,false,false,0
ENBTR80001,move to,LOC_중앙계곡,2026-08-09T09:12:03.000Z,21.37742754,-157.74088200,UAV 1,2,1:3001:2697,ENBTR80001,1:1:222:2:13:0:0,0,false,false,false,false,0
ENCAESAR002,move to,LOC_북측예비방어선,2026-08-09T09:12:05.000Z,21.37293446,-157.74198881,UAV 1,2,1:3001:2594,ENCAESAR002,1:1:71:4:0:0:0,0,false,false,false,false,0
ENMORT005,none,,2026-08-09T09:12:05.000Z,21.37457651,-157.73710572,UAV 1,2,1:3001:2607,ENMORT005,1:1:71:10:1:0:1,0,false,false,false,false,0
ENMORT004,none,,2026-08-09T09:12:05.000Z,21.37447596,-157.73706256,UAV 1,2,1:3001:2630,ENMORT004,1:1:71:10:1:0:1,0,false,false,false,false,0
ENBTR80004,move to,LOC_중앙계곡,2026-08-09T09:12:05.000Z,21.37753600,-157.74087977,UAV 1,2,1:3001:2679,ENBTR80004,1:1:222:2:13:0:0,0,false,false,false,false,0
ENCAESAR004,move to,LOC_북측예비방어선,2026-08-09T09:12:05.000Z,21.37331402,-157.74294571,UAV 1,2,1:3001:2698,ENCAESAR004,1:1:71:4:0:0:0,0,false,false,false,false,0
ENBTR80006,move to,LOC_중앙계곡,2026-08-09T09:12:05.000Z,21.37764603,-157.74086313,UAV 1,2,1:3001:2728,ENBTR80006,1:1:222:2:13:0:0,0,false,false,false,false,0
ENGAZ003,move to,LOC_적북측접근로,2026-08-09T09:12:05.000Z,21.37143421,-157.74125603,UAV 1,2,1:3001:2749,ENGAZ003,1:1:222:7:8:0:0,0,false,false,false,false,0
ENBTR80003,move to,LOC_중앙계곡,2026-08-09T09:12:05.000Z,21.37773667,-157.74087820,UAV 1,2,1:3001:2753,ENBTR80003,1:1:222:2:13:0:0,0,false,false,false,false,0
ENMORT001,none,,2026-08-09T09:12:05.000Z,21.37443553,-157.73716992,UAV 1,2,1:3001:2789,ENMORT001,1:1:71:10:1:0:1,0,false,false,false,false,0
ENBTR60008,move to,LOC_중앙계곡,2026-08-09T09:12:05.000Z,21.37732454,-157.74088422,UAV 1,2,1:3001:2826,ENBTR60008,1:1:222:2:8:1:0,0,false,false,false,false,0
ENBTR80007,move to,LOC_중앙계곡,2026-08-09T09:12:05.000Z,21.37745303,-157.74086515,UAV 1,2,1:3001:2828,ENBTR80007,1:1:222:2:13:0:0,0,false,false,false,false,0
ENMORT002,none,,2026-08-09T09:12:05.000Z,21.37453609,-157.73721308,UAV 1,2,1:3001:2834,ENMORT002,1:1:71:10:1:0:1,0,false,false,false,false,0
ENBTR80005,move to,LOC_중앙계곡,2026-08-09T09:12:05.000Z,21.37758672,-157.74087077,UAV 1,2,1:3001:2846,ENBTR80005,1:1:222:2:13:0:0,0,false,false,false,false,0
ENMORT003,none,,2026-08-09T09:12:05.000Z,21.37463664,-157.73725624,UAV 1,2,1:3001:2865,ENMORT003,1:1:71:10:1:0:1,0,false,false,false,false,0
ENBTR60005,move to,LOC_중앙계곡,2026-08-09T09:12:05.000Z,21.37740234,-157.74089808,UAV 1,2,1:3001:2902,ENBTR60005,1:1:222:2:8:1:0,0,false,false,false,false,0
ENBTR80001,move to,LOC_중앙계곡,2026-08-09T09:12:05.000Z,21.37762377,-157.74089392,UAV 1,2,1:3001:2697,ENBTR80001,1:1:222:2:13:0:0,0,false,false,false,false,0
ENCAESAR002,move to,LOC_북측예비방어선,2026-08-09T09:12:06.000Z,21.37300767,-157.74217329,UAV 1,2,1:3001:2594,ENCAESAR002,1:1:71:4:0:0:0,0,false,false,false,false,0
ENMORT005,none,,2026-08-09T09:12:06.000Z,21.37457651,-157.73710572,UAV 1,2,1:3001:2607,ENMORT005,1:1:71:10:1:0:1,0,false,false,false,false,0
ENMORT004,none,,2026-08-09T09:12:06.000Z,21.37447596,-157.73706256,UAV 1,2,1:3001:2630,ENMORT004,1:1:71:10:1:0:1,0,false,false,false,false,0
ENBTR80004,move to,LOC_중앙계곡,2026-08-09T09:12:06.000Z,21.37772593,-157.74089233,UAV 1,2,1:3001:2679,ENBTR80004,1:1:222:2:13:0:0,0,false,false,false,false,0
ENCAESAR004,move to,LOC_북측예비방어선,2026-08-09T09:12:06.000Z,21.37332652,-157.74297722,UAV 1,2,1:3001:2698,ENCAESAR004,1:1:71:4:0:0:0,0,false,false,false,false,0
ENBTR80006,move to,LOC_중앙계곡,2026-08-09T09:12:06.000Z,21.37783605,-157.74087868,UAV 1,2,1:3001:2728,ENBTR80006,1:1:222:2:13:0:0,0,false,false,false,false,0
ENGAZ003,move to,LOC_적북측접근로,2026-08-09T09:12:06.000Z,21.37141069,-157.74136571,UAV 1,2,1:3001:2749,ENGAZ003,1:1:222:7:8:0:0,0,false,false,false,false,0
ENBTR80003,move to,LOC_중앙계곡,2026-08-09T09:12:06.000Z,21.37792665,-157.74089273,UAV 1,2,1:3001:2753,ENBTR80003,1:1:222:2:13:0:0,0,false,false,false,false,0
ENMORT001,none,,2026-08-09T09:12:06.000Z,21.37443553,-157.73716992,UAV 1,2,1:3001:2789,ENMORT001,1:1:71:10:1:0:1,0,false,false,false,false,0
ENBTR60008,move to,LOC_중앙계곡,2026-08-09T09:12:06.000Z,21.37751541,-157.74089494,UAV 1,2,1:3001:2826,ENBTR60008,1:1:222:2:8:1:0,0,false,false,false,false,0
ENBTR80007,move to,LOC_중앙계곡,2026-08-09T09:12:06.000Z,21.37764343,-157.74087876,UAV 1,2,1:3001:2828,ENBTR80007,1:1:222:2:13:0:0,0,false,false,false,false,0
ENMORT002,none,,2026-08-09T09:12:06.000Z,21.37453609,-157.73721308,UAV 1,2,1:3001:2834,ENMORT002,1:1:71:10:1:0:1,0,false,false,false,false,0
ENBTR80005,move to,LOC_중앙계곡,2026-08-09T09:12:06.000Z,21.37777659,-157.74088481,UAV 1,2,1:3001:2846,ENBTR80005,1:1:222:2:13:0:0,0,false,false,false,false,0
ENMORT003,none,,2026-08-09T09:12:06.000Z,21.37463664,-157.73725624,UAV 1,2,1:3001:2865,ENMORT003,1:1:71:10:1:0:1,0,false,false,false,false,0
ENBTR60005,move to,LOC_중앙계곡,2026-08-09T09:12:06.000Z,21.37759335,-157.74090778,UAV 1,2,1:3001:2902,ENBTR60005,1:1:222:2:8:1:0,0,false,false,false,false,0
ENCAESAR002,move to,LOC_북측예비방어선,2026-08-09T09:12:07.000Z,21.37300767,-157.74217329,UAV 1,2,1:3001:2594,ENCAESAR002,1:1:71:4:0:0:0,0,false,false,false,false,0
ENMORT005,none,,2026-08-09T09:12:07.000Z,21.37457651,-157.73710572,UAV 1,2,1:3001:2607,ENMORT005,1:1:71:10:1:0:1,0,false,false,false,false,0
ENMORT004,none,,2026-08-09T09:12:07.000Z,21.37447596,-157.73706256,UAV 1,2,1:3001:2630,ENMORT004,1:1:71:10:1:0:1,0,false,false,false,false,0
ENBTR80004,move to,LOC_중앙계곡,2026-08-09T09:12:07.000Z,21.37772593,-157.74089233,UAV 1,2,1:3001:2679,ENBTR80004,1:1:222:2:13:0:0,0,false,false,false,false,0
ENCAESAR004,move to,LOC_북측예비방어선,2026-08-09T09:12:07.000Z,21.37332652,-157.74297722,UAV 1,2,1:3001:2698,ENCAESAR004,1:1:71:4:0:0:0,0,false,false,false,false,0
ENBTR80006,move to,LOC_중앙계곡,2026-08-09T09:12:07.000Z,21.37783605,-157.74087868,UAV 1,2,1:3001:2728,ENBTR80006,1:1:222:2:13:0:0,0,false,false,false,false,0
ENGAZ003,move to,LOC_적북측접근로,2026-08-09T09:12:07.000Z,21.37141069,-157.74136571,UAV 1,2,1:3001:2749,ENGAZ003,1:1:222:7:8:0:0,0,false,false,false,false,0
ENBTR80003,move to,LOC_중앙계곡,2026-08-09T09:12:07.000Z,21.37792665,-157.74089273,UAV 1,2,1:3001:2753,ENBTR80003,1:1:222:2:13:0:0,0,false,false,false,false,0
ENMORT001,none,,2026-08-09T09:12:07.000Z,21.37443553,-157.73716992,UAV 1,2,1:3001:2789,ENMORT001,1:1:71:10:1:0:1,0,false,false,false,false,0
ENBTR60008,move to,LOC_중앙계곡,2026-08-09T09:12:07.000Z,21.37751541,-157.74089494,UAV 1,2,1:3001:2826,ENBTR60008,1:1:222:2:8:1:0,0,false,false,false,false,0
ENBTR80007,move to,LOC_중앙계곡,2026-08-09T09:12:07.000Z,21.37764343,-157.74087876,UAV 1,2,1:3001:2828,ENBTR80007,1:1:222:2:13:0:0,0,false,false,false,false,0
ENMORT002,none,,2026-08-09T09:12:07.000Z,21.37453609,-157.73721308,UAV 1,2,1:3001:2834,ENMORT002,1:1:71:10:1:0:1,0,false,false,false,false,0
ENBTR80005,move to,LOC_중앙계곡,2026-08-09T09:12:07.000Z,21.37777659,-157.74088481,UAV 1,2,1:3001:2846,ENBTR80005,1:1:222:2:13:0:0,0,false,false,false,false,0
ENMORT003,none,,2026-08-09T09:12:07.000Z,21.37463664,-157.73725624,UAV 1,2,1:3001:2865,ENMORT003,1:1:71:10:1:0:1,0,false,false,false,false,0
ENBTR60005,move to,LOC_중앙계곡,2026-08-09T09:12:07.000Z,21.37759335,-157.74090778,UAV 1,2,1:3001:2902,ENBTR60005,1:1:222:2:8:1:0,0,false,false,false,false,0
ENCAESAR002,move to,LOC_북측예비방어선,2026-08-09T09:12:09.000Z,21.37307716,-157.74234838,UAV 1,2,1:3001:2594,ENCAESAR002,1:1:71:4:0:0:0,0,false,false,false,false,0
ENMORT005,none,,2026-08-09T09:12:09.000Z,21.37457651,-157.73710572,UAV 1,2,1:3001:2607,ENMORT005,1:1:71:10:1:0:1,0,false,false,false,false,0
ENMORT004,none,,2026-08-09T09:12:09.000Z,21.37447596,-157.73706256,UAV 1,2,1:3001:2630,ENMORT004,1:1:71:10:1:0:1,0,false,false,false,false,0
ENBTR80004,move to,LOC_중앙계곡,2026-08-09T09:12:09.000Z,21.37790235,-157.74090400,UAV 1,2,1:3001:2679,ENBTR80004,1:1:222:2:13:0:0,0,false,false,false,false,0
ENCAESAR004,move to,LOC_북측예비방어선,2026-08-09T09:12:09.000Z,21.37334159,-157.74301521,UAV 1,2,1:3001:2698,ENCAESAR004,1:1:71:4:0:0:0,0,false,false,false,false,0
ENBTR80006,move to,LOC_중앙계곡,2026-08-09T09:12:09.000Z,21.37801224,-157.74089309,UAV 1,2,1:3001:2728,ENBTR80006,1:1:222:2:13:0:0,0,false,false,false,false,0
ENGAZ003,move to,LOC_적북측접근로,2026-08-09T09:12:09.000Z,21.37139026,-157.74146101,UAV 1,2,1:3001:2749,ENGAZ003,1:1:222:7:8:0:0,0,false,false,false,false,0
ENMORT001,none,,2026-08-09T09:12:09.000Z,21.37443553,-157.73716992,UAV 1,2,1:3001:2789,ENMORT001,1:1:71:10:1:0:1,0,false,false,false,false,0
ENBTR60008,move to,LOC_중앙계곡,2026-08-09T09:12:09.000Z,21.37769200,-157.74090486,UAV 1,2,1:3001:2826,ENBTR60008,1:1:222:2:8:1:0,0,false,false,false,false,0
ENBTR80007,move to,LOC_중앙계곡,2026-08-09T09:12:09.000Z,21.37781969,-157.74089135,UAV 1,2,1:3001:2828,ENBTR80007,1:1:222:2:13:0:0,0,false,false,false,false,0
ENMORT002,none,,2026-08-09T09:12:09.000Z,21.37453609,-157.73721308,UAV 1,2,1:3001:2834,ENMORT002,1:1:71:10:1:0:1,0,false,false,false,false,0
ENBTR80005,move to,LOC_중앙계곡,2026-08-09T09:12:09.000Z,21.37795279,-157.74089783,UAV 1,2,1:3001:2846,ENBTR80005,1:1:222:2:13:0:0,0,false,false,false,false,0
ENMORT003,none,,2026-08-09T09:12:09.000Z,21.37463664,-157.73725624,UAV 1,2,1:3001:2865,ENMORT003,1:1:71:10:1:0:1,0,false,false,false,false,0
ENBTR60005,move to,LOC_중앙계곡,2026-08-09T09:12:09.000Z,21.37776964,-157.74091673,UAV 1,2,1:3001:2902,ENBTR60005,1:1:222:2:8:1:0,0,false,false,false,false,0
ENCAESAR002,move to,LOC_북측예비방어선,2026-08-09T09:12:10.000Z,21.37314573,-157.74252116,UAV 1,2,1:3001:2594,ENCAESAR002,1:1:71:4:0:0:0,0,false,false,false,false,0
ENMORT005,none,,2026-08-09T09:12:10.000Z,21.37457651,-157.73710572,UAV 1,2,1:3001:2607,ENMORT005,1:1:71:10:1:0:1,0,false,false,false,false,0
ENMORT004,none,,2026-08-09T09:12:10.000Z,21.37447596,-157.73706256,UAV 1,2,1:3001:2630,ENMORT004,1:1:71:10:1:0:1,0,false,false,false,false,0
ENCAESAR004,move to,LOC_북측예비방어선,2026-08-09T09:12:10.000Z,21.37335548,-157.74305022,UAV 1,2,1:3001:2698,ENCAESAR004,1:1:71:4:0:0:0,0,false,false,false,false,0
ENMORT001,none,,2026-08-09T09:12:10.000Z,21.37443553,-157.73716992,UAV 1,2,1:3001:2789,ENMORT001,1:1:71:10:1:0:1,0,false,false,false,false,0
ENBTR60008,move to,LOC_중앙계곡,2026-08-09T09:12:10.000Z,21.37786894,-157.74091479,UAV 1,2,1:3001:2826,ENBTR60008,1:1:222:2:8:1:0,0,false,false,false,false,0
ENMORT002,none,,2026-08-09T09:12:10.000Z,21.37453609,-157.73721308,UAV 1,2,1:3001:2834,ENMORT002,1:1:71:10:1:0:1,0,false,false,false,false,0
ENMORT003,none,,2026-08-09T09:12:10.000Z,21.37463664,-157.73725624,UAV 1,2,1:3001:2865,ENMORT003,1:1:71:10:1:0:1,0,false,false,false,false,0
ENCAESAR002,move to,LOC_북측예비방어선,2026-08-09T09:12:11.000Z,21.37314573,-157.74252116,UAV 1,2,1:3001:2594,ENCAESAR002,1:1:71:4:0:0:0,0,false,false,false,false,0
ENMORT005,none,,2026-08-09T09:12:11.000Z,21.37457651,-157.73710572,UAV 1,2,1:3001:2607,ENMORT005,1:1:71:10:1:0:1,0,false,false,false,false,0
ENMORT004,none,,2026-08-09T09:12:11.000Z,21.37447596,-157.73706256,UAV 1,2,1:3001:2630,ENMORT004,1:1:71:10:1:0:1,0,false,false,false,false,0
ENCAESAR004,move to,LOC_북측예비방어선,2026-08-09T09:12:11.000Z,21.37335548,-157.74305022,UAV 1,2,1:3001:2698,ENCAESAR004,1:1:71:4:0:0:0,0,false,false,false,false,0
ENMORT001,none,,2026-08-09T09:12:11.000Z,21.37443553,-157.73716992,UAV 1,2,1:3001:2789,ENMORT001,1:1:71:10:1:0:1,0,false,false,false,false,0
ENBTR60008,move to,LOC_중앙계곡,2026-08-09T09:12:11.000Z,21.37786894,-157.74091479,UAV 1,2,1:3001:2826,ENBTR60008,1:1:222:2:8:1:0,0,false,false,false,false,0
ENMORT002,none,,2026-08-09T09:12:11.000Z,21.37453609,-157.73721308,UAV 1,2,1:3001:2834,ENMORT002,1:1:71:10:1:0:1,0,false,false,false,false,0
ENMORT003,none,,2026-08-09T09:12:11.000Z,21.37463664,-157.73725624,UAV 1,2,1:3001:2865,ENMORT003,1:1:71:10:1:0:1,0,false,false,false,false,0
ENCAESAR002,move to,LOC_북측예비방어선,2026-08-09T09:12:12.000Z,21.37321947,-157.74270695,UAV 1,2,1:3001:2594,ENCAESAR002,1:1:71:4:0:0:0,0,false,false,false,false,0
ENMORT005,none,,2026-08-09T09:12:12.000Z,21.37457651,-157.73710572,UAV 1,2,1:3001:2607,ENMORT005,1:1:71:10:1:0:1,0,false,false,false,false,0
ENMORT004,none,,2026-08-09T09:12:12.000Z,21.37447596,-157.73706256,UAV 1,2,1:3001:2630,ENMORT004,1:1:71:10:1:0:1,0,false,false,false,false,0
ENCAESAR004,move to,LOC_북측예비방어선,2026-08-09T09:12:12.000Z,21.37336999,-157.74308681,UAV 1,2,1:3001:2698,ENCAESAR004,1:1:71:4:0:0:0,0,false,false,false,false,0
ENMORT001,none,,2026-08-09T09:12:12.000Z,21.37443553,-157.73716992,UAV 1,2,1:3001:2789,ENMORT001,1:1:71:10:1:0:1,0,false,false,false,false,0
ENMORT002,none,,2026-08-09T09:12:12.000Z,21.37453609,-157.73721308,UAV 1,2,1:3001:2834,ENMORT002,1:1:71:10:1:0:1,0,false,false,false,false,0
ENMORT003,none,,2026-08-09T09:12:12.000Z,21.37463664,-157.73725624,UAV 1,2,1:3001:2865,ENMORT003,1:1:71:10:1:0:1,0,false,false,false,false,0
ENCAESAR002,move to,LOC_북측예비방어선,2026-08-09T09:12:13.000Z,21.37321947,-157.74270695,UAV 1,2,1:3001:2594,ENCAESAR002,1:1:71:4:0:0:0,0,false,false,false,false,0
ENMORT005,none,,2026-08-09T09:12:13.000Z,21.37457651,-157.73710572,UAV 1,2,1:3001:2607,ENMORT005,1:1:71:10:1:0:1,0,false,false,false,false,0
ENMORT004,none,,2026-08-09T09:12:13.000Z,21.37447596,-157.73706256,UAV 1,2,1:3001:2630,ENMORT004,1:1:71:10:1:0:1,0,false,false,false,false,0
ENCAESAR004,none,,2026-08-09T09:12:13.000Z,21.37336999,-157.74308681,UAV 1,2,1:3001:2698,ENCAESAR004,1:1:71:4:0:0:0,0,false,false,false,false,0
ENMORT001,none,,2026-08-09T09:12:13.000Z,21.37443553,-157.73716992,UAV 1,2,1:3001:2789,ENMORT001,1:1:71:10:1:0:1,0,false,false,false,false,0
ENMORT002,none,,2026-08-09T09:12:13.000Z,21.37453609,-157.73721308,UAV 1,2,1:3001:2834,ENMORT002,1:1:71:10:1:0:1,0,false,false,false,false,0
ENMORT003,none,,2026-08-09T09:12:13.000Z,21.37463664,-157.73725624,UAV 1,2,1:3001:2865,ENMORT003,1:1:71:10:1:0:1,0,false,false,false,false,0
ENCAESAR002,move to,LOC_북측예비방어선,2026-08-09T09:12:14.000Z,21.37328960,-157.74288367,UAV 1,2,1:3001:2594,ENCAESAR002,1:1:71:4:0:0:0,0,false,false,false,false,0
ENMORT005,none,,2026-08-09T09:12:14.000Z,21.37457651,-157.73710572,UAV 1,2,1:3001:2607,ENMORT005,1:1:71:10:1:0:1,0,false,false,false,false,0
ENMORT004,none,,2026-08-09T09:12:14.000Z,21.37447596,-157.73706256,UAV 1,2,1:3001:2630,ENMORT004,1:1:71:10:1:0:1,0,false,false,false,false,0
ENCAESAR004,none,,2026-08-09T09:12:14.000Z,21.37337698,-157.74310443,UAV 1,2,1:3001:2698,ENCAESAR004,1:1:71:4:0:0:0,0,false,false,false,false,0
ENMORT001,none,,2026-08-09T09:12:14.000Z,21.37443553,-157.73716992,UAV 1,2,1:3001:2789,ENMORT001,1:1:71:10:1:0:1,0,false,false,false,false,0
ENMORT002,none,,2026-08-09T09:12:14.000Z,21.37453609,-157.73721308,UAV 1,2,1:3001:2834,ENMORT002,1:1:71:10:1:0:1,0,false,false,false,false,0
ENMORT003,none,,2026-08-09T09:12:14.000Z,21.37463664,-157.73725624,UAV 1,2,1:3001:2865,ENMORT003,1:1:71:10:1:0:1,0,false,false,false,false,0
ENCAESAR002,move to,LOC_북측예비방어선,2026-08-09T09:12:16.000Z,21.37328960,-157.74288367,UAV 1,2,1:3001:2594,ENCAESAR002,1:1:71:4:0:0:0,0,false,false,false,false,0
ENMORT005,none,,2026-08-09T09:12:16.000Z,21.37457651,-157.73710572,UAV 1,2,1:3001:2607,ENMORT005,1:1:71:10:1:0:1,0,false,false,false,false,0
ENMORT004,none,,2026-08-09T09:12:16.000Z,21.37447596,-157.73706256,UAV 1,2,1:3001:2630,ENMORT004,1:1:71:10:1:0:1,0,false,false,false,false,0
ENCAESAR004,none,,2026-08-09T09:12:16.000Z,21.37337698,-157.74310443,UAV 1,2,1:3001:2698,ENCAESAR004,1:1:71:4:0:0:0,0,false,false,false,false,0
ENMORT001,none,,2026-08-09T09:12:16.000Z,21.37443553,-157.73716992,UAV 1,2,1:3001:2789,ENMORT001,1:1:71:10:1:0:1,0,false,false,false,false,0
ENMORT002,none,,2026-08-09T09:12:16.000Z,21.37453609,-157.73721308,UAV 1,2,1:3001:2834,ENMORT002,1:1:71:10:1:0:1,0,false,false,false,false,0
ENMORT003,none,,2026-08-09T09:12:16.000Z,21.37463664,-157.73725624,UAV 1,2,1:3001:2865,ENMORT003,1:1:71:10:1:0:1,0,false,false,false,false,0
ENCAESAR002,move to,LOC_북측예비방어선,2026-08-09T09:12:17.000Z,21.37332652,-157.74297690,UAV 1,2,1:3001:2594,ENCAESAR002,1:1:71:4:0:0:0,0,false,false,false,false,0
ENMORT005,none,,2026-08-09T09:12:17.000Z,21.37457651,-157.73710572,UAV 1,2,1:3001:2607,ENMORT005,1:1:71:10:1:0:1,0,false,false,false,false,0
ENMORT004,none,,2026-08-09T09:12:17.000Z,21.37447596,-157.73706256,UAV 1,2,1:3001:2630,ENMORT004,1:1:71:10:1:0:1,0,false,false,false,false,0
ENCAESAR004,none,,2026-08-09T09:12:17.000Z,21.37337698,-157.74310443,UAV 1,2,1:3001:2698,ENCAESAR004,1:1:71:4:0:0:0,0,false,false,false,false,0
ENMORT001,none,,2026-08-09T09:12:17.000Z,21.37443553,-157.73716992,UAV 1,2,1:3001:2789,ENMORT001,1:1:71:10:1:0:1,0,false,false,false,false,0
ENMORT002,none,,2026-08-09T09:12:17.000Z,21.37453609,-157.73721308,UAV 1,2,1:3001:2834,ENMORT002,1:1:71:10:1:0:1,0,false,false,false,false,0
ENMORT003,none,,2026-08-09T09:12:17.000Z,21.37463664,-157.73725624,UAV 1,2,1:3001:2865,ENMORT003,1:1:71:10:1:0:1,0,false,false,false,false,0
ENZPU001,none,,2026-08-09T09:12:17.000Z,21.37550111,-157.74438876,UAV 1,2,1:3001:2659,ENZPU001,1:1:222:28:13:7:3,0,false,false,false,false,0
ENCAESAR002,move to,LOC_북측예비방어선,2026-08-09T09:12:19.000Z,21.37332612,-157.74297588,UAV 1,2,1:3001:2594,ENCAESAR002,1:1:71:4:0:0:0,0,false,false,false,false,0
ENMORT005,none,,2026-08-09T09:12:19.000Z,21.37457651,-157.73710572,UAV 1,2,1:3001:2607,ENMORT005,1:1:71:10:1:0:1,0,false,false,false,false,0
ENMORT004,none,,2026-08-09T09:12:19.000Z,21.37447596,-157.73706256,UAV 1,2,1:3001:2630,ENMORT004,1:1:71:10:1:0:1,0,false,false,false,false,0
ENCAESAR004,none,,2026-08-09T09:12:19.000Z,21.37337698,-157.74310443,UAV 1,2,1:3001:2698,ENCAESAR004,1:1:71:4:0:0:0,0,false,false,false,false,0
ENMORT001,none,,2026-08-09T09:12:19.000Z,21.37443553,-157.73716992,UAV 1,2,1:3001:2789,ENMORT001,1:1:71:10:1:0:1,0,false,false,false,false,0
ENMORT002,none,,2026-08-09T09:12:19.000Z,21.37453609,-157.73721308,UAV 1,2,1:3001:2834,ENMORT002,1:1:71:10:1:0:1,0,false,false,false,false,0
ENMORT003,none,,2026-08-09T09:12:19.000Z,21.37463664,-157.73725624,UAV 1,2,1:3001:2865,ENMORT003,1:1:71:10:1:0:1,0,false,false,false,false,0
ENZPU001,none,,2026-08-09T09:12:19.000Z,21.37550111,-157.74438876,UAV 1,2,1:3001:2659,ENZPU001,1:1:222:28:13:7:3,0,false,false,false,false,0
ENZPU002,none,,2026-08-09T09:12:19.000Z,21.37545350,-157.74447070,UAV 1,2,1:3001:2807,ENZPU002,1:1:222:28:13:7:3,0,false,false,false,false,0
ENZPU003,none,,2026-08-09T09:12:19.000Z,21.37540589,-157.74455264,UAV 1,2,1:3001:2809,ENZPU003,1:1:222:28:13:7:3,0,false,false,false,false,0
ENCAESAR002,move to,LOC_북측예비방어선,2026-08-09T09:12:20.000Z,21.37334396,-157.74302097,UAV 1,2,1:3001:2594,ENCAESAR002,1:1:71:4:0:0:0,0,false,false,false,false,0
ENMORT005,none,,2026-08-09T09:12:20.000Z,21.37457651,-157.73710572,UAV 1,2,1:3001:2607,ENMORT005,1:1:71:10:1:0:1,0,false,false,false,false,0
ENMORT004,none,,2026-08-09T09:12:20.000Z,21.37447596,-157.73706256,UAV 1,2,1:3001:2630,ENMORT004,1:1:71:10:1:0:1,0,false,false,false,false,0
ENCAESAR004,none,,2026-08-09T09:12:20.000Z,21.37337698,-157.74310443,UAV 1,2,1:3001:2698,ENCAESAR004,1:1:71:4:0:0:0,0,false,false,false,false,0
ENMORT001,none,,2026-08-09T09:12:20.000Z,21.37443553,-157.73716992,UAV 1,2,1:3001:2789,ENMORT001,1:1:71:10:1:0:1,0,false,false,false,false,0
ENMORT002,none,,2026-08-09T09:12:20.000Z,21.37453609,-157.73721308,UAV 1,2,1:3001:2834,ENMORT002,1:1:71:10:1:0:1,0,false,false,false,false,0
ENMORT003,none,,2026-08-09T09:12:20.000Z,21.37463664,-157.73725624,UAV 1,2,1:3001:2865,ENMORT003,1:1:71:10:1:0:1,0,false,false,false,false,0
ENZPU001,none,,2026-08-09T09:12:20.000Z,21.37550111,-157.74438876,UAV 1,2,1:3001:2659,ENZPU001,1:1:222:28:13:7:3,0,false,false,false,false,0
ENZPU002,none,,2026-08-09T09:12:20.000Z,21.37545350,-157.74447070,UAV 1,2,1:3001:2807,ENZPU002,1:1:222:28:13:7:3,0,false,false,false,false,0
ENZPU003,none,,2026-08-09T09:12:20.000Z,21.37540589,-157.74455264,UAV 1,2,1:3001:2809,ENZPU003,1:1:222:28:13:7:3,0,false,false,false,false,0
ENCAESAR002,move to,LOC_북측예비방어선,2026-08-09T09:12:21.000Z,21.37334396,-157.74302097,UAV 1,2,1:3001:2594,ENCAESAR002,1:1:71:4:0:0:0,0,false,false,false,false,0
ENMORT005,none,,2026-08-09T09:12:21.000Z,21.37457651,-157.73710572,UAV 1,2,1:3001:2607,ENMORT005,1:1:71:10:1:0:1,0,false,false,false,false,0
ENMORT004,none,,2026-08-09T09:12:21.000Z,21.37447596,-157.73706256,UAV 1,2,1:3001:2630,ENMORT004,1:1:71:10:1:0:1,0,false,false,false,false,0
ENCAESAR004,none,,2026-08-09T09:12:21.000Z,21.37337698,-157.74310443,UAV 1,2,1:3001:2698,ENCAESAR004,1:1:71:4:0:0:0,0,false,false,false,false,0
ENMORT001,none,,2026-08-09T09:12:21.000Z,21.37443553,-157.73716992,UAV 1,2,1:3001:2789,ENMORT001,1:1:71:10:1:0:1,0,false,false,false,false,0
ENMORT002,none,,2026-08-09T09:12:21.000Z,21.37453609,-157.73721308,UAV 1,2,1:3001:2834,ENMORT002,1:1:71:10:1:0:1,0,false,false,false,false,0
ENMORT003,none,,2026-08-09T09:12:21.000Z,21.37463664,-157.73725624,UAV 1,2,1:3001:2865,ENMORT003,1:1:71:10:1:0:1,0,false,false,false,false,0
ENZPU001,none,,2026-08-09T09:12:21.000Z,21.37550111,-157.74438876,UAV 1,2,1:3001:2659,ENZPU001,1:1:222:28:13:7:3,0,false,false,false,false,0
ENZPU002,none,,2026-08-09T09:12:21.000Z,21.37545350,-157.74447070,UAV 1,2,1:3001:2807,ENZPU002,1:1:222:28:13:7:3,0,false,false,false,false,0
ENZPU003,none,,2026-08-09T09:12:21.000Z,21.37540589,-157.74455264,UAV 1,2,1:3001:2809,ENZPU003,1:1:222:28:13:7:3,0,false,false,false,false,0
ENMORT005,none,,2026-08-09T09:12:23.000Z,21.37457651,-157.73710572,UAV 1,2,1:3001:2607,ENMORT005,1:1:71:10:1:0:1,0,false,false,false,false,0
ENMORT004,none,,2026-08-09T09:12:23.000Z,21.37447596,-157.73706256,UAV 1,2,1:3001:2630,ENMORT004,1:1:71:10:1:0:1,0,false,false,false,false,0
ENCAESAR004,none,,2026-08-09T09:12:23.000Z,21.37337698,-157.74310443,UAV 1,2,1:3001:2698,ENCAESAR004,1:1:71:4:0:0:0,0,false,false,false,false,0
ENMORT001,none,,2026-08-09T09:12:23.000Z,21.37443553,-157.73716992,UAV 1,2,1:3001:2789,ENMORT001,1:1:71:10:1:0:1,0,false,false,false,false,0
ENMORT002,none,,2026-08-09T09:12:23.000Z,21.37453609,-157.73721308,UAV 1,2,1:3001:2834,ENMORT002,1:1:71:10:1:0:1,0,false,false,false,false,0
ENMORT003,none,,2026-08-09T09:12:23.000Z,21.37463664,-157.73725624,UAV 1,2,1:3001:2865,ENMORT003,1:1:71:10:1:0:1,0,false,false,false,false,0
ENZPU001,none,,2026-08-09T09:12:23.000Z,21.37550111,-157.74438876,UAV 1,2,1:3001:2659,ENZPU001,1:1:222:28:13:7:3,0,false,false,false,false,0
ENZPU002,none,,2026-08-09T09:12:23.000Z,21.37545350,-157.74447070,UAV 1,2,1:3001:2807,ENZPU002,1:1:222:28:13:7:3,0,false,false,false,false,0
ENZPU003,none,,2026-08-09T09:12:23.000Z,21.37540589,-157.74455264,UAV 1,2,1:3001:2809,ENZPU003,1:1:222:28:13:7:3,0,false,false,false,false,0
ENGAZ001,move to,LOC_적북측접근로,2026-08-09T09:12:23.000Z,21.37134689,-157.74166246,UAV 1,2,1:3001:2654,ENGAZ001,1:1:222:7:8:0:0,0,false,false,false,false,0
ENMORT005,none,,2026-08-09T09:12:24.000Z,21.37457651,-157.73710572,UAV 1,2,1:3001:2607,ENMORT005,1:1:71:10:1:0:1,0,false,false,false,false,0
ENMORT004,none,,2026-08-09T09:12:24.000Z,21.37447596,-157.73706256,UAV 1,2,1:3001:2630,ENMORT004,1:1:71:10:1:0:1,0,false,false,false,false,0
ENCAESAR004,none,,2026-08-09T09:12:24.000Z,21.37337698,-157.74310443,UAV 1,2,1:3001:2698,ENCAESAR004,1:1:71:4:0:0:0,0,false,false,false,false,0
ENMORT001,none,,2026-08-09T09:12:24.000Z,21.37443553,-157.73716992,UAV 1,2,1:3001:2789,ENMORT001,1:1:71:10:1:0:1,0,false,false,false,false,0
ENMORT002,none,,2026-08-09T09:12:24.000Z,21.37453609,-157.73721308,UAV 1,2,1:3001:2834,ENMORT002,1:1:71:10:1:0:1,0,false,false,false,false,0
ENMORT003,none,,2026-08-09T09:12:24.000Z,21.37463664,-157.73725624,UAV 1,2,1:3001:2865,ENMORT003,1:1:71:10:1:0:1,0,false,false,false,false,0
ENZPU001,none,,2026-08-09T09:12:24.000Z,21.37550111,-157.74438876,UAV 1,2,1:3001:2659,ENZPU001,1:1:222:28:13:7:3,0,false,false,false,false,0
ENZPU002,none,,2026-08-09T09:12:24.000Z,21.37545350,-157.74447070,UAV 1,2,1:3001:2807,ENZPU002,1:1:222:28:13:7:3,0,false,false,false,false,0
ENZPU003,none,,2026-08-09T09:12:24.000Z,21.37540589,-157.74455264,UAV 1,2,1:3001:2809,ENZPU003,1:1:222:28:13:7:3,0,false,false,false,false,0
ENGAZ001,move to,LOC_적북측접근로,2026-08-09T09:12:24.000Z,21.37134689,-157.74166246,UAV 1,2,1:3001:2654,ENGAZ001,1:1:222:7:8:0:0,0,false,false,false,false,0
ENMORT005,none,,2026-08-09T09:12:25.000Z,21.37457651,-157.73710572,UAV 1,2,1:3001:2607,ENMORT005,1:1:71:10:1:0:1,0,false,false,false,false,0
ENMORT004,none,,2026-08-09T09:12:25.000Z,21.37447596,-157.73706256,UAV 1,2,1:3001:2630,ENMORT004,1:1:71:10:1:0:1,0,false,false,false,false,0
ENMORT001,none,,2026-08-09T09:12:25.000Z,21.37443553,-157.73716992,UAV 1,2,1:3001:2789,ENMORT001,1:1:71:10:1:0:1,0,false,false,false,false,0
ENMORT002,none,,2026-08-09T09:12:25.000Z,21.37453609,-157.73721308,UAV 1,2,1:3001:2834,ENMORT002,1:1:71:10:1:0:1,0,false,false,false,false,0
ENMORT003,none,,2026-08-09T09:12:25.000Z,21.37463664,-157.73725624,UAV 1,2,1:3001:2865,ENMORT003,1:1:71:10:1:0:1,0,false,false,false,false,0
ENZPU001,none,,2026-08-09T09:12:25.000Z,21.37550111,-157.74438876,UAV 1,2,1:3001:2659,ENZPU001,1:1:222:28:13:7:3,0,false,false,false,false,0
ENZPU002,none,,2026-08-09T09:12:25.000Z,21.37545350,-157.74447070,UAV 1,2,1:3001:2807,ENZPU002,1:1:222:28:13:7:3,0,false,false,false,false,0
ENZPU003,none,,2026-08-09T09:12:25.000Z,21.37540589,-157.74455264,UAV 1,2,1:3001:2809,ENZPU003,1:1:222:28:13:7:3,0,false,false,false,false,0
ENGAZ001,move to,LOC_적북측접근로,2026-08-09T09:12:25.000Z,21.37134123,-157.74168878,UAV 1,2,1:3001:2654,ENGAZ001,1:1:222:7:8:0:0,0,false,false,false,false,0
ENMORT005,none,,2026-08-09T09:12:26.000Z,21.37457651,-157.73710572,UAV 1,2,1:3001:2607,ENMORT005,1:1:71:10:1:0:1,0,false,false,false,false,0
ENMORT004,none,,2026-08-09T09:12:26.000Z,21.37447596,-157.73706256,UAV 1,2,1:3001:2630,ENMORT004,1:1:71:10:1:0:1,0,false,false,false,false,0
ENMORT001,none,,2026-08-09T09:12:26.000Z,21.37443553,-157.73716992,UAV 1,2,1:3001:2789,ENMORT001,1:1:71:10:1:0:1,0,false,false,false,false,0
ENMORT002,none,,2026-08-09T09:12:26.000Z,21.37453609,-157.73721308,UAV 1,2,1:3001:2834,ENMORT002,1:1:71:10:1:0:1,0,false,false,false,false,0
ENMORT003,none,,2026-08-09T09:12:26.000Z,21.37463664,-157.73725624,UAV 1,2,1:3001:2865,ENMORT003,1:1:71:10:1:0:1,0,false,false,false,false,0
ENZPU001,none,,2026-08-09T09:12:26.000Z,21.37550111,-157.74438876,UAV 1,2,1:3001:2659,ENZPU001,1:1:222:28:13:7:3,0,false,false,false,false,0
ENZPU002,none,,2026-08-09T09:12:26.000Z,21.37545350,-157.74447070,UAV 1,2,1:3001:2807,ENZPU002,1:1:222:28:13:7:3,0,false,false,false,false,0
ENZPU003,none,,2026-08-09T09:12:26.000Z,21.37540589,-157.74455264,UAV 1,2,1:3001:2809,ENZPU003,1:1:222:28:13:7:3,0,false,false,false,false,0
ENMORT005,none,,2026-08-09T09:12:28.000Z,21.37457651,-157.73710572,UAV 1,2,1:3001:2607,ENMORT005,1:1:71:10:1:0:1,0,false,false,false,false,0
ENMORT004,none,,2026-08-09T09:12:28.000Z,21.37447596,-157.73706256,UAV 1,2,1:3001:2630,ENMORT004,1:1:71:10:1:0:1,0,false,false,false,false,0
ENMORT001,none,,2026-08-09T09:12:28.000Z,21.37443553,-157.73716992,UAV 1,2,1:3001:2789,ENMORT001,1:1:71:10:1:0:1,0,false,false,false,false,0
ENMORT002,none,,2026-08-09T09:12:28.000Z,21.37453609,-157.73721308,UAV 1,2,1:3001:2834,ENMORT002,1:1:71:10:1:0:1,0,false,false,false,false,0
ENMORT003,none,,2026-08-09T09:12:28.000Z,21.37463664,-157.73725624,UAV 1,2,1:3001:2865,ENMORT003,1:1:71:10:1:0:1,0,false,false,false,false,0
ENZPU001,none,,2026-08-09T09:12:28.000Z,21.37550111,-157.74438876,UAV 1,2,1:3001:2659,ENZPU001,1:1:222:28:13:7:3,0,false,false,false,false,0
ENZPU002,none,,2026-08-09T09:12:28.000Z,21.37545350,-157.74447070,UAV 1,2,1:3001:2807,ENZPU002,1:1:222:28:13:7:3,0,false,false,false,false,0
ENZPU003,none,,2026-08-09T09:12:28.000Z,21.37540589,-157.74455264,UAV 1,2,1:3001:2809,ENZPU003,1:1:222:28:13:7:3,0,false,false,false,false,0
ENMORT005,none,,2026-08-09T09:12:29.000Z,21.37457651,-157.73710572,UAV 1,2,1:3001:2607,ENMORT005,1:1:71:10:1:0:1,0,false,false,false,false,0
ENMORT004,none,,2026-08-09T09:12:29.000Z,21.37447596,-157.73706256,UAV 1,2,1:3001:2630,ENMORT004,1:1:71:10:1:0:1,0,false,false,false,false,0
ENMORT001,none,,2026-08-09T09:12:29.000Z,21.37443553,-157.73716992,UAV 1,2,1:3001:2789,ENMORT001,1:1:71:10:1:0:1,0,false,false,false,false,0
ENMORT002,none,,2026-08-09T09:12:29.000Z,21.37453609,-157.73721308,UAV 1,2,1:3001:2834,ENMORT002,1:1:71:10:1:0:1,0,false,false,false,false,0
ENMORT003,none,,2026-08-09T09:12:29.000Z,21.37463664,-157.73725624,UAV 1,2,1:3001:2865,ENMORT003,1:1:71:10:1:0:1,0,false,false,false,false,0
ENZPU001,none,,2026-08-09T09:12:29.000Z,21.37550111,-157.74438876,UAV 1,2,1:3001:2659,ENZPU001,1:1:222:28:13:7:3,0,false,false,false,false,0
ENZPU002,none,,2026-08-09T09:12:29.000Z,21.37545350,-157.74447070,UAV 1,2,1:3001:2807,ENZPU002,1:1:222:28:13:7:3,0,false,false,false,false,0
ENZPU003,none,,2026-08-09T09:12:29.000Z,21.37540589,-157.74455264,UAV 1,2,1:3001:2809,ENZPU003,1:1:222:28:13:7:3,0,false,false,false,false,0
ENGAZ002,move to,LOC_북측예비방어선,2026-08-09T09:12:29.000Z,21.37147615,-157.74186851,UAV 1,2,1:3001:2721,ENGAZ002,1:1:222:7:8:0:0,0,false,false,false,false,0
ENGAZ003,move to,LOC_적전방방어선후방,2026-08-09T09:12:29.000Z,21.37146809,-157.74190668,UAV 1,2,1:3001:2749,ENGAZ003,1:1:222:7:8:0:0,0,false,false,false,false,0
ENGAZ004,move to,LOC_북측예비방어선,2026-08-09T09:12:29.000Z,21.37140289,-157.74181937,UAV 1,2,1:3001:2838,ENGAZ004,1:1:222:7:8:0:0,0,false,false,false,false,0
ENMORT005,none,,2026-08-09T09:12:30.000Z,21.37457651,-157.73710572,UAV 1,2,1:3001:2607,ENMORT005,1:1:71:10:1:0:1,0,false,false,false,false,0
ENMORT004,none,,2026-08-09T09:12:30.000Z,21.37447596,-157.73706256,UAV 1,2,1:3001:2630,ENMORT004,1:1:71:10:1:0:1,0,false,false,false,false,0
ENMORT001,none,,2026-08-09T09:12:30.000Z,21.37443553,-157.73716992,UAV 1,2,1:3001:2789,ENMORT001,1:1:71:10:1:0:1,0,false,false,false,false,0
ENMORT002,none,,2026-08-09T09:12:30.000Z,21.37453609,-157.73721308,UAV 1,2,1:3001:2834,ENMORT002,1:1:71:10:1:0:1,0,false,false,false,false,0
ENMORT003,none,,2026-08-09T09:12:30.000Z,21.37463664,-157.73725624,UAV 1,2,1:3001:2865,ENMORT003,1:1:71:10:1:0:1,0,false,false,false,false,0
ENZPU001,none,,2026-08-09T09:12:30.000Z,21.37550111,-157.74438876,UAV 1,2,1:3001:2659,ENZPU001,1:1:222:28:13:7:3,0,false,false,false,false,0
ENZPU002,none,,2026-08-09T09:12:30.000Z,21.37545350,-157.74447070,UAV 1,2,1:3001:2807,ENZPU002,1:1:222:28:13:7:3,0,false,false,false,false,0
ENZPU003,none,,2026-08-09T09:12:30.000Z,21.37540589,-157.74455264,UAV 1,2,1:3001:2809,ENZPU003,1:1:222:28:13:7:3,0,false,false,false,false,0
ENGAZ002,move to,LOC_북측예비방어선,2026-08-09T09:12:30.000Z,21.37164201,-157.74197651,UAV 1,2,1:3001:2721,ENGAZ002,1:1:222:7:8:0:0,0,false,false,false,false,0
ENGAZ003,move to,LOC_적전방방어선후방,2026-08-09T09:12:30.000Z,21.37157202,-157.74201355,UAV 1,2,1:3001:2749,ENGAZ003,1:1:222:7:8:0:0,0,false,false,false,false,0
ENMORT005,none,,2026-08-09T09:12:32.000Z,21.37457651,-157.73710572,UAV 1,2,1:3001:2607,ENMORT005,1:1:71:10:1:0:1,0,false,false,false,false,0
ENMORT004,none,,2026-08-09T09:12:32.000Z,21.37447596,-157.73706256,UAV 1,2,1:3001:2630,ENMORT004,1:1:71:10:1:0:1,0,false,false,false,false,0
ENMORT001,none,,2026-08-09T09:12:32.000Z,21.37443553,-157.73716992,UAV 1,2,1:3001:2789,ENMORT001,1:1:71:10:1:0:1,0,false,false,false,false,0
ENMORT002,none,,2026-08-09T09:12:32.000Z,21.37453609,-157.73721308,UAV 1,2,1:3001:2834,ENMORT002,1:1:71:10:1:0:1,0,false,false,false,false,0
ENMORT003,none,,2026-08-09T09:12:32.000Z,21.37463664,-157.73725624,UAV 1,2,1:3001:2865,ENMORT003,1:1:71:10:1:0:1,0,false,false,false,false,0
ENZPU001,none,,2026-08-09T09:12:32.000Z,21.37550111,-157.74438876,UAV 1,2,1:3001:2659,ENZPU001,1:1:222:28:13:7:3,0,false,false,false,false,0
ENZPU002,none,,2026-08-09T09:12:32.000Z,21.37545350,-157.74447070,UAV 1,2,1:3001:2807,ENZPU002,1:1:222:28:13:7:3,0,false,false,false,false,0
ENZPU003,none,,2026-08-09T09:12:32.000Z,21.37540589,-157.74455264,UAV 1,2,1:3001:2809,ENZPU003,1:1:222:28:13:7:3,0,false,false,false,false,0
ENGAZ002,move to,LOC_북측예비방어선,2026-08-09T09:12:32.000Z,21.37164201,-157.74197651,UAV 1,2,1:3001:2721,ENGAZ002,1:1:222:7:8:0:0,0,false,false,false,false,0
ENGAZ003,move to,LOC_적전방방어선후방,2026-08-09T09:12:32.000Z,21.37157202,-157.74201355,UAV 1,2,1:3001:2749,ENGAZ003,1:1:222:7:8:0:0,0,false,false,false,false,0
ENMORT005,none,,2026-08-09T09:12:33.000Z,21.37457651,-157.73710572,UAV 1,2,1:3001:2607,ENMORT005,1:1:71:10:1:0:1,0,false,false,false,false,0
ENMORT004,none,,2026-08-09T09:12:33.000Z,21.37447596,-157.73706256,UAV 1,2,1:3001:2630,ENMORT004,1:1:71:10:1:0:1,0,false,false,false,false,0
ENMORT001,none,,2026-08-09T09:12:33.000Z,21.37443553,-157.73716992,UAV 1,2,1:3001:2789,ENMORT001,1:1:71:10:1:0:1,0,false,false,false,false,0
ENMORT002,none,,2026-08-09T09:12:33.000Z,21.37453609,-157.73721308,UAV 1,2,1:3001:2834,ENMORT002,1:1:71:10:1:0:1,0,false,false,false,false,0
ENMORT003,none,,2026-08-09T09:12:33.000Z,21.37463664,-157.73725624,UAV 1,2,1:3001:2865,ENMORT003,1:1:71:10:1:0:1,0,false,false,false,false,0
ENZPU001,none,,2026-08-09T09:12:33.000Z,21.37550111,-157.74438876,UAV 1,2,1:3001:2659,ENZPU001,1:1:222:28:13:7:3,0,false,false,false,false,0
ENZPU002,none,,2026-08-09T09:12:33.000Z,21.37545350,-157.74447070,UAV 1,2,1:3001:2807,ENZPU002,1:1:222:28:13:7:3,0,false,false,false,false,0
ENZPU003,none,,2026-08-09T09:12:33.000Z,21.37540589,-157.74455264,UAV 1,2,1:3001:2809,ENZPU003,1:1:222:28:13:7:3,0,false,false,false,false,0
ENGAZ002,move to,LOC_북측예비방어선,2026-08-09T09:12:33.000Z,21.37181686,-157.74209038,UAV 1,2,1:3001:2721,ENGAZ002,1:1:222:7:8:0:0,0,false,false,false,false,0
ENGAZ003,move to,LOC_적전방방어선후방,2026-08-09T09:12:33.000Z,21.37169083,-157.74213571,UAV 1,2,1:3001:2749,ENGAZ003,1:1:222:7:8:0:0,0,false,false,false,false,0
ENGAZ001,move to,LOC_적전방방어선후방,2026-08-09T09:12:33.000Z,21.37139761,-157.74182109,UAV 1,2,1:3001:2654,ENGAZ001,1:1:222:7:8:0:0,0,false,false,false,false,0
ENGAZ004,move to,LOC_북측예비방어선,2026-08-09T09:12:33.000Z,21.37174434,-157.74204196,UAV 1,2,1:3001:2838,ENGAZ004,1:1:222:7:8:0:0,0,false,false,false,false,0
ENMORT005,none,,2026-08-09T09:12:35.000Z,21.37457651,-157.73710572,UAV 1,2,1:3001:2607,ENMORT005,1:1:71:10:1:0:1,0,false,false,false,false,0
ENMORT004,none,,2026-08-09T09:12:35.000Z,21.37447596,-157.73706256,UAV 1,2,1:3001:2630,ENMORT004,1:1:71:10:1:0:1,0,false,false,false,false,0
ENMORT001,none,,2026-08-09T09:12:35.000Z,21.37443553,-157.73716992,UAV 1,2,1:3001:2789,ENMORT001,1:1:71:10:1:0:1,0,false,false,false,false,0
ENMORT002,none,,2026-08-09T09:12:35.000Z,21.37453609,-157.73721308,UAV 1,2,1:3001:2834,ENMORT002,1:1:71:10:1:0:1,0,false,false,false,false,0
ENMORT003,none,,2026-08-09T09:12:35.000Z,21.37463664,-157.73725624,UAV 1,2,1:3001:2865,ENMORT003,1:1:71:10:1:0:1,0,false,false,false,false,0
ENZPU001,none,,2026-08-09T09:12:35.000Z,21.37550111,-157.74438876,UAV 1,2,1:3001:2659,ENZPU001,1:1:222:28:13:7:3,0,false,false,false,false,0
ENZPU002,none,,2026-08-09T09:12:35.000Z,21.37545350,-157.74447070,UAV 1,2,1:3001:2807,ENZPU002,1:1:222:28:13:7:3,0,false,false,false,false,0
ENGAZ002,move to,LOC_북측예비방어선,2026-08-09T09:12:35.000Z,21.37196282,-157.74218542,UAV 1,2,1:3001:2721,ENGAZ002,1:1:222:7:8:0:0,0,false,false,false,false,0
ENGAZ003,move to,LOC_적전방방어선후방,2026-08-09T09:12:35.000Z,21.37179486,-157.74224267,UAV 1,2,1:3001:2749,ENGAZ003,1:1:222:7:8:0:0,0,false,false,false,false,0
ENGAZ001,move to,LOC_적전방방어선후방,2026-08-09T09:12:35.000Z,21.37151699,-157.74194466,UAV 1,2,1:3001:2654,ENGAZ001,1:1:222:7:8:0:0,0,false,false,false,false,0
ENMORT005,none,,2026-08-09T09:12:36.000Z,21.37457651,-157.73710572,UAV 1,2,1:3001:2607,ENMORT005,1:1:71:10:1:0:1,0,false,false,false,false,0
ENMORT004,none,,2026-08-09T09:12:36.000Z,21.37447596,-157.73706256,UAV 1,2,1:3001:2630,ENMORT004,1:1:71:10:1:0:1,0,false,false,false,false,0
ENMORT001,none,,2026-08-09T09:12:36.000Z,21.37443553,-157.73716992,UAV 1,2,1:3001:2789,ENMORT001,1:1:71:10:1:0:1,0,false,false,false,false,0
ENMORT002,none,,2026-08-09T09:12:36.000Z,21.37453609,-157.73721308,UAV 1,2,1:3001:2834,ENMORT002,1:1:71:10:1:0:1,0,false,false,false,false,0
ENMORT003,none,,2026-08-09T09:12:36.000Z,21.37463664,-157.73725624,UAV 1,2,1:3001:2865,ENMORT003,1:1:71:10:1:0:1,0,false,false,false,false,0
ENZPU001,none,,2026-08-09T09:12:36.000Z,21.37550111,-157.74438876,UAV 1,2,1:3001:2659,ENZPU001,1:1:222:28:13:7:3,0,false,false,false,false,0
ENZPU002,none,,2026-08-09T09:12:36.000Z,21.37545350,-157.74447070,UAV 1,2,1:3001:2807,ENZPU002,1:1:222:28:13:7:3,0,false,false,false,false,0
ENGAZ002,move to,LOC_북측예비방어선,2026-08-09T09:12:36.000Z,21.37196282,-157.74218542,UAV 1,2,1:3001:2721,ENGAZ002,1:1:222:7:8:0:0,0,false,false,false,false,0
ENGAZ003,move to,LOC_적전방방어선후방,2026-08-09T09:12:36.000Z,21.37179486,-157.74224267,UAV 1,2,1:3001:2749,ENGAZ003,1:1:222:7:8:0:0,0,false,false,false,false,0
ENGAZ001,move to,LOC_적전방방어선후방,2026-08-09T09:12:36.000Z,21.37151699,-157.74194466,UAV 1,2,1:3001:2654,ENGAZ001,1:1:222:7:8:0:0,0,false,false,false,false,0
ENMORT005,none,,2026-08-09T09:12:37.000Z,21.37457651,-157.73710572,UAV 1,2,1:3001:2607,ENMORT005,1:1:71:10:1:0:1,0,false,false,false,false,0
ENMORT004,none,,2026-08-09T09:12:37.000Z,21.37447596,-157.73706256,UAV 1,2,1:3001:2630,ENMORT004,1:1:71:10:1:0:1,0,false,false,false,false,0
ENMORT001,none,,2026-08-09T09:12:37.000Z,21.37443553,-157.73716992,UAV 1,2,1:3001:2789,ENMORT001,1:1:71:10:1:0:1,0,false,false,false,false,0
ENMORT002,none,,2026-08-09T09:12:37.000Z,21.37453609,-157.73721308,UAV 1,2,1:3001:2834,ENMORT002,1:1:71:10:1:0:1,0,false,false,false,false,0
ENMORT003,none,,2026-08-09T09:12:37.000Z,21.37463664,-157.73725624,UAV 1,2,1:3001:2865,ENMORT003,1:1:71:10:1:0:1,0,false,false,false,false,0
ENZPU001,none,,2026-08-09T09:12:37.000Z,21.37550111,-157.74438876,UAV 1,2,1:3001:2659,ENZPU001,1:1:222:28:13:7:3,0,false,false,false,false,0
ENZPU002,none,,2026-08-09T09:12:37.000Z,21.37545350,-157.74447070,UAV 1,2,1:3001:2807,ENZPU002,1:1:222:28:13:7:3,0,false,false,false,false,0
ENGAZ002,move to,LOC_북측예비방어선,2026-08-09T09:12:37.000Z,21.37207683,-157.74225966,UAV 1,2,1:3001:2721,ENGAZ002,1:1:222:7:8:0:0,0,false,false,false,false,0
ENGAZ003,move to,LOC_적전방방어선후방,2026-08-09T09:12:37.000Z,21.37189688,-157.74234758,UAV 1,2,1:3001:2749,ENGAZ003,1:1:222:7:8:0:0,0,false,false,false,false,0
ENGAZ001,move to,LOC_적전방방어선후방,2026-08-09T09:12:37.000Z,21.37160955,-157.74204048,UAV 1,2,1:3001:2654,ENGAZ001,1:1:222:7:8:0:0,0,false,false,false,false,0
ENMORT005,none,,2026-08-09T09:12:39.000Z,21.37457651,-157.73710572,UAV 1,2,1:3001:2607,ENMORT005,1:1:71:10:1:0:1,0,false,false,false,false,0
ENMORT004,none,,2026-08-09T09:12:39.000Z,21.37447596,-157.73706256,UAV 1,2,1:3001:2630,ENMORT004,1:1:71:10:1:0:1,0,false,false,false,false,0
ENMORT001,none,,2026-08-09T09:12:39.000Z,21.37443553,-157.73716992,UAV 1,2,1:3001:2789,ENMORT001,1:1:71:10:1:0:1,0,false,false,false,false,0
ENMORT002,none,,2026-08-09T09:12:39.000Z,21.37453609,-157.73721308,UAV 1,2,1:3001:2834,ENMORT002,1:1:71:10:1:0:1,0,false,false,false,false,0
ENMORT003,none,,2026-08-09T09:12:39.000Z,21.37463664,-157.73725624,UAV 1,2,1:3001:2865,ENMORT003,1:1:71:10:1:0:1,0,false,false,false,false,0
ENZPU001,none,,2026-08-09T09:12:39.000Z,21.37550111,-157.74438876,UAV 1,2,1:3001:2659,ENZPU001,1:1:222:28:13:7:3,0,false,false,false,false,0
ENZPU002,none,,2026-08-09T09:12:39.000Z,21.37545350,-157.74447070,UAV 1,2,1:3001:2807,ENZPU002,1:1:222:28:13:7:3,0,false,false,false,false,0
ENGAZ002,move to,LOC_북측예비방어선,2026-08-09T09:12:39.000Z,21.37216966,-157.74232011,UAV 1,2,1:3001:2721,ENGAZ002,1:1:222:7:8:0:0,0,false,false,false,false,0
ENGAZ003,move to,LOC_적전방방어선후방,2026-08-09T09:12:39.000Z,21.37199993,-157.74245354,UAV 1,2,1:3001:2749,ENGAZ003,1:1:222:7:8:0:0,0,false,false,false,false,0
ENGAZ001,move to,LOC_적전방방어선후방,2026-08-09T09:12:39.000Z,21.37172170,-157.74215658,UAV 1,2,1:3001:2654,ENGAZ001,1:1:222:7:8:0:0,0,false,false,false,false,0
ENMORT005,none,,2026-08-09T09:12:40.000Z,21.37457651,-157.73710572,UAV 1,2,1:3001:2607,ENMORT005,1:1:71:10:1:0:1,0,false,false,false,false,0
ENMORT004,none,,2026-08-09T09:12:40.000Z,21.37447596,-157.73706256,UAV 1,2,1:3001:2630,ENMORT004,1:1:71:10:1:0:1,0,false,false,false,false,0
ENMORT001,none,,2026-08-09T09:12:40.000Z,21.37443553,-157.73716992,UAV 1,2,1:3001:2789,ENMORT001,1:1:71:10:1:0:1,0,false,false,false,false,0
ENMORT002,none,,2026-08-09T09:12:40.000Z,21.37453609,-157.73721308,UAV 1,2,1:3001:2834,ENMORT002,1:1:71:10:1:0:1,0,false,false,false,false,0
ENMORT003,none,,2026-08-09T09:12:40.000Z,21.37463664,-157.73725624,UAV 1,2,1:3001:2865,ENMORT003,1:1:71:10:1:0:1,0,false,false,false,false,0
ENZPU001,none,,2026-08-09T09:12:40.000Z,21.37550111,-157.74438876,UAV 1,2,1:3001:2659,ENZPU001,1:1:222:28:13:7:3,0,false,false,false,false,0
ENZPU002,none,,2026-08-09T09:12:40.000Z,21.37545350,-157.74447070,UAV 1,2,1:3001:2807,ENZPU002,1:1:222:28:13:7:3,0,false,false,false,false,0
ENGAZ002,move to,LOC_북측예비방어선,2026-08-09T09:12:40.000Z,21.37216966,-157.74232011,UAV 1,2,1:3001:2721,ENGAZ002,1:1:222:7:8:0:0,0,false,false,false,false,0
ENGAZ003,move to,LOC_적전방방어선후방,2026-08-09T09:12:40.000Z,21.37199993,-157.74245354,UAV 1,2,1:3001:2749,ENGAZ003,1:1:222:7:8:0:0,0,false,false,false,false,0
ENGAZ001,move to,LOC_적전방방어선후방,2026-08-09T09:12:40.000Z,21.37172170,-157.74215658,UAV 1,2,1:3001:2654,ENGAZ001,1:1:222:7:8:0:0,0,false,false,false,false,0
ENMORT005,none,,2026-08-09T09:12:42.000Z,21.37457651,-157.73710572,UAV 1,2,1:3001:2607,ENMORT005,1:1:71:10:1:0:1,0,false,false,false,false,0
ENMORT004,none,,2026-08-09T09:12:42.000Z,21.37447596,-157.73706256,UAV 1,2,1:3001:2630,ENMORT004,1:1:71:10:1:0:1,0,false,false,false,false,0
ENMORT001,none,,2026-08-09T09:12:42.000Z,21.37443553,-157.73716992,UAV 1,2,1:3001:2789,ENMORT001,1:1:71:10:1:0:1,0,false,false,false,false,0
ENMORT002,none,,2026-08-09T09:12:42.000Z,21.37453609,-157.73721308,UAV 1,2,1:3001:2834,ENMORT002,1:1:71:10:1:0:1,0,false,false,false,false,0
ENMORT003,none,,2026-08-09T09:12:42.000Z,21.37463664,-157.73725624,UAV 1,2,1:3001:2865,ENMORT003,1:1:71:10:1:0:1,0,false,false,false,false,0
ENZPU001,none,,2026-08-09T09:12:42.000Z,21.37550111,-157.74438876,UAV 1,2,1:3001:2659,ENZPU001,1:1:222:28:13:7:3,0,false,false,false,false,0
ENZPU002,none,,2026-08-09T09:12:42.000Z,21.37545350,-157.74447070,UAV 1,2,1:3001:2807,ENZPU002,1:1:222:28:13:7:3,0,false,false,false,false,0
ENGAZ002,move to,LOC_북측예비방어선,2026-08-09T09:12:42.000Z,21.37226291,-157.74238084,UAV 1,2,1:3001:2721,ENGAZ002,1:1:222:7:8:0:0,0,false,false,false,false,0
ENGAZ003,move to,LOC_적전방방어선후방,2026-08-09T09:12:42.000Z,21.37210709,-157.74256373,UAV 1,2,1:3001:2749,ENGAZ003,1:1:222:7:8:0:0,0,false,false,false,false,0
ENGAZ001,move to,LOC_적전방방어선후방,2026-08-09T09:12:42.000Z,21.37183552,-157.74227440,UAV 1,2,1:3001:2654,ENGAZ001,1:1:222:7:8:0:0,0,false,false,false,false,0
ENMORT005,none,,2026-08-09T09:12:43.000Z,21.37457651,-157.73710572,UAV 1,2,1:3001:2607,ENMORT005,1:1:71:10:1:0:1,0,false,false,false,false,0
ENMORT004,none,,2026-08-09T09:12:43.000Z,21.37447596,-157.73706256,UAV 1,2,1:3001:2630,ENMORT004,1:1:71:10:1:0:1,0,false,false,false,false,0
ENMORT001,none,,2026-08-09T09:12:43.000Z,21.37443553,-157.73716992,UAV 1,2,1:3001:2789,ENMORT001,1:1:71:10:1:0:1,0,false,false,false,false,0
ENMORT002,none,,2026-08-09T09:12:43.000Z,21.37453609,-157.73721308,UAV 1,2,1:3001:2834,ENMORT002,1:1:71:10:1:0:1,0,false,false,false,false,0
ENMORT003,none,,2026-08-09T09:12:43.000Z,21.37463664,-157.73725624,UAV 1,2,1:3001:2865,ENMORT003,1:1:71:10:1:0:1,0,false,false,false,false,0
ENZPU001,none,,2026-08-09T09:12:43.000Z,21.37550111,-157.74438876,UAV 1,2,1:3001:2659,ENZPU001,1:1:222:28:13:7:3,0,false,false,false,false,0
ENZPU002,none,,2026-08-09T09:12:43.000Z,21.37545350,-157.74447070,UAV 1,2,1:3001:2807,ENZPU002,1:1:222:28:13:7:3,0,false,false,false,false,0
ENGAZ002,move to,LOC_북측예비방어선,2026-08-09T09:12:43.000Z,21.37235389,-157.74244009,UAV 1,2,1:3001:2721,ENGAZ002,1:1:222:7:8:0:0,0,false,false,false,false,0
ENGAZ003,move to,LOC_적전방방어선후방,2026-08-09T09:12:43.000Z,21.37218579,-157.74264465,UAV 1,2,1:3001:2749,ENGAZ003,1:1:222:7:8:0:0,0,false,false,false,false,0
ENGAZ001,move to,LOC_적전방방어선후방,2026-08-09T09:12:43.000Z,21.37194770,-157.74239053,UAV 1,2,1:3001:2654,ENGAZ001,1:1:222:7:8:0:0,0,false,false,false,false,0
ENMORT005,none,,2026-08-09T09:12:45.000Z,21.37457651,-157.73710572,UAV 1,2,1:3001:2607,ENMORT005,1:1:71:10:1:0:1,0,false,false,false,false,0
ENMORT004,none,,2026-08-09T09:12:45.000Z,21.37447596,-157.73706256,UAV 1,2,1:3001:2630,ENMORT004,1:1:71:10:1:0:1,0,false,false,false,false,0
ENMORT001,none,,2026-08-09T09:12:45.000Z,21.37443553,-157.73716992,UAV 1,2,1:3001:2789,ENMORT001,1:1:71:10:1:0:1,0,false,false,false,false,0
ENMORT002,none,,2026-08-09T09:12:45.000Z,21.37453609,-157.73721308,UAV 1,2,1:3001:2834,ENMORT002,1:1:71:10:1:0:1,0,false,false,false,false,0
ENMORT003,none,,2026-08-09T09:12:45.000Z,21.37463664,-157.73725624,UAV 1,2,1:3001:2865,ENMORT003,1:1:71:10:1:0:1,0,false,false,false,false,0
ENZPU001,none,,2026-08-09T09:12:45.000Z,21.37550111,-157.74438876,UAV 1,2,1:3001:2659,ENZPU001,1:1:222:28:13:7:3,0,false,false,false,false,0
ENZPU002,none,,2026-08-09T09:12:45.000Z,21.37545350,-157.74447070,UAV 1,2,1:3001:2807,ENZPU002,1:1:222:28:13:7:3,0,false,false,false,false,0
ENGAZ002,move to,LOC_북측예비방어선,2026-08-09T09:12:45.000Z,21.37235389,-157.74244009,UAV 1,2,1:3001:2721,ENGAZ002,1:1:222:7:8:0:0,0,false,false,false,false,0
ENGAZ003,move to,LOC_적전방방어선후방,2026-08-09T09:12:45.000Z,21.37218579,-157.74264465,UAV 1,2,1:3001:2749,ENGAZ003,1:1:222:7:8:0:0,0,false,false,false,false,0
ENGAZ001,move to,LOC_적전방방어선후방,2026-08-09T09:12:45.000Z,21.37194770,-157.74239053,UAV 1,2,1:3001:2654,ENGAZ001,1:1:222:7:8:0:0,0,false,false,false,false,0
ENMORT005,none,,2026-08-09T09:12:46.000Z,21.37457651,-157.73710572,UAV 1,2,1:3001:2607,ENMORT005,1:1:71:10:1:0:1,0,false,false,false,false,0
ENMORT004,none,,2026-08-09T09:12:46.000Z,21.37447596,-157.73706256,UAV 1,2,1:3001:2630,ENMORT004,1:1:71:10:1:0:1,0,false,false,false,false,0
ENMORT001,none,,2026-08-09T09:12:46.000Z,21.37443553,-157.73716992,UAV 1,2,1:3001:2789,ENMORT001,1:1:71:10:1:0:1,0,false,false,false,false,0
ENMORT002,none,,2026-08-09T09:12:46.000Z,21.37453609,-157.73721308,UAV 1,2,1:3001:2834,ENMORT002,1:1:71:10:1:0:1,0,false,false,false,false,0
ENMORT003,none,,2026-08-09T09:12:46.000Z,21.37463664,-157.73725624,UAV 1,2,1:3001:2865,ENMORT003,1:1:71:10:1:0:1,0,false,false,false,false,0
ENZPU001,none,,2026-08-09T09:12:46.000Z,21.37550111,-157.74438876,UAV 1,2,1:3001:2659,ENZPU001,1:1:222:28:13:7:3,0,false,false,false,false,0
ENZPU002,none,,2026-08-09T09:12:46.000Z,21.37545350,-157.74447070,UAV 1,2,1:3001:2807,ENZPU002,1:1:222:28:13:7:3,0,false,false,false,false,0
ENGAZ002,move to,LOC_북측예비방어선,2026-08-09T09:12:46.000Z,21.37244362,-157.74249852,UAV 1,2,1:3001:2721,ENGAZ002,1:1:222:7:8:0:0,0,false,false,false,false,0
ENGAZ003,move to,LOC_적전방방어선후방,2026-08-09T09:12:46.000Z,21.37225649,-157.74271735,UAV 1,2,1:3001:2749,ENGAZ003,1:1:222:7:8:0:0,0,false,false,false,false,0
ENGAZ001,move to,LOC_적전방방어선후방,2026-08-09T09:12:46.000Z,21.37205395,-157.74250052,UAV 1,2,1:3001:2654,ENGAZ001,1:1:222:7:8:0:0,0,false,false,false,false,0
ENMORT005,none,,2026-08-09T09:12:48.000Z,21.37457651,-157.73710572,UAV 1,2,1:3001:2607,ENMORT005,1:1:71:10:1:0:1,0,false,false,false,false,0
ENMORT004,none,,2026-08-09T09:12:48.000Z,21.37447596,-157.73706256,UAV 1,2,1:3001:2630,ENMORT004,1:1:71:10:1:0:1,0,false,false,false,false,0
ENMORT001,none,,2026-08-09T09:12:48.000Z,21.37443553,-157.73716992,UAV 1,2,1:3001:2789,ENMORT001,1:1:71:10:1:0:1,0,false,false,false,false,0
ENMORT002,none,,2026-08-09T09:12:48.000Z,21.37453609,-157.73721308,UAV 1,2,1:3001:2834,ENMORT002,1:1:71:10:1:0:1,0,false,false,false,false,0
ENMORT003,none,,2026-08-09T09:12:48.000Z,21.37463664,-157.73725624,UAV 1,2,1:3001:2865,ENMORT003,1:1:71:10:1:0:1,0,false,false,false,false,0
ENZPU001,none,,2026-08-09T09:12:48.000Z,21.37550111,-157.74438876,UAV 1,2,1:3001:2659,ENZPU001,1:1:222:28:13:7:3,0,false,false,false,false,0
ENZPU002,none,,2026-08-09T09:12:48.000Z,21.37545350,-157.74447070,UAV 1,2,1:3001:2807,ENZPU002,1:1:222:28:13:7:3,0,false,false,false,false,0
ENGAZ002,move to,LOC_북측예비방어선,2026-08-09T09:12:48.000Z,21.37253075,-157.74255526,UAV 1,2,1:3001:2721,ENGAZ002,1:1:222:7:8:0:0,0,false,false,false,false,0
ENGAZ003,move to,LOC_적전방방어선후방,2026-08-09T09:12:48.000Z,21.37232041,-157.74278308,UAV 1,2,1:3001:2749,ENGAZ003,1:1:222:7:8:0:0,0,false,false,false,false,0
ENGAZ001,move to,LOC_적전방방어선후방,2026-08-09T09:12:48.000Z,21.37213665,-157.74258613,UAV 1,2,1:3001:2654,ENGAZ001,1:1:222:7:8:0:0,0,false,false,false,false,0
ENMORT005,none,,2026-08-09T09:12:49.000Z,21.37457651,-157.73710572,UAV 1,2,1:3001:2607,ENMORT005,1:1:71:10:1:0:1,0,false,false,false,false,0
ENMORT004,none,,2026-08-09T09:12:49.000Z,21.37447596,-157.73706256,UAV 1,2,1:3001:2630,ENMORT004,1:1:71:10:1:0:1,0,false,false,false,false,0
ENMORT001,none,,2026-08-09T09:12:49.000Z,21.37443553,-157.73716992,UAV 1,2,1:3001:2789,ENMORT001,1:1:71:10:1:0:1,0,false,false,false,false,0
ENMORT002,none,,2026-08-09T09:12:49.000Z,21.37453609,-157.73721308,UAV 1,2,1:3001:2834,ENMORT002,1:1:71:10:1:0:1,0,false,false,false,false,0
ENMORT003,none,,2026-08-09T09:12:49.000Z,21.37463664,-157.73725624,UAV 1,2,1:3001:2865,ENMORT003,1:1:71:10:1:0:1,0,false,false,false,false,0
ENZPU001,none,,2026-08-09T09:12:49.000Z,21.37550111,-157.74438876,UAV 1,2,1:3001:2659,ENZPU001,1:1:222:28:13:7:3,0,false,false,false,false,0
ENZPU002,none,,2026-08-09T09:12:49.000Z,21.37545350,-157.74447070,UAV 1,2,1:3001:2807,ENZPU002,1:1:222:28:13:7:3,0,false,false,false,false,0
ENGAZ002,move to,LOC_북측예비방어선,2026-08-09T09:12:49.000Z,21.37270440,-157.74266834,UAV 1,2,1:3001:2721,ENGAZ002,1:1:222:7:8:0:0,0,false,false,false,false,0
ENGAZ003,move to,LOC_적전방방어선후방,2026-08-09T09:12:49.000Z,21.37240360,-157.74286861,UAV 1,2,1:3001:2749,ENGAZ003,1:1:222:7:8:0:0,0,false,false,false,false,0
ENGAZ001,move to,LOC_적전방방어선후방,2026-08-09T09:12:49.000Z,21.37220316,-157.74265497,UAV 1,2,1:3001:2654,ENGAZ001,1:1:222:7:8:0:0,0,false,false,false,false,0
ENGAZ004,move to,LOC_북측예비방어선,2026-08-09T09:12:49.000Z,21.37261442,-157.74260919,UAV 1,2,1:3001:2838,ENGAZ004,1:1:222:7:8:0:0,0,false,false,false,false,0
ENMORT005,none,,2026-08-09T09:12:51.000Z,21.37457651,-157.73710572,UAV 1,2,1:3001:2607,ENMORT005,1:1:71:10:1:0:1,0,false,false,false,false,0
ENMORT004,none,,2026-08-09T09:12:51.000Z,21.37447596,-157.73706256,UAV 1,2,1:3001:2630,ENMORT004,1:1:71:10:1:0:1,0,false,false,false,false,0
ENMORT001,none,,2026-08-09T09:12:51.000Z,21.37443553,-157.73716992,UAV 1,2,1:3001:2789,ENMORT001,1:1:71:10:1:0:1,0,false,false,false,false,0
ENMORT002,none,,2026-08-09T09:12:51.000Z,21.37453609,-157.73721308,UAV 1,2,1:3001:2834,ENMORT002,1:1:71:10:1:0:1,0,false,false,false,false,0
ENMORT003,none,,2026-08-09T09:12:51.000Z,21.37463664,-157.73725624,UAV 1,2,1:3001:2865,ENMORT003,1:1:71:10:1:0:1,0,false,false,false,false,0
ENZPU001,none,,2026-08-09T09:12:51.000Z,21.37550111,-157.74438876,UAV 1,2,1:3001:2659,ENZPU001,1:1:222:28:13:7:3,0,false,false,false,false,0
ENZPU002,none,,2026-08-09T09:12:51.000Z,21.37545350,-157.74447070,UAV 1,2,1:3001:2807,ENZPU002,1:1:222:28:13:7:3,0,false,false,false,false,0
ENGAZ002,move to,LOC_북측예비방어선,2026-08-09T09:12:51.000Z,21.37270440,-157.74266834,UAV 1,2,1:3001:2721,ENGAZ002,1:1:222:7:8:0:0,0,false,false,false,false,0
ENGAZ003,move to,LOC_적전방방어선후방,2026-08-09T09:12:51.000Z,21.37240360,-157.74286861,UAV 1,2,1:3001:2749,ENGAZ003,1:1:222:7:8:0:0,0,false,false,false,false,0
ENGAZ001,move to,LOC_적전방방어선후방,2026-08-09T09:12:51.000Z,21.37220316,-157.74265497,UAV 1,2,1:3001:2654,ENGAZ001,1:1:222:7:8:0:0,0,false,false,false,false,0
ENGAZ004,move to,LOC_북측예비방어선,2026-08-09T09:12:51.000Z,21.37261442,-157.74260919,UAV 1,2,1:3001:2838,ENGAZ004,1:1:222:7:8:0:0,0,false,false,false,false,0
ENMORT005,none,,2026-08-09T09:12:52.000Z,21.37457651,-157.73710572,UAV 1,2,1:3001:2607,ENMORT005,1:1:71:10:1:0:1,0,false,false,false,false,0
ENMORT004,none,,2026-08-09T09:12:52.000Z,21.37447596,-157.73706256,UAV 1,2,1:3001:2630,ENMORT004,1:1:71:10:1:0:1,0,false,false,false,false,0
ENMORT001,none,,2026-08-09T09:12:52.000Z,21.37443553,-157.73716992,UAV 1,2,1:3001:2789,ENMORT001,1:1:71:10:1:0:1,0,false,false,false,false,0
ENMORT002,none,,2026-08-09T09:12:52.000Z,21.37453609,-157.73721308,UAV 1,2,1:3001:2834,ENMORT002,1:1:71:10:1:0:1,0,false,false,false,false,0
ENMORT003,none,,2026-08-09T09:12:52.000Z,21.37463664,-157.73725624,UAV 1,2,1:3001:2865,ENMORT003,1:1:71:10:1:0:1,0,false,false,false,false,0
ENZPU001,none,,2026-08-09T09:12:52.000Z,21.37550111,-157.74438876,UAV 1,2,1:3001:2659,ENZPU001,1:1:222:28:13:7:3,0,false,false,false,false,0
ENZPU002,none,,2026-08-09T09:12:52.000Z,21.37545350,-157.74447070,UAV 1,2,1:3001:2807,ENZPU002,1:1:222:28:13:7:3,0,false,false,false,false,0
ENGAZ003,move to,LOC_적전방방어선후방,2026-08-09T09:12:52.000Z,21.37252850,-157.74299705,UAV 1,2,1:3001:2749,ENGAZ003,1:1:222:7:8:0:0,0,false,false,false,false,0
ENGAZ001,move to,LOC_적전방방어선후방,2026-08-09T09:12:52.000Z,21.37227457,-157.74272890,UAV 1,2,1:3001:2654,ENGAZ001,1:1:222:7:8:0:0,0,false,false,false,false,0
ENMORT005,none,,2026-08-09T09:12:54.000Z,21.37457651,-157.73710572,UAV 1,2,1:3001:2607,ENMORT005,1:1:71:10:1:0:1,0,false,false,false,false,0
ENMORT004,none,,2026-08-09T09:12:54.000Z,21.37447596,-157.73706256,UAV 1,2,1:3001:2630,ENMORT004,1:1:71:10:1:0:1,0,false,false,false,false,0
ENMORT001,none,,2026-08-09T09:12:54.000Z,21.37443553,-157.73716992,UAV 1,2,1:3001:2789,ENMORT001,1:1:71:10:1:0:1,0,false,false,false,false,0
ENMORT002,none,,2026-08-09T09:12:54.000Z,21.37453609,-157.73721308,UAV 1,2,1:3001:2834,ENMORT002,1:1:71:10:1:0:1,0,false,false,false,false,0
ENMORT003,none,,2026-08-09T09:12:54.000Z,21.37463664,-157.73725624,UAV 1,2,1:3001:2865,ENMORT003,1:1:71:10:1:0:1,0,false,false,false,false,0
ENZPU001,none,,2026-08-09T09:12:54.000Z,21.37550111,-157.74438876,UAV 1,2,1:3001:2659,ENZPU001,1:1:222:28:13:7:3,0,false,false,false,false,0
ENZPU002,none,,2026-08-09T09:12:54.000Z,21.37545350,-157.74447070,UAV 1,2,1:3001:2807,ENZPU002,1:1:222:28:13:7:3,0,false,false,false,false,0
ENGAZ003,move to,LOC_적전방방어선후방,2026-08-09T09:12:54.000Z,21.37263183,-157.74310330,UAV 1,2,1:3001:2749,ENGAZ003,1:1:222:7:8:0:0,0,false,false,false,false,0
ENGAZ001,move to,LOC_적전방방어선후방,2026-08-09T09:12:54.000Z,21.37235318,-157.74281027,UAV 1,2,1:3001:2654,ENGAZ001,1:1:222:7:8:0:0,0,false,false,false,false,0
ENMORT005,none,,2026-08-09T09:12:55.000Z,21.37457651,-157.73710572,UAV 1,2,1:3001:2607,ENMORT005,1:1:71:10:1:0:1,0,false,false,false,false,0
ENMORT004,none,,2026-08-09T09:12:55.000Z,21.37447596,-157.73706256,UAV 1,2,1:3001:2630,ENMORT004,1:1:71:10:1:0:1,0,false,false,false,false,0
ENMORT001,none,,2026-08-09T09:12:55.000Z,21.37443553,-157.73716992,UAV 1,2,1:3001:2789,ENMORT001,1:1:71:10:1:0:1,0,false,false,false,false,0
ENMORT002,none,,2026-08-09T09:12:55.000Z,21.37453609,-157.73721308,UAV 1,2,1:3001:2834,ENMORT002,1:1:71:10:1:0:1,0,false,false,false,false,0
ENMORT003,none,,2026-08-09T09:12:55.000Z,21.37463664,-157.73725624,UAV 1,2,1:3001:2865,ENMORT003,1:1:71:10:1:0:1,0,false,false,false,false,0
ENZPU001,none,,2026-08-09T09:12:55.000Z,21.37550111,-157.74438876,UAV 1,2,1:3001:2659,ENZPU001,1:1:222:28:13:7:3,0,false,false,false,false,0
ENZPU002,none,,2026-08-09T09:12:55.000Z,21.37545350,-157.74447070,UAV 1,2,1:3001:2807,ENZPU002,1:1:222:28:13:7:3,0,false,false,false,false,0
ENGAZ001,move to,LOC_적전방방어선후방,2026-08-09T09:12:55.000Z,21.37245157,-157.74291213,UAV 1,2,1:3001:2654,ENGAZ001,1:1:222:7:8:0:0,0,false,false,false,false,0
ENMORT005,none,,2026-08-09T09:12:56.000Z,21.37457651,-157.73710572,UAV 1,2,1:3001:2607,ENMORT005,1:1:71:10:1:0:1,0,false,false,false,false,0
ENMORT004,none,,2026-08-09T09:12:56.000Z,21.37447596,-157.73706256,UAV 1,2,1:3001:2630,ENMORT004,1:1:71:10:1:0:1,0,false,false,false,false,0
ENMORT001,none,,2026-08-09T09:12:56.000Z,21.37443553,-157.73716992,UAV 1,2,1:3001:2789,ENMORT001,1:1:71:10:1:0:1,0,false,false,false,false,0
ENMORT002,none,,2026-08-09T09:12:56.000Z,21.37453609,-157.73721308,UAV 1,2,1:3001:2834,ENMORT002,1:1:71:10:1:0:1,0,false,false,false,false,0
ENMORT003,none,,2026-08-09T09:12:56.000Z,21.37463664,-157.73725624,UAV 1,2,1:3001:2865,ENMORT003,1:1:71:10:1:0:1,0,false,false,false,false,0
ENZPU001,none,,2026-08-09T09:12:56.000Z,21.37550111,-157.74438876,UAV 1,2,1:3001:2659,ENZPU001,1:1:222:28:13:7:3,0,false,false,false,false,0
ENZPU002,none,,2026-08-09T09:12:56.000Z,21.37545350,-157.74447070,UAV 1,2,1:3001:2807,ENZPU002,1:1:222:28:13:7:3,0,false,false,false,false,0
ENGAZ001,move to,LOC_적전방방어선후방,2026-08-09T09:12:56.000Z,21.37245157,-157.74291213,UAV 1,2,1:3001:2654,ENGAZ001,1:1:222:7:8:0:0,0,false,false,false,false,0
ENMORT005,none,,2026-08-09T09:12:58.000Z,21.37457651,-157.73710572,UAV 1,2,1:3001:2607,ENMORT005,1:1:71:10:1:0:1,0,false,false,false,false,0
ENMORT004,none,,2026-08-09T09:12:58.000Z,21.37447596,-157.73706256,UAV 1,2,1:3001:2630,ENMORT004,1:1:71:10:1:0:1,0,false,false,false,false,0
ENMORT001,none,,2026-08-09T09:12:58.000Z,21.37443553,-157.73716992,UAV 1,2,1:3001:2789,ENMORT001,1:1:71:10:1:0:1,0,false,false,false,false,0
ENMORT002,none,,2026-08-09T09:12:58.000Z,21.37453609,-157.73721308,UAV 1,2,1:3001:2834,ENMORT002,1:1:71:10:1:0:1,0,false,false,false,false,0
ENMORT003,none,,2026-08-09T09:12:58.000Z,21.37463664,-157.73725624,UAV 1,2,1:3001:2865,ENMORT003,1:1:71:10:1:0:1,0,false,false,false,false,0
ENZPU001,none,,2026-08-09T09:12:58.000Z,21.37550111,-157.74438876,UAV 1,2,1:3001:2659,ENZPU001,1:1:222:28:13:7:3,0,false,false,false,false,0
ENZPU002,none,,2026-08-09T09:12:58.000Z,21.37545350,-157.74447070,UAV 1,2,1:3001:2807,ENZPU002,1:1:222:28:13:7:3,0,false,false,false,false,0
ENGAZ001,move to,LOC_적전방방어선후방,2026-08-09T09:12:58.000Z,21.37254703,-157.74301095,UAV 1,2,1:3001:2654,ENGAZ001,1:1:222:7:8:0:0,0,false,false,false,false,0
ENGAZ003,move to,LOC_적전방방어선후방,2026-08-09T09:12:58.000Z,21.37282735,-157.74330435,UAV 1,2,1:3001:2749,ENGAZ003,1:1:222:7:8:0:0,0,false,false,false,false,0
ENMORT005,none,,2026-08-09T09:12:59.000Z,21.37457651,-157.73710572,UAV 1,2,1:3001:2607,ENMORT005,1:1:71:10:1:0:1,0,false,false,false,false,0
ENMORT004,none,,2026-08-09T09:12:59.000Z,21.37447596,-157.73706256,UAV 1,2,1:3001:2630,ENMORT004,1:1:71:10:1:0:1,0,false,false,false,false,0
ENMORT001,none,,2026-08-09T09:12:59.000Z,21.37443553,-157.73716992,UAV 1,2,1:3001:2789,ENMORT001,1:1:71:10:1:0:1,0,false,false,false,false,0
ENMORT002,none,,2026-08-09T09:12:59.000Z,21.37453609,-157.73721308,UAV 1,2,1:3001:2834,ENMORT002,1:1:71:10:1:0:1,0,false,false,false,false,0
ENMORT003,none,,2026-08-09T09:12:59.000Z,21.37463664,-157.73725624,UAV 1,2,1:3001:2865,ENMORT003,1:1:71:10:1:0:1,0,false,false,false,false,0
ENZPU001,none,,2026-08-09T09:12:59.000Z,21.37550111,-157.74438876,UAV 1,2,1:3001:2659,ENZPU001,1:1:222:28:13:7:3,0,false,false,false,false,0
ENZPU002,none,,2026-08-09T09:12:59.000Z,21.37545350,-157.74447070,UAV 1,2,1:3001:2807,ENZPU002,1:1:222:28:13:7:3,0,false,false,false,false,0
ENGAZ003,move to,LOC_적전방방어선후방,2026-08-09T09:12:59.000Z,21.37294438,-157.74342468,UAV 1,2,1:3001:2749,ENGAZ003,1:1:222:7:8:0:0,0,false,false,false,false,0
ENMORT005,none,,2026-08-09T09:13:01.000Z,21.37457651,-157.73710572,UAV 1,2,1:3001:2607,ENMORT005,1:1:71:10:1:0:1,0,false,false,false,false,0
ENMORT004,none,,2026-08-09T09:13:01.000Z,21.37447596,-157.73706256,UAV 1,2,1:3001:2630,ENMORT004,1:1:71:10:1:0:1,0,false,false,false,false,0
ENMORT001,none,,2026-08-09T09:13:01.000Z,21.37443553,-157.73716992,UAV 1,2,1:3001:2789,ENMORT001,1:1:71:10:1:0:1,0,false,false,false,false,0
ENMORT002,none,,2026-08-09T09:13:01.000Z,21.37453609,-157.73721308,UAV 1,2,1:3001:2834,ENMORT002,1:1:71:10:1:0:1,0,false,false,false,false,0
ENMORT003,none,,2026-08-09T09:13:01.000Z,21.37463664,-157.73725624,UAV 1,2,1:3001:2865,ENMORT003,1:1:71:10:1:0:1,0,false,false,false,false,0
ENZPU001,none,,2026-08-09T09:13:01.000Z,21.37550111,-157.74438876,UAV 1,2,1:3001:2659,ENZPU001,1:1:222:28:13:7:3,0,false,false,false,false,0
ENZPU002,none,,2026-08-09T09:13:01.000Z,21.37545350,-157.74447070,UAV 1,2,1:3001:2807,ENZPU002,1:1:222:28:13:7:3,0,false,false,false,false,0
ENGAZ003,move to,LOC_적전방방어선후방,2026-08-09T09:13:01.000Z,21.37294438,-157.74342468,UAV 1,2,1:3001:2749,ENGAZ003,1:1:222:7:8:0:0,0,false,false,false,false,0
ENMORT005,none,,2026-08-09T09:13:02.000Z,21.37457651,-157.73710572,UAV 1,2,1:3001:2607,ENMORT005,1:1:71:10:1:0:1,0,false,false,false,false,0
ENMORT004,none,,2026-08-09T09:13:02.000Z,21.37447596,-157.73706256,UAV 1,2,1:3001:2630,ENMORT004,1:1:71:10:1:0:1,0,false,false,false,false,0
ENMORT001,none,,2026-08-09T09:13:02.000Z,21.37443553,-157.73716992,UAV 1,2,1:3001:2789,ENMORT001,1:1:71:10:1:0:1,0,false,false,false,false,0
ENMORT002,none,,2026-08-09T09:13:02.000Z,21.37453609,-157.73721308,UAV 1,2,1:3001:2834,ENMORT002,1:1:71:10:1:0:1,0,false,false,false,false,0
ENMORT003,none,,2026-08-09T09:13:02.000Z,21.37463664,-157.73725624,UAV 1,2,1:3001:2865,ENMORT003,1:1:71:10:1:0:1,0,false,false,false,false,0
ENZPU001,none,,2026-08-09T09:13:02.000Z,21.37550111,-157.74438876,UAV 1,2,1:3001:2659,ENZPU001,1:1:222:28:13:7:3,0,false,false,false,false,0
ENZPU002,none,,2026-08-09T09:13:02.000Z,21.37545350,-157.74447070,UAV 1,2,1:3001:2807,ENZPU002,1:1:222:28:13:7:3,0,false,false,false,false,0
ENGAZ003,move to,LOC_적전방방어선후방,2026-08-09T09:13:02.000Z,21.37304702,-157.74353022,UAV 1,2,1:3001:2749,ENGAZ003,1:1:222:7:8:0:0,0,false,false,false,false,0
ENM35004,move to,LOC_적북측접근로,2026-08-09T09:13:02.000Z,21.37136123,-157.74161457,UAV 1,2,1:3001:2650,ENM35004,1:1:225:7:1:6:0,0,false,false,false,false,0
ENBTR80003,move to,LOC_북측예비방어선,2026-08-09T09:13:02.000Z,21.37676386,-157.74213067,UAV 1,2,1:3001:2753,ENBTR80003,1:1:222:2:13:0:0,0,false,false,false,false,0
ENBTR60008,move to,LOC_적북측접근로,2026-08-09T09:13:02.000Z,21.37709601,-157.74153982,UAV 1,2,1:3001:2826,ENBTR60008,1:1:222:2:8:1:0,0,false,false,false,false,0
ENBTR80007,move to,LOC_북측예비방어선,2026-08-09T09:13:02.000Z,21.37701567,-157.74206965,UAV 1,2,1:3001:2828,ENBTR80007,1:1:222:2:13:0:0,0,false,false,false,false,0
ENBTR60004,move to,LOC_적북측접근로,2026-08-09T09:13:02.000Z,21.37698852,-157.74154339,UAV 1,2,1:3001:2872,ENBTR60004,1:1:222:2:8:1:0,0,false,false,false,false,0
ENMORT005,none,,2026-08-09T09:13:04.000Z,21.37457651,-157.73710572,UAV 1,2,1:3001:2607,ENMORT005,1:1:71:10:1:0:1,0,false,false,false,false,0
ENMORT004,none,,2026-08-09T09:13:04.000Z,21.37447596,-157.73706256,UAV 1,2,1:3001:2630,ENMORT004,1:1:71:10:1:0:1,0,false,false,false,false,0
ENMORT001,none,,2026-08-09T09:13:04.000Z,21.37443553,-157.73716992,UAV 1,2,1:3001:2789,ENMORT001,1:1:71:10:1:0:1,0,false,false,false,false,0
ENMORT002,none,,2026-08-09T09:13:04.000Z,21.37453609,-157.73721308,UAV 1,2,1:3001:2834,ENMORT002,1:1:71:10:1:0:1,0,false,false,false,false,0
ENMORT003,none,,2026-08-09T09:13:04.000Z,21.37463664,-157.73725624,UAV 1,2,1:3001:2865,ENMORT003,1:1:71:10:1:0:1,0,false,false,false,false,0
ENZPU001,none,,2026-08-09T09:13:04.000Z,21.37550111,-157.74438876,UAV 1,2,1:3001:2659,ENZPU001,1:1:222:28:13:7:3,0,false,false,false,false,0
ENZPU002,none,,2026-08-09T09:13:04.000Z,21.37545350,-157.74447070,UAV 1,2,1:3001:2807,ENZPU002,1:1:222:28:13:7:3,0,false,false,false,false,0
ENGAZ003,move to,LOC_적전방방어선후방,2026-08-09T09:13:04.000Z,21.37316196,-157.74364841,UAV 1,2,1:3001:2749,ENGAZ003,1:1:222:7:8:0:0,0,false,false,false,false,0
ENBTR60008,move to,LOC_적북측접근로,2026-08-09T09:13:04.000Z,21.37690671,-157.74154639,UAV 1,2,1:3001:2826,ENBTR60008,1:1:222:2:8:1:0,0,false,false,false,false,0
ENBTR80007,move to,LOC_북측예비방어선,2026-08-09T09:13:04.000Z,21.37683414,-157.74212142,UAV 1,2,1:3001:2828,ENBTR80007,1:1:222:2:13:0:0,0,false,false,false,false,0
ENBTR60004,move to,LOC_적북측접근로,2026-08-09T09:13:04.000Z,21.37679931,-157.74154997,UAV 1,2,1:3001:2872,ENBTR60004,1:1:222:2:8:1:0,0,false,false,false,false,0
ENGAZ001,move to,LOC_적전방방어선후방,2026-08-09T09:13:04.000Z,21.37287090,-157.74334622,UAV 1,2,1:3001:2654,ENGAZ001,1:1:222:7:8:0:0,0,false,false,false,false,0
ENMORT005,none,,2026-08-09T09:13:06.000Z,21.37457651,-157.73710572,UAV 1,2,1:3001:2607,ENMORT005,1:1:71:10:1:0:1,0,false,false,false,false,0
ENMORT004,none,,2026-08-09T09:13:06.000Z,21.37447596,-157.73706256,UAV 1,2,1:3001:2630,ENMORT004,1:1:71:10:1:0:1,0,false,false,false,false,0
ENMORT001,none,,2026-08-09T09:13:06.000Z,21.37443553,-157.73716992,UAV 1,2,1:3001:2789,ENMORT001,1:1:71:10:1:0:1,0,false,false,false,false,0
ENMORT002,none,,2026-08-09T09:13:06.000Z,21.37453609,-157.73721308,UAV 1,2,1:3001:2834,ENMORT002,1:1:71:10:1:0:1,0,false,false,false,false,0
ENMORT003,none,,2026-08-09T09:13:06.000Z,21.37463664,-157.73725624,UAV 1,2,1:3001:2865,ENMORT003,1:1:71:10:1:0:1,0,false,false,false,false,0
ENZPU001,none,,2026-08-09T09:13:06.000Z,21.37550111,-157.74438876,UAV 1,2,1:3001:2659,ENZPU001,1:1:222:28:13:7:3,0,false,false,false,false,0
ENZPU002,none,,2026-08-09T09:13:06.000Z,21.37545350,-157.74447070,UAV 1,2,1:3001:2807,ENZPU002,1:1:222:28:13:7:3,0,false,false,false,false,0
ENGAZ003,move to,LOC_적전방방어선후방,2026-08-09T09:13:06.000Z,21.37318775,-157.74367493,UAV 1,2,1:3001:2749,ENGAZ003,1:1:222:7:8:0:0,0,false,false,false,false,0
ENBTR60008,move to,LOC_적북측접근로,2026-08-09T09:13:06.000Z,21.37673444,-157.74155237,UAV 1,2,1:3001:2826,ENBTR60008,1:1:222:2:8:1:0,0,false,false,false,false,0
ENBTR60004,move to,LOC_적북측접근로,2026-08-09T09:13:06.000Z,21.37662747,-157.74155594,UAV 1,2,1:3001:2872,ENBTR60004,1:1:222:2:8:1:0,0,false,false,false,false,0
ENGAZ001,move to,LOC_적전방방어선후방,2026-08-09T09:13:06.000Z,21.37297570,-157.74345470,UAV 1,2,1:3001:2654,ENGAZ001,1:1:222:7:8:0:0,0,false,false,false,false,0
ENMORT005,none,,2026-08-09T09:13:07.000Z,21.37457651,-157.73710572,UAV 1,2,1:3001:2607,ENMORT005,1:1:71:10:1:0:1,0,false,false,false,false,0
ENMORT004,none,,2026-08-09T09:13:07.000Z,21.37447596,-157.73706256,UAV 1,2,1:3001:2630,ENMORT004,1:1:71:10:1:0:1,0,false,false,false,false,0
ENMORT001,none,,2026-08-09T09:13:07.000Z,21.37443553,-157.73716992,UAV 1,2,1:3001:2789,ENMORT001,1:1:71:10:1:0:1,0,false,false,false,false,0
ENMORT002,none,,2026-08-09T09:13:07.000Z,21.37453609,-157.73721308,UAV 1,2,1:3001:2834,ENMORT002,1:1:71:10:1:0:1,0,false,false,false,false,0
ENMORT003,none,,2026-08-09T09:13:07.000Z,21.37463664,-157.73725624,UAV 1,2,1:3001:2865,ENMORT003,1:1:71:10:1:0:1,0,false,false,false,false,0
ENZPU001,none,,2026-08-09T09:13:07.000Z,21.37550111,-157.74438876,UAV 1,2,1:3001:2659,ENZPU001,1:1:222:28:13:7:3,0,false,false,false,false,0
ENZPU002,none,,2026-08-09T09:13:07.000Z,21.37545350,-157.74447070,UAV 1,2,1:3001:2807,ENZPU002,1:1:222:28:13:7:3,0,false,false,false,false,0
ENGAZ003,move to,LOC_적전방방어선후방,2026-08-09T09:13:07.000Z,21.37318775,-157.74367493,UAV 1,2,1:3001:2749,ENGAZ003,1:1:222:7:8:0:0,0,false,false,false,false,0
ENBTR60008,move to,LOC_적북측접근로,2026-08-09T09:13:07.000Z,21.37673444,-157.74155237,UAV 1,2,1:3001:2826,ENBTR60008,1:1:222:2:8:1:0,0,false,false,false,false,0
ENBTR60004,move to,LOC_적북측접근로,2026-08-09T09:13:07.000Z,21.37662747,-157.74155594,UAV 1,2,1:3001:2872,ENBTR60004,1:1:222:2:8:1:0,0,false,false,false,false,0
ENGAZ001,move to,LOC_적전방방어선후방,2026-08-09T09:13:07.000Z,21.37297570,-157.74345470,UAV 1,2,1:3001:2654,ENGAZ001,1:1:222:7:8:0:0,0,false,false,false,false,0
ENMORT005,none,,2026-08-09T09:13:08.000Z,21.37457651,-157.73710572,UAV 1,2,1:3001:2607,ENMORT005,1:1:71:10:1:0:1,0,false,false,false,false,0
ENMORT004,none,,2026-08-09T09:13:08.000Z,21.37447596,-157.73706256,UAV 1,2,1:3001:2630,ENMORT004,1:1:71:10:1:0:1,0,false,false,false,false,0
ENMORT001,none,,2026-08-09T09:13:08.000Z,21.37443553,-157.73716992,UAV 1,2,1:3001:2789,ENMORT001,1:1:71:10:1:0:1,0,false,false,false,false,0
ENMORT002,none,,2026-08-09T09:13:08.000Z,21.37453609,-157.73721308,UAV 1,2,1:3001:2834,ENMORT002,1:1:71:10:1:0:1,0,false,false,false,false,0
ENMORT003,none,,2026-08-09T09:13:08.000Z,21.37463664,-157.73725624,UAV 1,2,1:3001:2865,ENMORT003,1:1:71:10:1:0:1,0,false,false,false,false,0
ENZPU001,none,,2026-08-09T09:13:08.000Z,21.37550111,-157.74438876,UAV 1,2,1:3001:2659,ENZPU001,1:1:222:28:13:7:3,0,false,false,false,false,0
ENZPU002,none,,2026-08-09T09:13:08.000Z,21.37545350,-157.74447070,UAV 1,2,1:3001:2807,ENZPU002,1:1:222:28:13:7:3,0,false,false,false,false,0
ENGAZ003,move to,LOC_적전방방어선후방,2026-08-09T09:13:08.000Z,21.37321889,-157.74370695,UAV 1,2,1:3001:2749,ENGAZ003,1:1:222:7:8:0:0,0,false,false,false,false,0
ENBTR60008,move to,LOC_적북측접근로,2026-08-09T09:13:08.000Z,21.37653667,-157.74155924,UAV 1,2,1:3001:2826,ENBTR60008,1:1:222:2:8:1:0,0,false,false,false,false,0
ENBTR60004,move to,LOC_적북측접근로,2026-08-09T09:13:08.000Z,21.37643021,-157.74156279,UAV 1,2,1:3001:2872,ENBTR60004,1:1:222:2:8:1:0,0,false,false,false,false,0
ENGAZ001,move to,LOC_적전방방어선후방,2026-08-09T09:13:08.000Z,21.37308151,-157.74356424,UAV 1,2,1:3001:2654,ENGAZ001,1:1:222:7:8:0:0,0,false,false,false,false,0
ENBTR80003,move to,LOC_북측예비방어선,2026-08-09T09:13:08.000Z,21.37622944,-157.74228478,UAV 1,2,1:3001:2753,ENBTR80003,1:1:222:2:13:0:0,0,false,false,false,false,0
ENMORT005,none,,2026-08-09T09:13:10.000Z,21.37457651,-157.73710572,UAV 1,2,1:3001:2607,ENMORT005,1:1:71:10:1:0:1,0,false,false,false,false,0
ENMORT004,none,,2026-08-09T09:13:10.000Z,21.37447596,-157.73706256,UAV 1,2,1:3001:2630,ENMORT004,1:1:71:10:1:0:1,0,false,false,false,false,0
ENMORT001,none,,2026-08-09T09:13:10.000Z,21.37443553,-157.73716992,UAV 1,2,1:3001:2789,ENMORT001,1:1:71:10:1:0:1,0,false,false,false,false,0
ENMORT002,none,,2026-08-09T09:13:10.000Z,21.37453609,-157.73721308,UAV 1,2,1:3001:2834,ENMORT002,1:1:71:10:1:0:1,0,false,false,false,false,0
ENMORT003,none,,2026-08-09T09:13:10.000Z,21.37463664,-157.73725624,UAV 1,2,1:3001:2865,ENMORT003,1:1:71:10:1:0:1,0,false,false,false,false,0
ENZPU001,none,,2026-08-09T09:13:10.000Z,21.37550111,-157.74438876,UAV 1,2,1:3001:2659,ENZPU001,1:1:222:28:13:7:3,0,false,false,false,false,0
ENZPU002,none,,2026-08-09T09:13:10.000Z,21.37545350,-157.74447070,UAV 1,2,1:3001:2807,ENZPU002,1:1:222:28:13:7:3,0,false,false,false,false,0
ENGAZ003,move to,LOC_적전방방어선후방,2026-08-09T09:13:10.000Z,21.37324281,-157.74373154,UAV 1,2,1:3001:2749,ENGAZ003,1:1:222:7:8:0:0,0,false,false,false,false,0
ENBTR60008,move to,LOC_적북측접근로,2026-08-09T09:13:10.000Z,21.37635612,-157.74156551,UAV 1,2,1:3001:2826,ENBTR60008,1:1:222:2:8:1:0,0,false,false,false,false,0
ENBTR60004,move to,LOC_적북측접근로,2026-08-09T09:13:10.000Z,21.37624942,-157.74156908,UAV 1,2,1:3001:2872,ENBTR60004,1:1:222:2:8:1:0,0,false,false,false,false,0
ENGAZ001,move to,LOC_적전방방어선후방,2026-08-09T09:13:10.000Z,21.37316823,-157.74365401,UAV 1,2,1:3001:2654,ENGAZ001,1:1:222:7:8:0:0,0,false,false,false,false,0
ENBTR80003,move to,LOC_북측예비방어선,2026-08-09T09:13:10.000Z,21.37605201,-157.74233595,UAV 1,2,1:3001:2753,ENBTR80003,1:1:222:2:13:0:0,0,false,false,false,false,0
ENMORT005,none,,2026-08-09T09:13:11.000Z,21.37457651,-157.73710572,UAV 1,2,1:3001:2607,ENMORT005,1:1:71:10:1:0:1,0,false,false,false,false,0
ENMORT004,none,,2026-08-09T09:13:11.000Z,21.37447596,-157.73706256,UAV 1,2,1:3001:2630,ENMORT004,1:1:71:10:1:0:1,0,false,false,false,false,0
ENMORT001,none,,2026-08-09T09:13:11.000Z,21.37443553,-157.73716992,UAV 1,2,1:3001:2789,ENMORT001,1:1:71:10:1:0:1,0,false,false,false,false,0
ENMORT002,none,,2026-08-09T09:13:11.000Z,21.37453609,-157.73721308,UAV 1,2,1:3001:2834,ENMORT002,1:1:71:10:1:0:1,0,false,false,false,false,0
ENMORT003,none,,2026-08-09T09:13:11.000Z,21.37463664,-157.73725624,UAV 1,2,1:3001:2865,ENMORT003,1:1:71:10:1:0:1,0,false,false,false,false,0
ENZPU001,none,,2026-08-09T09:13:11.000Z,21.37550111,-157.74438876,UAV 1,2,1:3001:2659,ENZPU001,1:1:222:28:13:7:3,0,false,false,false,false,0
ENZPU002,none,,2026-08-09T09:13:11.000Z,21.37545350,-157.74447070,UAV 1,2,1:3001:2807,ENZPU002,1:1:222:28:13:7:3,0,false,false,false,false,0
ENGAZ003,move to,LOC_적전방방어선후방,2026-08-09T09:13:11.000Z,21.37324281,-157.74373154,UAV 1,2,1:3001:2749,ENGAZ003,1:1:222:7:8:0:0,0,false,false,false,false,0
ENBTR60008,move to,LOC_적북측접근로,2026-08-09T09:13:11.000Z,21.37635612,-157.74156551,UAV 1,2,1:3001:2826,ENBTR60008,1:1:222:2:8:1:0,0,false,false,false,false,0
ENBTR60004,move to,LOC_적북측접근로,2026-08-09T09:13:11.000Z,21.37624942,-157.74156908,UAV 1,2,1:3001:2872,ENBTR60004,1:1:222:2:8:1:0,0,false,false,false,false,0
ENGAZ001,move to,LOC_적전방방어선후방,2026-08-09T09:13:11.000Z,21.37316823,-157.74365401,UAV 1,2,1:3001:2654,ENGAZ001,1:1:222:7:8:0:0,0,false,false,false,false,0
ENBTR80003,move to,LOC_북측예비방어선,2026-08-09T09:13:11.000Z,21.37605201,-157.74233595,UAV 1,2,1:3001:2753,ENBTR80003,1:1:222:2:13:0:0,0,false,false,false,false,0
ENMORT005,none,,2026-08-09T09:13:13.000Z,21.37457651,-157.73710572,UAV 1,2,1:3001:2607,ENMORT005,1:1:71:10:1:0:1,0,false,false,false,false,0
ENMORT004,none,,2026-08-09T09:13:13.000Z,21.37447596,-157.73706256,UAV 1,2,1:3001:2630,ENMORT004,1:1:71:10:1:0:1,0,false,false,false,false,0
ENMORT001,none,,2026-08-09T09:13:13.000Z,21.37443553,-157.73716992,UAV 1,2,1:3001:2789,ENMORT001,1:1:71:10:1:0:1,0,false,false,false,false,0
ENMORT002,none,,2026-08-09T09:13:13.000Z,21.37453609,-157.73721308,UAV 1,2,1:3001:2834,ENMORT002,1:1:71:10:1:0:1,0,false,false,false,false,0
ENMORT003,none,,2026-08-09T09:13:13.000Z,21.37463664,-157.73725624,UAV 1,2,1:3001:2865,ENMORT003,1:1:71:10:1:0:1,0,false,false,false,false,0
ENZPU001,none,,2026-08-09T09:13:13.000Z,21.37550111,-157.74438876,UAV 1,2,1:3001:2659,ENZPU001,1:1:222:28:13:7:3,0,false,false,false,false,0
ENZPU002,none,,2026-08-09T09:13:13.000Z,21.37545350,-157.74447070,UAV 1,2,1:3001:2807,ENZPU002,1:1:222:28:13:7:3,0,false,false,false,false,0
ENGAZ003,move to,LOC_적전방방어선후방,2026-08-09T09:13:13.000Z,21.37327198,-157.74376154,UAV 1,2,1:3001:2749,ENGAZ003,1:1:222:7:8:0:0,0,false,false,false,false,0
ENBTR60008,move to,LOC_적북측접근로,2026-08-09T09:13:13.000Z,21.37618323,-157.74157151,UAV 1,2,1:3001:2826,ENBTR60008,1:1:222:2:8:1:0,0,false,false,false,false,0
ENBTR60004,move to,LOC_적북측접근로,2026-08-09T09:13:13.000Z,21.37607591,-157.74157511,UAV 1,2,1:3001:2872,ENBTR60004,1:1:222:2:8:1:0,0,false,false,false,false,0
ENGAZ001,move to,LOC_적전방방어선후방,2026-08-09T09:13:13.000Z,21.37316772,-157.74365348,UAV 1,2,1:3001:2654,ENGAZ001,1:1:222:7:8:0:0,0,false,false,false,false,0
ENBTR60005,move to,LOC_북측예비방어선,2026-08-09T09:13:13.000Z,21.37625067,-157.74227777,UAV 1,2,1:3001:2902,ENBTR60005,1:1:222:2:8:1:0,0,false,false,false,false,0
ENMORT005,none,,2026-08-09T09:13:14.000Z,21.37457651,-157.73710572,UAV 1,2,1:3001:2607,ENMORT005,1:1:71:10:1:0:1,0,false,false,false,false,0
ENMORT004,none,,2026-08-09T09:13:14.000Z,21.37447596,-157.73706256,UAV 1,2,1:3001:2630,ENMORT004,1:1:71:10:1:0:1,0,false,false,false,false,0
ENMORT001,none,,2026-08-09T09:13:14.000Z,21.37443553,-157.73716992,UAV 1,2,1:3001:2789,ENMORT001,1:1:71:10:1:0:1,0,false,false,false,false,0
ENMORT002,none,,2026-08-09T09:13:14.000Z,21.37453609,-157.73721308,UAV 1,2,1:3001:2834,ENMORT002,1:1:71:10:1:0:1,0,false,false,false,false,0
ENMORT003,none,,2026-08-09T09:13:14.000Z,21.37463664,-157.73725624,UAV 1,2,1:3001:2865,ENMORT003,1:1:71:10:1:0:1,0,false,false,false,false,0
ENZPU001,none,,2026-08-09T09:13:14.000Z,21.37550111,-157.74438876,UAV 1,2,1:3001:2659,ENZPU001,1:1:222:28:13:7:3,0,false,false,false,false,0
ENGAZ003,none,,2026-08-09T09:13:14.000Z,21.37328551,-157.74377547,UAV 1,2,1:3001:2749,ENGAZ003,1:1:222:7:8:0:0,0,false,false,false,false,0
ENBTR60008,move to,LOC_적북측접근로,2026-08-09T09:13:14.000Z,21.37598247,-157.74157848,UAV 1,2,1:3001:2826,ENBTR60008,1:1:222:2:8:1:0,0,false,false,false,false,0
ENBTR60004,move to,LOC_적북측접근로,2026-08-09T09:13:14.000Z,21.37587467,-157.74158210,UAV 1,2,1:3001:2872,ENBTR60004,1:1:222:2:8:1:0,0,false,false,false,false,0
ENGAZ001,move to,LOC_적전방방어선후방,2026-08-09T09:13:14.000Z,21.37320787,-157.74369504,UAV 1,2,1:3001:2654,ENGAZ001,1:1:222:7:8:0:0,0,false,false,false,false,0
ENMORT005,none,,2026-08-09T09:13:15.000Z,21.37457651,-157.73710572,UAV 1,2,1:3001:2607,ENMORT005,1:1:71:10:1:0:1,0,false,false,false,false,0
ENMORT004,none,,2026-08-09T09:13:15.000Z,21.37447596,-157.73706256,UAV 1,2,1:3001:2630,ENMORT004,1:1:71:10:1:0:1,0,false,false,false,false,0
ENMORT001,none,,2026-08-09T09:13:15.000Z,21.37443553,-157.73716992,UAV 1,2,1:3001:2789,ENMORT001,1:1:71:10:1:0:1,0,false,false,false,false,0
ENMORT002,none,,2026-08-09T09:13:15.000Z,21.37453609,-157.73721308,UAV 1,2,1:3001:2834,ENMORT002,1:1:71:10:1:0:1,0,false,false,false,false,0
ENMORT003,none,,2026-08-09T09:13:15.000Z,21.37463664,-157.73725624,UAV 1,2,1:3001:2865,ENMORT003,1:1:71:10:1:0:1,0,false,false,false,false,0
ENZPU001,none,,2026-08-09T09:13:15.000Z,21.37550111,-157.74438876,UAV 1,2,1:3001:2659,ENZPU001,1:1:222:28:13:7:3,0,false,false,false,false,0
ENGAZ003,none,,2026-08-09T09:13:15.000Z,21.37328551,-157.74377547,UAV 1,2,1:3001:2749,ENGAZ003,1:1:222:7:8:0:0,0,false,false,false,false,0
ENBTR60008,move to,LOC_적북측접근로,2026-08-09T09:13:15.000Z,21.37598247,-157.74157848,UAV 1,2,1:3001:2826,ENBTR60008,1:1:222:2:8:1:0,0,false,false,false,false,0
ENBTR60004,move to,LOC_적북측접근로,2026-08-09T09:13:15.000Z,21.37587467,-157.74158210,UAV 1,2,1:3001:2872,ENBTR60004,1:1:222:2:8:1:0,0,false,false,false,false,0
ENGAZ001,move to,LOC_적전방방어선후방,2026-08-09T09:13:15.000Z,21.37320787,-157.74369504,UAV 1,2,1:3001:2654,ENGAZ001,1:1:222:7:8:0:0,0,false,false,false,false,0
ENMORT005,none,,2026-08-09T09:13:17.000Z,21.37457651,-157.73710572,UAV 1,2,1:3001:2607,ENMORT005,1:1:71:10:1:0:1,0,false,false,false,false,0
ENMORT004,none,,2026-08-09T09:13:17.000Z,21.37447596,-157.73706256,UAV 1,2,1:3001:2630,ENMORT004,1:1:71:10:1:0:1,0,false,false,false,false,0
ENMORT001,none,,2026-08-09T09:13:17.000Z,21.37443553,-157.73716992,UAV 1,2,1:3001:2789,ENMORT001,1:1:71:10:1:0:1,0,false,false,false,false,0
ENMORT002,none,,2026-08-09T09:13:17.000Z,21.37453609,-157.73721308,UAV 1,2,1:3001:2834,ENMORT002,1:1:71:10:1:0:1,0,false,false,false,false,0
ENMORT003,none,,2026-08-09T09:13:17.000Z,21.37463664,-157.73725624,UAV 1,2,1:3001:2865,ENMORT003,1:1:71:10:1:0:1,0,false,false,false,false,0
ENZPU001,none,,2026-08-09T09:13:17.000Z,21.37550111,-157.74438876,UAV 1,2,1:3001:2659,ENZPU001,1:1:222:28:13:7:3,0,false,false,false,false,0
ENGAZ003,none,,2026-08-09T09:13:17.000Z,21.37328551,-157.74377547,UAV 1,2,1:3001:2749,ENGAZ003,1:1:222:7:8:0:0,0,false,false,false,false,0
ENBTR60008,move to,LOC_적북측접근로,2026-08-09T09:13:17.000Z,21.37580765,-157.74158455,UAV 1,2,1:3001:2826,ENBTR60008,1:1:222:2:8:1:0,0,false,false,false,false,0
ENBTR60004,move to,LOC_적북측접근로,2026-08-09T09:13:17.000Z,21.37569891,-157.74158821,UAV 1,2,1:3001:2872,ENBTR60004,1:1:222:2:8:1:0,0,false,false,false,false,0
ENGAZ001,move to,LOC_적전방방어선후방,2026-08-09T09:13:17.000Z,21.37322432,-157.74371207,UAV 1,2,1:3001:2654,ENGAZ001,1:1:222:7:8:0:0,0,false,false,false,false,0
ENMORT005,none,,2026-08-09T09:13:18.000Z,21.37457651,-157.73710572,UAV 1,2,1:3001:2607,ENMORT005,1:1:71:10:1:0:1,0,false,false,false,false,0
ENMORT004,none,,2026-08-09T09:13:18.000Z,21.37447596,-157.73706256,UAV 1,2,1:3001:2630,ENMORT004,1:1:71:10:1:0:1,0,false,false,false,false,0
ENMORT001,none,,2026-08-09T09:13:18.000Z,21.37443553,-157.73716992,UAV 1,2,1:3001:2789,ENMORT001,1:1:71:10:1:0:1,0,false,false,false,false,0
ENMORT002,none,,2026-08-09T09:13:18.000Z,21.37453609,-157.73721308,UAV 1,2,1:3001:2834,ENMORT002,1:1:71:10:1:0:1,0,false,false,false,false,0
ENMORT003,none,,2026-08-09T09:13:18.000Z,21.37463664,-157.73725624,UAV 1,2,1:3001:2865,ENMORT003,1:1:71:10:1:0:1,0,false,false,false,false,0
ENGAZ003,none,,2026-08-09T09:13:18.000Z,21.37328551,-157.74377547,UAV 1,2,1:3001:2749,ENGAZ003,1:1:222:7:8:0:0,0,false,false,false,false,0
ENBTR60008,move to,LOC_적북측접근로,2026-08-09T09:13:18.000Z,21.37561524,-157.74159123,UAV 1,2,1:3001:2826,ENBTR60008,1:1:222:2:8:1:0,0,false,false,false,false,0
ENBTR60004,move to,LOC_적북측접근로,2026-08-09T09:13:18.000Z,21.37550731,-157.74159486,UAV 1,2,1:3001:2872,ENBTR60004,1:1:222:2:8:1:0,0,false,false,false,false,0
ENGAZ001,move to,LOC_적전방방어선후방,2026-08-09T09:13:18.000Z,21.37325700,-157.74374591,UAV 1,2,1:3001:2654,ENGAZ001,1:1:222:7:8:0:0,0,false,false,false,false,0
ENMORT005,none,,2026-08-09T09:13:19.000Z,21.37457651,-157.73710572,UAV 1,2,1:3001:2607,ENMORT005,1:1:71:10:1:0:1,0,false,false,false,false,0
ENMORT004,none,,2026-08-09T09:13:19.000Z,21.37447596,-157.73706256,UAV 1,2,1:3001:2630,ENMORT004,1:1:71:10:1:0:1,0,false,false,false,false,0
ENMORT001,none,,2026-08-09T09:13:19.000Z,21.37443553,-157.73716992,UAV 1,2,1:3001:2789,ENMORT001,1:1:71:10:1:0:1,0,false,false,false,false,0
ENMORT002,none,,2026-08-09T09:13:19.000Z,21.37453609,-157.73721308,UAV 1,2,1:3001:2834,ENMORT002,1:1:71:10:1:0:1,0,false,false,false,false,0
ENMORT003,none,,2026-08-09T09:13:19.000Z,21.37463664,-157.73725624,UAV 1,2,1:3001:2865,ENMORT003,1:1:71:10:1:0:1,0,false,false,false,false,0
ENGAZ003,none,,2026-08-09T09:13:19.000Z,21.37328551,-157.74377547,UAV 1,2,1:3001:2749,ENGAZ003,1:1:222:7:8:0:0,0,false,false,false,false,0
ENBTR60008,move to,LOC_적북측접근로,2026-08-09T09:13:19.000Z,21.37561524,-157.74159123,UAV 1,2,1:3001:2826,ENBTR60008,1:1:222:2:8:1:0,0,false,false,false,false,0
ENBTR60004,move to,LOC_적북측접근로,2026-08-09T09:13:19.000Z,21.37550731,-157.74159486,UAV 1,2,1:3001:2872,ENBTR60004,1:1:222:2:8:1:0,0,false,false,false,false,0
ENGAZ001,move to,LOC_적전방방어선후방,2026-08-09T09:13:19.000Z,21.37325700,-157.74374591,UAV 1,2,1:3001:2654,ENGAZ001,1:1:222:7:8:0:0,0,false,false,false,false,0
ENMORT005,none,,2026-08-09T09:13:21.000Z,21.37457651,-157.73710572,UAV 1,2,1:3001:2607,ENMORT005,1:1:71:10:1:0:1,0,false,false,false,false,0
ENMORT004,none,,2026-08-09T09:13:21.000Z,21.37447596,-157.73706256,UAV 1,2,1:3001:2630,ENMORT004,1:1:71:10:1:0:1,0,false,false,false,false,0
ENMORT001,none,,2026-08-09T09:13:21.000Z,21.37443553,-157.73716992,UAV 1,2,1:3001:2789,ENMORT001,1:1:71:10:1:0:1,0,false,false,false,false,0
ENMORT002,none,,2026-08-09T09:13:21.000Z,21.37453609,-157.73721308,UAV 1,2,1:3001:2834,ENMORT002,1:1:71:10:1:0:1,0,false,false,false,false,0
ENMORT003,none,,2026-08-09T09:13:21.000Z,21.37463664,-157.73725624,UAV 1,2,1:3001:2865,ENMORT003,1:1:71:10:1:0:1,0,false,false,false,false,0
ENBTR60008,move to,LOC_적북측접근로,2026-08-09T09:13:21.000Z,21.37544450,-157.74159716,UAV 1,2,1:3001:2826,ENBTR60008,1:1:222:2:8:1:0,0,false,false,false,false,0
ENBTR60004,move to,LOC_적북측접근로,2026-08-09T09:13:21.000Z,21.37533831,-157.74160074,UAV 1,2,1:3001:2872,ENBTR60004,1:1:222:2:8:1:0,0,false,false,false,false,0
ENMORT005,none,,2026-08-09T09:13:22.000Z,21.37457651,-157.73710572,UAV 1,2,1:3001:2607,ENMORT005,1:1:71:10:1:0:1,0,false,false,false,false,0
ENMORT004,none,,2026-08-09T09:13:22.000Z,21.37447596,-157.73706256,UAV 1,2,1:3001:2630,ENMORT004,1:1:71:10:1:0:1,0,false,false,false,false,0
ENMORT001,none,,2026-08-09T09:13:22.000Z,21.37443553,-157.73716992,UAV 1,2,1:3001:2789,ENMORT001,1:1:71:10:1:0:1,0,false,false,false,false,0
ENMORT002,none,,2026-08-09T09:13:22.000Z,21.37453609,-157.73721308,UAV 1,2,1:3001:2834,ENMORT002,1:1:71:10:1:0:1,0,false,false,false,false,0
ENMORT003,none,,2026-08-09T09:13:22.000Z,21.37463664,-157.73725624,UAV 1,2,1:3001:2865,ENMORT003,1:1:71:10:1:0:1,0,false,false,false,false,0
ENBTR60008,move to,LOC_적북측접근로,2026-08-09T09:13:22.000Z,21.37525290,-157.74160381,UAV 1,2,1:3001:2826,ENBTR60008,1:1:222:2:8:1:0,0,false,false,false,false,0
ENBTR60004,move to,LOC_적북측접근로,2026-08-09T09:13:22.000Z,21.37514546,-157.74160744,UAV 1,2,1:3001:2872,ENBTR60004,1:1:222:2:8:1:0,0,false,false,false,false,0
FRMORT002,none,,2026-08-09T09:13:22.000Z,21.39112390,-157.73727132,UAV 1,1,1:3001:2642,FRMORT002,1:1:71:10:1:0:1,0,false,false,false,false,0
ENM35004,move to,LOC_적북측접근로,2026-08-09T09:13:22.000Z,21.37135674,-157.74163269,UAV 1,2,1:3001:2650,ENM35004,1:1:225:7:1:6:0,0,false,false,false,false,0
FRMORT001,none,,2026-08-09T09:13:22.000Z,21.39104607,-157.73719078,UAV 1,1,1:3001:2683,FRMORT001,1:1:71:10:1:0:1,0,false,false,false,false,0
FRMORT004,none,,2026-08-09T09:13:22.000Z,21.39119933,-157.73718822,UAV 1,1,1:3001:2767,FRMORT004,1:1:71:10:1:0:1,0,false,false,false,false,0
FRMORT003,none,,2026-08-09T09:13:22.000Z,21.39112150,-157.73710768,UAV 1,1,1:3001:2839,FRMORT003,1:1:71:10:1:0:1,0,false,false,false,false,0
ENMORT005,none,,2026-08-09T09:13:23.000Z,21.37457651,-157.73710572,UAV 1,2,1:3001:2607,ENMORT005,1:1:71:10:1:0:1,0,false,false,false,false,0
ENMORT004,none,,2026-08-09T09:13:23.000Z,21.37447596,-157.73706256,UAV 1,2,1:3001:2630,ENMORT004,1:1:71:10:1:0:1,0,false,false,false,false,0
ENMORT001,none,,2026-08-09T09:13:23.000Z,21.37443553,-157.73716992,UAV 1,2,1:3001:2789,ENMORT001,1:1:71:10:1:0:1,0,false,false,false,false,0
ENMORT002,none,,2026-08-09T09:13:23.000Z,21.37453609,-157.73721308,UAV 1,2,1:3001:2834,ENMORT002,1:1:71:10:1:0:1,0,false,false,false,false,0
ENMORT003,none,,2026-08-09T09:13:23.000Z,21.37463664,-157.73725624,UAV 1,2,1:3001:2865,ENMORT003,1:1:71:10:1:0:1,0,false,false,false,false,0
ENBTR60008,move to,LOC_적북측접근로,2026-08-09T09:13:23.000Z,21.37525290,-157.74160381,UAV 1,2,1:3001:2826,ENBTR60008,1:1:222:2:8:1:0,0,false,false,false,false,0
ENBTR60004,move to,LOC_적북측접근로,2026-08-09T09:13:23.000Z,21.37514546,-157.74160744,UAV 1,2,1:3001:2872,ENBTR60004,1:1:222:2:8:1:0,0,false,false,false,false,0
FRMORT002,none,,2026-08-09T09:13:23.000Z,21.39112390,-157.73727132,UAV 1,1,1:3001:2642,FRMORT002,1:1:71:10:1:0:1,0,false,false,false,false,0
ENM35004,move to,LOC_적북측접근로,2026-08-09T09:13:23.000Z,21.37135674,-157.74163269,UAV 1,2,1:3001:2650,ENM35004,1:1:225:7:1:6:0,0,false,false,false,false,0
FRMORT001,none,,2026-08-09T09:13:23.000Z,21.39104607,-157.73719078,UAV 1,1,1:3001:2683,FRMORT001,1:1:71:10:1:0:1,0,false,false,false,false,0
FRMORT004,none,,2026-08-09T09:13:23.000Z,21.39119933,-157.73718822,UAV 1,1,1:3001:2767,FRMORT004,1:1:71:10:1:0:1,0,false,false,false,false,0
FRMORT003,none,,2026-08-09T09:13:23.000Z,21.39112150,-157.73710768,UAV 1,1,1:3001:2839,FRMORT003,1:1:71:10:1:0:1,0,false,false,false,false,0
ENMORT005,none,,2026-08-09T09:13:25.000Z,21.37457651,-157.73710572,UAV 1,2,1:3001:2607,ENMORT005,1:1:71:10:1:0:1,0,false,false,false,false,0
ENMORT004,none,,2026-08-09T09:13:25.000Z,21.37447596,-157.73706256,UAV 1,2,1:3001:2630,ENMORT004,1:1:71:10:1:0:1,0,false,false,false,false,0
ENMORT001,none,,2026-08-09T09:13:25.000Z,21.37443553,-157.73716992,UAV 1,2,1:3001:2789,ENMORT001,1:1:71:10:1:0:1,0,false,false,false,false,0
ENMORT002,none,,2026-08-09T09:13:25.000Z,21.37453609,-157.73721308,UAV 1,2,1:3001:2834,ENMORT002,1:1:71:10:1:0:1,0,false,false,false,false,0
ENMORT003,none,,2026-08-09T09:13:25.000Z,21.37463664,-157.73725624,UAV 1,2,1:3001:2865,ENMORT003,1:1:71:10:1:0:1,0,false,false,false,false,0
ENBTR60008,move to,LOC_적북측접근로,2026-08-09T09:13:25.000Z,21.37506602,-157.74161030,UAV 1,2,1:3001:2826,ENBTR60008,1:1:222:2:8:1:0,0,false,false,false,false,0
ENBTR60004,move to,LOC_적북측접근로,2026-08-09T09:13:25.000Z,21.37495903,-157.74161391,UAV 1,2,1:3001:2872,ENBTR60004,1:1:222:2:8:1:0,0,false,false,false,false,0
FRMORT001,none,,2026-08-09T09:13:25.000Z,21.39104607,-157.73719078,UAV 1,1,1:3001:2683,FRMORT001,1:1:71:10:1:0:1,0,false,false,false,false,0
ENMORT005,none,,2026-08-09T09:13:26.000Z,21.37457651,-157.73710572,UAV 1,2,1:3001:2607,ENMORT005,1:1:71:10:1:0:1,0,false,false,false,false,0
ENMORT004,none,,2026-08-09T09:13:26.000Z,21.37447596,-157.73706256,UAV 1,2,1:3001:2630,ENMORT004,1:1:71:10:1:0:1,0,false,false,false,false,0
ENMORT001,none,,2026-08-09T09:13:26.000Z,21.37443553,-157.73716992,UAV 1,2,1:3001:2789,ENMORT001,1:1:71:10:1:0:1,0,false,false,false,false,0
ENMORT002,none,,2026-08-09T09:13:26.000Z,21.37453609,-157.73721308,UAV 1,2,1:3001:2834,ENMORT002,1:1:71:10:1:0:1,0,false,false,false,false,0
ENMORT003,none,,2026-08-09T09:13:26.000Z,21.37463664,-157.73725624,UAV 1,2,1:3001:2865,ENMORT003,1:1:71:10:1:0:1,0,false,false,false,false,0
ENBTR60008,move to,LOC_적북측접근로,2026-08-09T09:13:26.000Z,21.37487082,-157.74161708,UAV 1,2,1:3001:2826,ENBTR60008,1:1:222:2:8:1:0,0,false,false,false,false,0
ENBTR60004,move to,LOC_적북측접근로,2026-08-09T09:13:26.000Z,21.37476322,-157.74162072,UAV 1,2,1:3001:2872,ENBTR60004,1:1:222:2:8:1:0,0,false,false,false,false,0
ENMORT005,none,,2026-08-09T09:13:28.000Z,21.37457651,-157.73710572,UAV 1,2,1:3001:2607,ENMORT005,1:1:71:10:1:0:1,0,false,false,false,false,0
ENMORT004,none,,2026-08-09T09:13:28.000Z,21.37447596,-157.73706256,UAV 1,2,1:3001:2630,ENMORT004,1:1:71:10:1:0:1,0,false,false,false,false,0
ENMORT001,none,,2026-08-09T09:13:28.000Z,21.37443553,-157.73716992,UAV 1,2,1:3001:2789,ENMORT001,1:1:71:10:1:0:1,0,false,false,false,false,0
ENMORT002,none,,2026-08-09T09:13:28.000Z,21.37453609,-157.73721308,UAV 1,2,1:3001:2834,ENMORT002,1:1:71:10:1:0:1,0,false,false,false,false,0
ENMORT003,none,,2026-08-09T09:13:28.000Z,21.37463664,-157.73725624,UAV 1,2,1:3001:2865,ENMORT003,1:1:71:10:1:0:1,0,false,false,false,false,0
ENBTR60008,move to,LOC_적북측접근로,2026-08-09T09:13:28.000Z,21.37487082,-157.74161708,UAV 1,2,1:3001:2826,ENBTR60008,1:1:222:2:8:1:0,0,false,false,false,false,0
ENBTR60004,move to,LOC_적북측접근로,2026-08-09T09:13:28.000Z,21.37476322,-157.74162072,UAV 1,2,1:3001:2872,ENBTR60004,1:1:222:2:8:1:0,0,false,false,false,false,0
ENMORT005,none,,2026-08-09T09:13:29.000Z,21.37457651,-157.73710572,UAV 1,2,1:3001:2607,ENMORT005,1:1:71:10:1:0:1,0,false,false,false,false,0
ENMORT004,none,,2026-08-09T09:13:29.000Z,21.37447596,-157.73706256,UAV 1,2,1:3001:2630,ENMORT004,1:1:71:10:1:0:1,0,false,false,false,false,0
ENMORT001,none,,2026-08-09T09:13:29.000Z,21.37443553,-157.73716992,UAV 1,2,1:3001:2789,ENMORT001,1:1:71:10:1:0:1,0,false,false,false,false,0
ENMORT002,none,,2026-08-09T09:13:29.000Z,21.37453609,-157.73721308,UAV 1,2,1:3001:2834,ENMORT002,1:1:71:10:1:0:1,0,false,false,false,false,0
ENMORT003,none,,2026-08-09T09:13:29.000Z,21.37463664,-157.73725624,UAV 1,2,1:3001:2865,ENMORT003,1:1:71:10:1:0:1,0,false,false,false,false,0
ENBTR60008,move to,LOC_적북측접근로,2026-08-09T09:13:29.000Z,21.37468355,-157.74162358,UAV 1,2,1:3001:2826,ENBTR60008,1:1:222:2:8:1:0,0,false,false,false,false,0
ENBTR60004,move to,LOC_적북측접근로,2026-08-09T09:13:29.000Z,21.37457611,-157.74162722,UAV 1,2,1:3001:2872,ENBTR60004,1:1:222:2:8:1:0,0,false,false,false,false,0
ENMORT005,none,,2026-08-09T09:13:30.000Z,21.37457651,-157.73710572,UAV 1,2,1:3001:2607,ENMORT005,1:1:71:10:1:0:1,0,false,false,false,false,0
ENMORT004,none,,2026-08-09T09:13:30.000Z,21.37447596,-157.73706256,UAV 1,2,1:3001:2630,ENMORT004,1:1:71:10:1:0:1,0,false,false,false,false,0
ENMORT001,none,,2026-08-09T09:13:30.000Z,21.37443553,-157.73716992,UAV 1,2,1:3001:2789,ENMORT001,1:1:71:10:1:0:1,0,false,false,false,false,0
ENMORT002,none,,2026-08-09T09:13:30.000Z,21.37453609,-157.73721308,UAV 1,2,1:3001:2834,ENMORT002,1:1:71:10:1:0:1,0,false,false,false,false,0
ENMORT003,none,,2026-08-09T09:13:30.000Z,21.37463664,-157.73725624,UAV 1,2,1:3001:2865,ENMORT003,1:1:71:10:1:0:1,0,false,false,false,false,0
ENBTR60008,move to,LOC_적북측접근로,2026-08-09T09:13:30.000Z,21.37451291,-157.74162950,UAV 1,2,1:3001:2826,ENBTR60008,1:1:222:2:8:1:0,0,false,false,false,false,0
ENBTR60004,move to,LOC_적북측접근로,2026-08-09T09:13:30.000Z,21.37440607,-157.74163313,UAV 1,2,1:3001:2872,ENBTR60004,1:1:222:2:8:1:0,0,false,false,false,false,0
ENMORT005,none,,2026-08-09T09:13:32.000Z,21.37457651,-157.73710572,UAV 1,2,1:3001:2607,ENMORT005,1:1:71:10:1:0:1,0,false,false,false,false,0
ENMORT004,none,,2026-08-09T09:13:32.000Z,21.37447596,-157.73706256,UAV 1,2,1:3001:2630,ENMORT004,1:1:71:10:1:0:1,0,false,false,false,false,0
ENMORT001,none,,2026-08-09T09:13:32.000Z,21.37443553,-157.73716992,UAV 1,2,1:3001:2789,ENMORT001,1:1:71:10:1:0:1,0,false,false,false,false,0
ENMORT002,none,,2026-08-09T09:13:32.000Z,21.37453609,-157.73721308,UAV 1,2,1:3001:2834,ENMORT002,1:1:71:10:1:0:1,0,false,false,false,false,0
ENMORT003,none,,2026-08-09T09:13:32.000Z,21.37463664,-157.73725624,UAV 1,2,1:3001:2865,ENMORT003,1:1:71:10:1:0:1,0,false,false,false,false,0
ENBTR60008,move to,LOC_적북측접근로,2026-08-09T09:13:32.000Z,21.37451291,-157.74162950,UAV 1,2,1:3001:2826,ENBTR60008,1:1:222:2:8:1:0,0,false,false,false,false,0
ENBTR60004,move to,LOC_적북측접근로,2026-08-09T09:13:32.000Z,21.37440607,-157.74163313,UAV 1,2,1:3001:2872,ENBTR60004,1:1:222:2:8:1:0,0,false,false,false,false,0
ENMORT005,none,,2026-08-09T09:13:33.000Z,21.37457651,-157.73710572,UAV 1,2,1:3001:2607,ENMORT005,1:1:71:10:1:0:1,0,false,false,false,false,0
ENMORT004,none,,2026-08-09T09:13:33.000Z,21.37447596,-157.73706256,UAV 1,2,1:3001:2630,ENMORT004,1:1:71:10:1:0:1,0,false,false,false,false,0
ENMORT001,none,,2026-08-09T09:13:33.000Z,21.37443553,-157.73716992,UAV 1,2,1:3001:2789,ENMORT001,1:1:71:10:1:0:1,0,false,false,false,false,0
ENMORT002,none,,2026-08-09T09:13:33.000Z,21.37453609,-157.73721308,UAV 1,2,1:3001:2834,ENMORT002,1:1:71:10:1:0:1,0,false,false,false,false,0
ENMORT003,none,,2026-08-09T09:13:33.000Z,21.37463664,-157.73725624,UAV 1,2,1:3001:2865,ENMORT003,1:1:71:10:1:0:1,0,false,false,false,false,0
ENBTR60008,move to,LOC_적북측접근로,2026-08-09T09:13:33.000Z,21.37432128,-157.74163616,UAV 1,2,1:3001:2826,ENBTR60008,1:1:222:2:8:1:0,0,false,false,false,false,0
ENBTR60004,move to,LOC_적북측접근로,2026-08-09T09:13:33.000Z,21.37421303,-157.74163984,UAV 1,2,1:3001:2872,ENBTR60004,1:1:222:2:8:1:0,0,false,false,false,false,0
FRTRK2004,move to,LOC_남측제1방어선,2026-08-09T09:13:33.000Z,21.38725735,-157.74451426,UAV 1,1,1:3001:2576,FRTRK2004,1:1:225:7:12:8:0,0,false,false,false,false,0
FRTRK1001,move to,LOC_남측제1방어선,2026-08-09T09:13:33.000Z,21.38743629,-157.74454830,UAV 1,1,1:3001:2643,FRTRK1001,1:1:225:7:12:0:0,0,false,false,false,false,0
FRTRK2002,move to,LOC_남측제1방어선,2026-08-09T09:13:33.000Z,21.38724379,-157.74440331,UAV 1,1,1:3001:2827,FRTRK2002,1:1:225:7:12:8:0,0,false,false,false,false,0
FRTRK1004,move to,LOC_남측제1방어선,2026-08-09T09:13:33.000Z,21.38742255,-157.74446025,UAV 1,1,1:3001:2898,FRTRK1004,1:1:225:7:12:0:0,0,false,false,false,false,0
ENMORT005,none,,2026-08-09T09:13:34.000Z,21.37457651,-157.73710572,UAV 1,2,1:3001:2607,ENMORT005,1:1:71:10:1:0:1,0,false,false,false,false,0
ENMORT004,none,,2026-08-09T09:13:34.000Z,21.37447596,-157.73706256,UAV 1,2,1:3001:2630,ENMORT004,1:1:71:10:1:0:1,0,false,false,false,false,0
ENMORT001,none,,2026-08-09T09:13:34.000Z,21.37443553,-157.73716992,UAV 1,2,1:3001:2789,ENMORT001,1:1:71:10:1:0:1,0,false,false,false,false,0
ENMORT002,none,,2026-08-09T09:13:34.000Z,21.37453609,-157.73721308,UAV 1,2,1:3001:2834,ENMORT002,1:1:71:10:1:0:1,0,false,false,false,false,0
ENMORT003,none,,2026-08-09T09:13:34.000Z,21.37463664,-157.73725624,UAV 1,2,1:3001:2865,ENMORT003,1:1:71:10:1:0:1,0,false,false,false,false,0
ENBTR60008,move to,LOC_적북측접근로,2026-08-09T09:13:34.000Z,21.37412795,-157.74164287,UAV 1,2,1:3001:2826,ENBTR60008,1:1:222:2:8:1:0,0,false,false,false,false,0
ENBTR60004,move to,LOC_적북측접근로,2026-08-09T09:13:34.000Z,21.37401778,-157.74164662,UAV 1,2,1:3001:2872,ENBTR60004,1:1:222:2:8:1:0,0,false,false,false,false,0
FRTRK2004,move to,LOC_남측제1방어선,2026-08-09T09:13:34.000Z,21.38725791,-157.74451912,UAV 1,1,1:3001:2576,FRTRK2004,1:1:225:7:12:8:0,0,false,false,false,false,0
FRTRK2002,move to,LOC_남측제1방어선,2026-08-09T09:13:34.000Z,21.38724161,-157.74438458,UAV 1,1,1:3001:2827,FRTRK2002,1:1:225:7:12:8:0,0,false,false,false,false,0
FRTRK1004,move to,LOC_남측제1방어선,2026-08-09T09:13:34.000Z,21.38742005,-157.74444335,UAV 1,1,1:3001:2898,FRTRK1004,1:1:225:7:12:0:0,0,false,false,false,false,0
FRT80007,none,,2026-08-09T09:13:34.000Z,21.38084254,-157.74641584,UAV 1,1,1:3001:2804,FRT80007,1:1:222:1:1:1:0,0,false,false,false,false,0
FRTRK2003,move to,LOC_남측제1방어선,2026-08-09T09:13:34.000Z,21.38728908,-157.74442141,UAV 1,1,1:3001:2863,FRTRK2003,1:1:225:7:12:8:0,0,false,false,false,false,0
ENMORT005,none,,2026-08-09T09:13:36.000Z,21.37457651,-157.73710572,UAV 1,2,1:3001:2607,ENMORT005,1:1:71:10:1:0:1,0,false,false,false,false,0
ENMORT004,none,,2026-08-09T09:13:36.000Z,21.37447596,-157.73706256,UAV 1,2,1:3001:2630,ENMORT004,1:1:71:10:1:0:1,0,false,false,false,false,0
ENMORT001,none,,2026-08-09T09:13:36.000Z,21.37443553,-157.73716992,UAV 1,2,1:3001:2789,ENMORT001,1:1:71:10:1:0:1,0,false,false,false,false,0
ENMORT002,none,,2026-08-09T09:13:36.000Z,21.37453609,-157.73721308,UAV 1,2,1:3001:2834,ENMORT002,1:1:71:10:1:0:1,0,false,false,false,false,0
ENMORT003,none,,2026-08-09T09:13:36.000Z,21.37463664,-157.73725624,UAV 1,2,1:3001:2865,ENMORT003,1:1:71:10:1:0:1,0,false,false,false,false,0
ENBTR60008,move to,LOC_적북측접근로,2026-08-09T09:13:36.000Z,21.37412795,-157.74164287,UAV 1,2,1:3001:2826,ENBTR60008,1:1:222:2:8:1:0,0,false,false,false,false,0
ENBTR60004,move to,LOC_적북측접근로,2026-08-09T09:13:36.000Z,21.37401778,-157.74164662,UAV 1,2,1:3001:2872,ENBTR60004,1:1:222:2:8:1:0,0,false,false,false,false,0
FRTRK2004,move to,LOC_남측제1방어선,2026-08-09T09:13:36.000Z,21.38725791,-157.74451912,UAV 1,1,1:3001:2576,FRTRK2004,1:1:225:7:12:8:0,0,false,false,false,false,0
FRTRK2002,move to,LOC_남측제1방어선,2026-08-09T09:13:36.000Z,21.38724161,-157.74438458,UAV 1,1,1:3001:2827,FRTRK2002,1:1:225:7:12:8:0,0,false,false,false,false,0
FRTRK1004,move to,LOC_남측제1방어선,2026-08-09T09:13:36.000Z,21.38742005,-157.74444335,UAV 1,1,1:3001:2898,FRTRK1004,1:1:225:7:12:0:0,0,false,false,false,false,0
FRT80007,none,,2026-08-09T09:13:36.000Z,21.38084254,-157.74641584,UAV 1,1,1:3001:2804,FRT80007,1:1:222:1:1:1:0,0,false,false,false,false,0
FRTRK2003,move to,LOC_남측제1방어선,2026-08-09T09:13:36.000Z,21.38728908,-157.74442141,UAV 1,1,1:3001:2863,FRTRK2003,1:1:225:7:12:8:0,0,false,false,false,false,0
ENMORT005,none,,2026-08-09T09:13:37.000Z,21.37457651,-157.73710572,UAV 1,2,1:3001:2607,ENMORT005,1:1:71:10:1:0:1,0,false,false,false,false,0
ENMORT004,none,,2026-08-09T09:13:37.000Z,21.37447596,-157.73706256,UAV 1,2,1:3001:2630,ENMORT004,1:1:71:10:1:0:1,0,false,false,false,false,0
ENMORT001,none,,2026-08-09T09:13:37.000Z,21.37443553,-157.73716992,UAV 1,2,1:3001:2789,ENMORT001,1:1:71:10:1:0:1,0,false,false,false,false,0
ENMORT002,none,,2026-08-09T09:13:37.000Z,21.37453609,-157.73721308,UAV 1,2,1:3001:2834,ENMORT002,1:1:71:10:1:0:1,0,false,false,false,false,0
ENMORT003,none,,2026-08-09T09:13:37.000Z,21.37463664,-157.73725624,UAV 1,2,1:3001:2865,ENMORT003,1:1:71:10:1:0:1,0,false,false,false,false,0
ENBTR60008,move to,LOC_적북측접근로,2026-08-09T09:13:37.000Z,21.37393962,-157.74164941,UAV 1,2,1:3001:2826,ENBTR60008,1:1:222:2:8:1:0,0,false,false,false,false,0
ENBTR60004,move to,LOC_적북측접근로,2026-08-09T09:13:37.000Z,21.37382999,-157.74165315,UAV 1,2,1:3001:2872,ENBTR60004,1:1:222:2:8:1:0,0,false,false,false,false,0
FRTRK2004,move to,LOC_남측제1방어선,2026-08-09T09:13:37.000Z,21.38725891,-157.74452776,UAV 1,1,1:3001:2576,FRTRK2004,1:1:225:7:12:8:0,0,false,false,false,false,0
FRTRK2002,move to,LOC_남측제1방어선,2026-08-09T09:13:37.000Z,21.38724065,-157.74437625,UAV 1,1,1:3001:2827,FRTRK2002,1:1:225:7:12:8:0,0,false,false,false,false,0
FRT80007,none,,2026-08-09T09:13:37.000Z,21.38084254,-157.74641584,UAV 1,1,1:3001:2804,FRT80007,1:1:222:1:1:1:0,0,false,false,false,false,0
FRTRK2003,move to,LOC_남측제1방어선,2026-08-09T09:13:37.000Z,21.38728983,-157.74442745,UAV 1,1,1:3001:2863,FRTRK2003,1:1:225:7:12:8:0,0,false,false,false,false,0
FRTRK1002,move to,LOC_남측제1방어선,2026-08-09T09:13:37.000Z,21.38737950,-157.74445753,UAV 1,1,1:3001:2853,FRTRK1002,1:1:225:7:12:0:0,0,false,false,false,false,0
ENM35003,move to,LOC_적북측접근로,2026-08-09T09:13:37.000Z,21.37135260,-157.74164537,UAV 1,2,1:3001:2894,ENM35003,1:1:225:7:1:6:0,0,false,false,false,false,0
ENMORT005,none,,2026-08-09T09:13:39.000Z,21.37457651,-157.73710572,UAV 1,2,1:3001:2607,ENMORT005,1:1:71:10:1:0:1,0,false,false,false,false,0
ENMORT004,none,,2026-08-09T09:13:39.000Z,21.37447596,-157.73706256,UAV 1,2,1:3001:2630,ENMORT004,1:1:71:10:1:0:1,0,false,false,false,false,0
ENMORT001,none,,2026-08-09T09:13:39.000Z,21.37443553,-157.73716992,UAV 1,2,1:3001:2789,ENMORT001,1:1:71:10:1:0:1,0,false,false,false,false,0
ENMORT002,none,,2026-08-09T09:13:39.000Z,21.37453609,-157.73721308,UAV 1,2,1:3001:2834,ENMORT002,1:1:71:10:1:0:1,0,false,false,false,false,0
ENMORT003,none,,2026-08-09T09:13:39.000Z,21.37463664,-157.73725624,UAV 1,2,1:3001:2865,ENMORT003,1:1:71:10:1:0:1,0,false,false,false,false,0
ENBTR60008,move to,LOC_적북측접근로,2026-08-09T09:13:39.000Z,21.37375617,-157.74165578,UAV 1,2,1:3001:2826,ENBTR60008,1:1:222:2:8:1:0,0,false,false,false,false,0
FRTRK2004,move to,LOC_남측제1방어선,2026-08-09T09:13:39.000Z,21.38725975,-157.74453502,UAV 1,1,1:3001:2576,FRTRK2004,1:1:225:7:12:8:0,0,false,false,false,false,0
FRTRK2002,move to,LOC_남측제1방어선,2026-08-09T09:13:39.000Z,21.38724108,-157.74438000,UAV 1,1,1:3001:2827,FRTRK2002,1:1:225:7:12:8:0,0,false,false,false,false,0
FRT80007,none,,2026-08-09T09:13:39.000Z,21.38084254,-157.74641584,UAV 1,1,1:3001:2804,FRT80007,1:1:222:1:1:1:0,0,false,false,false,false,0
FRTRK2003,move to,LOC_남측제1방어선,2026-08-09T09:13:39.000Z,21.38729211,-157.74444589,UAV 1,1,1:3001:2863,FRTRK2003,1:1:225:7:12:8:0,0,false,false,false,false,0
FRTRK1002,move to,LOC_남측제1방어선,2026-08-09T09:13:39.000Z,21.38737828,-157.74444884,UAV 1,1,1:3001:2853,FRTRK1002,1:1:225:7:12:0:0,0,false,false,false,false,0
FRTRK1004,move to,LOC_남측제1방어선,2026-08-09T09:13:39.000Z,21.38742628,-157.74448547,UAV 1,1,1:3001:2898,FRTRK1004,1:1:225:7:12:0:0,0,false,false,false,false,0
ENMORT005,none,,2026-08-09T09:13:40.000Z,21.37457651,-157.73710572,UAV 1,2,1:3001:2607,ENMORT005,1:1:71:10:1:0:1,0,false,false,false,false,0
ENMORT004,none,,2026-08-09T09:13:40.000Z,21.37447596,-157.73706256,UAV 1,2,1:3001:2630,ENMORT004,1:1:71:10:1:0:1,0,false,false,false,false,0
ENMORT001,none,,2026-08-09T09:13:40.000Z,21.37443553,-157.73716992,UAV 1,2,1:3001:2789,ENMORT001,1:1:71:10:1:0:1,0,false,false,false,false,0
ENMORT002,none,,2026-08-09T09:13:40.000Z,21.37453609,-157.73721308,UAV 1,2,1:3001:2834,ENMORT002,1:1:71:10:1:0:1,0,false,false,false,false,0
ENMORT003,none,,2026-08-09T09:13:40.000Z,21.37463664,-157.73725624,UAV 1,2,1:3001:2865,ENMORT003,1:1:71:10:1:0:1,0,false,false,false,false,0
ENBTR60008,move to,LOC_적북측접근로,2026-08-09T09:13:40.000Z,21.37375617,-157.74165578,UAV 1,2,1:3001:2826,ENBTR60008,1:1:222:2:8:1:0,0,false,false,false,false,0
FRTRK2004,move to,LOC_남측제1방어선,2026-08-09T09:13:40.000Z,21.38725975,-157.74453502,UAV 1,1,1:3001:2576,FRTRK2004,1:1:225:7:12:8:0,0,false,false,false,false,0
FRTRK2002,move to,LOC_남측제1방어선,2026-08-09T09:13:40.000Z,21.38724108,-157.74438000,UAV 1,1,1:3001:2827,FRTRK2002,1:1:225:7:12:8:0,0,false,false,false,false,0
FRT80007,none,,2026-08-09T09:13:40.000Z,21.38084254,-157.74641584,UAV 1,1,1:3001:2804,FRT80007,1:1:222:1:1:1:0,0,false,false,false,false,0
FRTRK2003,move to,LOC_남측제1방어선,2026-08-09T09:13:40.000Z,21.38729211,-157.74444589,UAV 1,1,1:3001:2863,FRTRK2003,1:1:225:7:12:8:0,0,false,false,false,false,0
FRTRK1002,move to,LOC_남측제1방어선,2026-08-09T09:13:40.000Z,21.38737828,-157.74444884,UAV 1,1,1:3001:2853,FRTRK1002,1:1:225:7:12:0:0,0,false,false,false,false,0
FRTRK1004,move to,LOC_남측제1방어선,2026-08-09T09:13:40.000Z,21.38742628,-157.74448547,UAV 1,1,1:3001:2898,FRTRK1004,1:1:225:7:12:0:0,0,false,false,false,false,0
ENMORT005,none,,2026-08-09T09:13:41.000Z,21.37457651,-157.73710572,UAV 1,2,1:3001:2607,ENMORT005,1:1:71:10:1:0:1,0,false,false,false,false,0
ENMORT004,none,,2026-08-09T09:13:41.000Z,21.37447596,-157.73706256,UAV 1,2,1:3001:2630,ENMORT004,1:1:71:10:1:0:1,0,false,false,false,false,0
ENMORT001,none,,2026-08-09T09:13:41.000Z,21.37443553,-157.73716992,UAV 1,2,1:3001:2789,ENMORT001,1:1:71:10:1:0:1,0,false,false,false,false,0
ENMORT002,none,,2026-08-09T09:13:41.000Z,21.37453609,-157.73721308,UAV 1,2,1:3001:2834,ENMORT002,1:1:71:10:1:0:1,0,false,false,false,false,0
ENMORT003,none,,2026-08-09T09:13:41.000Z,21.37463664,-157.73725624,UAV 1,2,1:3001:2865,ENMORT003,1:1:71:10:1:0:1,0,false,false,false,false,0
ENBTR60008,move to,LOC_적북측접근로,2026-08-09T09:13:41.000Z,21.37358555,-157.74166170,UAV 1,2,1:3001:2826,ENBTR60008,1:1:222:2:8:1:0,0,false,false,false,false,0
FRTRK2004,move to,LOC_남측제1방어선,2026-08-09T09:13:41.000Z,21.38726001,-157.74453728,UAV 1,1,1:3001:2576,FRTRK2004,1:1:225:7:12:8:0,0,false,false,false,false,0
FRTRK2002,move to,LOC_남측제1방어선,2026-08-09T09:13:41.000Z,21.38724241,-157.74439148,UAV 1,1,1:3001:2827,FRTRK2002,1:1:225:7:12:8:0,0,false,false,false,false,0
FRT80007,none,,2026-08-09T09:13:41.000Z,21.38084254,-157.74641584,UAV 1,1,1:3001:2804,FRT80007,1:1:222:1:1:1:0,0,false,false,false,false,0
FRTRK2003,move to,LOC_남측제1방어선,2026-08-09T09:13:41.000Z,21.38729512,-157.74447019,UAV 1,1,1:3001:2863,FRTRK2003,1:1:225:7:12:8:0,0,false,false,false,false,0
FRTRK1002,move to,LOC_남측제1방어선,2026-08-09T09:13:41.000Z,21.38738001,-157.74446119,UAV 1,1,1:3001:2853,FRTRK1002,1:1:225:7:12:0:0,0,false,false,false,false,0
FRT69010,move to,LOC_목표A남측,2026-08-09T09:13:41.000Z,21.38377813,-157.74937375,UAV 1,1,1:3001:2875,FRT69010,1:1:45:1:2:1:0,0,false,false,false,false,0
ENMORT005,none,,2026-08-09T09:13:43.000Z,21.37457651,-157.73710572,UAV 1,2,1:3001:2607,ENMORT005,1:1:71:10:1:0:1,0,false,false,false,false,0
ENMORT004,none,,2026-08-09T09:13:43.000Z,21.37447596,-157.73706256,UAV 1,2,1:3001:2630,ENMORT004,1:1:71:10:1:0:1,0,false,false,false,false,0
ENMORT001,none,,2026-08-09T09:13:43.000Z,21.37443553,-157.73716992,UAV 1,2,1:3001:2789,ENMORT001,1:1:71:10:1:0:1,0,false,false,false,false,0
ENMORT002,none,,2026-08-09T09:13:43.000Z,21.37453609,-157.73721308,UAV 1,2,1:3001:2834,ENMORT002,1:1:71:10:1:0:1,0,false,false,false,false,0
ENMORT003,none,,2026-08-09T09:13:43.000Z,21.37463664,-157.73725624,UAV 1,2,1:3001:2865,ENMORT003,1:1:71:10:1:0:1,0,false,false,false,false,0
ENBTR60008,move to,LOC_적북측접근로,2026-08-09T09:13:43.000Z,21.37339730,-157.74166824,UAV 1,2,1:3001:2826,ENBTR60008,1:1:222:2:8:1:0,0,false,false,false,false,0
FRTRK2004,move to,LOC_남측제1방어선,2026-08-09T09:13:43.000Z,21.38725957,-157.74453347,UAV 1,1,1:3001:2576,FRTRK2004,1:1:225:7:12:8:0,0,false,false,false,false,0
FRTRK2002,move to,LOC_남측제1방어선,2026-08-09T09:13:43.000Z,21.38724421,-157.74440696,UAV 1,1,1:3001:2827,FRTRK2002,1:1:225:7:12:8:0,0,false,false,false,false,0
FRT80007,none,,2026-08-09T09:13:43.000Z,21.38084254,-157.74641584,UAV 1,1,1:3001:2804,FRT80007,1:1:222:1:1:1:0,0,false,false,false,false,0
FRT69010,move to,LOC_목표A남측,2026-08-09T09:13:43.000Z,21.38391772,-157.74950942,UAV 1,1,1:3001:2875,FRT69010,1:1:45:1:2:1:0,0,false,false,false,false,0
ENM35004,move to,LOC_적북측접근로,2026-08-09T09:13:43.000Z,21.37135176,-157.74165285,UAV 1,2,1:3001:2650,ENM35004,1:1:225:7:1:6:0,0,false,false,false,false,0
FRT80008,none,,2026-08-09T09:13:43.000Z,21.38464318,-157.75021370,UAV 1,1,1:3001:2756,FRT80008,1:1:222:1:1:1:0,0,false,false,false,false,0
FRM113006,move to,LOC_목표A남측,2026-08-09T09:13:43.000Z,21.38426352,-157.74988630,UAV 1,1,1:3001:2757,FRM113006,1:1:225:2:3:1:0,0,false,false,false,false,0
ENMORT005,none,,2026-08-09T09:13:44.000Z,21.37457651,-157.73710572,UAV 1,2,1:3001:2607,ENMORT005,1:1:71:10:1:0:1,0,false,false,false,false,0
ENMORT004,none,,2026-08-09T09:13:44.000Z,21.37447596,-157.73706256,UAV 1,2,1:3001:2630,ENMORT004,1:1:71:10:1:0:1,0,false,false,false,false,0
ENMORT001,none,,2026-08-09T09:13:44.000Z,21.37443553,-157.73716992,UAV 1,2,1:3001:2789,ENMORT001,1:1:71:10:1:0:1,0,false,false,false,false,0
ENMORT002,none,,2026-08-09T09:13:44.000Z,21.37453609,-157.73721308,UAV 1,2,1:3001:2834,ENMORT002,1:1:71:10:1:0:1,0,false,false,false,false,0
ENMORT003,none,,2026-08-09T09:13:44.000Z,21.37463664,-157.73725624,UAV 1,2,1:3001:2865,ENMORT003,1:1:71:10:1:0:1,0,false,false,false,false,0
ENBTR60008,move to,LOC_적북측접근로,2026-08-09T09:13:44.000Z,21.37339730,-157.74166824,UAV 1,2,1:3001:2826,ENBTR60008,1:1:222:2:8:1:0,0,false,false,false,false,0
FRTRK2004,move to,LOC_남측제1방어선,2026-08-09T09:13:44.000Z,21.38725957,-157.74453347,UAV 1,1,1:3001:2576,FRTRK2004,1:1:225:7:12:8:0,0,false,false,false,false,0
FRTRK2002,move to,LOC_남측제1방어선,2026-08-09T09:13:44.000Z,21.38724421,-157.74440696,UAV 1,1,1:3001:2827,FRTRK2002,1:1:225:7:12:8:0,0,false,false,false,false,0
FRT80007,none,,2026-08-09T09:13:44.000Z,21.38084254,-157.74641584,UAV 1,1,1:3001:2804,FRT80007,1:1:222:1:1:1:0,0,false,false,false,false,0
FRT69010,move to,LOC_목표A남측,2026-08-09T09:13:44.000Z,21.38391772,-157.74950942,UAV 1,1,1:3001:2875,FRT69010,1:1:45:1:2:1:0,0,false,false,false,false,0
ENM35004,move to,LOC_적북측접근로,2026-08-09T09:13:44.000Z,21.37135176,-157.74165285,UAV 1,2,1:3001:2650,ENM35004,1:1:225:7:1:6:0,0,false,false,false,false,0
FRT80008,none,,2026-08-09T09:13:44.000Z,21.38464318,-157.75021370,UAV 1,1,1:3001:2756,FRT80008,1:1:222:1:1:1:0,0,false,false,false,false,0
FRM113006,move to,LOC_목표A남측,2026-08-09T09:13:44.000Z,21.38426352,-157.74988630,UAV 1,1,1:3001:2757,FRM113006,1:1:225:2:3:1:0,0,false,false,false,false,0
ENMORT005,none,,2026-08-09T09:13:45.000Z,21.37457651,-157.73710572,UAV 1,2,1:3001:2607,ENMORT005,1:1:71:10:1:0:1,0,false,false,false,false,0
ENMORT004,none,,2026-08-09T09:13:45.000Z,21.37447596,-157.73706256,UAV 1,2,1:3001:2630,ENMORT004,1:1:71:10:1:0:1,0,false,false,false,false,0
ENMORT001,none,,2026-08-09T09:13:45.000Z,21.37443553,-157.73716992,UAV 1,2,1:3001:2789,ENMORT001,1:1:71:10:1:0:1,0,false,false,false,false,0
ENMORT002,none,,2026-08-09T09:13:45.000Z,21.37453609,-157.73721308,UAV 1,2,1:3001:2834,ENMORT002,1:1:71:10:1:0:1,0,false,false,false,false,0
ENMORT003,none,,2026-08-09T09:13:45.000Z,21.37463664,-157.73725624,UAV 1,2,1:3001:2865,ENMORT003,1:1:71:10:1:0:1,0,false,false,false,false,0
FRTRK2004,move to,LOC_남측제1방어선,2026-08-09T09:13:45.000Z,21.38725868,-157.74452577,UAV 1,1,1:3001:2576,FRTRK2004,1:1:225:7:12:8:0,0,false,false,false,false,0
FRTRK2002,move to,LOC_남측제1방어선,2026-08-09T09:13:45.000Z,21.38724621,-157.74442426,UAV 1,1,1:3001:2827,FRTRK2002,1:1:225:7:12:8:0,0,false,false,false,false,0
FRT80007,none,,2026-08-09T09:13:45.000Z,21.38084254,-157.74641584,UAV 1,1,1:3001:2804,FRT80007,1:1:222:1:1:1:0,0,false,false,false,false,0
FRT69010,move to,LOC_목표A남측,2026-08-09T09:13:45.000Z,21.38405447,-157.74964234,UAV 1,1,1:3001:2875,FRT69010,1:1:45:1:2:1:0,0,false,false,false,false,0
FRM113006,move to,LOC_목표A남측,2026-08-09T09:13:45.000Z,21.38440716,-157.75001038,UAV 1,1,1:3001:2757,FRM113006,1:1:225:2:3:1:0,0,false,false,false,false,0
FRTRK1004,move to,LOC_남측제1방어선,2026-08-09T09:13:45.000Z,21.38742781,-157.74449583,UAV 1,1,1:3001:2898,FRTRK1004,1:1:225:7:12:0:0,0,false,false,false,false,0
ENMORT005,none,,2026-08-09T09:13:47.000Z,21.37457651,-157.73710572,UAV 1,2,1:3001:2607,ENMORT005,1:1:71:10:1:0:1,0,false,false,false,false,0
ENMORT004,none,,2026-08-09T09:13:47.000Z,21.37447596,-157.73706256,UAV 1,2,1:3001:2630,ENMORT004,1:1:71:10:1:0:1,0,false,false,false,false,0
ENMORT001,none,,2026-08-09T09:13:47.000Z,21.37443553,-157.73716992,UAV 1,2,1:3001:2789,ENMORT001,1:1:71:10:1:0:1,0,false,false,false,false,0
ENMORT002,none,,2026-08-09T09:13:47.000Z,21.37453609,-157.73721308,UAV 1,2,1:3001:2834,ENMORT002,1:1:71:10:1:0:1,0,false,false,false,false,0
ENMORT003,none,,2026-08-09T09:13:47.000Z,21.37463664,-157.73725624,UAV 1,2,1:3001:2865,ENMORT003,1:1:71:10:1:0:1,0,false,false,false,false,0
FRTRK2004,move to,LOC_남측제1방어선,2026-08-09T09:13:47.000Z,21.38725790,-157.74451903,UAV 1,1,1:3001:2576,FRTRK2004,1:1:225:7:12:8:0,0,false,false,false,false,0
FRTRK2002,move to,LOC_남측제1방어선,2026-08-09T09:13:47.000Z,21.38724838,-157.74444294,UAV 1,1,1:3001:2827,FRTRK2002,1:1:225:7:12:8:0,0,false,false,false,false,0
FRT80007,none,,2026-08-09T09:13:47.000Z,21.38084254,-157.74641584,UAV 1,1,1:3001:2804,FRT80007,1:1:222:1:1:1:0,0,false,false,false,false,0
FRT69010,move to,LOC_목표A남측,2026-08-09T09:13:47.000Z,21.38418643,-157.74977060,UAV 1,1,1:3001:2875,FRT69010,1:1:45:1:2:1:0,0,false,false,false,false,0
FRTRK1004,move to,LOC_남측제1방어선,2026-08-09T09:13:47.000Z,21.38742122,-157.74445125,UAV 1,1,1:3001:2898,FRTRK1004,1:1:225:7:12:0:0,0,false,false,false,false,0
ENM35001,move to,LOC_적북측접근로,2026-08-09T09:13:47.000Z,21.37135365,-157.74164093,UAV 1,2,1:3001:2754,ENM35001,1:1:225:7:1:6:0,0,false,false,false,false,0
ENM35003,move to,LOC_적북측접근로,2026-08-09T09:13:47.000Z,21.37137756,-157.74153989,UAV 1,2,1:3001:2894,ENM35003,1:1:225:7:1:6:0,0,false,false,false,false,0
ENMORT005,none,,2026-08-09T09:13:49.000Z,21.37457651,-157.73710572,UAV 1,2,1:3001:2607,ENMORT005,1:1:71:10:1:0:1,0,false,false,false,false,0
ENMORT004,none,,2026-08-09T09:13:49.000Z,21.37447596,-157.73706256,UAV 1,2,1:3001:2630,ENMORT004,1:1:71:10:1:0:1,0,false,false,false,false,0
ENMORT001,none,,2026-08-09T09:13:49.000Z,21.37443553,-157.73716992,UAV 1,2,1:3001:2789,ENMORT001,1:1:71:10:1:0:1,0,false,false,false,false,0
ENMORT002,none,,2026-08-09T09:13:49.000Z,21.37453609,-157.73721308,UAV 1,2,1:3001:2834,ENMORT002,1:1:71:10:1:0:1,0,false,false,false,false,0
ENMORT003,none,,2026-08-09T09:13:49.000Z,21.37463664,-157.73725624,UAV 1,2,1:3001:2865,ENMORT003,1:1:71:10:1:0:1,0,false,false,false,false,0
FRTRK2004,move to,LOC_남측제1방어선,2026-08-09T09:13:49.000Z,21.38725759,-157.74451634,UAV 1,1,1:3001:2576,FRTRK2004,1:1:225:7:12:8:0,0,false,false,false,false,0
FRTRK2002,move to,LOC_남측제1방어선,2026-08-09T09:13:49.000Z,21.38725087,-157.74446444,UAV 1,1,1:3001:2827,FRTRK2002,1:1:225:7:12:8:0,0,false,false,false,false,0
FRT80007,none,,2026-08-09T09:13:49.000Z,21.38084254,-157.74641584,UAV 1,1,1:3001:2804,FRT80007,1:1:222:1:1:1:0,0,false,false,false,false,0
FRT69010,move to,LOC_목표A남측,2026-08-09T09:13:49.000Z,21.38432792,-157.74990812,UAV 1,1,1:3001:2875,FRT69010,1:1:45:1:2:1:0,0,false,false,false,false,0
FRTRK1004,move to,LOC_남측제1방어선,2026-08-09T09:13:49.000Z,21.38741999,-157.74444299,UAV 1,1,1:3001:2898,FRTRK1004,1:1:225:7:12:0:0,0,false,false,false,false,0
FRT80008,none,,2026-08-09T09:13:49.000Z,21.38464318,-157.75021370,UAV 1,1,1:3001:2756,FRT80008,1:1:222:1:1:1:0,0,false,false,false,false,0
FRTRK1002,move to,LOC_남측제1방어선,2026-08-09T09:13:49.000Z,21.38738249,-157.74447896,UAV 1,1,1:3001:2853,FRTRK1002,1:1:225:7:12:0:0,0,false,false,false,false,0
ENMORT005,none,,2026-08-09T09:13:50.000Z,21.37457651,-157.73710572,UAV 1,2,1:3001:2607,ENMORT005,1:1:71:10:1:0:1,0,false,false,false,false,0
ENMORT004,none,,2026-08-09T09:13:50.000Z,21.37447596,-157.73706256,UAV 1,2,1:3001:2630,ENMORT004,1:1:71:10:1:0:1,0,false,false,false,false,0
ENMORT001,none,,2026-08-09T09:13:50.000Z,21.37443553,-157.73716992,UAV 1,2,1:3001:2789,ENMORT001,1:1:71:10:1:0:1,0,false,false,false,false,0
ENMORT002,none,,2026-08-09T09:13:50.000Z,21.37453609,-157.73721308,UAV 1,2,1:3001:2834,ENMORT002,1:1:71:10:1:0:1,0,false,false,false,false,0
ENMORT003,none,,2026-08-09T09:13:50.000Z,21.37463664,-157.73725624,UAV 1,2,1:3001:2865,ENMORT003,1:1:71:10:1:0:1,0,false,false,false,false,0
FRTRK2004,move to,LOC_남측제1방어선,2026-08-09T09:13:50.000Z,21.38725759,-157.74451634,UAV 1,1,1:3001:2576,FRTRK2004,1:1:225:7:12:8:0,0,false,false,false,false,0
FRTRK2002,move to,LOC_남측제1방어선,2026-08-09T09:13:50.000Z,21.38725087,-157.74446444,UAV 1,1,1:3001:2827,FRTRK2002,1:1:225:7:12:8:0,0,false,false,false,false,0
FRT80007,none,,2026-08-09T09:13:50.000Z,21.38084254,-157.74641584,UAV 1,1,1:3001:2804,FRT80007,1:1:222:1:1:1:0,0,false,false,false,false,0
FRT69010,move to,LOC_목표A남측,2026-08-09T09:13:50.000Z,21.38432792,-157.74990812,UAV 1,1,1:3001:2875,FRT69010,1:1:45:1:2:1:0,0,false,false,false,false,0
FRTRK1004,move to,LOC_남측제1방어선,2026-08-09T09:13:50.000Z,21.38741999,-157.74444299,UAV 1,1,1:3001:2898,FRTRK1004,1:1:225:7:12:0:0,0,false,false,false,false,0
FRT80008,none,,2026-08-09T09:13:50.000Z,21.38464318,-157.75021370,UAV 1,1,1:3001:2756,FRT80008,1:1:222:1:1:1:0,0,false,false,false,false,0
FRTRK1002,move to,LOC_남측제1방어선,2026-08-09T09:13:50.000Z,21.38738249,-157.74447896,UAV 1,1,1:3001:2853,FRTRK1002,1:1:225:7:12:0:0,0,false,false,false,false,0
ENMORT005,none,,2026-08-09T09:13:51.000Z,21.37457651,-157.73710572,UAV 1,2,1:3001:2607,ENMORT005,1:1:71:10:1:0:1,0,false,false,false,false,0
ENMORT004,none,,2026-08-09T09:13:51.000Z,21.37447596,-157.73706256,UAV 1,2,1:3001:2630,ENMORT004,1:1:71:10:1:0:1,0,false,false,false,false,0
ENMORT001,none,,2026-08-09T09:13:51.000Z,21.37443553,-157.73716992,UAV 1,2,1:3001:2789,ENMORT001,1:1:71:10:1:0:1,0,false,false,false,false,0
ENMORT002,none,,2026-08-09T09:13:51.000Z,21.37453609,-157.73721308,UAV 1,2,1:3001:2834,ENMORT002,1:1:71:10:1:0:1,0,false,false,false,false,0
ENMORT003,none,,2026-08-09T09:13:51.000Z,21.37463664,-157.73725624,UAV 1,2,1:3001:2865,ENMORT003,1:1:71:10:1:0:1,0,false,false,false,false,0
FRTRK2004,move to,LOC_남측제1방어선,2026-08-09T09:13:51.000Z,21.38725790,-157.74451904,UAV 1,1,1:3001:2576,FRTRK2004,1:1:225:7:12:8:0,0,false,false,false,false,0
FRT80007,none,,2026-08-09T09:13:51.000Z,21.38084254,-157.74641584,UAV 1,1,1:3001:2804,FRT80007,1:1:222:1:1:1:0,0,false,false,false,false,0
FRT69010,move to,LOC_목표A남측,2026-08-09T09:13:51.000Z,21.38445464,-157.75003129,UAV 1,1,1:3001:2875,FRT69010,1:1:45:1:2:1:0,0,false,false,false,false,0
FRTRK1002,move to,LOC_남측제1방어선,2026-08-09T09:13:51.000Z,21.38737778,-157.74444527,UAV 1,1,1:3001:2853,FRTRK1002,1:1:225:7:12:0:0,0,false,false,false,false,0
FRM113006,move to,LOC_목표A남측,2026-08-09T09:13:51.000Z,21.38458230,-157.75016168,UAV 1,1,1:3001:2757,FRM113006,1:1:225:2:3:1:0,0,false,false,false,false,0
FRTRK2003,move to,LOC_남측제1방어선,2026-08-09T09:13:51.000Z,21.38728998,-157.74442871,UAV 1,1,1:3001:2863,FRTRK2003,1:1:225:7:12:8:0,0,false,false,false,false,0
ENMORT005,none,,2026-08-09T09:13:53.000Z,21.37457651,-157.73710572,UAV 1,2,1:3001:2607,ENMORT005,1:1:71:10:1:0:1,0,false,false,false,false,0
ENMORT004,none,,2026-08-09T09:13:53.000Z,21.37447596,-157.73706256,UAV 1,2,1:3001:2630,ENMORT004,1:1:71:10:1:0:1,0,false,false,false,false,0
ENMORT001,none,,2026-08-09T09:13:53.000Z,21.37443553,-157.73716992,UAV 1,2,1:3001:2789,ENMORT001,1:1:71:10:1:0:1,0,false,false,false,false,0
ENMORT002,none,,2026-08-09T09:13:53.000Z,21.37453609,-157.73721308,UAV 1,2,1:3001:2834,ENMORT002,1:1:71:10:1:0:1,0,false,false,false,false,0
ENMORT003,none,,2026-08-09T09:13:53.000Z,21.37463664,-157.73725624,UAV 1,2,1:3001:2865,ENMORT003,1:1:71:10:1:0:1,0,false,false,false,false,0
FRTRK2004,move to,LOC_남측제1방어선,2026-08-09T09:13:53.000Z,21.38725869,-157.74452584,UAV 1,1,1:3001:2576,FRTRK2004,1:1:225:7:12:8:0,0,false,false,false,false,0
FRT80007,none,,2026-08-09T09:13:53.000Z,21.38084254,-157.74641584,UAV 1,1,1:3001:2804,FRT80007,1:1:222:1:1:1:0,0,false,false,false,false,0
FRT69010,move to,LOC_목표A남측,2026-08-09T09:13:53.000Z,21.38453500,-157.75010940,UAV 1,1,1:3001:2875,FRT69010,1:1:45:1:2:1:0,0,false,false,false,false,0
FRTRK1002,move to,LOC_남측제1방어선,2026-08-09T09:13:53.000Z,21.38737694,-157.74443920,UAV 1,1,1:3001:2853,FRTRK1002,1:1:225:7:12:0:0,0,false,false,false,false,0
FRM113006,move to,LOC_목표A남측,2026-08-09T09:13:53.000Z,21.38461312,-157.75018833,UAV 1,1,1:3001:2757,FRM113006,1:1:225:2:3:1:0,0,false,false,false,false,0
FRTRK2003,move to,LOC_남측제1방어선,2026-08-09T09:13:53.000Z,21.38728900,-157.74442081,UAV 1,1,1:3001:2863,FRTRK2003,1:1:225:7:12:8:0,0,false,false,false,false,0
ENM35002,move to,LOC_적북측접근로,2026-08-09T09:13:53.000Z,21.37135769,-157.74162892,UAV 1,2,1:3001:2740,ENM35002,1:1:225:7:1:6:0,0,false,false,false,false,0
FRTRK1004,move to,LOC_남측제1방어선,2026-08-09T09:13:53.000Z,21.38742717,-157.74449150,UAV 1,1,1:3001:2898,FRTRK1004,1:1:225:7:12:0:0,0,false,false,false,false,0
ENMORT005,none,,2026-08-09T09:13:54.000Z,21.37457651,-157.73710572,UAV 1,2,1:3001:2607,ENMORT005,1:1:71:10:1:0:1,0,false,false,false,false,0
ENMORT004,none,,2026-08-09T09:13:54.000Z,21.37447596,-157.73706256,UAV 1,2,1:3001:2630,ENMORT004,1:1:71:10:1:0:1,0,false,false,false,false,0
ENMORT001,none,,2026-08-09T09:13:54.000Z,21.37443553,-157.73716992,UAV 1,2,1:3001:2789,ENMORT001,1:1:71:10:1:0:1,0,false,false,false,false,0
ENMORT002,none,,2026-08-09T09:13:54.000Z,21.37453609,-157.73721308,UAV 1,2,1:3001:2834,ENMORT002,1:1:71:10:1:0:1,0,false,false,false,false,0
ENMORT003,none,,2026-08-09T09:13:54.000Z,21.37463664,-157.73725624,UAV 1,2,1:3001:2865,ENMORT003,1:1:71:10:1:0:1,0,false,false,false,false,0
FRTRK2004,move to,LOC_남측제1방어선,2026-08-09T09:13:54.000Z,21.38725869,-157.74452584,UAV 1,1,1:3001:2576,FRTRK2004,1:1:225:7:12:8:0,0,false,false,false,false,0
FRT80007,none,,2026-08-09T09:13:54.000Z,21.38084254,-157.74641584,UAV 1,1,1:3001:2804,FRT80007,1:1:222:1:1:1:0,0,false,false,false,false,0
FRT69010,move to,LOC_목표A남측,2026-08-09T09:13:54.000Z,21.38453500,-157.75010940,UAV 1,1,1:3001:2875,FRT69010,1:1:45:1:2:1:0,0,false,false,false,false,0
FRTRK1002,move to,LOC_남측제1방어선,2026-08-09T09:13:54.000Z,21.38737694,-157.74443920,UAV 1,1,1:3001:2853,FRTRK1002,1:1:225:7:12:0:0,0,false,false,false,false,0
FRM113006,move to,LOC_목표A남측,2026-08-09T09:13:54.000Z,21.38461312,-157.75018833,UAV 1,1,1:3001:2757,FRM113006,1:1:225:2:3:1:0,0,false,false,false,false,0
FRTRK2003,move to,LOC_남측제1방어선,2026-08-09T09:13:54.000Z,21.38728900,-157.74442081,UAV 1,1,1:3001:2863,FRTRK2003,1:1:225:7:12:8:0,0,false,false,false,false,0
ENM35002,move to,LOC_적북측접근로,2026-08-09T09:13:54.000Z,21.37135769,-157.74162892,UAV 1,2,1:3001:2740,ENM35002,1:1:225:7:1:6:0,0,false,false,false,false,0
FRTRK1004,move to,LOC_남측제1방어선,2026-08-09T09:13:54.000Z,21.38742717,-157.74449150,UAV 1,1,1:3001:2898,FRTRK1004,1:1:225:7:12:0:0,0,false,false,false,false,0
ENMORT005,none,,2026-08-09T09:13:55.000Z,21.37457651,-157.73710572,UAV 1,2,1:3001:2607,ENMORT005,1:1:71:10:1:0:1,0,false,false,false,false,0
ENMORT004,none,,2026-08-09T09:13:55.000Z,21.37447596,-157.73706256,UAV 1,2,1:3001:2630,ENMORT004,1:1:71:10:1:0:1,0,false,false,false,false,0
ENMORT001,none,,2026-08-09T09:13:55.000Z,21.37443553,-157.73716992,UAV 1,2,1:3001:2789,ENMORT001,1:1:71:10:1:0:1,0,false,false,false,false,0
ENMORT002,none,,2026-08-09T09:13:55.000Z,21.37453609,-157.73721308,UAV 1,2,1:3001:2834,ENMORT002,1:1:71:10:1:0:1,0,false,false,false,false,0
ENMORT003,none,,2026-08-09T09:13:55.000Z,21.37463664,-157.73725624,UAV 1,2,1:3001:2865,ENMORT003,1:1:71:10:1:0:1,0,false,false,false,false,0
FRTRK2004,move to,LOC_남측제1방어선,2026-08-09T09:13:55.000Z,21.38725949,-157.74453274,UAV 1,1,1:3001:2576,FRTRK2004,1:1:225:7:12:8:0,0,false,false,false,false,0
FRT80007,none,,2026-08-09T09:13:55.000Z,21.38084254,-157.74641584,UAV 1,1,1:3001:2804,FRT80007,1:1:222:1:1:1:0,0,false,false,false,false,0
FRT69010,move to,LOC_목표A남측,2026-08-09T09:13:55.000Z,21.38454228,-157.75011647,UAV 1,1,1:3001:2875,FRT69010,1:1:45:1:2:1:0,0,false,false,false,false,0
FRTRK1002,move to,LOC_남측제1방어선,2026-08-09T09:13:55.000Z,21.38737937,-157.74445659,UAV 1,1,1:3001:2853,FRTRK1002,1:1:225:7:12:0:0,0,false,false,false,false,0
FRTRK2003,move to,LOC_남측제1방어선,2026-08-09T09:13:55.000Z,21.38728992,-157.74442821,UAV 1,1,1:3001:2863,FRTRK2003,1:1:225:7:12:8:0,0,false,false,false,false,0
ENM35004,move to,LOC_적북측접근로,2026-08-09T09:13:55.000Z,21.37138363,-157.74152400,UAV 1,2,1:3001:2650,ENM35004,1:1:225:7:1:6:0,0,false,false,false,false,0
FRT80008,none,,2026-08-09T09:13:55.000Z,21.38464318,-157.75021370,UAV 1,1,1:3001:2756,FRT80008,1:1:222:1:1:1:0,0,false,false,false,false,0
ENMORT005,none,,2026-08-09T09:13:57.000Z,21.37457651,-157.73710572,UAV 1,2,1:3001:2607,ENMORT005,1:1:71:10:1:0:1,0,false,false,false,false,0
ENMORT004,none,,2026-08-09T09:13:57.000Z,21.37447596,-157.73706256,UAV 1,2,1:3001:2630,ENMORT004,1:1:71:10:1:0:1,0,false,false,false,false,0
ENMORT001,none,,2026-08-09T09:13:57.000Z,21.37443553,-157.73716992,UAV 1,2,1:3001:2789,ENMORT001,1:1:71:10:1:0:1,0,false,false,false,false,0
ENMORT002,none,,2026-08-09T09:13:57.000Z,21.37453609,-157.73721308,UAV 1,2,1:3001:2834,ENMORT002,1:1:71:10:1:0:1,0,false,false,false,false,0
ENMORT003,none,,2026-08-09T09:13:57.000Z,21.37463664,-157.73725624,UAV 1,2,1:3001:2865,ENMORT003,1:1:71:10:1:0:1,0,false,false,false,false,0
FRTRK2004,move to,LOC_남측제1방어선,2026-08-09T09:13:57.000Z,21.38725983,-157.74453572,UAV 1,1,1:3001:2576,FRTRK2004,1:1:225:7:12:8:0,0,false,false,false,false,0
FRT80007,none,,2026-08-09T09:13:57.000Z,21.38084254,-157.74641584,UAV 1,1,1:3001:2804,FRT80007,1:1:222:1:1:1:0,0,false,false,false,false,0
FRT69010,move to,LOC_목표A남측,2026-08-09T09:13:57.000Z,21.38457832,-157.75015151,UAV 1,1,1:3001:2875,FRT69010,1:1:45:1:2:1:0,0,false,false,false,false,0
FRTRK1002,move to,LOC_남측제1방어선,2026-08-09T09:13:57.000Z,21.38738374,-157.74448786,UAV 1,1,1:3001:2853,FRTRK1002,1:1:225:7:12:0:0,0,false,false,false,false,0
ENBTR60008,move to,LOC_적북측접근로,2026-08-09T09:13:57.000Z,21.37212423,-157.74171244,UAV 1,2,1:3001:2826,ENBTR60008,1:1:222:2:8:1:0,0,false,false,false,false,0
FRTRK2002,move to,LOC_남측제1방어선,2026-08-09T09:13:57.000Z,21.38724920,-157.74445009,UAV 1,1,1:3001:2827,FRTRK2002,1:1:225:7:12:8:0,0,false,false,false,false,0
ENM35003,move to,LOC_적북측접근로,2026-08-09T09:13:57.000Z,21.37135965,-157.74161556,UAV 1,2,1:3001:2894,ENM35003,1:1:225:7:1:6:0,0,false,false,false,false,0
ENMORT005,none,,2026-08-09T09:13:58.000Z,21.37457651,-157.73710572,UAV 1,2,1:3001:2607,ENMORT005,1:1:71:10:1:0:1,0,false,false,false,false,0
ENMORT004,none,,2026-08-09T09:13:58.000Z,21.37447596,-157.73706256,UAV 1,2,1:3001:2630,ENMORT004,1:1:71:10:1:0:1,0,false,false,false,false,0
ENMORT001,none,,2026-08-09T09:13:58.000Z,21.37443553,-157.73716992,UAV 1,2,1:3001:2789,ENMORT001,1:1:71:10:1:0:1,0,false,false,false,false,0
ENMORT002,none,,2026-08-09T09:13:58.000Z,21.37453609,-157.73721308,UAV 1,2,1:3001:2834,ENMORT002,1:1:71:10:1:0:1,0,false,false,false,false,0
ENMORT003,none,,2026-08-09T09:13:58.000Z,21.37463664,-157.73725624,UAV 1,2,1:3001:2865,ENMORT003,1:1:71:10:1:0:1,0,false,false,false,false,0
FRTRK2004,move to,LOC_남측제1방어선,2026-08-09T09:13:58.000Z,21.38725983,-157.74453572,UAV 1,1,1:3001:2576,FRTRK2004,1:1:225:7:12:8:0,0,false,false,false,false,0
FRT80007,none,,2026-08-09T09:13:58.000Z,21.38084254,-157.74641584,UAV 1,1,1:3001:2804,FRT80007,1:1:222:1:1:1:0,0,false,false,false,false,0
FRT69010,move to,LOC_목표A남측,2026-08-09T09:13:58.000Z,21.38457832,-157.75015151,UAV 1,1,1:3001:2875,FRT69010,1:1:45:1:2:1:0,0,false,false,false,false,0
FRTRK1002,move to,LOC_남측제1방어선,2026-08-09T09:13:58.000Z,21.38738374,-157.74448786,UAV 1,1,1:3001:2853,FRTRK1002,1:1:225:7:12:0:0,0,false,false,false,false,0
ENBTR60008,move to,LOC_적북측접근로,2026-08-09T09:13:58.000Z,21.37212423,-157.74171244,UAV 1,2,1:3001:2826,ENBTR60008,1:1:222:2:8:1:0,0,false,false,false,false,0
FRTRK2002,move to,LOC_남측제1방어선,2026-08-09T09:13:58.000Z,21.38724920,-157.74445009,UAV 1,1,1:3001:2827,FRTRK2002,1:1:225:7:12:8:0,0,false,false,false,false,0
ENM35003,move to,LOC_적북측접근로,2026-08-09T09:13:58.000Z,21.37135965,-157.74161556,UAV 1,2,1:3001:2894,ENM35003,1:1:225:7:1:6:0,0,false,false,false,false,0
ENMORT005,none,,2026-08-09T09:13:59.000Z,21.37457651,-157.73710572,UAV 1,2,1:3001:2607,ENMORT005,1:1:71:10:1:0:1,0,false,false,false,false,0
ENMORT004,none,,2026-08-09T09:13:59.000Z,21.37447596,-157.73706256,UAV 1,2,1:3001:2630,ENMORT004,1:1:71:10:1:0:1,0,false,false,false,false,0
ENMORT001,none,,2026-08-09T09:13:59.000Z,21.37443553,-157.73716992,UAV 1,2,1:3001:2789,ENMORT001,1:1:71:10:1:0:1,0,false,false,false,false,0
ENMORT002,none,,2026-08-09T09:13:59.000Z,21.37453609,-157.73721308,UAV 1,2,1:3001:2834,ENMORT002,1:1:71:10:1:0:1,0,false,false,false,false,0
ENMORT003,none,,2026-08-09T09:13:59.000Z,21.37463664,-157.73725624,UAV 1,2,1:3001:2865,ENMORT003,1:1:71:10:1:0:1,0,false,false,false,false,0
FRTRK2004,move to,LOC_남측제1방어선,2026-08-09T09:13:59.000Z,21.38725954,-157.74453321,UAV 1,1,1:3001:2576,FRTRK2004,1:1:225:7:12:8:0,0,false,false,false,false,0
FRT80007,none,,2026-08-09T09:13:59.000Z,21.38084254,-157.74641584,UAV 1,1,1:3001:2804,FRT80007,1:1:222:1:1:1:0,0,false,false,false,false,0
FRT69010,move to,LOC_목표A남측,2026-08-09T09:13:59.000Z,21.38459927,-157.75017187,UAV 1,1,1:3001:2875,FRT69010,1:1:45:1:2:1:0,0,false,false,false,false,0
ENBTR60008,move to,LOC_적북측접근로,2026-08-09T09:13:59.000Z,21.37192968,-157.74171919,UAV 1,2,1:3001:2826,ENBTR60008,1:1:222:2:8:1:0,0,false,false,false,false,0
FRTRK2002,move to,LOC_남측제1방어선,2026-08-09T09:13:59.000Z,21.38724576,-157.74442041,UAV 1,1,1:3001:2827,FRTRK2002,1:1:225:7:12:8:0,0,false,false,false,false,0
ENM35003,move to,LOC_적북측접근로,2026-08-09T09:13:59.000Z,21.37135129,-157.74165090,UAV 1,2,1:3001:2894,ENM35003,1:1:225:7:1:6:0,0,false,false,false,false,0
ENM35004,move to,LOC_적북측접근로,2026-08-09T09:13:59.000Z,21.37137007,-157.74157879,UAV 1,2,1:3001:2650,ENM35004,1:1:225:7:1:6:0,0,false,false,false,false,0
FRTRK2003,move to,LOC_남측제1방어선,2026-08-09T09:13:59.000Z,21.38729580,-157.74447564,UAV 1,1,1:3001:2863,FRTRK2003,1:1:225:7:12:8:0,0,false,false,false,false,0
FRTRK1004,move to,LOC_남측제1방어선,2026-08-09T09:13:59.000Z,21.38742562,-157.74448106,UAV 1,1,1:3001:2898,FRTRK1004,1:1:225:7:12:0:0,0,false,false,false,false,0
ENMORT005,none,,2026-08-09T09:13:59.000Z,21.37457651,-157.73710572,UAV 1,2,1:3001:2607,ENMORT005,1:1:71:10:1:0:1,0,false,false,false,false,0
ENMORT004,none,,2026-08-09T09:13:59.000Z,21.37447596,-157.73706256,UAV 1,2,1:3001:2630,ENMORT004,1:1:71:10:1:0:1,0,false,false,false,false,0
ENMORT001,none,,2026-08-09T09:13:59.000Z,21.37443553,-157.73716992,UAV 1,2,1:3001:2789,ENMORT001,1:1:71:10:1:0:1,0,false,false,false,false,0
ENMORT002,none,,2026-08-09T09:13:59.000Z,21.37453609,-157.73721308,UAV 1,2,1:3001:2834,ENMORT002,1:1:71:10:1:0:1,0,false,false,false,false,0
ENMORT003,none,,2026-08-09T09:13:59.000Z,21.37463664,-157.73725624,UAV 1,2,1:3001:2865,ENMORT003,1:1:71:10:1:0:1,0,false,false,false,false,0
FRTRK2004,move to,LOC_남측제1방어선,2026-08-09T09:13:59.000Z,21.38725954,-157.74453321,UAV 1,1,1:3001:2576,FRTRK2004,1:1:225:7:12:8:0,0,false,false,false,false,0
FRT80007,none,,2026-08-09T09:13:59.000Z,21.38084254,-157.74641584,UAV 1,1,1:3001:2804,FRT80007,1:1:222:1:1:1:0,0,false,false,false,false,0
FRT69010,move to,LOC_목표A남측,2026-08-09T09:13:59.000Z,21.38459927,-157.75017187,UAV 1,1,1:3001:2875,FRT69010,1:1:45:1:2:1:0,0,false,false,false,false,0
ENBTR60008,move to,LOC_적북측접근로,2026-08-09T09:13:59.000Z,21.37192968,-157.74171919,UAV 1,2,1:3001:2826,ENBTR60008,1:1:222:2:8:1:0,0,false,false,false,false,0
FRTRK2002,move to,LOC_남측제1방어선,2026-08-09T09:13:59.000Z,21.38724576,-157.74442041,UAV 1,1,1:3001:2827,FRTRK2002,1:1:225:7:12:8:0,0,false,false,false,false,0
ENM35003,move to,LOC_적북측접근로,2026-08-09T09:13:59.000Z,21.37135129,-157.74165090,UAV 1,2,1:3001:2894,ENM35003,1:1:225:7:1:6:0,0,false,false,false,false,0
ENM35004,move to,LOC_적북측접근로,2026-08-09T09:13:59.000Z,21.37137007,-157.74157879,UAV 1,2,1:3001:2650,ENM35004,1:1:225:7:1:6:0,0,false,false,false,false,0
FRTRK2003,move to,LOC_남측제1방어선,2026-08-09T09:13:59.000Z,21.38729580,-157.74447564,UAV 1,1,1:3001:2863,FRTRK2003,1:1:225:7:12:8:0,0,false,false,false,false,0
FRTRK1004,move to,LOC_남측제1방어선,2026-08-09T09:13:59.000Z,21.38742562,-157.74448106,UAV 1,1,1:3001:2898,FRTRK1004,1:1:225:7:12:0:0,0,false,false,false,false,0
ENMORT005,none,,2026-08-09T09:14:00.000Z,21.37457651,-157.73710572,UAV 1,2,1:3001:2607,ENMORT005,1:1:71:10:1:0:1,0,false,false,false,false,0
ENMORT004,none,,2026-08-09T09:14:00.000Z,21.37447596,-157.73706256,UAV 1,2,1:3001:2630,ENMORT004,1:1:71:10:1:0:1,0,false,false,false,false,0
ENMORT001,none,,2026-08-09T09:14:00.000Z,21.37443553,-157.73716992,UAV 1,2,1:3001:2789,ENMORT001,1:1:71:10:1:0:1,0,false,false,false,false,0
ENMORT002,none,,2026-08-09T09:14:00.000Z,21.37453609,-157.73721308,UAV 1,2,1:3001:2834,ENMORT002,1:1:71:10:1:0:1,0,false,false,false,false,0
ENMORT003,none,,2026-08-09T09:14:00.000Z,21.37463664,-157.73725624,UAV 1,2,1:3001:2865,ENMORT003,1:1:71:10:1:0:1,0,false,false,false,false,0
FRTRK2004,move to,LOC_남측제1방어선,2026-08-09T09:14:00.000Z,21.38725954,-157.74453321,UAV 1,1,1:3001:2576,FRTRK2004,1:1:225:7:12:8:0,0,false,false,false,false,0
FRT80007,none,,2026-08-09T09:14:00.000Z,21.38084254,-157.74641584,UAV 1,1,1:3001:2804,FRT80007,1:1:222:1:1:1:0,0,false,false,false,false,0
FRT69010,move to,LOC_목표A남측,2026-08-09T09:14:00.000Z,21.38459927,-157.75017187,UAV 1,1,1:3001:2875,FRT69010,1:1:45:1:2:1:0,0,false,false,false,false,0
ENBTR60008,move to,LOC_적북측접근로,2026-08-09T09:14:00.000Z,21.37192968,-157.74171919,UAV 1,2,1:3001:2826,ENBTR60008,1:1:222:2:8:1:0,0,false,false,false,false,0
FRTRK2002,move to,LOC_남측제1방어선,2026-08-09T09:14:00.000Z,21.38724576,-157.74442041,UAV 1,1,1:3001:2827,FRTRK2002,1:1:225:7:12:8:0,0,false,false,false,false,0
ENM35003,move to,LOC_적북측접근로,2026-08-09T09:14:00.000Z,21.37135129,-157.74165090,UAV 1,2,1:3001:2894,ENM35003,1:1:225:7:1:6:0,0,false,false,false,false,0
ENM35004,move to,LOC_적북측접근로,2026-08-09T09:14:00.000Z,21.37137007,-157.74157879,UAV 1,2,1:3001:2650,ENM35004,1:1:225:7:1:6:0,0,false,false,false,false,0
FRTRK2003,move to,LOC_남측제1방어선,2026-08-09T09:14:00.000Z,21.38729580,-157.74447564,UAV 1,1,1:3001:2863,FRTRK2003,1:1:225:7:12:8:0,0,false,false,false,false,0
FRTRK1004,move to,LOC_남측제1방어선,2026-08-09T09:14:00.000Z,21.38742562,-157.74448106,UAV 1,1,1:3001:2898,FRTRK1004,1:1:225:7:12:0:0,0,false,false,false,false,0
ENMORT005,none,,2026-08-09T09:14:01.000Z,21.37457651,-157.73710572,UAV 1,2,1:3001:2607,ENMORT005,1:1:71:10:1:0:1,0,false,false,false,false,0
ENMORT004,none,,2026-08-09T09:14:01.000Z,21.37447596,-157.73706256,UAV 1,2,1:3001:2630,ENMORT004,1:1:71:10:1:0:1,0,false,false,false,false,0
ENMORT001,none,,2026-08-09T09:14:01.000Z,21.37443553,-157.73716992,UAV 1,2,1:3001:2789,ENMORT001,1:1:71:10:1:0:1,0,false,false,false,false,0
ENMORT002,none,,2026-08-09T09:14:01.000Z,21.37453609,-157.73721308,UAV 1,2,1:3001:2834,ENMORT002,1:1:71:10:1:0:1,0,false,false,false,false,0
ENMORT003,none,,2026-08-09T09:14:01.000Z,21.37463664,-157.73725624,UAV 1,2,1:3001:2865,ENMORT003,1:1:71:10:1:0:1,0,false,false,false,false,0
FRTRK2004,move to,LOC_남측제1방어선,2026-08-09T09:14:01.000Z,21.38725881,-157.74452687,UAV 1,1,1:3001:2576,FRTRK2004,1:1:225:7:12:8:0,0,false,false,false,false,0
FRT80007,none,,2026-08-09T09:14:01.000Z,21.38084254,-157.74641584,UAV 1,1,1:3001:2804,FRT80007,1:1:222:1:1:1:0,0,false,false,false,false,0
ENBTR60008,move to,LOC_적북측접근로,2026-08-09T09:14:01.000Z,21.37174362,-157.74172565,UAV 1,2,1:3001:2826,ENBTR60008,1:1:222:2:8:1:0,0,false,false,false,false,0
FRTRK2002,move to,LOC_남측제1방어선,2026-08-09T09:14:01.000Z,21.38724396,-157.74440490,UAV 1,1,1:3001:2827,FRTRK2002,1:1:225:7:12:8:0,0,false,false,false,false,0
ENM35003,move to,LOC_적북측접근로,2026-08-09T09:14:01.000Z,21.37134894,-157.74166082,UAV 1,2,1:3001:2894,ENM35003,1:1:225:7:1:6:0,0,false,false,false,false,0
ENM35004,move to,LOC_적북측접근로,2026-08-09T09:14:01.000Z,21.37136023,-157.74161858,UAV 1,2,1:3001:2650,ENM35004,1:1:225:7:1:6:0,0,false,false,false,false,0
FRTRK1004,move to,LOC_남측제1방어선,2026-08-09T09:14:01.000Z,21.38742102,-157.74444992,UAV 1,1,1:3001:2898,FRTRK1004,1:1:225:7:12:0:0,0,false,false,false,false,0
FRT80008,none,,2026-08-09T09:14:01.000Z,21.38464318,-157.75021370,UAV 1,1,1:3001:2756,FRT80008,1:1:222:1:1:1:0,0,false,false,false,false,0
ENMORT005,none,,2026-08-09T09:14:01.000Z,21.37457651,-157.73710572,UAV 1,2,1:3001:2607,ENMORT005,1:1:71:10:1:0:1,0,false,false,false,false,0
ENMORT004,none,,2026-08-09T09:14:01.000Z,21.37447596,-157.73706256,UAV 1,2,1:3001:2630,ENMORT004,1:1:71:10:1:0:1,0,false,false,false,false,0
ENMORT001,none,,2026-08-09T09:14:01.000Z,21.37443553,-157.73716992,UAV 1,2,1:3001:2789,ENMORT001,1:1:71:10:1:0:1,0,false,false,false,false,0
ENMORT002,none,,2026-08-09T09:14:01.000Z,21.37453609,-157.73721308,UAV 1,2,1:3001:2834,ENMORT002,1:1:71:10:1:0:1,0,false,false,false,false,0
ENMORT003,none,,2026-08-09T09:14:01.000Z,21.37463664,-157.73725624,UAV 1,2,1:3001:2865,ENMORT003,1:1:71:10:1:0:1,0,false,false,false,false,0
FRTRK2004,move to,LOC_남측제1방어선,2026-08-09T09:14:01.000Z,21.38725881,-157.74452687,UAV 1,1,1:3001:2576,FRTRK2004,1:1:225:7:12:8:0,0,false,false,false,false,0
FRT80007,none,,2026-08-09T09:14:01.000Z,21.38084254,-157.74641584,UAV 1,1,1:3001:2804,FRT80007,1:1:222:1:1:1:0,0,false,false,false,false,0
ENBTR60008,move to,LOC_적북측접근로,2026-08-09T09:14:01.000Z,21.37174362,-157.74172565,UAV 1,2,1:3001:2826,ENBTR60008,1:1:222:2:8:1:0,0,false,false,false,false,0
FRTRK2002,move to,LOC_남측제1방어선,2026-08-09T09:14:01.000Z,21.38724396,-157.74440490,UAV 1,1,1:3001:2827,FRTRK2002,1:1:225:7:12:8:0,0,false,false,false,false,0
ENM35003,move to,LOC_적북측접근로,2026-08-09T09:14:01.000Z,21.37134894,-157.74166082,UAV 1,2,1:3001:2894,ENM35003,1:1:225:7:1:6:0,0,false,false,false,false,0
ENM35004,move to,LOC_적북측접근로,2026-08-09T09:14:01.000Z,21.37136023,-157.74161858,UAV 1,2,1:3001:2650,ENM35004,1:1:225:7:1:6:0,0,false,false,false,false,0
FRTRK1004,move to,LOC_남측제1방어선,2026-08-09T09:14:01.000Z,21.38742102,-157.74444992,UAV 1,1,1:3001:2898,FRTRK1004,1:1:225:7:12:0:0,0,false,false,false,false,0
FRT80008,none,,2026-08-09T09:14:01.000Z,21.38464318,-157.75021370,UAV 1,1,1:3001:2756,FRT80008,1:1:222:1:1:1:0,0,false,false,false,false,0
ENMORT005,none,,2026-08-09T09:14:02.000Z,21.37457651,-157.73710572,UAV 1,2,1:3001:2607,ENMORT005,1:1:71:10:1:0:1,0,false,false,false,false,0
ENMORT004,none,,2026-08-09T09:14:02.000Z,21.37447596,-157.73706256,UAV 1,2,1:3001:2630,ENMORT004,1:1:71:10:1:0:1,0,false,false,false,false,0
ENMORT001,none,,2026-08-09T09:14:02.000Z,21.37443553,-157.73716992,UAV 1,2,1:3001:2789,ENMORT001,1:1:71:10:1:0:1,0,false,false,false,false,0
ENMORT002,none,,2026-08-09T09:14:02.000Z,21.37453609,-157.73721308,UAV 1,2,1:3001:2834,ENMORT002,1:1:71:10:1:0:1,0,false,false,false,false,0
ENMORT003,none,,2026-08-09T09:14:02.000Z,21.37463664,-157.73725624,UAV 1,2,1:3001:2865,ENMORT003,1:1:71:10:1:0:1,0,false,false,false,false,0
FRTRK2004,move to,LOC_남측제1방어선,2026-08-09T09:14:02.000Z,21.38725881,-157.74452687,UAV 1,1,1:3001:2576,FRTRK2004,1:1:225:7:12:8:0,0,false,false,false,false,0
FRT80007,none,,2026-08-09T09:14:02.000Z,21.38084254,-157.74641584,UAV 1,1,1:3001:2804,FRT80007,1:1:222:1:1:1:0,0,false,false,false,false,0
ENBTR60008,move to,LOC_적북측접근로,2026-08-09T09:14:02.000Z,21.37174362,-157.74172565,UAV 1,2,1:3001:2826,ENBTR60008,1:1:222:2:8:1:0,0,false,false,false,false,0
FRTRK2002,move to,LOC_남측제1방어선,2026-08-09T09:14:02.000Z,21.38724396,-157.74440490,UAV 1,1,1:3001:2827,FRTRK2002,1:1:225:7:12:8:0,0,false,false,false,false,0
ENM35003,move to,LOC_적북측접근로,2026-08-09T09:14:02.000Z,21.37134894,-157.74166082,UAV 1,2,1:3001:2894,ENM35003,1:1:225:7:1:6:0,0,false,false,false,false,0
ENM35004,move to,LOC_적북측접근로,2026-08-09T09:14:02.000Z,21.37136023,-157.74161858,UAV 1,2,1:3001:2650,ENM35004,1:1:225:7:1:6:0,0,false,false,false,false,0
FRTRK1004,move to,LOC_남측제1방어선,2026-08-09T09:14:02.000Z,21.38742102,-157.74444992,UAV 1,1,1:3001:2898,FRTRK1004,1:1:225:7:12:0:0,0,false,false,false,false,0
FRT80008,none,,2026-08-09T09:14:02.000Z,21.38464318,-157.75021370,UAV 1,1,1:3001:2756,FRT80008,1:1:222:1:1:1:0,0,false,false,false,false,0
ENMORT005,none,,2026-08-09T09:14:03.000Z,21.37457651,-157.73710572,UAV 1,2,1:3001:2607,ENMORT005,1:1:71:10:1:0:1,0,false,false,false,false,0
ENMORT004,none,,2026-08-09T09:14:03.000Z,21.37447596,-157.73706256,UAV 1,2,1:3001:2630,ENMORT004,1:1:71:10:1:0:1,0,false,false,false,false,0
ENMORT001,none,,2026-08-09T09:14:03.000Z,21.37443553,-157.73716992,UAV 1,2,1:3001:2789,ENMORT001,1:1:71:10:1:0:1,0,false,false,false,false,0
ENMORT002,none,,2026-08-09T09:14:03.000Z,21.37453609,-157.73721308,UAV 1,2,1:3001:2834,ENMORT002,1:1:71:10:1:0:1,0,false,false,false,false,0
ENMORT003,none,,2026-08-09T09:14:03.000Z,21.37463664,-157.73725624,UAV 1,2,1:3001:2865,ENMORT003,1:1:71:10:1:0:1,0,false,false,false,false,0
FRTRK2004,move to,LOC_남측제1방어선,2026-08-09T09:14:03.000Z,21.38725809,-157.74452072,UAV 1,1,1:3001:2576,FRTRK2004,1:1:225:7:12:8:0,0,false,false,false,false,0
FRT80007,none,,2026-08-09T09:14:03.000Z,21.38084254,-157.74641584,UAV 1,1,1:3001:2804,FRT80007,1:1:222:1:1:1:0,0,false,false,false,false,0
FRTRK2002,move to,LOC_남측제1방어선,2026-08-09T09:14:03.000Z,21.38724302,-157.74439679,UAV 1,1,1:3001:2827,FRTRK2002,1:1:225:7:12:8:0,0,false,false,false,false,0
FRTRK1004,move to,LOC_남측제1방어선,2026-08-09T09:14:03.000Z,21.38742101,-157.74444984,UAV 1,1,1:3001:2898,FRTRK1004,1:1:225:7:12:0:0,0,false,false,false,false,0
FRT80008,none,,2026-08-09T09:14:03.000Z,21.38464318,-157.75021370,UAV 1,1,1:3001:2756,FRT80008,1:1:222:1:1:1:0,0,false,false,false,false,0
FRTRK1002,move to,LOC_남측제1방어선,2026-08-09T09:14:03.000Z,21.38738224,-157.74447714,UAV 1,1,1:3001:2853,FRTRK1002,1:1:225:7:12:0:0,0,false,false,false,false,0
ENMORT005,none,,2026-08-09T09:14:03.000Z,21.37457651,-157.73710572,UAV 1,2,1:3001:2607,ENMORT005,1:1:71:10:1:0:1,0,false,false,false,false,0
ENMORT004,none,,2026-08-09T09:14:03.000Z,21.37447596,-157.73706256,UAV 1,2,1:3001:2630,ENMORT004,1:1:71:10:1:0:1,0,false,false,false,false,0
ENMORT001,none,,2026-08-09T09:14:03.000Z,21.37443553,-157.73716992,UAV 1,2,1:3001:2789,ENMORT001,1:1:71:10:1:0:1,0,false,false,false,false,0
ENMORT002,none,,2026-08-09T09:14:03.000Z,21.37453609,-157.73721308,UAV 1,2,1:3001:2834,ENMORT002,1:1:71:10:1:0:1,0,false,false,false,false,0
ENMORT003,none,,2026-08-09T09:14:03.000Z,21.37463664,-157.73725624,UAV 1,2,1:3001:2865,ENMORT003,1:1:71:10:1:0:1,0,false,false,false,false,0
FRTRK2004,move to,LOC_남측제1방어선,2026-08-09T09:14:03.000Z,21.38725809,-157.74452072,UAV 1,1,1:3001:2576,FRTRK2004,1:1:225:7:12:8:0,0,false,false,false,false,0
FRT80007,none,,2026-08-09T09:14:03.000Z,21.38084254,-157.74641584,UAV 1,1,1:3001:2804,FRT80007,1:1:222:1:1:1:0,0,false,false,false,false,0
FRTRK2002,move to,LOC_남측제1방어선,2026-08-09T09:14:03.000Z,21.38724302,-157.74439679,UAV 1,1,1:3001:2827,FRTRK2002,1:1:225:7:12:8:0,0,false,false,false,false,0
FRTRK1004,move to,LOC_남측제1방어선,2026-08-09T09:14:03.000Z,21.38742101,-157.74444984,UAV 1,1,1:3001:2898,FRTRK1004,1:1:225:7:12:0:0,0,false,false,false,false,0
FRT80008,none,,2026-08-09T09:14:03.000Z,21.38464318,-157.75021370,UAV 1,1,1:3001:2756,FRT80008,1:1:222:1:1:1:0,0,false,false,false,false,0
FRTRK1002,move to,LOC_남측제1방어선,2026-08-09T09:14:03.000Z,21.38738224,-157.74447714,UAV 1,1,1:3001:2853,FRTRK1002,1:1:225:7:12:0:0,0,false,false,false,false,0
ENMORT005,none,,2026-08-09T09:14:04.000Z,21.37457651,-157.73710572,UAV 1,2,1:3001:2607,ENMORT005,1:1:71:10:1:0:1,0,false,false,false,false,0
ENMORT004,none,,2026-08-09T09:14:04.000Z,21.37447596,-157.73706256,UAV 1,2,1:3001:2630,ENMORT004,1:1:71:10:1:0:1,0,false,false,false,false,0
ENMORT001,none,,2026-08-09T09:14:04.000Z,21.37443553,-157.73716992,UAV 1,2,1:3001:2789,ENMORT001,1:1:71:10:1:0:1,0,false,false,false,false,0
ENMORT002,none,,2026-08-09T09:14:04.000Z,21.37453609,-157.73721308,UAV 1,2,1:3001:2834,ENMORT002,1:1:71:10:1:0:1,0,false,false,false,false,0
ENMORT003,none,,2026-08-09T09:14:04.000Z,21.37463664,-157.73725624,UAV 1,2,1:3001:2865,ENMORT003,1:1:71:10:1:0:1,0,false,false,false,false,0
FRTRK2004,move to,LOC_남측제1방어선,2026-08-09T09:14:04.000Z,21.38725809,-157.74452072,UAV 1,1,1:3001:2576,FRTRK2004,1:1:225:7:12:8:0,0,false,false,false,false,0
FRT80007,none,,2026-08-09T09:14:04.000Z,21.38084254,-157.74641584,UAV 1,1,1:3001:2804,FRT80007,1:1:222:1:1:1:0,0,false,false,false,false,0
FRTRK2002,move to,LOC_남측제1방어선,2026-08-09T09:14:04.000Z,21.38724302,-157.74439679,UAV 1,1,1:3001:2827,FRTRK2002,1:1:225:7:12:8:0,0,false,false,false,false,0
FRTRK1004,move to,LOC_남측제1방어선,2026-08-09T09:14:04.000Z,21.38742101,-157.74444984,UAV 1,1,1:3001:2898,FRTRK1004,1:1:225:7:12:0:0,0,false,false,false,false,0
FRT80008,none,,2026-08-09T09:14:04.000Z,21.38464318,-157.75021370,UAV 1,1,1:3001:2756,FRT80008,1:1:222:1:1:1:0,0,false,false,false,false,0
FRTRK1002,move to,LOC_남측제1방어선,2026-08-09T09:14:04.000Z,21.38738224,-157.74447714,UAV 1,1,1:3001:2853,FRTRK1002,1:1:225:7:12:0:0,0,false,false,false,false,0
ENMORT005,none,,2026-08-09T09:14:04.000Z,21.37457651,-157.73710572,UAV 1,2,1:3001:2607,ENMORT005,1:1:71:10:1:0:1,0,false,false,false,false,0
ENMORT004,none,,2026-08-09T09:14:04.000Z,21.37447596,-157.73706256,UAV 1,2,1:3001:2630,ENMORT004,1:1:71:10:1:0:1,0,false,false,false,false,0
ENMORT001,none,,2026-08-09T09:14:04.000Z,21.37443553,-157.73716992,UAV 1,2,1:3001:2789,ENMORT001,1:1:71:10:1:0:1,0,false,false,false,false,0
ENMORT002,none,,2026-08-09T09:14:04.000Z,21.37453609,-157.73721308,UAV 1,2,1:3001:2834,ENMORT002,1:1:71:10:1:0:1,0,false,false,false,false,0
ENMORT003,none,,2026-08-09T09:14:04.000Z,21.37463664,-157.73725624,UAV 1,2,1:3001:2865,ENMORT003,1:1:71:10:1:0:1,0,false,false,false,false,0
FRTRK2004,move to,LOC_남측제1방어선,2026-08-09T09:14:04.000Z,21.38725809,-157.74452072,UAV 1,1,1:3001:2576,FRTRK2004,1:1:225:7:12:8:0,0,false,false,false,false,0
FRT80007,none,,2026-08-09T09:14:04.000Z,21.38084254,-157.74641584,UAV 1,1,1:3001:2804,FRT80007,1:1:222:1:1:1:0,0,false,false,false,false,0
FRTRK2002,move to,LOC_남측제1방어선,2026-08-09T09:14:04.000Z,21.38724302,-157.74439679,UAV 1,1,1:3001:2827,FRTRK2002,1:1:225:7:12:8:0,0,false,false,false,false,0
FRTRK1004,move to,LOC_남측제1방어선,2026-08-09T09:14:04.000Z,21.38742101,-157.74444984,UAV 1,1,1:3001:2898,FRTRK1004,1:1:225:7:12:0:0,0,false,false,false,false,0
FRT80008,none,,2026-08-09T09:14:04.000Z,21.38464318,-157.75021370,UAV 1,1,1:3001:2756,FRT80008,1:1:222:1:1:1:0,0,false,false,false,false,0
FRTRK1002,move to,LOC_남측제1방어선,2026-08-09T09:14:04.000Z,21.38738224,-157.74447714,UAV 1,1,1:3001:2853,FRTRK1002,1:1:225:7:12:0:0,0,false,false,false,false,0
ENMORT005,none,,2026-08-09T09:14:05.000Z,21.37457651,-157.73710572,UAV 1,2,1:3001:2607,ENMORT005,1:1:71:10:1:0:1,0,false,false,false,false,0
ENMORT004,none,,2026-08-09T09:14:05.000Z,21.37447596,-157.73706256,UAV 1,2,1:3001:2630,ENMORT004,1:1:71:10:1:0:1,0,false,false,false,false,0
ENMORT001,none,,2026-08-09T09:14:05.000Z,21.37443553,-157.73716992,UAV 1,2,1:3001:2789,ENMORT001,1:1:71:10:1:0:1,0,false,false,false,false,0
ENMORT002,none,,2026-08-09T09:14:05.000Z,21.37453609,-157.73721308,UAV 1,2,1:3001:2834,ENMORT002,1:1:71:10:1:0:1,0,false,false,false,false,0
ENMORT003,none,,2026-08-09T09:14:05.000Z,21.37463664,-157.73725624,UAV 1,2,1:3001:2865,ENMORT003,1:1:71:10:1:0:1,0,false,false,false,false,0
FRTRK2004,move to,LOC_남측제1방어선,2026-08-09T09:14:05.000Z,21.38725778,-157.74451801,UAV 1,1,1:3001:2576,FRTRK2004,1:1:225:7:12:8:0,0,false,false,false,false,0
FRT80007,none,,2026-08-09T09:14:05.000Z,21.38084254,-157.74641584,UAV 1,1,1:3001:2804,FRT80007,1:1:222:1:1:1:0,0,false,false,false,false,0
FRTRK2002,move to,LOC_남측제1방어선,2026-08-09T09:14:05.000Z,21.38724270,-157.74439400,UAV 1,1,1:3001:2827,FRTRK2002,1:1:225:7:12:8:0,0,false,false,false,false,0
FRT80008,none,,2026-08-09T09:14:05.000Z,21.38464318,-157.75021370,UAV 1,1,1:3001:2756,FRT80008,1:1:222:1:1:1:0,0,false,false,false,false,0
FRTRK1002,move to,LOC_남측제1방어선,2026-08-09T09:14:05.000Z,21.38737824,-157.74444855,UAV 1,1,1:3001:2853,FRTRK1002,1:1:225:7:12:0:0,0,false,false,false,false,0
ENM35004,move to,LOC_적북측접근로,2026-08-09T09:14:05.000Z,21.37135326,-157.74164678,UAV 1,2,1:3001:2650,ENM35004,1:1:225:7:1:6:0,0,false,false,false,false,0
ENMORT005,none,,2026-08-09T09:14:06.000Z,21.37457651,-157.73710572,UAV 1,2,1:3001:2607,ENMORT005,1:1:71:10:1:0:1,0,false,false,false,false,0
ENMORT004,none,,2026-08-09T09:14:06.000Z,21.37447596,-157.73706256,UAV 1,2,1:3001:2630,ENMORT004,1:1:71:10:1:0:1,0,false,false,false,false,0
ENMORT001,none,,2026-08-09T09:14:06.000Z,21.37443553,-157.73716992,UAV 1,2,1:3001:2789,ENMORT001,1:1:71:10:1:0:1,0,false,false,false,false,0
ENMORT002,none,,2026-08-09T09:14:06.000Z,21.37453609,-157.73721308,UAV 1,2,1:3001:2834,ENMORT002,1:1:71:10:1:0:1,0,false,false,false,false,0
ENMORT003,none,,2026-08-09T09:14:06.000Z,21.37463664,-157.73725624,UAV 1,2,1:3001:2865,ENMORT003,1:1:71:10:1:0:1,0,false,false,false,false,0
FRTRK2004,move to,LOC_남측제1방어선,2026-08-09T09:14:06.000Z,21.38725778,-157.74451801,UAV 1,1,1:3001:2576,FRTRK2004,1:1:225:7:12:8:0,0,false,false,false,false,0
FRT80007,none,,2026-08-09T09:14:06.000Z,21.38084254,-157.74641584,UAV 1,1,1:3001:2804,FRT80007,1:1:222:1:1:1:0,0,false,false,false,false,0
FRTRK2002,move to,LOC_남측제1방어선,2026-08-09T09:14:06.000Z,21.38724270,-157.74439400,UAV 1,1,1:3001:2827,FRTRK2002,1:1:225:7:12:8:0,0,false,false,false,false,0
FRT80008,none,,2026-08-09T09:14:06.000Z,21.38464318,-157.75021370,UAV 1,1,1:3001:2756,FRT80008,1:1:222:1:1:1:0,0,false,false,false,false,0
FRTRK1002,move to,LOC_남측제1방어선,2026-08-09T09:14:06.000Z,21.38737824,-157.74444855,UAV 1,1,1:3001:2853,FRTRK1002,1:1:225:7:12:0:0,0,false,false,false,false,0
ENM35004,move to,LOC_적북측접근로,2026-08-09T09:14:06.000Z,21.37135326,-157.74164678,UAV 1,2,1:3001:2650,ENM35004,1:1:225:7:1:6:0,0,false,false,false,false,0
ENMORT005,none,,2026-08-09T09:14:06.000Z,21.37457651,-157.73710572,UAV 1,2,1:3001:2607,ENMORT005,1:1:71:10:1:0:1,0,false,false,false,false,0
ENMORT004,none,,2026-08-09T09:14:06.000Z,21.37447596,-157.73706256,UAV 1,2,1:3001:2630,ENMORT004,1:1:71:10:1:0:1,0,false,false,false,false,0
ENMORT001,none,,2026-08-09T09:14:06.000Z,21.37443553,-157.73716992,UAV 1,2,1:3001:2789,ENMORT001,1:1:71:10:1:0:1,0,false,false,false,false,0
ENMORT002,none,,2026-08-09T09:14:06.000Z,21.37453609,-157.73721308,UAV 1,2,1:3001:2834,ENMORT002,1:1:71:10:1:0:1,0,false,false,false,false,0
ENMORT003,none,,2026-08-09T09:14:06.000Z,21.37463664,-157.73725624,UAV 1,2,1:3001:2865,ENMORT003,1:1:71:10:1:0:1,0,false,false,false,false,0
FRTRK2004,move to,LOC_남측제1방어선,2026-08-09T09:14:06.000Z,21.38725778,-157.74451801,UAV 1,1,1:3001:2576,FRTRK2004,1:1:225:7:12:8:0,0,false,false,false,false,0
FRT80007,none,,2026-08-09T09:14:06.000Z,21.38084254,-157.74641584,UAV 1,1,1:3001:2804,FRT80007,1:1:222:1:1:1:0,0,false,false,false,false,0
FRTRK2002,move to,LOC_남측제1방어선,2026-08-09T09:14:06.000Z,21.38724270,-157.74439400,UAV 1,1,1:3001:2827,FRTRK2002,1:1:225:7:12:8:0,0,false,false,false,false,0
FRT80008,none,,2026-08-09T09:14:06.000Z,21.38464318,-157.75021370,UAV 1,1,1:3001:2756,FRT80008,1:1:222:1:1:1:0,0,false,false,false,false,0
FRTRK1002,move to,LOC_남측제1방어선,2026-08-09T09:14:06.000Z,21.38737824,-157.74444855,UAV 1,1,1:3001:2853,FRTRK1002,1:1:225:7:12:0:0,0,false,false,false,false,0
ENM35004,move to,LOC_적북측접근로,2026-08-09T09:14:06.000Z,21.37135326,-157.74164678,UAV 1,2,1:3001:2650,ENM35004,1:1:225:7:1:6:0,0,false,false,false,false,0
ENMORT005,none,,2026-08-09T09:14:07.000Z,21.37457651,-157.73710572,UAV 1,2,1:3001:2607,ENMORT005,1:1:71:10:1:0:1,0,false,false,false,false,0
ENMORT004,none,,2026-08-09T09:14:07.000Z,21.37447596,-157.73706256,UAV 1,2,1:3001:2630,ENMORT004,1:1:71:10:1:0:1,0,false,false,false,false,0
ENMORT001,none,,2026-08-09T09:14:07.000Z,21.37443553,-157.73716992,UAV 1,2,1:3001:2789,ENMORT001,1:1:71:10:1:0:1,0,false,false,false,false,0
ENMORT002,none,,2026-08-09T09:14:07.000Z,21.37453609,-157.73721308,UAV 1,2,1:3001:2834,ENMORT002,1:1:71:10:1:0:1,0,false,false,false,false,0
ENMORT003,none,,2026-08-09T09:14:07.000Z,21.37463664,-157.73725624,UAV 1,2,1:3001:2865,ENMORT003,1:1:71:10:1:0:1,0,false,false,false,false,0
FRTRK2004,move to,LOC_남측제1방어선,2026-08-09T09:14:07.000Z,21.38725800,-157.74451990,UAV 1,1,1:3001:2576,FRTRK2004,1:1:225:7:12:8:0,0,false,false,false,false,0
FRT80007,none,,2026-08-09T09:14:07.000Z,21.38084254,-157.74641584,UAV 1,1,1:3001:2804,FRT80007,1:1:222:1:1:1:0,0,false,false,false,false,0
FRTRK2002,move to,LOC_남측제1방어선,2026-08-09T09:14:07.000Z,21.38724290,-157.74439574,UAV 1,1,1:3001:2827,FRTRK2002,1:1:225:7:12:8:0,0,false,false,false,false,0
FRT80008,none,,2026-08-09T09:14:07.000Z,21.38464318,-157.75021370,UAV 1,1,1:3001:2756,FRT80008,1:1:222:1:1:1:0,0,false,false,false,false,0
FRTRK1002,move to,LOC_남측제1방어선,2026-08-09T09:14:07.000Z,21.38737803,-157.74444701,UAV 1,1,1:3001:2853,FRTRK1002,1:1:225:7:12:0:0,0,false,false,false,false,0
ENMORT005,none,,2026-08-09T09:14:08.000Z,21.37457651,-157.73710572,UAV 1,2,1:3001:2607,ENMORT005,1:1:71:10:1:0:1,0,false,false,false,false,0
ENMORT004,none,,2026-08-09T09:14:08.000Z,21.37447596,-157.73706256,UAV 1,2,1:3001:2630,ENMORT004,1:1:71:10:1:0:1,0,false,false,false,false,0
ENMORT001,none,,2026-08-09T09:14:08.000Z,21.37443553,-157.73716992,UAV 1,2,1:3001:2789,ENMORT001,1:1:71:10:1:0:1,0,false,false,false,false,0
ENMORT002,none,,2026-08-09T09:14:08.000Z,21.37453609,-157.73721308,UAV 1,2,1:3001:2834,ENMORT002,1:1:71:10:1:0:1,0,false,false,false,false,0
ENMORT003,none,,2026-08-09T09:14:08.000Z,21.37463664,-157.73725624,UAV 1,2,1:3001:2865,ENMORT003,1:1:71:10:1:0:1,0,false,false,false,false,0
FRTRK2004,move to,LOC_남측제1방어선,2026-08-09T09:14:08.000Z,21.38725800,-157.74451990,UAV 1,1,1:3001:2576,FRTRK2004,1:1:225:7:12:8:0,0,false,false,false,false,0
FRT80007,none,,2026-08-09T09:14:08.000Z,21.38084254,-157.74641584,UAV 1,1,1:3001:2804,FRT80007,1:1:222:1:1:1:0,0,false,false,false,false,0
FRTRK2002,move to,LOC_남측제1방어선,2026-08-09T09:14:08.000Z,21.38724290,-157.74439574,UAV 1,1,1:3001:2827,FRTRK2002,1:1:225:7:12:8:0,0,false,false,false,false,0
FRT80008,none,,2026-08-09T09:14:08.000Z,21.38464318,-157.75021370,UAV 1,1,1:3001:2756,FRT80008,1:1:222:1:1:1:0,0,false,false,false,false,0
FRTRK1002,move to,LOC_남측제1방어선,2026-08-09T09:14:08.000Z,21.38737803,-157.74444701,UAV 1,1,1:3001:2853,FRTRK1002,1:1:225:7:12:0:0,0,false,false,false,false,0
ENMORT005,none,,2026-08-09T09:14:08.000Z,21.37457651,-157.73710572,UAV 1,2,1:3001:2607,ENMORT005,1:1:71:10:1:0:1,0,false,false,false,false,0
ENMORT004,none,,2026-08-09T09:14:08.000Z,21.37447596,-157.73706256,UAV 1,2,1:3001:2630,ENMORT004,1:1:71:10:1:0:1,0,false,false,false,false,0
ENMORT001,none,,2026-08-09T09:14:08.000Z,21.37443553,-157.73716992,UAV 1,2,1:3001:2789,ENMORT001,1:1:71:10:1:0:1,0,false,false,false,false,0
ENMORT002,none,,2026-08-09T09:14:08.000Z,21.37453609,-157.73721308,UAV 1,2,1:3001:2834,ENMORT002,1:1:71:10:1:0:1,0,false,false,false,false,0
ENMORT003,none,,2026-08-09T09:14:08.000Z,21.37463664,-157.73725624,UAV 1,2,1:3001:2865,ENMORT003,1:1:71:10:1:0:1,0,false,false,false,false,0
FRTRK2004,move to,LOC_남측제1방어선,2026-08-09T09:14:08.000Z,21.38725800,-157.74451990,UAV 1,1,1:3001:2576,FRTRK2004,1:1:225:7:12:8:0,0,false,false,false,false,0
FRT80007,none,,2026-08-09T09:14:08.000Z,21.38084254,-157.74641584,UAV 1,1,1:3001:2804,FRT80007,1:1:222:1:1:1:0,0,false,false,false,false,0
FRTRK2002,move to,LOC_남측제1방어선,2026-08-09T09:14:08.000Z,21.38724290,-157.74439574,UAV 1,1,1:3001:2827,FRTRK2002,1:1:225:7:12:8:0,0,false,false,false,false,0
FRT80008,none,,2026-08-09T09:14:08.000Z,21.38464318,-157.75021370,UAV 1,1,1:3001:2756,FRT80008,1:1:222:1:1:1:0,0,false,false,false,false,0
FRTRK1002,move to,LOC_남측제1방어선,2026-08-09T09:14:08.000Z,21.38737803,-157.74444701,UAV 1,1,1:3001:2853,FRTRK1002,1:1:225:7:12:0:0,0,false,false,false,false,0
ENMORT005,none,,2026-08-09T09:14:09.000Z,21.37457651,-157.73710572,UAV 1,2,1:3001:2607,ENMORT005,1:1:71:10:1:0:1,0,false,false,false,false,0
ENMORT004,none,,2026-08-09T09:14:09.000Z,21.37447596,-157.73706256,UAV 1,2,1:3001:2630,ENMORT004,1:1:71:10:1:0:1,0,false,false,false,false,0
ENMORT001,none,,2026-08-09T09:14:09.000Z,21.37443553,-157.73716992,UAV 1,2,1:3001:2789,ENMORT001,1:1:71:10:1:0:1,0,false,false,false,false,0
ENMORT002,none,,2026-08-09T09:14:09.000Z,21.37453609,-157.73721308,UAV 1,2,1:3001:2834,ENMORT002,1:1:71:10:1:0:1,0,false,false,false,false,0
ENMORT003,none,,2026-08-09T09:14:09.000Z,21.37463664,-157.73725624,UAV 1,2,1:3001:2865,ENMORT003,1:1:71:10:1:0:1,0,false,false,false,false,0
FRTRK2004,move to,LOC_남측제1방어선,2026-08-09T09:14:09.000Z,21.38725865,-157.74452548,UAV 1,1,1:3001:2576,FRTRK2004,1:1:225:7:12:8:0,0,false,false,false,false,0
FRT80007,none,,2026-08-09T09:14:09.000Z,21.38084254,-157.74641584,UAV 1,1,1:3001:2804,FRT80007,1:1:222:1:1:1:0,0,false,false,false,false,0
FRTRK2002,move to,LOC_남측제1방어선,2026-08-09T09:14:09.000Z,21.38724365,-157.74440220,UAV 1,1,1:3001:2827,FRTRK2002,1:1:225:7:12:8:0,0,false,false,false,false,0
FRT80008,none,,2026-08-09T09:14:09.000Z,21.38464318,-157.75021370,UAV 1,1,1:3001:2756,FRT80008,1:1:222:1:1:1:0,0,false,false,false,false,0
FRTRK1002,move to,LOC_남측제1방어선,2026-08-09T09:14:09.000Z,21.38738089,-157.74446748,UAV 1,1,1:3001:2853,FRTRK1002,1:1:225:7:12:0:0,0,false,false,false,false,0
ENM35004,move to,LOC_적북측접근로,2026-08-09T09:14:09.000Z,21.37136755,-157.74158898,UAV 1,2,1:3001:2650,ENM35004,1:1:225:7:1:6:0,0,false,false,false,false,0
ENM35003,move to,LOC_적북측접근로,2026-08-09T09:14:09.000Z,21.37137835,-157.74153656,UAV 1,2,1:3001:2894,ENM35003,1:1:225:7:1:6:0,0,false,false,false,false,0
ENMORT005,none,,2026-08-09T09:14:10.000Z,21.37457651,-157.73710572,UAV 1,2,1:3001:2607,ENMORT005,1:1:71:10:1:0:1,0,false,false,false,false,0
ENMORT004,none,,2026-08-09T09:14:10.000Z,21.37447596,-157.73706256,UAV 1,2,1:3001:2630,ENMORT004,1:1:71:10:1:0:1,0,false,false,false,false,0
ENMORT001,none,,2026-08-09T09:14:10.000Z,21.37443553,-157.73716992,UAV 1,2,1:3001:2789,ENMORT001,1:1:71:10:1:0:1,0,false,false,false,false,0
ENMORT002,none,,2026-08-09T09:14:10.000Z,21.37453609,-157.73721308,UAV 1,2,1:3001:2834,ENMORT002,1:1:71:10:1:0:1,0,false,false,false,false,0
ENMORT003,none,,2026-08-09T09:14:10.000Z,21.37463664,-157.73725624,UAV 1,2,1:3001:2865,ENMORT003,1:1:71:10:1:0:1,0,false,false,false,false,0
FRTRK2004,move to,LOC_남측제1방어선,2026-08-09T09:14:10.000Z,21.38725865,-157.74452548,UAV 1,1,1:3001:2576,FRTRK2004,1:1:225:7:12:8:0,0,false,false,false,false,0
FRT80007,none,,2026-08-09T09:14:10.000Z,21.38084254,-157.74641584,UAV 1,1,1:3001:2804,FRT80007,1:1:222:1:1:1:0,0,false,false,false,false,0
FRTRK2002,move to,LOC_남측제1방어선,2026-08-09T09:14:10.000Z,21.38724365,-157.74440220,UAV 1,1,1:3001:2827,FRTRK2002,1:1:225:7:12:8:0,0,false,false,false,false,0
FRT80008,none,,2026-08-09T09:14:10.000Z,21.38464318,-157.75021370,UAV 1,1,1:3001:2756,FRT80008,1:1:222:1:1:1:0,0,false,false,false,false,0
FRTRK1002,move to,LOC_남측제1방어선,2026-08-09T09:14:10.000Z,21.38738089,-157.74446748,UAV 1,1,1:3001:2853,FRTRK1002,1:1:225:7:12:0:0,0,false,false,false,false,0
ENM35004,move to,LOC_적북측접근로,2026-08-09T09:14:10.000Z,21.37136755,-157.74158898,UAV 1,2,1:3001:2650,ENM35004,1:1:225:7:1:6:0,0,false,false,false,false,0
ENM35003,move to,LOC_적북측접근로,2026-08-09T09:14:10.000Z,21.37137835,-157.74153656,UAV 1,2,1:3001:2894,ENM35003,1:1:225:7:1:6:0,0,false,false,false,false,0
ENMORT005,none,,2026-08-09T09:14:10.000Z,21.37457651,-157.73710572,UAV 1,2,1:3001:2607,ENMORT005,1:1:71:10:1:0:1,0,false,false,false,false,0
ENMORT004,none,,2026-08-09T09:14:10.000Z,21.37447596,-157.73706256,UAV 1,2,1:3001:2630,ENMORT004,1:1:71:10:1:0:1,0,false,false,false,false,0
ENMORT001,none,,2026-08-09T09:14:10.000Z,21.37443553,-157.73716992,UAV 1,2,1:3001:2789,ENMORT001,1:1:71:10:1:0:1,0,false,false,false,false,0
ENMORT002,none,,2026-08-09T09:14:10.000Z,21.37453609,-157.73721308,UAV 1,2,1:3001:2834,ENMORT002,1:1:71:10:1:0:1,0,false,false,false,false,0
ENMORT003,none,,2026-08-09T09:14:10.000Z,21.37463664,-157.73725624,UAV 1,2,1:3001:2865,ENMORT003,1:1:71:10:1:0:1,0,false,false,false,false,0
FRTRK2004,move to,LOC_남측제1방어선,2026-08-09T09:14:10.000Z,21.38725865,-157.74452548,UAV 1,1,1:3001:2576,FRTRK2004,1:1:225:7:12:8:0,0,false,false,false,false,0
FRT80007,none,,2026-08-09T09:14:10.000Z,21.38084254,-157.74641584,UAV 1,1,1:3001:2804,FRT80007,1:1:222:1:1:1:0,0,false,false,false,false,0
FRTRK2002,move to,LOC_남측제1방어선,2026-08-09T09:14:10.000Z,21.38724365,-157.74440220,UAV 1,1,1:3001:2827,FRTRK2002,1:1:225:7:12:8:0,0,false,false,false,false,0
FRT80008,none,,2026-08-09T09:14:10.000Z,21.38464318,-157.75021370,UAV 1,1,1:3001:2756,FRT80008,1:1:222:1:1:1:0,0,false,false,false,false,0
FRTRK1002,move to,LOC_남측제1방어선,2026-08-09T09:14:10.000Z,21.38738089,-157.74446748,UAV 1,1,1:3001:2853,FRTRK1002,1:1:225:7:12:0:0,0,false,false,false,false,0
ENM35004,move to,LOC_적북측접근로,2026-08-09T09:14:10.000Z,21.37136755,-157.74158898,UAV 1,2,1:3001:2650,ENM35004,1:1:225:7:1:6:0,0,false,false,false,false,0
ENM35003,move to,LOC_적북측접근로,2026-08-09T09:14:10.000Z,21.37137835,-157.74153656,UAV 1,2,1:3001:2894,ENM35003,1:1:225:7:1:6:0,0,false,false,false,false,0
ENMORT005,none,,2026-08-09T09:14:11.000Z,21.37457651,-157.73710572,UAV 1,2,1:3001:2607,ENMORT005,1:1:71:10:1:0:1,0,false,false,false,false,0
ENMORT004,none,,2026-08-09T09:14:11.000Z,21.37447596,-157.73706256,UAV 1,2,1:3001:2630,ENMORT004,1:1:71:10:1:0:1,0,false,false,false,false,0
ENMORT001,none,,2026-08-09T09:14:11.000Z,21.37443553,-157.73716992,UAV 1,2,1:3001:2789,ENMORT001,1:1:71:10:1:0:1,0,false,false,false,false,0
ENMORT002,none,,2026-08-09T09:14:11.000Z,21.37453609,-157.73721308,UAV 1,2,1:3001:2834,ENMORT002,1:1:71:10:1:0:1,0,false,false,false,false,0
ENMORT003,none,,2026-08-09T09:14:11.000Z,21.37463664,-157.73725624,UAV 1,2,1:3001:2865,ENMORT003,1:1:71:10:1:0:1,0,false,false,false,false,0
FRTRK2004,move to,LOC_남측제1방어선,2026-08-09T09:14:11.000Z,21.38725929,-157.74453105,UAV 1,1,1:3001:2576,FRTRK2004,1:1:225:7:12:8:0,0,false,false,false,false,0
FRT80007,none,,2026-08-09T09:14:11.000Z,21.38084254,-157.74641584,UAV 1,1,1:3001:2804,FRT80007,1:1:222:1:1:1:0,0,false,false,false,false,0
FRTRK2002,move to,LOC_남측제1방어선,2026-08-09T09:14:11.000Z,21.38724483,-157.74441239,UAV 1,1,1:3001:2827,FRTRK2002,1:1:225:7:12:8:0,0,false,false,false,false,0
FRT80008,none,,2026-08-09T09:14:11.000Z,21.38464318,-157.75021370,UAV 1,1,1:3001:2756,FRT80008,1:1:222:1:1:1:0,0,false,false,false,false,0
ENM35004,move to,LOC_적북측접근로,2026-08-09T09:14:11.000Z,21.37137488,-157.74155934,UAV 1,2,1:3001:2650,ENM35004,1:1:225:7:1:6:0,0,false,false,false,false,0
ENM35003,move to,LOC_적북측접근로,2026-08-09T09:14:11.000Z,21.37138210,-157.74152071,UAV 1,2,1:3001:2894,ENM35003,1:1:225:7:1:6:0,0,false,false,false,false,0
ENMORT005,none,,2026-08-09T09:14:12.000Z,21.37457651,-157.73710572,UAV 1,2,1:3001:2607,ENMORT005,1:1:71:10:1:0:1,0,false,false,false,false,0
ENMORT004,none,,2026-08-09T09:14:12.000Z,21.37447596,-157.73706256,UAV 1,2,1:3001:2630,ENMORT004,1:1:71:10:1:0:1,0,false,false,false,false,0
ENMORT001,none,,2026-08-09T09:14:12.000Z,21.37443553,-157.73716992,UAV 1,2,1:3001:2789,ENMORT001,1:1:71:10:1:0:1,0,false,false,false,false,0
ENMORT002,none,,2026-08-09T09:14:12.000Z,21.37453609,-157.73721308,UAV 1,2,1:3001:2834,ENMORT002,1:1:71:10:1:0:1,0,false,false,false,false,0
ENMORT003,none,,2026-08-09T09:14:12.000Z,21.37463664,-157.73725624,UAV 1,2,1:3001:2865,ENMORT003,1:1:71:10:1:0:1,0,false,false,false,false,0
FRTRK2004,move to,LOC_남측제1방어선,2026-08-09T09:14:12.000Z,21.38725929,-157.74453105,UAV 1,1,1:3001:2576,FRTRK2004,1:1:225:7:12:8:0,0,false,false,false,false,0
FRT80007,none,,2026-08-09T09:14:12.000Z,21.38084254,-157.74641584,UAV 1,1,1:3001:2804,FRT80007,1:1:222:1:1:1:0,0,false,false,false,false,0
FRTRK2002,move to,LOC_남측제1방어선,2026-08-09T09:14:12.000Z,21.38724483,-157.74441239,UAV 1,1,1:3001:2827,FRTRK2002,1:1:225:7:12:8:0,0,false,false,false,false,0
FRT80008,none,,2026-08-09T09:14:12.000Z,21.38464318,-157.75021370,UAV 1,1,1:3001:2756,FRT80008,1:1:222:1:1:1:0,0,false,false,false,false,0
ENM35004,move to,LOC_적북측접근로,2026-08-09T09:14:12.000Z,21.37137488,-157.74155934,UAV 1,2,1:3001:2650,ENM35004,1:1:225:7:1:6:0,0,false,false,false,false,0
ENM35003,move to,LOC_적북측접근로,2026-08-09T09:14:12.000Z,21.37138210,-157.74152071,UAV 1,2,1:3001:2894,ENM35003,1:1:225:7:1:6:0,0,false,false,false,false,0
ENMORT005,none,,2026-08-09T09:14:12.000Z,21.37457651,-157.73710572,UAV 1,2,1:3001:2607,ENMORT005,1:1:71:10:1:0:1,0,false,false,false,false,0
ENMORT004,none,,2026-08-09T09:14:12.000Z,21.37447596,-157.73706256,UAV 1,2,1:3001:2630,ENMORT004,1:1:71:10:1:0:1,0,false,false,false,false,0
ENMORT001,none,,2026-08-09T09:14:12.000Z,21.37443553,-157.73716992,UAV 1,2,1:3001:2789,ENMORT001,1:1:71:10:1:0:1,0,false,false,false,false,0
ENMORT002,none,,2026-08-09T09:14:12.000Z,21.37453609,-157.73721308,UAV 1,2,1:3001:2834,ENMORT002,1:1:71:10:1:0:1,0,false,false,false,false,0
ENMORT003,none,,2026-08-09T09:14:12.000Z,21.37463664,-157.73725624,UAV 1,2,1:3001:2865,ENMORT003,1:1:71:10:1:0:1,0,false,false,false,false,0
FRTRK2004,move to,LOC_남측제1방어선,2026-08-09T09:14:12.000Z,21.38725929,-157.74453105,UAV 1,1,1:3001:2576,FRTRK2004,1:1:225:7:12:8:0,0,false,false,false,false,0
FRT80007,none,,2026-08-09T09:14:12.000Z,21.38084254,-157.74641584,UAV 1,1,1:3001:2804,FRT80007,1:1:222:1:1:1:0,0,false,false,false,false,0
FRTRK2002,move to,LOC_남측제1방어선,2026-08-09T09:14:12.000Z,21.38724483,-157.74441239,UAV 1,1,1:3001:2827,FRTRK2002,1:1:225:7:12:8:0,0,false,false,false,false,0
FRT80008,none,,2026-08-09T09:14:12.000Z,21.38464318,-157.75021370,UAV 1,1,1:3001:2756,FRT80008,1:1:222:1:1:1:0,0,false,false,false,false,0
ENM35004,move to,LOC_적북측접근로,2026-08-09T09:14:12.000Z,21.37137488,-157.74155934,UAV 1,2,1:3001:2650,ENM35004,1:1:225:7:1:6:0,0,false,false,false,false,0
ENM35003,move to,LOC_적북측접근로,2026-08-09T09:14:12.000Z,21.37138210,-157.74152071,UAV 1,2,1:3001:2894,ENM35003,1:1:225:7:1:6:0,0,false,false,false,false,0
ENMORT005,none,,2026-08-09T09:14:13.000Z,21.37457651,-157.73710572,UAV 1,2,1:3001:2607,ENMORT005,1:1:71:10:1:0:1,0,false,false,false,false,0
ENMORT004,none,,2026-08-09T09:14:13.000Z,21.37447596,-157.73706256,UAV 1,2,1:3001:2630,ENMORT004,1:1:71:10:1:0:1,0,false,false,false,false,0
ENMORT001,none,,2026-08-09T09:14:13.000Z,21.37443553,-157.73716992,UAV 1,2,1:3001:2789,ENMORT001,1:1:71:10:1:0:1,0,false,false,false,false,0
ENMORT002,none,,2026-08-09T09:14:13.000Z,21.37453609,-157.73721308,UAV 1,2,1:3001:2834,ENMORT002,1:1:71:10:1:0:1,0,false,false,false,false,0
ENMORT003,none,,2026-08-09T09:14:13.000Z,21.37463664,-157.73725624,UAV 1,2,1:3001:2865,ENMORT003,1:1:71:10:1:0:1,0,false,false,false,false,0
FRTRK2004,move to,LOC_남측제1방어선,2026-08-09T09:14:13.000Z,21.38725963,-157.74453400,UAV 1,1,1:3001:2576,FRTRK2004,1:1:225:7:12:8:0,0,false,false,false,false,0
FRT80007,none,,2026-08-09T09:14:13.000Z,21.38084254,-157.74641584,UAV 1,1,1:3001:2804,FRT80007,1:1:222:1:1:1:0,0,false,false,false,false,0
FRTRK2002,move to,LOC_남측제1방어선,2026-08-09T09:14:13.000Z,21.38724647,-157.74442652,UAV 1,1,1:3001:2827,FRTRK2002,1:1:225:7:12:8:0,0,false,false,false,false,0
FRT80008,none,,2026-08-09T09:14:13.000Z,21.38464318,-157.75021370,UAV 1,1,1:3001:2756,FRT80008,1:1:222:1:1:1:0,0,false,false,false,false,0
FRTRK1004,move to,LOC_남측제1방어선,2026-08-09T09:14:13.000Z,21.38742456,-157.74447385,UAV 1,1,1:3001:2898,FRTRK1004,1:1:225:7:12:0:0,0,false,false,false,false,0
ENMORT005,none,,2026-08-09T09:14:13.000Z,21.37457651,-157.73710572,UAV 1,2,1:3001:2607,ENMORT005,1:1:71:10:1:0:1,0,false,false,false,false,0
ENMORT004,none,,2026-08-09T09:14:13.000Z,21.37447596,-157.73706256,UAV 1,2,1:3001:2630,ENMORT004,1:1:71:10:1:0:1,0,false,false,false,false,0
ENMORT001,none,,2026-08-09T09:14:13.000Z,21.37443553,-157.73716992,UAV 1,2,1:3001:2789,ENMORT001,1:1:71:10:1:0:1,0,false,false,false,false,0
ENMORT002,none,,2026-08-09T09:14:13.000Z,21.37453609,-157.73721308,UAV 1,2,1:3001:2834,ENMORT002,1:1:71:10:1:0:1,0,false,false,false,false,0
ENMORT003,none,,2026-08-09T09:14:13.000Z,21.37463664,-157.73725624,UAV 1,2,1:3001:2865,ENMORT003,1:1:71:10:1:0:1,0,false,false,false,false,0
FRTRK2004,move to,LOC_남측제1방어선,2026-08-09T09:14:13.000Z,21.38725963,-157.74453400,UAV 1,1,1:3001:2576,FRTRK2004,1:1:225:7:12:8:0,0,false,false,false,false,0
FRT80007,none,,2026-08-09T09:14:13.000Z,21.38084254,-157.74641584,UAV 1,1,1:3001:2804,FRT80007,1:1:222:1:1:1:0,0,false,false,false,false,0
FRTRK2002,move to,LOC_남측제1방어선,2026-08-09T09:14:13.000Z,21.38724647,-157.74442652,UAV 1,1,1:3001:2827,FRTRK2002,1:1:225:7:12:8:0,0,false,false,false,false,0
FRT80008,none,,2026-08-09T09:14:13.000Z,21.38464318,-157.75021370,UAV 1,1,1:3001:2756,FRT80008,1:1:222:1:1:1:0,0,false,false,false,false,0
FRTRK1004,move to,LOC_남측제1방어선,2026-08-09T09:14:13.000Z,21.38742456,-157.74447385,UAV 1,1,1:3001:2898,FRTRK1004,1:1:225:7:12:0:0,0,false,false,false,false,0
ENMORT005,none,,2026-08-09T09:14:14.000Z,21.37457651,-157.73710572,UAV 1,2,1:3001:2607,ENMORT005,1:1:71:10:1:0:1,0,false,false,false,false,0
ENMORT004,none,,2026-08-09T09:14:14.000Z,21.37447596,-157.73706256,UAV 1,2,1:3001:2630,ENMORT004,1:1:71:10:1:0:1,0,false,false,false,false,0
ENMORT001,none,,2026-08-09T09:14:14.000Z,21.37443553,-157.73716992,UAV 1,2,1:3001:2789,ENMORT001,1:1:71:10:1:0:1,0,false,false,false,false,0
ENMORT002,none,,2026-08-09T09:14:14.000Z,21.37453609,-157.73721308,UAV 1,2,1:3001:2834,ENMORT002,1:1:71:10:1:0:1,0,false,false,false,false,0
ENMORT003,none,,2026-08-09T09:14:14.000Z,21.37463664,-157.73725624,UAV 1,2,1:3001:2865,ENMORT003,1:1:71:10:1:0:1,0,false,false,false,false,0
FRTRK2004,move to,LOC_남측제1방어선,2026-08-09T09:14:14.000Z,21.38725963,-157.74453400,UAV 1,1,1:3001:2576,FRTRK2004,1:1:225:7:12:8:0,0,false,false,false,false,0
FRT80007,none,,2026-08-09T09:14:14.000Z,21.38084254,-157.74641584,UAV 1,1,1:3001:2804,FRT80007,1:1:222:1:1:1:0,0,false,false,false,false,0
FRTRK2002,move to,LOC_남측제1방어선,2026-08-09T09:14:14.000Z,21.38724647,-157.74442652,UAV 1,1,1:3001:2827,FRTRK2002,1:1:225:7:12:8:0,0,false,false,false,false,0
FRT80008,none,,2026-08-09T09:14:14.000Z,21.38464318,-157.75021370,UAV 1,1,1:3001:2756,FRT80008,1:1:222:1:1:1:0,0,false,false,false,false,0
FRTRK1004,move to,LOC_남측제1방어선,2026-08-09T09:14:14.000Z,21.38742456,-157.74447385,UAV 1,1,1:3001:2898,FRTRK1004,1:1:225:7:12:0:0,0,false,false,false,false,0
ENMORT005,none,,2026-08-09T09:14:15.000Z,21.37457651,-157.73710572,UAV 1,2,1:3001:2607,ENMORT005,1:1:71:10:1:0:1,0,false,false,false,false,0
ENMORT004,none,,2026-08-09T09:14:15.000Z,21.37447596,-157.73706256,UAV 1,2,1:3001:2630,ENMORT004,1:1:71:10:1:0:1,0,false,false,false,false,0
ENMORT001,none,,2026-08-09T09:14:15.000Z,21.37443553,-157.73716992,UAV 1,2,1:3001:2789,ENMORT001,1:1:71:10:1:0:1,0,false,false,false,false,0
ENMORT002,none,,2026-08-09T09:14:15.000Z,21.37453609,-157.73721308,UAV 1,2,1:3001:2834,ENMORT002,1:1:71:10:1:0:1,0,false,false,false,false,0
ENMORT003,none,,2026-08-09T09:14:15.000Z,21.37463664,-157.73725624,UAV 1,2,1:3001:2865,ENMORT003,1:1:71:10:1:0:1,0,false,false,false,false,0
FRTRK2004,move to,LOC_남측제1방어선,2026-08-09T09:14:15.000Z,21.38725963,-157.74453400,UAV 1,1,1:3001:2576,FRTRK2004,1:1:225:7:12:8:0,0,false,false,false,false,0
FRT80007,none,,2026-08-09T09:14:15.000Z,21.38084254,-157.74641584,UAV 1,1,1:3001:2804,FRT80007,1:1:222:1:1:1:0,0,false,false,false,false,0
FRTRK2002,move to,LOC_남측제1방어선,2026-08-09T09:14:15.000Z,21.38724647,-157.74442652,UAV 1,1,1:3001:2827,FRTRK2002,1:1:225:7:12:8:0,0,false,false,false,false,0
FRT80008,none,,2026-08-09T09:14:15.000Z,21.38464318,-157.75021370,UAV 1,1,1:3001:2756,FRT80008,1:1:222:1:1:1:0,0,false,false,false,false,0
FRTRK1004,move to,LOC_남측제1방어선,2026-08-09T09:14:15.000Z,21.38742456,-157.74447385,UAV 1,1,1:3001:2898,FRTRK1004,1:1:225:7:12:0:0,0,false,false,false,false,0
ENMORT005,none,,2026-08-09T09:14:15.000Z,21.37457651,-157.73710572,UAV 1,2,1:3001:2607,ENMORT005,1:1:71:10:1:0:1,0,false,false,false,false,0
ENMORT004,none,,2026-08-09T09:14:15.000Z,21.37447596,-157.73706256,UAV 1,2,1:3001:2630,ENMORT004,1:1:71:10:1:0:1,0,false,false,false,false,0
ENMORT001,none,,2026-08-09T09:14:15.000Z,21.37443553,-157.73716992,UAV 1,2,1:3001:2789,ENMORT001,1:1:71:10:1:0:1,0,false,false,false,false,0
ENMORT002,none,,2026-08-09T09:14:15.000Z,21.37453609,-157.73721308,UAV 1,2,1:3001:2834,ENMORT002,1:1:71:10:1:0:1,0,false,false,false,false,0
ENMORT003,none,,2026-08-09T09:14:15.000Z,21.37463664,-157.73725624,UAV 1,2,1:3001:2865,ENMORT003,1:1:71:10:1:0:1,0,false,false,false,false,0
FRTRK2004,move to,LOC_남측제1방어선,2026-08-09T09:14:15.000Z,21.38725946,-157.74453254,UAV 1,1,1:3001:2576,FRTRK2004,1:1:225:7:12:8:0,0,false,false,false,false,0
FRT80007,none,,2026-08-09T09:14:15.000Z,21.38084254,-157.74641584,UAV 1,1,1:3001:2804,FRT80007,1:1:222:1:1:1:0,0,false,false,false,false,0
FRTRK2002,move to,LOC_남측제1방어선,2026-08-09T09:14:15.000Z,21.38724853,-157.74444429,UAV 1,1,1:3001:2827,FRTRK2002,1:1:225:7:12:8:0,0,false,false,false,false,0
FRT80008,none,,2026-08-09T09:14:15.000Z,21.38464318,-157.75021370,UAV 1,1,1:3001:2756,FRT80008,1:1:222:1:1:1:0,0,false,false,false,false,0
FRTRK1004,move to,LOC_남측제1방어선,2026-08-09T09:14:15.000Z,21.38742072,-157.74444791,UAV 1,1,1:3001:2898,FRTRK1004,1:1:225:7:12:0:0,0,false,false,false,false,0
ENMORT005,none,,2026-08-09T09:14:16.000Z,21.37457651,-157.73710572,UAV 1,2,1:3001:2607,ENMORT005,1:1:71:10:1:0:1,0,false,false,false,false,0
ENMORT004,none,,2026-08-09T09:14:16.000Z,21.37447596,-157.73706256,UAV 1,2,1:3001:2630,ENMORT004,1:1:71:10:1:0:1,0,false,false,false,false,0
ENMORT001,none,,2026-08-09T09:14:16.000Z,21.37443553,-157.73716992,UAV 1,2,1:3001:2789,ENMORT001,1:1:71:10:1:0:1,0,false,false,false,false,0
ENMORT002,none,,2026-08-09T09:14:16.000Z,21.37453609,-157.73721308,UAV 1,2,1:3001:2834,ENMORT002,1:1:71:10:1:0:1,0,false,false,false,false,0
ENMORT003,none,,2026-08-09T09:14:16.000Z,21.37463664,-157.73725624,UAV 1,2,1:3001:2865,ENMORT003,1:1:71:10:1:0:1,0,false,false,false,false,0
FRTRK2004,move to,LOC_남측제1방어선,2026-08-09T09:14:16.000Z,21.38725946,-157.74453254,UAV 1,1,1:3001:2576,FRTRK2004,1:1:225:7:12:8:0,0,false,false,false,false,0
FRT80007,none,,2026-08-09T09:14:16.000Z,21.38084254,-157.74641584,UAV 1,1,1:3001:2804,FRT80007,1:1:222:1:1:1:0,0,false,false,false,false,0
FRTRK2002,move to,LOC_남측제1방어선,2026-08-09T09:14:16.000Z,21.38724853,-157.74444429,UAV 1,1,1:3001:2827,FRTRK2002,1:1:225:7:12:8:0,0,false,false,false,false,0
FRT80008,none,,2026-08-09T09:14:16.000Z,21.38464318,-157.75021370,UAV 1,1,1:3001:2756,FRT80008,1:1:222:1:1:1:0,0,false,false,false,false,0
FRTRK1004,move to,LOC_남측제1방어선,2026-08-09T09:14:16.000Z,21.38742072,-157.74444791,UAV 1,1,1:3001:2898,FRTRK1004,1:1:225:7:12:0:0,0,false,false,false,false,0
ENMORT005,none,,2026-08-09T09:14:16.000Z,21.37457651,-157.73710572,UAV 1,2,1:3001:2607,ENMORT005,1:1:71:10:1:0:1,0,false,false,false,false,0
ENMORT004,none,,2026-08-09T09:14:16.000Z,21.37447596,-157.73706256,UAV 1,2,1:3001:2630,ENMORT004,1:1:71:10:1:0:1,0,false,false,false,false,0
ENMORT001,none,,2026-08-09T09:14:16.000Z,21.37443553,-157.73716992,UAV 1,2,1:3001:2789,ENMORT001,1:1:71:10:1:0:1,0,false,false,false,false,0
ENMORT002,none,,2026-08-09T09:14:16.000Z,21.37453609,-157.73721308,UAV 1,2,1:3001:2834,ENMORT002,1:1:71:10:1:0:1,0,false,false,false,false,0
ENMORT003,none,,2026-08-09T09:14:16.000Z,21.37463664,-157.73725624,UAV 1,2,1:3001:2865,ENMORT003,1:1:71:10:1:0:1,0,false,false,false,false,0
FRTRK2004,move to,LOC_남측제1방어선,2026-08-09T09:14:16.000Z,21.38725946,-157.74453254,UAV 1,1,1:3001:2576,FRTRK2004,1:1:225:7:12:8:0,0,false,false,false,false,0
FRT80007,none,,2026-08-09T09:14:16.000Z,21.38084254,-157.74641584,UAV 1,1,1:3001:2804,FRT80007,1:1:222:1:1:1:0,0,false,false,false,false,0
FRTRK2002,move to,LOC_남측제1방어선,2026-08-09T09:14:16.000Z,21.38724853,-157.74444429,UAV 1,1,1:3001:2827,FRTRK2002,1:1:225:7:12:8:0,0,false,false,false,false,0
FRT80008,none,,2026-08-09T09:14:16.000Z,21.38464318,-157.75021370,UAV 1,1,1:3001:2756,FRT80008,1:1:222:1:1:1:0,0,false,false,false,false,0
FRTRK1004,move to,LOC_남측제1방어선,2026-08-09T09:14:16.000Z,21.38742072,-157.74444791,UAV 1,1,1:3001:2898,FRTRK1004,1:1:225:7:12:0:0,0,false,false,false,false,0
ENMORT005,none,,2026-08-09T09:14:17.000Z,21.37457651,-157.73710572,UAV 1,2,1:3001:2607,ENMORT005,1:1:71:10:1:0:1,0,false,false,false,false,0
ENMORT004,none,,2026-08-09T09:14:17.000Z,21.37447596,-157.73706256,UAV 1,2,1:3001:2630,ENMORT004,1:1:71:10:1:0:1,0,false,false,false,false,0
ENMORT001,none,,2026-08-09T09:14:17.000Z,21.37443553,-157.73716992,UAV 1,2,1:3001:2789,ENMORT001,1:1:71:10:1:0:1,0,false,false,false,false,0
ENMORT002,none,,2026-08-09T09:14:17.000Z,21.37453609,-157.73721308,UAV 1,2,1:3001:2834,ENMORT002,1:1:71:10:1:0:1,0,false,false,false,false,0
ENMORT003,none,,2026-08-09T09:14:17.000Z,21.37463664,-157.73725624,UAV 1,2,1:3001:2865,ENMORT003,1:1:71:10:1:0:1,0,false,false,false,false,0
FRTRK2004,move to,LOC_남측제1방어선,2026-08-09T09:14:17.000Z,21.38725891,-157.74452773,UAV 1,1,1:3001:2576,FRTRK2004,1:1:225:7:12:8:0,0,false,false,false,false,0
FRT80007,none,,2026-08-09T09:14:17.000Z,21.38084254,-157.74641584,UAV 1,1,1:3001:2804,FRT80007,1:1:222:1:1:1:0,0,false,false,false,false,0
FRTRK2002,move to,LOC_남측제1방어선,2026-08-09T09:14:17.000Z,21.38725076,-157.74446359,UAV 1,1,1:3001:2827,FRTRK2002,1:1:225:7:12:8:0,0,false,false,false,false,0
FRT80008,none,,2026-08-09T09:14:17.000Z,21.38464318,-157.75021370,UAV 1,1,1:3001:2756,FRT80008,1:1:222:1:1:1:0,0,false,false,false,false,0
FRTRK1004,move to,LOC_남측제1방어선,2026-08-09T09:14:17.000Z,21.38742123,-157.74445132,UAV 1,1,1:3001:2898,FRTRK1004,1:1:225:7:12:0:0,0,false,false,false,false,0
FRTRK1002,move to,LOC_남측제1방어선,2026-08-09T09:14:17.000Z,21.38738099,-157.74446825,UAV 1,1,1:3001:2853,FRTRK1002,1:1:225:7:12:0:0,0,false,false,false,false,0
ENMORT005,none,,2026-08-09T09:14:17.000Z,21.37457651,-157.73710572,UAV 1,2,1:3001:2607,ENMORT005,1:1:71:10:1:0:1,0,false,false,false,false,0
ENMORT004,none,,2026-08-09T09:14:17.000Z,21.37447596,-157.73706256,UAV 1,2,1:3001:2630,ENMORT004,1:1:71:10:1:0:1,0,false,false,false,false,0
ENMORT001,none,,2026-08-09T09:14:17.000Z,21.37443553,-157.73716992,UAV 1,2,1:3001:2789,ENMORT001,1:1:71:10:1:0:1,0,false,false,false,false,0
ENMORT002,none,,2026-08-09T09:14:17.000Z,21.37453609,-157.73721308,UAV 1,2,1:3001:2834,ENMORT002,1:1:71:10:1:0:1,0,false,false,false,false,0
ENMORT003,none,,2026-08-09T09:14:17.000Z,21.37463664,-157.73725624,UAV 1,2,1:3001:2865,ENMORT003,1:1:71:10:1:0:1,0,false,false,false,false,0
FRTRK2004,move to,LOC_남측제1방어선,2026-08-09T09:14:17.000Z,21.38725891,-157.74452773,UAV 1,1,1:3001:2576,FRTRK2004,1:1:225:7:12:8:0,0,false,false,false,false,0
FRT80007,none,,2026-08-09T09:14:17.000Z,21.38084254,-157.74641584,UAV 1,1,1:3001:2804,FRT80007,1:1:222:1:1:1:0,0,false,false,false,false,0
FRTRK2002,move to,LOC_남측제1방어선,2026-08-09T09:14:17.000Z,21.38725076,-157.74446359,UAV 1,1,1:3001:2827,FRTRK2002,1:1:225:7:12:8:0,0,false,false,false,false,0
FRT80008,none,,2026-08-09T09:14:17.000Z,21.38464318,-157.75021370,UAV 1,1,1:3001:2756,FRT80008,1:1:222:1:1:1:0,0,false,false,false,false,0
FRTRK1004,move to,LOC_남측제1방어선,2026-08-09T09:14:17.000Z,21.38742123,-157.74445132,UAV 1,1,1:3001:2898,FRTRK1004,1:1:225:7:12:0:0,0,false,false,false,false,0
FRTRK1002,move to,LOC_남측제1방어선,2026-08-09T09:14:17.000Z,21.38738099,-157.74446825,UAV 1,1,1:3001:2853,FRTRK1002,1:1:225:7:12:0:0,0,false,false,false,false,0
ENMORT005,none,,2026-08-09T09:14:18.000Z,21.37457651,-157.73710572,UAV 1,2,1:3001:2607,ENMORT005,1:1:71:10:1:0:1,0,false,false,false,false,0
ENMORT004,none,,2026-08-09T09:14:18.000Z,21.37447596,-157.73706256,UAV 1,2,1:3001:2630,ENMORT004,1:1:71:10:1:0:1,0,false,false,false,false,0
ENMORT001,none,,2026-08-09T09:14:18.000Z,21.37443553,-157.73716992,UAV 1,2,1:3001:2789,ENMORT001,1:1:71:10:1:0:1,0,false,false,false,false,0
ENMORT002,none,,2026-08-09T09:14:18.000Z,21.37453609,-157.73721308,UAV 1,2,1:3001:2834,ENMORT002,1:1:71:10:1:0:1,0,false,false,false,false,0
ENMORT003,none,,2026-08-09T09:14:18.000Z,21.37463664,-157.73725624,UAV 1,2,1:3001:2865,ENMORT003,1:1:71:10:1:0:1,0,false,false,false,false,0
FRTRK2004,move to,LOC_남측제1방어선,2026-08-09T09:14:18.000Z,21.38725891,-157.74452773,UAV 1,1,1:3001:2576,FRTRK2004,1:1:225:7:12:8:0,0,false,false,false,false,0
FRT80007,none,,2026-08-09T09:14:18.000Z,21.38084254,-157.74641584,UAV 1,1,1:3001:2804,FRT80007,1:1:222:1:1:1:0,0,false,false,false,false,0
FRTRK2002,move to,LOC_남측제1방어선,2026-08-09T09:14:18.000Z,21.38725076,-157.74446359,UAV 1,1,1:3001:2827,FRTRK2002,1:1:225:7:12:8:0,0,false,false,false,false,0
FRT80008,none,,2026-08-09T09:14:18.000Z,21.38464318,-157.75021370,UAV 1,1,1:3001:2756,FRT80008,1:1:222:1:1:1:0,0,false,false,false,false,0
FRTRK1004,move to,LOC_남측제1방어선,2026-08-09T09:14:18.000Z,21.38742123,-157.74445132,UAV 1,1,1:3001:2898,FRTRK1004,1:1:225:7:12:0:0,0,false,false,false,false,0
FRTRK1002,move to,LOC_남측제1방어선,2026-08-09T09:14:18.000Z,21.38738099,-157.74446825,UAV 1,1,1:3001:2853,FRTRK1002,1:1:225:7:12:0:0,0,false,false,false,false,0
ENMORT005,none,,2026-08-09T09:14:18.000Z,21.37457651,-157.73710572,UAV 1,2,1:3001:2607,ENMORT005,1:1:71:10:1:0:1,0,false,false,false,false,0
ENMORT004,none,,2026-08-09T09:14:18.000Z,21.37447596,-157.73706256,UAV 1,2,1:3001:2630,ENMORT004,1:1:71:10:1:0:1,0,false,false,false,false,0
ENMORT001,none,,2026-08-09T09:14:18.000Z,21.37443553,-157.73716992,UAV 1,2,1:3001:2789,ENMORT001,1:1:71:10:1:0:1,0,false,false,false,false,0
ENMORT002,none,,2026-08-09T09:14:18.000Z,21.37453609,-157.73721308,UAV 1,2,1:3001:2834,ENMORT002,1:1:71:10:1:0:1,0,false,false,false,false,0
ENMORT003,none,,2026-08-09T09:14:18.000Z,21.37463664,-157.73725624,UAV 1,2,1:3001:2865,ENMORT003,1:1:71:10:1:0:1,0,false,false,false,false,0
FRTRK2004,move to,LOC_남측제1방어선,2026-08-09T09:14:18.000Z,21.38725891,-157.74452773,UAV 1,1,1:3001:2576,FRTRK2004,1:1:225:7:12:8:0,0,false,false,false,false,0
FRT80007,none,,2026-08-09T09:14:18.000Z,21.38084254,-157.74641584,UAV 1,1,1:3001:2804,FRT80007,1:1:222:1:1:1:0,0,false,false,false,false,0
FRTRK2002,move to,LOC_남측제1방어선,2026-08-09T09:14:18.000Z,21.38725076,-157.74446359,UAV 1,1,1:3001:2827,FRTRK2002,1:1:225:7:12:8:0,0,false,false,false,false,0
FRT80008,none,,2026-08-09T09:14:18.000Z,21.38464318,-157.75021370,UAV 1,1,1:3001:2756,FRT80008,1:1:222:1:1:1:0,0,false,false,false,false,0
FRTRK1004,move to,LOC_남측제1방어선,2026-08-09T09:14:18.000Z,21.38742123,-157.74445132,UAV 1,1,1:3001:2898,FRTRK1004,1:1:225:7:12:0:0,0,false,false,false,false,0
FRTRK1002,move to,LOC_남측제1방어선,2026-08-09T09:14:18.000Z,21.38738099,-157.74446825,UAV 1,1,1:3001:2853,FRTRK1002,1:1:225:7:12:0:0,0,false,false,false,false,0
ENMORT005,none,,2026-08-09T09:14:19.000Z,21.37457651,-157.73710572,UAV 1,2,1:3001:2607,ENMORT005,1:1:71:10:1:0:1,0,false,false,false,false,0
ENMORT004,none,,2026-08-09T09:14:19.000Z,21.37447596,-157.73706256,UAV 1,2,1:3001:2630,ENMORT004,1:1:71:10:1:0:1,0,false,false,false,false,0
ENMORT001,none,,2026-08-09T09:14:19.000Z,21.37443553,-157.73716992,UAV 1,2,1:3001:2789,ENMORT001,1:1:71:10:1:0:1,0,false,false,false,false,0
ENMORT002,none,,2026-08-09T09:14:19.000Z,21.37453609,-157.73721308,UAV 1,2,1:3001:2834,ENMORT002,1:1:71:10:1:0:1,0,false,false,false,false,0
ENMORT003,none,,2026-08-09T09:14:19.000Z,21.37463664,-157.73725624,UAV 1,2,1:3001:2865,ENMORT003,1:1:71:10:1:0:1,0,false,false,false,false,0
FRTRK2004,move to,LOC_남측제1방어선,2026-08-09T09:14:19.000Z,21.38725827,-157.74452225,UAV 1,1,1:3001:2576,FRTRK2004,1:1:225:7:12:8:0,0,false,false,false,false,0
FRT80007,none,,2026-08-09T09:14:19.000Z,21.38084254,-157.74641584,UAV 1,1,1:3001:2804,FRT80007,1:1:222:1:1:1:0,0,false,false,false,false,0
FRT80008,none,,2026-08-09T09:14:19.000Z,21.38464318,-157.75021370,UAV 1,1,1:3001:2756,FRT80008,1:1:222:1:1:1:0,0,false,false,false,false,0
FRTRK1002,move to,LOC_남측제1방어선,2026-08-09T09:14:19.000Z,21.38737780,-157.74444543,UAV 1,1,1:3001:2853,FRTRK1002,1:1:225:7:12:0:0,0,false,false,false,false,0
ENM35003,move to,LOC_적북측접근로,2026-08-09T09:14:19.000Z,21.37136192,-157.74160599,UAV 1,2,1:3001:2894,ENM35003,1:1:225:7:1:6:0,0,false,false,false,false,0
ENMORT005,none,,2026-08-09T09:14:19.000Z,21.37457651,-157.73710572,UAV 1,2,1:3001:2607,ENMORT005,1:1:71:10:1:0:1,0,false,false,false,false,0
ENMORT004,none,,2026-08-09T09:14:19.000Z,21.37447596,-157.73706256,UAV 1,2,1:3001:2630,ENMORT004,1:1:71:10:1:0:1,0,false,false,false,false,0
ENMORT001,none,,2026-08-09T09:14:19.000Z,21.37443553,-157.73716992,UAV 1,2,1:3001:2789,ENMORT001,1:1:71:10:1:0:1,0,false,false,false,false,0
ENMORT002,none,,2026-08-09T09:14:19.000Z,21.37453609,-157.73721308,UAV 1,2,1:3001:2834,ENMORT002,1:1:71:10:1:0:1,0,false,false,false,false,0
ENMORT003,none,,2026-08-09T09:14:19.000Z,21.37463664,-157.73725624,UAV 1,2,1:3001:2865,ENMORT003,1:1:71:10:1:0:1,0,false,false,false,false,0
FRTRK2004,move to,LOC_남측제1방어선,2026-08-09T09:14:19.000Z,21.38725827,-157.74452225,UAV 1,1,1:3001:2576,FRTRK2004,1:1:225:7:12:8:0,0,false,false,false,false,0
FRT80007,none,,2026-08-09T09:14:19.000Z,21.38084254,-157.74641584,UAV 1,1,1:3001:2804,FRT80007,1:1:222:1:1:1:0,0,false,false,false,false,0
FRT80008,none,,2026-08-09T09:14:19.000Z,21.38464318,-157.75021370,UAV 1,1,1:3001:2756,FRT80008,1:1:222:1:1:1:0,0,false,false,false,false,0
FRTRK1002,move to,LOC_남측제1방어선,2026-08-09T09:14:19.000Z,21.38737780,-157.74444543,UAV 1,1,1:3001:2853,FRTRK1002,1:1:225:7:12:0:0,0,false,false,false,false,0
ENM35003,move to,LOC_적북측접근로,2026-08-09T09:14:19.000Z,21.37136192,-157.74160599,UAV 1,2,1:3001:2894,ENM35003,1:1:225:7:1:6:0,0,false,false,false,false,0
ENMORT005,none,,2026-08-09T09:14:20.000Z,21.37457651,-157.73710572,UAV 1,2,1:3001:2607,ENMORT005,1:1:71:10:1:0:1,0,false,false,false,false,0
ENMORT004,none,,2026-08-09T09:14:20.000Z,21.37447596,-157.73706256,UAV 1,2,1:3001:2630,ENMORT004,1:1:71:10:1:0:1,0,false,false,false,false,0
ENMORT001,none,,2026-08-09T09:14:20.000Z,21.37443553,-157.73716992,UAV 1,2,1:3001:2789,ENMORT001,1:1:71:10:1:0:1,0,false,false,false,false,0
ENMORT002,none,,2026-08-09T09:14:20.000Z,21.37453609,-157.73721308,UAV 1,2,1:3001:2834,ENMORT002,1:1:71:10:1:0:1,0,false,false,false,false,0
ENMORT003,none,,2026-08-09T09:14:20.000Z,21.37463664,-157.73725624,UAV 1,2,1:3001:2865,ENMORT003,1:1:71:10:1:0:1,0,false,false,false,false,0
FRTRK2004,move to,LOC_남측제1방어선,2026-08-09T09:14:20.000Z,21.38725827,-157.74452225,UAV 1,1,1:3001:2576,FRTRK2004,1:1:225:7:12:8:0,0,false,false,false,false,0
FRT80007,none,,2026-08-09T09:14:20.000Z,21.38084254,-157.74641584,UAV 1,1,1:3001:2804,FRT80007,1:1:222:1:1:1:0,0,false,false,false,false,0
FRT80008,none,,2026-08-09T09:14:20.000Z,21.38464318,-157.75021370,UAV 1,1,1:3001:2756,FRT80008,1:1:222:1:1:1:0,0,false,false,false,false,0
FRTRK1002,move to,LOC_남측제1방어선,2026-08-09T09:14:20.000Z,21.38737780,-157.74444543,UAV 1,1,1:3001:2853,FRTRK1002,1:1:225:7:12:0:0,0,false,false,false,false,0
ENM35003,move to,LOC_적북측접근로,2026-08-09T09:14:20.000Z,21.37136192,-157.74160599,UAV 1,2,1:3001:2894,ENM35003,1:1:225:7:1:6:0,0,false,false,false,false,0
ENMORT005,none,,2026-08-09T09:14:21.000Z,21.37457651,-157.73710572,UAV 1,2,1:3001:2607,ENMORT005,1:1:71:10:1:0:1,0,false,false,false,false,0
ENMORT004,none,,2026-08-09T09:14:21.000Z,21.37447596,-157.73706256,UAV 1,2,1:3001:2630,ENMORT004,1:1:71:10:1:0:1,0,false,false,false,false,0
ENMORT001,none,,2026-08-09T09:14:21.000Z,21.37443553,-157.73716992,UAV 1,2,1:3001:2789,ENMORT001,1:1:71:10:1:0:1,0,false,false,false,false,0
ENMORT002,none,,2026-08-09T09:14:21.000Z,21.37453609,-157.73721308,UAV 1,2,1:3001:2834,ENMORT002,1:1:71:10:1:0:1,0,false,false,false,false,0
ENMORT003,none,,2026-08-09T09:14:21.000Z,21.37463664,-157.73725624,UAV 1,2,1:3001:2865,ENMORT003,1:1:71:10:1:0:1,0,false,false,false,false,0
FRTRK2004,move to,LOC_남측제1방어선,2026-08-09T09:14:21.000Z,21.38725827,-157.74452225,UAV 1,1,1:3001:2576,FRTRK2004,1:1:225:7:12:8:0,0,false,false,false,false,0
FRT80007,none,,2026-08-09T09:14:21.000Z,21.38084254,-157.74641584,UAV 1,1,1:3001:2804,FRT80007,1:1:222:1:1:1:0,0,false,false,false,false,0
FRT80008,none,,2026-08-09T09:14:21.000Z,21.38464318,-157.75021370,UAV 1,1,1:3001:2756,FRT80008,1:1:222:1:1:1:0,0,false,false,false,false,0
FRTRK1002,move to,LOC_남측제1방어선,2026-08-09T09:14:21.000Z,21.38737780,-157.74444543,UAV 1,1,1:3001:2853,FRTRK1002,1:1:225:7:12:0:0,0,false,false,false,false,0
ENM35003,move to,LOC_적북측접근로,2026-08-09T09:14:21.000Z,21.37136192,-157.74160599,UAV 1,2,1:3001:2894,ENM35003,1:1:225:7:1:6:0,0,false,false,false,false,0
ENMORT005,none,,2026-08-09T09:14:21.000Z,21.37457651,-157.73710572,UAV 1,2,1:3001:2607,ENMORT005,1:1:71:10:1:0:1,0,false,false,false,false,0
ENMORT004,none,,2026-08-09T09:14:21.000Z,21.37447596,-157.73706256,UAV 1,2,1:3001:2630,ENMORT004,1:1:71:10:1:0:1,0,false,false,false,false,0
ENMORT001,none,,2026-08-09T09:14:21.000Z,21.37443553,-157.73716992,UAV 1,2,1:3001:2789,ENMORT001,1:1:71:10:1:0:1,0,false,false,false,false,0
ENMORT002,none,,2026-08-09T09:14:21.000Z,21.37453609,-157.73721308,UAV 1,2,1:3001:2834,ENMORT002,1:1:71:10:1:0:1,0,false,false,false,false,0
ENMORT003,none,,2026-08-09T09:14:21.000Z,21.37463664,-157.73725624,UAV 1,2,1:3001:2865,ENMORT003,1:1:71:10:1:0:1,0,false,false,false,false,0
FRTRK2004,move to,LOC_남측제1방어선,2026-08-09T09:14:21.000Z,21.38725796,-157.74451953,UAV 1,1,1:3001:2576,FRTRK2004,1:1:225:7:12:8:0,0,false,false,false,false,0
FRT80007,none,,2026-08-09T09:14:21.000Z,21.38084254,-157.74641584,UAV 1,1,1:3001:2804,FRT80007,1:1:222:1:1:1:0,0,false,false,false,false,0
FRT80008,none,,2026-08-09T09:14:21.000Z,21.38464318,-157.75021370,UAV 1,1,1:3001:2756,FRT80008,1:1:222:1:1:1:0,0,false,false,false,false,0
FRTRK1002,move to,LOC_남측제1방어선,2026-08-09T09:14:21.000Z,21.38737828,-157.74444884,UAV 1,1,1:3001:2853,FRTRK1002,1:1:225:7:12:0:0,0,false,false,false,false,0
ENM35003,move to,LOC_적북측접근로,2026-08-09T09:14:21.000Z,21.37135465,-157.74163668,UAV 1,2,1:3001:2894,ENM35003,1:1:225:7:1:6:0,0,false,false,false,false,0
ENM35004,move to,LOC_적북측접근로,2026-08-09T09:14:21.000Z,21.37136599,-157.74159529,UAV 1,2,1:3001:2650,ENM35004,1:1:225:7:1:6:0,0,false,false,false,false,0
ENMORT005,none,,2026-08-09T09:14:22.000Z,21.37457651,-157.73710572,UAV 1,2,1:3001:2607,ENMORT005,1:1:71:10:1:0:1,0,false,false,false,false,0
ENMORT004,none,,2026-08-09T09:14:22.000Z,21.37447596,-157.73706256,UAV 1,2,1:3001:2630,ENMORT004,1:1:71:10:1:0:1,0,false,false,false,false,0
ENMORT001,none,,2026-08-09T09:14:22.000Z,21.37443553,-157.73716992,UAV 1,2,1:3001:2789,ENMORT001,1:1:71:10:1:0:1,0,false,false,false,false,0
ENMORT002,none,,2026-08-09T09:14:22.000Z,21.37453609,-157.73721308,UAV 1,2,1:3001:2834,ENMORT002,1:1:71:10:1:0:1,0,false,false,false,false,0
ENMORT003,none,,2026-08-09T09:14:22.000Z,21.37463664,-157.73725624,UAV 1,2,1:3001:2865,ENMORT003,1:1:71:10:1:0:1,0,false,false,false,false,0
FRTRK2004,move to,LOC_남측제1방어선,2026-08-09T09:14:22.000Z,21.38725796,-157.74451953,UAV 1,1,1:3001:2576,FRTRK2004,1:1:225:7:12:8:0,0,false,false,false,false,0
FRT80007,none,,2026-08-09T09:14:22.000Z,21.38084254,-157.74641584,UAV 1,1,1:3001:2804,FRT80007,1:1:222:1:1:1:0,0,false,false,false,false,0
FRT80008,none,,2026-08-09T09:14:22.000Z,21.38464318,-157.75021370,UAV 1,1,1:3001:2756,FRT80008,1:1:222:1:1:1:0,0,false,false,false,false,0
FRTRK1002,move to,LOC_남측제1방어선,2026-08-09T09:14:22.000Z,21.38737828,-157.74444884,UAV 1,1,1:3001:2853,FRTRK1002,1:1:225:7:12:0:0,0,false,false,false,false,0
ENM35003,move to,LOC_적북측접근로,2026-08-09T09:14:22.000Z,21.37135465,-157.74163668,UAV 1,2,1:3001:2894,ENM35003,1:1:225:7:1:6:0,0,false,false,false,false,0
ENM35004,move to,LOC_적북측접근로,2026-08-09T09:14:22.000Z,21.37136599,-157.74159529,UAV 1,2,1:3001:2650,ENM35004,1:1:225:7:1:6:0,0,false,false,false,false,0
ENMORT005,none,,2026-08-09T09:14:22.000Z,21.37457651,-157.73710572,UAV 1,2,1:3001:2607,ENMORT005,1:1:71:10:1:0:1,0,false,false,false,false,0
ENMORT004,none,,2026-08-09T09:14:22.000Z,21.37447596,-157.73706256,UAV 1,2,1:3001:2630,ENMORT004,1:1:71:10:1:0:1,0,false,false,false,false,0
ENMORT001,none,,2026-08-09T09:14:22.000Z,21.37443553,-157.73716992,UAV 1,2,1:3001:2789,ENMORT001,1:1:71:10:1:0:1,0,false,false,false,false,0
ENMORT002,none,,2026-08-09T09:14:22.000Z,21.37453609,-157.73721308,UAV 1,2,1:3001:2834,ENMORT002,1:1:71:10:1:0:1,0,false,false,false,false,0
ENMORT003,none,,2026-08-09T09:14:22.000Z,21.37463664,-157.73725624,UAV 1,2,1:3001:2865,ENMORT003,1:1:71:10:1:0:1,0,false,false,false,false,0
FRTRK2004,move to,LOC_남측제1방어선,2026-08-09T09:14:22.000Z,21.38725796,-157.74451953,UAV 1,1,1:3001:2576,FRTRK2004,1:1:225:7:12:8:0,0,false,false,false,false,0
FRT80007,none,,2026-08-09T09:14:22.000Z,21.38084254,-157.74641584,UAV 1,1,1:3001:2804,FRT80007,1:1:222:1:1:1:0,0,false,false,false,false,0
FRT80008,none,,2026-08-09T09:14:22.000Z,21.38464318,-157.75021370,UAV 1,1,1:3001:2756,FRT80008,1:1:222:1:1:1:0,0,false,false,false,false,0
FRTRK1002,move to,LOC_남측제1방어선,2026-08-09T09:14:22.000Z,21.38737828,-157.74444884,UAV 1,1,1:3001:2853,FRTRK1002,1:1:225:7:12:0:0,0,false,false,false,false,0
ENM35003,move to,LOC_적북측접근로,2026-08-09T09:14:22.000Z,21.37135465,-157.74163668,UAV 1,2,1:3001:2894,ENM35003,1:1:225:7:1:6:0,0,false,false,false,false,0
ENM35004,move to,LOC_적북측접근로,2026-08-09T09:14:22.000Z,21.37136599,-157.74159529,UAV 1,2,1:3001:2650,ENM35004,1:1:225:7:1:6:0,0,false,false,false,false,0
ENMORT001,none,,2026-08-09T09:14:23.000Z,21.37443553,-157.73716992,UAV 1,2,1:3001:2789,ENMORT001,1:1:71:10:1:0:1,0,false,false,false,false,0
ENMORT002,none,,2026-08-09T09:14:23.000Z,21.37453609,-157.73721308,UAV 1,2,1:3001:2834,ENMORT002,1:1:71:10:1:0:1,0,false,false,false,false,0
ENMORT003,none,,2026-08-09T09:14:23.000Z,21.37463664,-157.73725624,UAV 1,2,1:3001:2865,ENMORT003,1:1:71:10:1:0:1,0,false,false,false,false,0
FRT80007,none,,2026-08-09T09:14:23.000Z,21.38084254,-157.74641584,UAV 1,1,1:3001:2804,FRT80007,1:1:222:1:1:1:0,0,false,false,false,false,0
FRT80008,none,,2026-08-09T09:14:23.000Z,21.38464318,-157.75021370,UAV 1,1,1:3001:2756,FRT80008,1:1:222:1:1:1:0,0,false,false,false,false,0
ENMORT001,none,,2026-08-09T09:14:23.000Z,21.37443553,-157.73716992,UAV 1,2,1:3001:2789,ENMORT001,1:1:71:10:1:0:1,0,false,false,false,false,0
ENMORT002,none,,2026-08-09T09:14:23.000Z,21.37453609,-157.73721308,UAV 1,2,1:3001:2834,ENMORT002,1:1:71:10:1:0:1,0,false,false,false,false,0
ENMORT003,none,,2026-08-09T09:14:23.000Z,21.37463664,-157.73725624,UAV 1,2,1:3001:2865,ENMORT003,1:1:71:10:1:0:1,0,false,false,false,false,0
FRT80007,none,,2026-08-09T09:14:23.000Z,21.38084254,-157.74641584,UAV 1,1,1:3001:2804,FRT80007,1:1:222:1:1:1:0,0,false,false,false,false,0
FRT80008,none,,2026-08-09T09:14:23.000Z,21.38464318,-157.75021370,UAV 1,1,1:3001:2756,FRT80008,1:1:222:1:1:1:0,0,false,false,false,false,0
ENMORT001,none,,2026-08-09T09:14:24.000Z,21.37443553,-157.73716992,UAV 1,2,1:3001:2789,ENMORT001,1:1:71:10:1:0:1,0,false,false,false,false,0
ENMORT002,none,,2026-08-09T09:14:24.000Z,21.37453609,-157.73721308,UAV 1,2,1:3001:2834,ENMORT002,1:1:71:10:1:0:1,0,false,false,false,false,0
ENMORT003,none,,2026-08-09T09:14:24.000Z,21.37463664,-157.73725624,UAV 1,2,1:3001:2865,ENMORT003,1:1:71:10:1:0:1,0,false,false,false,false,0
FRT80007,none,,2026-08-09T09:14:24.000Z,21.38084254,-157.74641584,UAV 1,1,1:3001:2804,FRT80007,1:1:222:1:1:1:0,0,false,false,false,false,0
FRT80008,none,,2026-08-09T09:14:24.000Z,21.38464318,-157.75021370,UAV 1,1,1:3001:2756,FRT80008,1:1:222:1:1:1:0,0,false,false,false,false,0
ENMORT001,none,,2026-08-09T09:14:25.000Z,21.37443553,-157.73716992,UAV 1,2,1:3001:2789,ENMORT001,1:1:71:10:1:0:1,0,false,false,false,false,0
ENMORT002,none,,2026-08-09T09:14:25.000Z,21.37453609,-157.73721308,UAV 1,2,1:3001:2834,ENMORT002,1:1:71:10:1:0:1,0,false,false,false,false,0
ENMORT003,none,,2026-08-09T09:14:25.000Z,21.37463664,-157.73725624,UAV 1,2,1:3001:2865,ENMORT003,1:1:71:10:1:0:1,0,false,false,false,false,0
FRT80007,none,,2026-08-09T09:14:25.000Z,21.38084254,-157.74641584,UAV 1,1,1:3001:2804,FRT80007,1:1:222:1:1:1:0,0,false,false,false,false,0
FRT80008,none,,2026-08-09T09:14:25.000Z,21.38464318,-157.75021370,UAV 1,1,1:3001:2756,FRT80008,1:1:222:1:1:1:0,0,false,false,false,false,0
ENMORT001,none,,2026-08-09T09:14:25.000Z,21.37443553,-157.73716992,UAV 1,2,1:3001:2789,ENMORT001,1:1:71:10:1:0:1,0,false,false,false,false,0
FRT80007,none,,2026-08-09T09:14:25.000Z,21.38084254,-157.74641584,UAV 1,1,1:3001:2804,FRT80007,1:1:222:1:1:1:0,0,false,false,false,false,0
FRT80008,none,,2026-08-09T09:14:25.000Z,21.38464318,-157.75021370,UAV 1,1,1:3001:2756,FRT80008,1:1:222:1:1:1:0,0,false,false,false,false,0
ENMORT001,none,,2026-08-09T09:14:26.000Z,21.37443553,-157.73716992,UAV 1,2,1:3001:2789,ENMORT001,1:1:71:10:1:0:1,0,false,false,false,false,0
FRT80007,none,,2026-08-09T09:14:26.000Z,21.38084254,-157.74641584,UAV 1,1,1:3001:2804,FRT80007,1:1:222:1:1:1:0,0,false,false,false,false,0
FRT80008,none,,2026-08-09T09:14:26.000Z,21.38464318,-157.75021370,UAV 1,1,1:3001:2756,FRT80008,1:1:222:1:1:1:0,0,false,false,false,false,0
ENMORT001,none,,2026-08-09T09:14:26.000Z,21.37443553,-157.73716992,UAV 1,2,1:3001:2789,ENMORT001,1:1:71:10:1:0:1,0,false,false,false,false,0
FRT80007,none,,2026-08-09T09:14:26.000Z,21.38084254,-157.74641584,UAV 1,1,1:3001:2804,FRT80007,1:1:222:1:1:1:0,0,false,false,false,false,0
FRT80008,none,,2026-08-09T09:14:26.000Z,21.38464318,-157.75021370,UAV 1,1,1:3001:2756,FRT80008,1:1:222:1:1:1:0,0,false,false,false,false,0
ENMORT001,none,,2026-08-09T09:14:27.000Z,21.37443553,-157.73716992,UAV 1,2,1:3001:2789,ENMORT001,1:1:71:10:1:0:1,0,false,false,false,false,0
FRT80007,none,,2026-08-09T09:14:27.000Z,21.38084254,-157.74641584,UAV 1,1,1:3001:2804,FRT80007,1:1:222:1:1:1:0,0,false,false,false,false,0
FRT80008,none,,2026-08-09T09:14:27.000Z,21.38464318,-157.75021370,UAV 1,1,1:3001:2756,FRT80008,1:1:222:1:1:1:0,0,false,false,false,false,0
FRT80007,none,,2026-08-09T09:14:27.000Z,21.38084254,-157.74641584,UAV 1,1,1:3001:2804,FRT80007,1:1:222:1:1:1:0,0,false,false,false,false,0
FRT80008,none,,2026-08-09T09:14:27.000Z,21.38464318,-157.75021370,UAV 1,1,1:3001:2756,FRT80008,1:1:222:1:1:1:0,0,false,false,false,false,0
ENM35002,move to,LOC_적북측접근로,2026-08-09T09:14:27.000Z,21.37137288,-157.74156754,UAV 1,2,1:3001:2740,ENM35002,1:1:225:7:1:6:0,0,false,false,false,false,0
FRT80007,none,,2026-08-09T09:14:28.000Z,21.38084254,-157.74641584,UAV 1,1,1:3001:2804,FRT80007,1:1:222:1:1:1:0,0,false,false,false,false,0
FRT80008,none,,2026-08-09T09:14:28.000Z,21.38464318,-157.75021370,UAV 1,1,1:3001:2756,FRT80008,1:1:222:1:1:1:0,0,false,false,false,false,0
ENM35002,move to,LOC_적북측접근로,2026-08-09T09:14:28.000Z,21.37137288,-157.74156754,UAV 1,2,1:3001:2740,ENM35002,1:1:225:7:1:6:0,0,false,false,false,false,0
FRT80007,none,,2026-08-09T09:14:28.000Z,21.38084254,-157.74641584,UAV 1,1,1:3001:2804,FRT80007,1:1:222:1:1:1:0,0,false,false,false,false,0
FRT80008,none,,2026-08-09T09:14:28.000Z,21.38464318,-157.75021370,UAV 1,1,1:3001:2756,FRT80008,1:1:222:1:1:1:0,0,false,false,false,false,0
ENM35002,move to,LOC_적북측접근로,2026-08-09T09:14:28.000Z,21.37137288,-157.74156754,UAV 1,2,1:3001:2740,ENM35002,1:1:225:7:1:6:0,0,false,false,false,false,0
FRT80007,none,,2026-08-09T09:14:29.000Z,21.38084254,-157.74641584,UAV 1,1,1:3001:2804,FRT80007,1:1:222:1:1:1:0,0,false,false,false,false,0
FRT80008,none,,2026-08-09T09:14:29.000Z,21.38464318,-157.75021370,UAV 1,1,1:3001:2756,FRT80008,1:1:222:1:1:1:0,0,false,false,false,false,0
ENM35002,move to,LOC_적북측접근로,2026-08-09T09:14:29.000Z,21.37137288,-157.74156754,UAV 1,2,1:3001:2740,ENM35002,1:1:225:7:1:6:0,0,false,false,false,false,0
FRT80007,none,,2026-08-09T09:14:29.000Z,21.38084254,-157.74641584,UAV 1,1,1:3001:2804,FRT80007,1:1:222:1:1:1:0,0,false,false,false,false,0
FRT80008,none,,2026-08-09T09:14:29.000Z,21.38464318,-157.75021370,UAV 1,1,1:3001:2756,FRT80008,1:1:222:1:1:1:0,0,false,false,false,false,0
FRT80007,none,,2026-08-09T09:14:30.000Z,21.38084254,-157.74641584,UAV 1,1,1:3001:2804,FRT80007,1:1:222:1:1:1:0,0,false,false,false,false,0
FRT80008,none,,2026-08-09T09:14:30.000Z,21.38464318,-157.75021370,UAV 1,1,1:3001:2756,FRT80008,1:1:222:1:1:1:0,0,false,false,false,false,0
FRT80007,none,,2026-08-09T09:14:30.000Z,21.38084254,-157.74641584,UAV 1,1,1:3001:2804,FRT80007,1:1:222:1:1:1:0,0,false,false,false,false,0
FRT80008,none,,2026-08-09T09:14:30.000Z,21.38464318,-157.75021370,UAV 1,1,1:3001:2756,FRT80008,1:1:222:1:1:1:0,0,false,false,false,false,0
FRT80007,none,,2026-08-09T09:14:31.000Z,21.38084254,-157.74641584,UAV 1,1,1:3001:2804,FRT80007,1:1:222:1:1:1:0,0,false,false,false,false,0
FRT80008,none,,2026-08-09T09:14:31.000Z,21.38464318,-157.75021370,UAV 1,1,1:3001:2756,FRT80008,1:1:222:1:1:1:0,0,false,false,false,false,0
ENMORT001,none,,2026-08-09T09:14:31.000Z,21.37443553,-157.73716992,UAV 1,2,1:3001:2789,ENMORT001,1:1:71:10:1:0:1,0,false,false,false,false,0
FRT80007,none,,2026-08-09T09:14:32.000Z,21.38084254,-157.74641584,UAV 1,1,1:3001:2804,FRT80007,1:1:222:1:1:1:0,0,false,false,false,false,0
FRT80008,none,,2026-08-09T09:14:32.000Z,21.38464318,-157.75021370,UAV 1,1,1:3001:2756,FRT80008,1:1:222:1:1:1:0,0,false,false,false,false,0
ENMORT001,none,,2026-08-09T09:14:32.000Z,21.37443553,-157.73716992,UAV 1,2,1:3001:2789,ENMORT001,1:1:71:10:1:0:1,0,false,false,false,false,0
FRT80007,none,,2026-08-09T09:14:32.000Z,21.38084254,-157.74641584,UAV 1,1,1:3001:2804,FRT80007,1:1:222:1:1:1:0,0,false,false,false,false,0
FRT80008,none,,2026-08-09T09:14:32.000Z,21.38464318,-157.75021370,UAV 1,1,1:3001:2756,FRT80008,1:1:222:1:1:1:0,0,false,false,false,false,0
ENMORT001,none,,2026-08-09T09:14:32.000Z,21.37443553,-157.73716992,UAV 1,2,1:3001:2789,ENMORT001,1:1:71:10:1:0:1,0,false,false,false,false,0
FRT80007,none,,2026-08-09T09:14:33.000Z,21.38084254,-157.74641584,UAV 1,1,1:3001:2804,FRT80007,1:1:222:1:1:1:0,0,false,false,false,false,0
FRT80008,none,,2026-08-09T09:14:33.000Z,21.38464318,-157.75021370,UAV 1,1,1:3001:2756,FRT80008,1:1:222:1:1:1:0,0,false,false,false,false,0
ENMORT001,none,,2026-08-09T09:14:33.000Z,21.37443553,-157.73716992,UAV 1,2,1:3001:2789,ENMORT001,1:1:71:10:1:0:1,0,false,false,false,false,0
FRT80007,none,,2026-08-09T09:14:33.000Z,21.38084254,-157.74641584,UAV 1,1,1:3001:2804,FRT80007,1:1:222:1:1:1:0,0,false,false,false,false,0
FRT80008,none,,2026-08-09T09:14:33.000Z,21.38464318,-157.75021370,UAV 1,1,1:3001:2756,FRT80008,1:1:222:1:1:1:0,0,false,false,false,false,0
ENMORT001,none,,2026-08-09T09:14:33.000Z,21.37443553,-157.73716992,UAV 1,2,1:3001:2789,ENMORT001,1:1:71:10:1:0:1,0,false,false,false,false,0
ENMORT002,none,,2026-08-09T09:14:33.000Z,21.37453609,-157.73721308,UAV 1,2,1:3001:2834,ENMORT002,1:1:71:10:1:0:1,0,false,false,false,false,0
FRT80007,none,,2026-08-09T09:14:34.000Z,21.38084254,-157.74641584,UAV 1,1,1:3001:2804,FRT80007,1:1:222:1:1:1:0,0,false,false,false,false,0
FRT80008,none,,2026-08-09T09:14:34.000Z,21.38464318,-157.75021370,UAV 1,1,1:3001:2756,FRT80008,1:1:222:1:1:1:0,0,false,false,false,false,0
ENMORT001,none,,2026-08-09T09:14:34.000Z,21.37443553,-157.73716992,UAV 1,2,1:3001:2789,ENMORT001,1:1:71:10:1:0:1,0,false,false,false,false,0
ENMORT002,none,,2026-08-09T09:14:34.000Z,21.37453609,-157.73721308,UAV 1,2,1:3001:2834,ENMORT002,1:1:71:10:1:0:1,0,false,false,false,false,0
FRT80007,none,,2026-08-09T09:14:34.000Z,21.38084254,-157.74641584,UAV 1,1,1:3001:2804,FRT80007,1:1:222:1:1:1:0,0,false,false,false,false,0
FRT80008,none,,2026-08-09T09:14:34.000Z,21.38464318,-157.75021370,UAV 1,1,1:3001:2756,FRT80008,1:1:222:1:1:1:0,0,false,false,false,false,0
ENMORT001,none,,2026-08-09T09:14:34.000Z,21.37443553,-157.73716992,UAV 1,2,1:3001:2789,ENMORT001,1:1:71:10:1:0:1,0,false,false,false,false,0
ENMORT002,none,,2026-08-09T09:14:34.000Z,21.37453609,-157.73721308,UAV 1,2,1:3001:2834,ENMORT002,1:1:71:10:1:0:1,0,false,false,false,false,0
FRT80007,none,,2026-08-09T09:14:35.000Z,21.38084254,-157.74641584,UAV 1,1,1:3001:2804,FRT80007,1:1:222:1:1:1:0,0,false,false,false,false,0
FRT80008,none,,2026-08-09T09:14:35.000Z,21.38464318,-157.75021370,UAV 1,1,1:3001:2756,FRT80008,1:1:222:1:1:1:0,0,false,false,false,false,0
ENMORT001,none,,2026-08-09T09:14:35.000Z,21.37443553,-157.73716992,UAV 1,2,1:3001:2789,ENMORT001,1:1:71:10:1:0:1,0,false,false,false,false,0
ENMORT002,none,,2026-08-09T09:14:35.000Z,21.37453609,-157.73721308,UAV 1,2,1:3001:2834,ENMORT002,1:1:71:10:1:0:1,0,false,false,false,false,0
FRT80007,none,,2026-08-09T09:14:35.000Z,21.38084254,-157.74641584,UAV 1,1,1:3001:2804,FRT80007,1:1:222:1:1:1:0,0,false,false,false,false,0
ENMORT001,none,,2026-08-09T09:14:35.000Z,21.37443553,-157.73716992,UAV 1,2,1:3001:2789,ENMORT001,1:1:71:10:1:0:1,0,false,false,false,false,0
ENMORT002,none,,2026-08-09T09:14:35.000Z,21.37453609,-157.73721308,UAV 1,2,1:3001:2834,ENMORT002,1:1:71:10:1:0:1,0,false,false,false,false,0
ENMORT005,none,,2026-08-09T09:14:35.000Z,21.37457651,-157.73710572,UAV 1,2,1:3001:2607,ENMORT005,1:1:71:10:1:0:1,0,false,false,false,false,0
ENMORT004,none,,2026-08-09T09:14:35.000Z,21.37447596,-157.73706256,UAV 1,2,1:3001:2630,ENMORT004,1:1:71:10:1:0:1,0,false,false,false,false,0
ENMORT003,none,,2026-08-09T09:14:35.000Z,21.37463664,-157.73725624,UAV 1,2,1:3001:2865,ENMORT003,1:1:71:10:1:0:1,0,false,false,false,false,0
FRT80007,none,,2026-08-09T09:14:36.000Z,21.38084254,-157.74641584,UAV 1,1,1:3001:2804,FRT80007,1:1:222:1:1:1:0,0,false,false,false,false,0
ENMORT001,none,,2026-08-09T09:14:36.000Z,21.37443553,-157.73716992,UAV 1,2,1:3001:2789,ENMORT001,1:1:71:10:1:0:1,0,false,false,false,false,0
ENMORT002,none,,2026-08-09T09:14:36.000Z,21.37453609,-157.73721308,UAV 1,2,1:3001:2834,ENMORT002,1:1:71:10:1:0:1,0,false,false,false,false,0
ENMORT005,none,,2026-08-09T09:14:36.000Z,21.37457651,-157.73710572,UAV 1,2,1:3001:2607,ENMORT005,1:1:71:10:1:0:1,0,false,false,false,false,0
ENMORT004,none,,2026-08-09T09:14:36.000Z,21.37447596,-157.73706256,UAV 1,2,1:3001:2630,ENMORT004,1:1:71:10:1:0:1,0,false,false,false,false,0
ENMORT003,none,,2026-08-09T09:14:36.000Z,21.37463664,-157.73725624,UAV 1,2,1:3001:2865,ENMORT003,1:1:71:10:1:0:1,0,false,false,false,false,0
FRT80007,none,,2026-08-09T09:14:36.000Z,21.38084254,-157.74641584,UAV 1,1,1:3001:2804,FRT80007,1:1:222:1:1:1:0,0,false,false,false,false,0
ENMORT001,none,,2026-08-09T09:14:36.000Z,21.37443553,-157.73716992,UAV 1,2,1:3001:2789,ENMORT001,1:1:71:10:1:0:1,0,false,false,false,false,0
ENMORT002,none,,2026-08-09T09:14:36.000Z,21.37453609,-157.73721308,UAV 1,2,1:3001:2834,ENMORT002,1:1:71:10:1:0:1,0,false,false,false,false,0
ENMORT005,none,,2026-08-09T09:14:36.000Z,21.37457651,-157.73710572,UAV 1,2,1:3001:2607,ENMORT005,1:1:71:10:1:0:1,0,false,false,false,false,0
ENMORT004,none,,2026-08-09T09:14:36.000Z,21.37447596,-157.73706256,UAV 1,2,1:3001:2630,ENMORT004,1:1:71:10:1:0:1,0,false,false,false,false,0
ENMORT003,none,,2026-08-09T09:14:36.000Z,21.37463664,-157.73725624,UAV 1,2,1:3001:2865,ENMORT003,1:1:71:10:1:0:1,0,false,false,false,false,0
FRT80007,none,,2026-08-09T09:14:37.000Z,21.38084254,-157.74641584,UAV 1,1,1:3001:2804,FRT80007,1:1:222:1:1:1:0,0,false,false,false,false,0
ENMORT001,none,,2026-08-09T09:14:37.000Z,21.37443553,-157.73716992,UAV 1,2,1:3001:2789,ENMORT001,1:1:71:10:1:0:1,0,false,false,false,false,0
ENMORT002,none,,2026-08-09T09:14:37.000Z,21.37453609,-157.73721308,UAV 1,2,1:3001:2834,ENMORT002,1:1:71:10:1:0:1,0,false,false,false,false,0
ENMORT005,none,,2026-08-09T09:14:37.000Z,21.37457651,-157.73710572,UAV 1,2,1:3001:2607,ENMORT005,1:1:71:10:1:0:1,0,false,false,false,false,0
ENMORT004,none,,2026-08-09T09:14:37.000Z,21.37447596,-157.73706256,UAV 1,2,1:3001:2630,ENMORT004,1:1:71:10:1:0:1,0,false,false,false,false,0
ENMORT003,none,,2026-08-09T09:14:37.000Z,21.37463664,-157.73725624,UAV 1,2,1:3001:2865,ENMORT003,1:1:71:10:1:0:1,0,false,false,false,false,0
ENMORT001,none,,2026-08-09T09:14:37.000Z,21.37443553,-157.73716992,UAV 1,2,1:3001:2789,ENMORT001,1:1:71:10:1:0:1,0,false,false,false,false,0
ENMORT002,none,,2026-08-09T09:14:37.000Z,21.37453609,-157.73721308,UAV 1,2,1:3001:2834,ENMORT002,1:1:71:10:1:0:1,0,false,false,false,false,0
ENMORT005,none,,2026-08-09T09:14:37.000Z,21.37457651,-157.73710572,UAV 1,2,1:3001:2607,ENMORT005,1:1:71:10:1:0:1,0,false,false,false,false,0
ENMORT004,none,,2026-08-09T09:14:37.000Z,21.37447596,-157.73706256,UAV 1,2,1:3001:2630,ENMORT004,1:1:71:10:1:0:1,0,false,false,false,false,0
ENMORT003,none,,2026-08-09T09:14:37.000Z,21.37463664,-157.73725624,UAV 1,2,1:3001:2865,ENMORT003,1:1:71:10:1:0:1,0,false,false,false,false,0
ENMORT001,none,,2026-08-09T09:14:38.000Z,21.37443553,-157.73716992,UAV 1,2,1:3001:2789,ENMORT001,1:1:71:10:1:0:1,0,false,false,false,false,0
ENMORT002,none,,2026-08-09T09:14:38.000Z,21.37453609,-157.73721308,UAV 1,2,1:3001:2834,ENMORT002,1:1:71:10:1:0:1,0,false,false,false,false,0
ENMORT005,none,,2026-08-09T09:14:38.000Z,21.37457651,-157.73710572,UAV 1,2,1:3001:2607,ENMORT005,1:1:71:10:1:0:1,0,false,false,false,false,0
ENMORT004,none,,2026-08-09T09:14:38.000Z,21.37447596,-157.73706256,UAV 1,2,1:3001:2630,ENMORT004,1:1:71:10:1:0:1,0,false,false,false,false,0
ENMORT003,none,,2026-08-09T09:14:38.000Z,21.37463664,-157.73725624,UAV 1,2,1:3001:2865,ENMORT003,1:1:71:10:1:0:1,0,false,false,false,false,0
ENMORT001,none,,2026-08-09T09:14:38.000Z,21.37443553,-157.73716992,UAV 1,2,1:3001:2789,ENMORT001,1:1:71:10:1:0:1,0,false,false,false,false,0
ENMORT002,none,,2026-08-09T09:14:38.000Z,21.37453609,-157.73721308,UAV 1,2,1:3001:2834,ENMORT002,1:1:71:10:1:0:1,0,false,false,false,false,0
ENMORT005,none,,2026-08-09T09:14:38.000Z,21.37457651,-157.73710572,UAV 1,2,1:3001:2607,ENMORT005,1:1:71:10:1:0:1,0,false,false,false,false,0
ENMORT004,none,,2026-08-09T09:14:38.000Z,21.37447596,-157.73706256,UAV 1,2,1:3001:2630,ENMORT004,1:1:71:10:1:0:1,0,false,false,false,false,0
ENMORT003,none,,2026-08-09T09:14:38.000Z,21.37463664,-157.73725624,UAV 1,2,1:3001:2865,ENMORT003,1:1:71:10:1:0:1,0,false,false,false,false,0
ENMORT001,none,,2026-08-09T09:14:39.000Z,21.37443553,-157.73716992,UAV 1,2,1:3001:2789,ENMORT001,1:1:71:10:1:0:1,0,false,false,false,false,0
ENMORT002,none,,2026-08-09T09:14:39.000Z,21.37453609,-157.73721308,UAV 1,2,1:3001:2834,ENMORT002,1:1:71:10:1:0:1,0,false,false,false,false,0
ENMORT005,none,,2026-08-09T09:14:39.000Z,21.37457651,-157.73710572,UAV 1,2,1:3001:2607,ENMORT005,1:1:71:10:1:0:1,0,false,false,false,false,0
ENMORT004,none,,2026-08-09T09:14:39.000Z,21.37447596,-157.73706256,UAV 1,2,1:3001:2630,ENMORT004,1:1:71:10:1:0:1,0,false,false,false,false,0
ENMORT003,none,,2026-08-09T09:14:39.000Z,21.37463664,-157.73725624,UAV 1,2,1:3001:2865,ENMORT003,1:1:71:10:1:0:1,0,false,false,false,false,0
ENMORT001,none,,2026-08-09T09:14:39.000Z,21.37443553,-157.73716992,UAV 1,2,1:3001:2789,ENMORT001,1:1:71:10:1:0:1,0,false,false,false,false,0
ENMORT002,none,,2026-08-09T09:14:39.000Z,21.37453609,-157.73721308,UAV 1,2,1:3001:2834,ENMORT002,1:1:71:10:1:0:1,0,false,false,false,false,0
ENMORT005,none,,2026-08-09T09:14:39.000Z,21.37457651,-157.73710572,UAV 1,2,1:3001:2607,ENMORT005,1:1:71:10:1:0:1,0,false,false,false,false,0
ENMORT004,none,,2026-08-09T09:14:39.000Z,21.37447596,-157.73706256,UAV 1,2,1:3001:2630,ENMORT004,1:1:71:10:1:0:1,0,false,false,false,false,0
ENMORT003,none,,2026-08-09T09:14:39.000Z,21.37463664,-157.73725624,UAV 1,2,1:3001:2865,ENMORT003,1:1:71:10:1:0:1,0,false,false,false,false,0
ENMORT001,none,,2026-08-09T09:14:40.000Z,21.37443553,-157.73716992,UAV 1,2,1:3001:2789,ENMORT001,1:1:71:10:1:0:1,0,false,false,false,false,0
ENMORT002,none,,2026-08-09T09:14:40.000Z,21.37453609,-157.73721308,UAV 1,2,1:3001:2834,ENMORT002,1:1:71:10:1:0:1,0,false,false,false,false,0
ENMORT005,none,,2026-08-09T09:14:40.000Z,21.37457651,-157.73710572,UAV 1,2,1:3001:2607,ENMORT005,1:1:71:10:1:0:1,0,false,false,false,false,0
ENMORT004,none,,2026-08-09T09:14:40.000Z,21.37447596,-157.73706256,UAV 1,2,1:3001:2630,ENMORT004,1:1:71:10:1:0:1,0,false,false,false,false,0
ENMORT003,none,,2026-08-09T09:14:40.000Z,21.37463664,-157.73725624,UAV 1,2,1:3001:2865,ENMORT003,1:1:71:10:1:0:1,0,false,false,false,false,0
ENMORT001,none,,2026-08-09T09:14:40.000Z,21.37443553,-157.73716992,UAV 1,2,1:3001:2789,ENMORT001,1:1:71:10:1:0:1,0,false,false,false,false,0
ENMORT002,none,,2026-08-09T09:14:40.000Z,21.37453609,-157.73721308,UAV 1,2,1:3001:2834,ENMORT002,1:1:71:10:1:0:1,0,false,false,false,false,0
ENMORT005,none,,2026-08-09T09:14:40.000Z,21.37457651,-157.73710572,UAV 1,2,1:3001:2607,ENMORT005,1:1:71:10:1:0:1,0,false,false,false,false,0
ENMORT004,none,,2026-08-09T09:14:40.000Z,21.37447596,-157.73706256,UAV 1,2,1:3001:2630,ENMORT004,1:1:71:10:1:0:1,0,false,false,false,false,0
ENMORT003,none,,2026-08-09T09:14:40.000Z,21.37463664,-157.73725624,UAV 1,2,1:3001:2865,ENMORT003,1:1:71:10:1:0:1,0,false,false,false,false,0
ENMORT001,none,,2026-08-09T09:14:41.000Z,21.37443553,-157.73716992,UAV 1,2,1:3001:2789,ENMORT001,1:1:71:10:1:0:1,0,false,false,false,false,0
ENMORT002,none,,2026-08-09T09:14:41.000Z,21.37453609,-157.73721308,UAV 1,2,1:3001:2834,ENMORT002,1:1:71:10:1:0:1,0,false,false,false,false,0
ENMORT005,none,,2026-08-09T09:14:41.000Z,21.37457651,-157.73710572,UAV 1,2,1:3001:2607,ENMORT005,1:1:71:10:1:0:1,0,false,false,false,false,0
ENMORT004,none,,2026-08-09T09:14:41.000Z,21.37447596,-157.73706256,UAV 1,2,1:3001:2630,ENMORT004,1:1:71:10:1:0:1,0,false,false,false,false,0
ENMORT003,none,,2026-08-09T09:14:41.000Z,21.37463664,-157.73725624,UAV 1,2,1:3001:2865,ENMORT003,1:1:71:10:1:0:1,0,false,false,false,false,0
ENMORT001,none,,2026-08-09T09:14:42.000Z,21.37443553,-157.73716992,UAV 1,2,1:3001:2789,ENMORT001,1:1:71:10:1:0:1,0,false,false,false,false,0
ENMORT002,none,,2026-08-09T09:14:42.000Z,21.37453609,-157.73721308,UAV 1,2,1:3001:2834,ENMORT002,1:1:71:10:1:0:1,0,false,false,false,false,0
ENMORT005,none,,2026-08-09T09:14:42.000Z,21.37457651,-157.73710572,UAV 1,2,1:3001:2607,ENMORT005,1:1:71:10:1:0:1,0,false,false,false,false,0
ENMORT004,none,,2026-08-09T09:14:42.000Z,21.37447596,-157.73706256,UAV 1,2,1:3001:2630,ENMORT004,1:1:71:10:1:0:1,0,false,false,false,false,0
ENMORT003,none,,2026-08-09T09:14:42.000Z,21.37463664,-157.73725624,UAV 1,2,1:3001:2865,ENMORT003,1:1:71:10:1:0:1,0,false,false,false,false,0
ENMORT001,none,,2026-08-09T09:14:42.000Z,21.37443553,-157.73716992,UAV 1,2,1:3001:2789,ENMORT001,1:1:71:10:1:0:1,0,false,false,false,false,0
ENMORT002,none,,2026-08-09T09:14:42.000Z,21.37453609,-157.73721308,UAV 1,2,1:3001:2834,ENMORT002,1:1:71:10:1:0:1,0,false,false,false,false,0
ENMORT005,none,,2026-08-09T09:14:42.000Z,21.37457651,-157.73710572,UAV 1,2,1:3001:2607,ENMORT005,1:1:71:10:1:0:1,0,false,false,false,false,0
ENMORT004,none,,2026-08-09T09:14:42.000Z,21.37447596,-157.73706256,UAV 1,2,1:3001:2630,ENMORT004,1:1:71:10:1:0:1,0,false,false,false,false,0
ENMORT003,none,,2026-08-09T09:14:42.000Z,21.37463664,-157.73725624,UAV 1,2,1:3001:2865,ENMORT003,1:1:71:10:1:0:1,0,false,false,false,false,0
ENMORT001,none,,2026-08-09T09:14:43.000Z,21.37443553,-157.73716992,UAV 1,2,1:3001:2789,ENMORT001,1:1:71:10:1:0:1,0,false,false,false,false,0
ENMORT002,none,,2026-08-09T09:14:43.000Z,21.37453609,-157.73721308,UAV 1,2,1:3001:2834,ENMORT002,1:1:71:10:1:0:1,0,false,false,false,false,0
ENMORT005,none,,2026-08-09T09:14:43.000Z,21.37457651,-157.73710572,UAV 1,2,1:3001:2607,ENMORT005,1:1:71:10:1:0:1,0,false,false,false,false,0
ENMORT004,none,,2026-08-09T09:14:43.000Z,21.37447596,-157.73706256,UAV 1,2,1:3001:2630,ENMORT004,1:1:71:10:1:0:1,0,false,false,false,false,0
ENMORT003,none,,2026-08-09T09:14:43.000Z,21.37463664,-157.73725624,UAV 1,2,1:3001:2865,ENMORT003,1:1:71:10:1:0:1,0,false,false,false,false,0
ENMORT001,none,,2026-08-09T09:14:43.000Z,21.37443553,-157.73716992,UAV 1,2,1:3001:2789,ENMORT001,1:1:71:10:1:0:1,0,false,false,false,false,0
ENMORT002,none,,2026-08-09T09:14:43.000Z,21.37453609,-157.73721308,UAV 1,2,1:3001:2834,ENMORT002,1:1:71:10:1:0:1,0,false,false,false,false,0
ENMORT005,none,,2026-08-09T09:14:43.000Z,21.37457651,-157.73710572,UAV 1,2,1:3001:2607,ENMORT005,1:1:71:10:1:0:1,0,false,false,false,false,0
ENMORT004,none,,2026-08-09T09:14:43.000Z,21.37447596,-157.73706256,UAV 1,2,1:3001:2630,ENMORT004,1:1:71:10:1:0:1,0,false,false,false,false,0
ENMORT003,none,,2026-08-09T09:14:43.000Z,21.37463664,-157.73725624,UAV 1,2,1:3001:2865,ENMORT003,1:1:71:10:1:0:1,0,false,false,false,false,0
ENM35004,move to,LOC_적북측접근로,2026-08-09T09:14:43.000Z,21.37136316,-157.74160675,UAV 1,2,1:3001:2650,ENM35004,1:1:225:7:1:6:0,0,false,false,false,false,0
ENMORT001,none,,2026-08-09T09:14:44.000Z,21.37443553,-157.73716992,UAV 1,2,1:3001:2789,ENMORT001,1:1:71:10:1:0:1,0,false,false,false,false,0
ENMORT002,none,,2026-08-09T09:14:44.000Z,21.37453609,-157.73721308,UAV 1,2,1:3001:2834,ENMORT002,1:1:71:10:1:0:1,0,false,false,false,false,0
ENMORT005,none,,2026-08-09T09:14:44.000Z,21.37457651,-157.73710572,UAV 1,2,1:3001:2607,ENMORT005,1:1:71:10:1:0:1,0,false,false,false,false,0
ENMORT004,none,,2026-08-09T09:14:44.000Z,21.37447596,-157.73706256,UAV 1,2,1:3001:2630,ENMORT004,1:1:71:10:1:0:1,0,false,false,false,false,0
ENMORT003,none,,2026-08-09T09:14:44.000Z,21.37463664,-157.73725624,UAV 1,2,1:3001:2865,ENMORT003,1:1:71:10:1:0:1,0,false,false,false,false,0
ENM35004,move to,LOC_적북측접근로,2026-08-09T09:14:44.000Z,21.37136316,-157.74160675,UAV 1,2,1:3001:2650,ENM35004,1:1:225:7:1:6:0,0,false,false,false,false,0
ENMORT001,none,,2026-08-09T09:14:44.000Z,21.37443553,-157.73716992,UAV 1,2,1:3001:2789,ENMORT001,1:1:71:10:1:0:1,0,false,false,false,false,0
ENMORT002,none,,2026-08-09T09:14:44.000Z,21.37453609,-157.73721308,UAV 1,2,1:3001:2834,ENMORT002,1:1:71:10:1:0:1,0,false,false,false,false,0
ENMORT005,none,,2026-08-09T09:14:44.000Z,21.37457651,-157.73710572,UAV 1,2,1:3001:2607,ENMORT005,1:1:71:10:1:0:1,0,false,false,false,false,0
ENMORT004,none,,2026-08-09T09:14:44.000Z,21.37447596,-157.73706256,UAV 1,2,1:3001:2630,ENMORT004,1:1:71:10:1:0:1,0,false,false,false,false,0
ENMORT003,none,,2026-08-09T09:14:44.000Z,21.37463664,-157.73725624,UAV 1,2,1:3001:2865,ENMORT003,1:1:71:10:1:0:1,0,false,false,false,false,0
ENM35004,move to,LOC_적북측접근로,2026-08-09T09:14:44.000Z,21.37136316,-157.74160675,UAV 1,2,1:3001:2650,ENM35004,1:1:225:7:1:6:0,0,false,false,false,false,0
ENMORT001,none,,2026-08-09T09:14:45.000Z,21.37443553,-157.73716992,UAV 1,2,1:3001:2789,ENMORT001,1:1:71:10:1:0:1,0,false,false,false,false,0
ENMORT002,none,,2026-08-09T09:14:45.000Z,21.37453609,-157.73721308,UAV 1,2,1:3001:2834,ENMORT002,1:1:71:10:1:0:1,0,false,false,false,false,0
ENMORT005,none,,2026-08-09T09:14:45.000Z,21.37457651,-157.73710572,UAV 1,2,1:3001:2607,ENMORT005,1:1:71:10:1:0:1,0,false,false,false,false,0
ENMORT004,none,,2026-08-09T09:14:45.000Z,21.37447596,-157.73706256,UAV 1,2,1:3001:2630,ENMORT004,1:1:71:10:1:0:1,0,false,false,false,false,0
ENMORT003,none,,2026-08-09T09:14:45.000Z,21.37463664,-157.73725624,UAV 1,2,1:3001:2865,ENMORT003,1:1:71:10:1:0:1,0,false,false,false,false,0
ENM35004,move to,LOC_적북측접근로,2026-08-09T09:14:45.000Z,21.37136316,-157.74160675,UAV 1,2,1:3001:2650,ENM35004,1:1:225:7:1:6:0,0,false,false,false,false,0
ENMORT001,none,,2026-08-09T09:14:45.000Z,21.37443553,-157.73716992,UAV 1,2,1:3001:2789,ENMORT001,1:1:71:10:1:0:1,0,false,false,false,false,0
ENMORT002,none,,2026-08-09T09:14:45.000Z,21.37453609,-157.73721308,UAV 1,2,1:3001:2834,ENMORT002,1:1:71:10:1:0:1,0,false,false,false,false,0
ENMORT005,none,,2026-08-09T09:14:45.000Z,21.37457651,-157.73710572,UAV 1,2,1:3001:2607,ENMORT005,1:1:71:10:1:0:1,0,false,false,false,false,0
ENMORT004,none,,2026-08-09T09:14:45.000Z,21.37447596,-157.73706256,UAV 1,2,1:3001:2630,ENMORT004,1:1:71:10:1:0:1,0,false,false,false,false,0
ENMORT003,none,,2026-08-09T09:14:45.000Z,21.37463664,-157.73725624,UAV 1,2,1:3001:2865,ENMORT003,1:1:71:10:1:0:1,0,false,false,false,false,0
ENMORT001,none,,2026-08-09T09:14:46.000Z,21.37443553,-157.73716992,UAV 1,2,1:3001:2789,ENMORT001,1:1:71:10:1:0:1,0,false,false,false,false,0
ENMORT002,none,,2026-08-09T09:14:46.000Z,21.37453609,-157.73721308,UAV 1,2,1:3001:2834,ENMORT002,1:1:71:10:1:0:1,0,false,false,false,false,0
ENMORT005,none,,2026-08-09T09:14:46.000Z,21.37457651,-157.73710572,UAV 1,2,1:3001:2607,ENMORT005,1:1:71:10:1:0:1,0,false,false,false,false,0
ENMORT004,none,,2026-08-09T09:14:46.000Z,21.37447596,-157.73706256,UAV 1,2,1:3001:2630,ENMORT004,1:1:71:10:1:0:1,0,false,false,false,false,0
ENMORT003,none,,2026-08-09T09:14:46.000Z,21.37463664,-157.73725624,UAV 1,2,1:3001:2865,ENMORT003,1:1:71:10:1:0:1,0,false,false,false,false,0
ENMORT001,none,,2026-08-09T09:14:47.000Z,21.37443553,-157.73716992,UAV 1,2,1:3001:2789,ENMORT001,1:1:71:10:1:0:1,0,false,false,false,false,0
ENMORT002,none,,2026-08-09T09:14:47.000Z,21.37453609,-157.73721308,UAV 1,2,1:3001:2834,ENMORT002,1:1:71:10:1:0:1,0,false,false,false,false,0
ENMORT005,none,,2026-08-09T09:14:47.000Z,21.37457651,-157.73710572,UAV 1,2,1:3001:2607,ENMORT005,1:1:71:10:1:0:1,0,false,false,false,false,0
ENMORT004,none,,2026-08-09T09:14:47.000Z,21.37447596,-157.73706256,UAV 1,2,1:3001:2630,ENMORT004,1:1:71:10:1:0:1,0,false,false,false,false,0
ENMORT003,none,,2026-08-09T09:14:47.000Z,21.37463664,-157.73725624,UAV 1,2,1:3001:2865,ENMORT003,1:1:71:10:1:0:1,0,false,false,false,false,0
ENMORT001,none,,2026-08-09T09:14:47.000Z,21.37443553,-157.73716992,UAV 1,2,1:3001:2789,ENMORT001,1:1:71:10:1:0:1,0,false,false,false,false,0
ENMORT002,none,,2026-08-09T09:14:47.000Z,21.37453609,-157.73721308,UAV 1,2,1:3001:2834,ENMORT002,1:1:71:10:1:0:1,0,false,false,false,false,0
ENMORT005,none,,2026-08-09T09:14:47.000Z,21.37457651,-157.73710572,UAV 1,2,1:3001:2607,ENMORT005,1:1:71:10:1:0:1,0,false,false,false,false,0
ENMORT004,none,,2026-08-09T09:14:47.000Z,21.37447596,-157.73706256,UAV 1,2,1:3001:2630,ENMORT004,1:1:71:10:1:0:1,0,false,false,false,false,0
ENMORT003,none,,2026-08-09T09:14:47.000Z,21.37463664,-157.73725624,UAV 1,2,1:3001:2865,ENMORT003,1:1:71:10:1:0:1,0,false,false,false,false,0
ENMORT001,none,,2026-08-09T09:14:48.000Z,21.37443553,-157.73716992,UAV 1,2,1:3001:2789,ENMORT001,1:1:71:10:1:0:1,0,false,false,false,false,0
ENMORT002,none,,2026-08-09T09:14:48.000Z,21.37453609,-157.73721308,UAV 1,2,1:3001:2834,ENMORT002,1:1:71:10:1:0:1,0,false,false,false,false,0
ENMORT005,none,,2026-08-09T09:14:48.000Z,21.37457651,-157.73710572,UAV 1,2,1:3001:2607,ENMORT005,1:1:71:10:1:0:1,0,false,false,false,false,0
ENMORT004,none,,2026-08-09T09:14:48.000Z,21.37447596,-157.73706256,UAV 1,2,1:3001:2630,ENMORT004,1:1:71:10:1:0:1,0,false,false,false,false,0
ENMORT003,none,,2026-08-09T09:14:48.000Z,21.37463664,-157.73725624,UAV 1,2,1:3001:2865,ENMORT003,1:1:71:10:1:0:1,0,false,false,false,false,0
ENMORT001,none,,2026-08-09T09:14:48.000Z,21.37443553,-157.73716992,UAV 1,2,1:3001:2789,ENMORT001,1:1:71:10:1:0:1,0,false,false,false,false,0
ENMORT002,none,,2026-08-09T09:14:48.000Z,21.37453609,-157.73721308,UAV 1,2,1:3001:2834,ENMORT002,1:1:71:10:1:0:1,0,false,false,false,false,0
ENMORT005,none,,2026-08-09T09:14:48.000Z,21.37457651,-157.73710572,UAV 1,2,1:3001:2607,ENMORT005,1:1:71:10:1:0:1,0,false,false,false,false,0
ENMORT004,none,,2026-08-09T09:14:48.000Z,21.37447596,-157.73706256,UAV 1,2,1:3001:2630,ENMORT004,1:1:71:10:1:0:1,0,false,false,false,false,0
ENMORT003,none,,2026-08-09T09:14:48.000Z,21.37463664,-157.73725624,UAV 1,2,1:3001:2865,ENMORT003,1:1:71:10:1:0:1,0,false,false,false,false,0
ENMORT001,none,,2026-08-09T09:14:49.000Z,21.37443553,-157.73716992,UAV 1,2,1:3001:2789,ENMORT001,1:1:71:10:1:0:1,0,false,false,false,false,0
ENMORT002,none,,2026-08-09T09:14:49.000Z,21.37453609,-157.73721308,UAV 1,2,1:3001:2834,ENMORT002,1:1:71:10:1:0:1,0,false,false,false,false,0
ENMORT005,none,,2026-08-09T09:14:49.000Z,21.37457651,-157.73710572,UAV 1,2,1:3001:2607,ENMORT005,1:1:71:10:1:0:1,0,false,false,false,false,0
ENMORT004,none,,2026-08-09T09:14:49.000Z,21.37447596,-157.73706256,UAV 1,2,1:3001:2630,ENMORT004,1:1:71:10:1:0:1,0,false,false,false,false,0
ENMORT003,none,,2026-08-09T09:14:49.000Z,21.37463664,-157.73725624,UAV 1,2,1:3001:2865,ENMORT003,1:1:71:10:1:0:1,0,false,false,false,false,0
ENMORT001,none,,2026-08-09T09:14:49.000Z,21.37443553,-157.73716992,UAV 1,2,1:3001:2789,ENMORT001,1:1:71:10:1:0:1,0,false,false,false,false,0
ENMORT002,none,,2026-08-09T09:14:49.000Z,21.37453609,-157.73721308,UAV 1,2,1:3001:2834,ENMORT002,1:1:71:10:1:0:1,0,false,false,false,false,0
ENMORT005,none,,2026-08-09T09:14:49.000Z,21.37457651,-157.73710572,UAV 1,2,1:3001:2607,ENMORT005,1:1:71:10:1:0:1,0,false,false,false,false,0
ENMORT004,none,,2026-08-09T09:14:49.000Z,21.37447596,-157.73706256,UAV 1,2,1:3001:2630,ENMORT004,1:1:71:10:1:0:1,0,false,false,false,false,0
ENMORT003,none,,2026-08-09T09:14:49.000Z,21.37463664,-157.73725624,UAV 1,2,1:3001:2865,ENMORT003,1:1:71:10:1:0:1,0,false,false,false,false,0
ENMORT001,none,,2026-08-09T09:14:50.000Z,21.37443553,-157.73716992,UAV 1,2,1:3001:2789,ENMORT001,1:1:71:10:1:0:1,0,false,false,false,false,0
ENMORT002,none,,2026-08-09T09:14:50.000Z,21.37453609,-157.73721308,UAV 1,2,1:3001:2834,ENMORT002,1:1:71:10:1:0:1,0,false,false,false,false,0
ENMORT005,none,,2026-08-09T09:14:50.000Z,21.37457651,-157.73710572,UAV 1,2,1:3001:2607,ENMORT005,1:1:71:10:1:0:1,0,false,false,false,false,0
ENMORT004,none,,2026-08-09T09:14:50.000Z,21.37447596,-157.73706256,UAV 1,2,1:3001:2630,ENMORT004,1:1:71:10:1:0:1,0,false,false,false,false,0
ENMORT003,none,,2026-08-09T09:14:50.000Z,21.37463664,-157.73725624,UAV 1,2,1:3001:2865,ENMORT003,1:1:71:10:1:0:1,0,false,false,false,false,0
ENMORT001,none,,2026-08-09T09:14:50.000Z,21.37443553,-157.73716992,UAV 1,2,1:3001:2789,ENMORT001,1:1:71:10:1:0:1,0,false,false,false,false,0
ENMORT002,none,,2026-08-09T09:14:50.000Z,21.37453609,-157.73721308,UAV 1,2,1:3001:2834,ENMORT002,1:1:71:10:1:0:1,0,false,false,false,false,0
ENMORT005,none,,2026-08-09T09:14:50.000Z,21.37457651,-157.73710572,UAV 1,2,1:3001:2607,ENMORT005,1:1:71:10:1:0:1,0,false,false,false,false,0
ENMORT004,none,,2026-08-09T09:14:50.000Z,21.37447596,-157.73706256,UAV 1,2,1:3001:2630,ENMORT004,1:1:71:10:1:0:1,0,false,false,false,false,0
ENMORT003,none,,2026-08-09T09:14:50.000Z,21.37463664,-157.73725624,UAV 1,2,1:3001:2865,ENMORT003,1:1:71:10:1:0:1,0,false,false,false,false,0
ENMORT001,none,,2026-08-09T09:14:51.000Z,21.37443553,-157.73716992,UAV 1,2,1:3001:2789,ENMORT001,1:1:71:10:1:0:1,0,false,false,false,false,0
ENMORT002,none,,2026-08-09T09:14:51.000Z,21.37453609,-157.73721308,UAV 1,2,1:3001:2834,ENMORT002,1:1:71:10:1:0:1,0,false,false,false,false,0
ENMORT005,none,,2026-08-09T09:14:51.000Z,21.37457651,-157.73710572,UAV 1,2,1:3001:2607,ENMORT005,1:1:71:10:1:0:1,0,false,false,false,false,0
ENMORT004,none,,2026-08-09T09:14:51.000Z,21.37447596,-157.73706256,UAV 1,2,1:3001:2630,ENMORT004,1:1:71:10:1:0:1,0,false,false,false,false,0
ENMORT003,none,,2026-08-09T09:14:51.000Z,21.37463664,-157.73725624,UAV 1,2,1:3001:2865,ENMORT003,1:1:71:10:1:0:1,0,false,false,false,false,0
ENMORT001,none,,2026-08-09T09:14:52.000Z,21.37443553,-157.73716992,UAV 1,2,1:3001:2789,ENMORT001,1:1:71:10:1:0:1,0,false,false,false,false,0
ENMORT002,none,,2026-08-09T09:14:52.000Z,21.37453609,-157.73721308,UAV 1,2,1:3001:2834,ENMORT002,1:1:71:10:1:0:1,0,false,false,false,false,0
ENMORT005,none,,2026-08-09T09:14:52.000Z,21.37457651,-157.73710572,UAV 1,2,1:3001:2607,ENMORT005,1:1:71:10:1:0:1,0,false,false,false,false,0
ENMORT004,none,,2026-08-09T09:14:52.000Z,21.37447596,-157.73706256,UAV 1,2,1:3001:2630,ENMORT004,1:1:71:10:1:0:1,0,false,false,false,false,0
ENMORT003,none,,2026-08-09T09:14:52.000Z,21.37463664,-157.73725624,UAV 1,2,1:3001:2865,ENMORT003,1:1:71:10:1:0:1,0,false,false,false,false,0
ENMORT001,none,,2026-08-09T09:14:52.000Z,21.37443553,-157.73716992,UAV 1,2,1:3001:2789,ENMORT001,1:1:71:10:1:0:1,0,false,false,false,false,0
ENMORT002,none,,2026-08-09T09:14:52.000Z,21.37453609,-157.73721308,UAV 1,2,1:3001:2834,ENMORT002,1:1:71:10:1:0:1,0,false,false,false,false,0
ENMORT005,none,,2026-08-09T09:14:52.000Z,21.37457651,-157.73710572,UAV 1,2,1:3001:2607,ENMORT005,1:1:71:10:1:0:1,0,false,false,false,false,0
ENMORT004,none,,2026-08-09T09:14:52.000Z,21.37447596,-157.73706256,UAV 1,2,1:3001:2630,ENMORT004,1:1:71:10:1:0:1,0,false,false,false,false,0
ENMORT003,none,,2026-08-09T09:14:52.000Z,21.37463664,-157.73725624,UAV 1,2,1:3001:2865,ENMORT003,1:1:71:10:1:0:1,0,false,false,false,false,0
ENM35003,move to,LOC_적북측접근로,2026-08-09T09:14:52.000Z,21.37137407,-157.74155463,UAV 1,2,1:3001:2894,ENM35003,1:1:225:7:1:6:0,0,false,false,false,false,0
ENMORT001,none,,2026-08-09T09:14:52.000Z,21.37443553,-157.73716992,UAV 1,2,1:3001:2789,ENMORT001,1:1:71:10:1:0:1,0,false,false,false,false,0
ENMORT002,none,,2026-08-09T09:14:52.000Z,21.37453609,-157.73721308,UAV 1,2,1:3001:2834,ENMORT002,1:1:71:10:1:0:1,0,false,false,false,false,0
ENMORT005,none,,2026-08-09T09:14:52.000Z,21.37457651,-157.73710572,UAV 1,2,1:3001:2607,ENMORT005,1:1:71:10:1:0:1,0,false,false,false,false,0
ENMORT004,none,,2026-08-09T09:14:52.000Z,21.37447596,-157.73706256,UAV 1,2,1:3001:2630,ENMORT004,1:1:71:10:1:0:1,0,false,false,false,false,0
ENMORT003,none,,2026-08-09T09:14:52.000Z,21.37463664,-157.73725624,UAV 1,2,1:3001:2865,ENMORT003,1:1:71:10:1:0:1,0,false,false,false,false,0
ENM35003,move to,LOC_적북측접근로,2026-08-09T09:14:52.000Z,21.37137407,-157.74155463,UAV 1,2,1:3001:2894,ENM35003,1:1:225:7:1:6:0,0,false,false,false,false,0
ENMORT001,none,,2026-08-09T09:14:53.000Z,21.37443553,-157.73716992,UAV 1,2,1:3001:2789,ENMORT001,1:1:71:10:1:0:1,0,false,false,false,false,0
ENMORT002,none,,2026-08-09T09:14:53.000Z,21.37453609,-157.73721308,UAV 1,2,1:3001:2834,ENMORT002,1:1:71:10:1:0:1,0,false,false,false,false,0
ENMORT005,none,,2026-08-09T09:14:53.000Z,21.37457651,-157.73710572,UAV 1,2,1:3001:2607,ENMORT005,1:1:71:10:1:0:1,0,false,false,false,false,0
ENMORT004,none,,2026-08-09T09:14:53.000Z,21.37447596,-157.73706256,UAV 1,2,1:3001:2630,ENMORT004,1:1:71:10:1:0:1,0,false,false,false,false,0
ENMORT003,none,,2026-08-09T09:14:53.000Z,21.37463664,-157.73725624,UAV 1,2,1:3001:2865,ENMORT003,1:1:71:10:1:0:1,0,false,false,false,false,0
ENM35003,move to,LOC_적북측접근로,2026-08-09T09:14:53.000Z,21.37137407,-157.74155463,UAV 1,2,1:3001:2894,ENM35003,1:1:225:7:1:6:0,0,false,false,false,false,0
ENMORT001,none,,2026-08-09T09:14:54.000Z,21.37443553,-157.73716992,UAV 1,2,1:3001:2789,ENMORT001,1:1:71:10:1:0:1,0,false,false,false,false,0
ENMORT002,none,,2026-08-09T09:14:54.000Z,21.37453609,-157.73721308,UAV 1,2,1:3001:2834,ENMORT002,1:1:71:10:1:0:1,0,false,false,false,false,0
ENMORT005,none,,2026-08-09T09:14:54.000Z,21.37457651,-157.73710572,UAV 1,2,1:3001:2607,ENMORT005,1:1:71:10:1:0:1,0,false,false,false,false,0
ENMORT004,none,,2026-08-09T09:14:54.000Z,21.37447596,-157.73706256,UAV 1,2,1:3001:2630,ENMORT004,1:1:71:10:1:0:1,0,false,false,false,false,0
ENMORT003,none,,2026-08-09T09:14:54.000Z,21.37463664,-157.73725624,UAV 1,2,1:3001:2865,ENMORT003,1:1:71:10:1:0:1,0,false,false,false,false,0
ENM35003,move to,LOC_적북측접근로,2026-08-09T09:14:54.000Z,21.37137407,-157.74155463,UAV 1,2,1:3001:2894,ENM35003,1:1:225:7:1:6:0,0,false,false,false,false,0
ENMORT001,none,,2026-08-09T09:14:54.000Z,21.37443553,-157.73716992,UAV 1,2,1:3001:2789,ENMORT001,1:1:71:10:1:0:1,0,false,false,false,false,0
ENMORT002,none,,2026-08-09T09:14:54.000Z,21.37453609,-157.73721308,UAV 1,2,1:3001:2834,ENMORT002,1:1:71:10:1:0:1,0,false,false,false,false,0
ENMORT003,none,,2026-08-09T09:14:54.000Z,21.37463664,-157.73725624,UAV 1,2,1:3001:2865,ENMORT003,1:1:71:10:1:0:1,0,false,false,false,false,0
ENMORT001,none,,2026-08-09T09:14:54.000Z,21.37443553,-157.73716992,UAV 1,2,1:3001:2789,ENMORT001,1:1:71:10:1:0:1,0,false,false,false,false,0
ENMORT002,none,,2026-08-09T09:14:54.000Z,21.37453609,-157.73721308,UAV 1,2,1:3001:2834,ENMORT002,1:1:71:10:1:0:1,0,false,false,false,false,0
ENMORT003,none,,2026-08-09T09:14:54.000Z,21.37463664,-157.73725624,UAV 1,2,1:3001:2865,ENMORT003,1:1:71:10:1:0:1,0,false,false,false,false,0
ENMORT001,none,,2026-08-09T09:14:55.000Z,21.37443553,-157.73716992,UAV 1,2,1:3001:2789,ENMORT001,1:1:71:10:1:0:1,0,false,false,false,false,0
ENMORT002,none,,2026-08-09T09:14:55.000Z,21.37453609,-157.73721308,UAV 1,2,1:3001:2834,ENMORT002,1:1:71:10:1:0:1,0,false,false,false,false,0
ENMORT003,none,,2026-08-09T09:14:55.000Z,21.37463664,-157.73725624,UAV 1,2,1:3001:2865,ENMORT003,1:1:71:10:1:0:1,0,false,false,false,false,0
ENMORT001,none,,2026-08-09T09:14:56.000Z,21.37443553,-157.73716992,UAV 1,2,1:3001:2789,ENMORT001,1:1:71:10:1:0:1,0,false,false,false,false,0
ENMORT002,none,,2026-08-09T09:14:56.000Z,21.37453609,-157.73721308,UAV 1,2,1:3001:2834,ENMORT002,1:1:71:10:1:0:1,0,false,false,false,false,0
ENMORT003,none,,2026-08-09T09:14:56.000Z,21.37463664,-157.73725624,UAV 1,2,1:3001:2865,ENMORT003,1:1:71:10:1:0:1,0,false,false,false,false,0
ENMORT001,none,,2026-08-09T09:15:00.000Z,21.37443553,-157.73716992,UAV 1,2,1:3001:2789,ENMORT001,1:1:71:10:1:0:1,0,false,false,false,false,0
ENMORT001,none,,2026-08-09T09:15:00.000Z,21.37443553,-157.73716992,UAV 1,2,1:3001:2789,ENMORT001,1:1:71:10:1:0:1,0,false,false,false,false,0
ENMORT001,none,,2026-08-09T09:15:01.000Z,21.37443553,-157.73716992,UAV 1,2,1:3001:2789,ENMORT001,1:1:71:10:1:0:1,0,false,false,false,false,0
ENMORT001,none,,2026-08-09T09:15:01.000Z,21.37443553,-157.73716992,UAV 1,2,1:3001:2789,ENMORT001,1:1:71:10:1:0:1,0,false,false,false,false,0
ENMORT001,none,,2026-08-09T09:15:02.000Z,21.37443553,-157.73716992,UAV 1,2,1:3001:2789,ENMORT001,1:1:71:10:1:0:1,0,false,false,false,false,0
ENMORT002,none,,2026-08-09T09:15:02.000Z,21.37453609,-157.73721308,UAV 1,2,1:3001:2834,ENMORT002,1:1:71:10:1:0:1,0,false,false,false,false,0
ENMORT001,none,,2026-08-09T09:15:02.000Z,21.37443553,-157.73716992,UAV 1,2,1:3001:2789,ENMORT001,1:1:71:10:1:0:1,0,false,false,false,false,0
ENMORT002,none,,2026-08-09T09:15:02.000Z,21.37453609,-157.73721308,UAV 1,2,1:3001:2834,ENMORT002,1:1:71:10:1:0:1,0,false,false,false,false,0
ENMORT001,none,,2026-08-09T09:15:03.000Z,21.37443553,-157.73716992,UAV 1,2,1:3001:2789,ENMORT001,1:1:71:10:1:0:1,0,false,false,false,false,0
ENMORT002,none,,2026-08-09T09:15:03.000Z,21.37453609,-157.73721308,UAV 1,2,1:3001:2834,ENMORT002,1:1:71:10:1:0:1,0,false,false,false,false,0
ENMORT001,none,,2026-08-09T09:15:04.000Z,21.37443553,-157.73716992,UAV 1,2,1:3001:2789,ENMORT001,1:1:71:10:1:0:1,0,false,false,false,false,0
ENMORT002,none,,2026-08-09T09:15:04.000Z,21.37453609,-157.73721308,UAV 1,2,1:3001:2834,ENMORT002,1:1:71:10:1:0:1,0,false,false,false,false,0
ENMORT001,none,,2026-08-09T09:15:04.000Z,21.37443553,-157.73716992,UAV 1,2,1:3001:2789,ENMORT001,1:1:71:10:1:0:1,0,false,false,false,false,0
ENMORT002,none,,2026-08-09T09:15:04.000Z,21.37453609,-157.73721308,UAV 1,2,1:3001:2834,ENMORT002,1:1:71:10:1:0:1,0,false,false,false,false,0
ENMORT005,none,,2026-08-09T09:15:04.000Z,21.37457651,-157.73710572,UAV 1,2,1:3001:2607,ENMORT005,1:1:71:10:1:0:1,0,false,false,false,false,0
ENMORT004,none,,2026-08-09T09:15:04.000Z,21.37447596,-157.73706256,UAV 1,2,1:3001:2630,ENMORT004,1:1:71:10:1:0:1,0,false,false,false,false,0
ENMORT003,none,,2026-08-09T09:15:04.000Z,21.37463664,-157.73725624,UAV 1,2,1:3001:2865,ENMORT003,1:1:71:10:1:0:1,0,false,false,false,false,0
ENM35003,move to,LOC_적북측접근로,2026-08-09T09:15:04.000Z,21.37135341,-157.74164194,UAV 1,2,1:3001:2894,ENM35003,1:1:225:7:1:6:0,0,false,false,false,false,0
ENMORT001,none,,2026-08-09T09:15:05.000Z,21.37443553,-157.73716992,UAV 1,2,1:3001:2789,ENMORT001,1:1:71:10:1:0:1,0,false,false,false,false,0
ENMORT002,none,,2026-08-09T09:15:05.000Z,21.37453609,-157.73721308,UAV 1,2,1:3001:2834,ENMORT002,1:1:71:10:1:0:1,0,false,false,false,false,0
ENMORT005,none,,2026-08-09T09:15:05.000Z,21.37457651,-157.73710572,UAV 1,2,1:3001:2607,ENMORT005,1:1:71:10:1:0:1,0,false,false,false,false,0
ENMORT004,none,,2026-08-09T09:15:05.000Z,21.37447596,-157.73706256,UAV 1,2,1:3001:2630,ENMORT004,1:1:71:10:1:0:1,0,false,false,false,false,0
ENMORT003,none,,2026-08-09T09:15:05.000Z,21.37463664,-157.73725624,UAV 1,2,1:3001:2865,ENMORT003,1:1:71:10:1:0:1,0,false,false,false,false,0
ENM35003,move to,LOC_적북측접근로,2026-08-09T09:15:05.000Z,21.37135341,-157.74164194,UAV 1,2,1:3001:2894,ENM35003,1:1:225:7:1:6:0,0,false,false,false,false,0
ENMORT001,none,,2026-08-09T09:15:05.000Z,21.37443553,-157.73716992,UAV 1,2,1:3001:2789,ENMORT001,1:1:71:10:1:0:1,0,false,false,false,false,0
ENMORT002,none,,2026-08-09T09:15:05.000Z,21.37453609,-157.73721308,UAV 1,2,1:3001:2834,ENMORT002,1:1:71:10:1:0:1,0,false,false,false,false,0
ENMORT005,none,,2026-08-09T09:15:05.000Z,21.37457651,-157.73710572,UAV 1,2,1:3001:2607,ENMORT005,1:1:71:10:1:0:1,0,false,false,false,false,0
ENMORT004,none,,2026-08-09T09:15:05.000Z,21.37447596,-157.73706256,UAV 1,2,1:3001:2630,ENMORT004,1:1:71:10:1:0:1,0,false,false,false,false,0
ENMORT003,none,,2026-08-09T09:15:05.000Z,21.37463664,-157.73725624,UAV 1,2,1:3001:2865,ENMORT003,1:1:71:10:1:0:1,0,false,false,false,false,0
ENM35003,move to,LOC_적북측접근로,2026-08-09T09:15:05.000Z,21.37135341,-157.74164194,UAV 1,2,1:3001:2894,ENM35003,1:1:225:7:1:6:0,0,false,false,false,false,0
ENMORT001,none,,2026-08-09T09:15:06.000Z,21.37443553,-157.73716992,UAV 1,2,1:3001:2789,ENMORT001,1:1:71:10:1:0:1,0,false,false,false,false,0
ENMORT002,none,,2026-08-09T09:15:06.000Z,21.37453609,-157.73721308,UAV 1,2,1:3001:2834,ENMORT002,1:1:71:10:1:0:1,0,false,false,false,false,0
ENMORT005,none,,2026-08-09T09:15:06.000Z,21.37457651,-157.73710572,UAV 1,2,1:3001:2607,ENMORT005,1:1:71:10:1:0:1,0,false,false,false,false,0
ENMORT004,none,,2026-08-09T09:15:06.000Z,21.37447596,-157.73706256,UAV 1,2,1:3001:2630,ENMORT004,1:1:71:10:1:0:1,0,false,false,false,false,0
ENMORT003,none,,2026-08-09T09:15:06.000Z,21.37463664,-157.73725624,UAV 1,2,1:3001:2865,ENMORT003,1:1:71:10:1:0:1,0,false,false,false,false,0
ENM35003,move to,LOC_적북측접근로,2026-08-09T09:15:06.000Z,21.37135341,-157.74164194,UAV 1,2,1:3001:2894,ENM35003,1:1:225:7:1:6:0,0,false,false,false,false,0
ENMORT001,none,,2026-08-09T09:15:06.000Z,21.37443553,-157.73716992,UAV 1,2,1:3001:2789,ENMORT001,1:1:71:10:1:0:1,0,false,false,false,false,0
ENMORT002,none,,2026-08-09T09:15:06.000Z,21.37453609,-157.73721308,UAV 1,2,1:3001:2834,ENMORT002,1:1:71:10:1:0:1,0,false,false,false,false,0
ENMORT005,none,,2026-08-09T09:15:06.000Z,21.37457651,-157.73710572,UAV 1,2,1:3001:2607,ENMORT005,1:1:71:10:1:0:1,0,false,false,false,false,0
ENMORT004,none,,2026-08-09T09:15:06.000Z,21.37447596,-157.73706256,UAV 1,2,1:3001:2630,ENMORT004,1:1:71:10:1:0:1,0,false,false,false,false,0
ENMORT003,none,,2026-08-09T09:15:06.000Z,21.37463664,-157.73725624,UAV 1,2,1:3001:2865,ENMORT003,1:1:71:10:1:0:1,0,false,false,false,false,0
ENZPU001,none,,2026-08-09T09:15:06.000Z,21.37550111,-157.74438876,UAV 1,2,1:3001:2659,ENZPU001,1:1:222:28:13:7:3,0,false,false,false,false,0
ENZPU002,none,,2026-08-09T09:15:06.000Z,21.37545350,-157.74447070,UAV 1,2,1:3001:2807,ENZPU002,1:1:222:28:13:7:3,0,false,false,false,false,0
ENZPU003,none,,2026-08-09T09:15:06.000Z,21.37540589,-157.74455264,UAV 1,2,1:3001:2809,ENZPU003,1:1:222:28:13:7:3,0,false,false,false,false,0
ENMORT001,none,,2026-08-09T09:15:07.000Z,21.37443553,-157.73716992,UAV 1,2,1:3001:2789,ENMORT001,1:1:71:10:1:0:1,0,false,false,false,false,0
ENMORT002,none,,2026-08-09T09:15:07.000Z,21.37453609,-157.73721308,UAV 1,2,1:3001:2834,ENMORT002,1:1:71:10:1:0:1,0,false,false,false,false,0
ENMORT005,none,,2026-08-09T09:15:07.000Z,21.37457651,-157.73710572,UAV 1,2,1:3001:2607,ENMORT005,1:1:71:10:1:0:1,0,false,false,false,false,0
ENMORT004,none,,2026-08-09T09:15:07.000Z,21.37447596,-157.73706256,UAV 1,2,1:3001:2630,ENMORT004,1:1:71:10:1:0:1,0,false,false,false,false,0
ENMORT003,none,,2026-08-09T09:15:07.000Z,21.37463664,-157.73725624,UAV 1,2,1:3001:2865,ENMORT003,1:1:71:10:1:0:1,0,false,false,false,false,0
ENZPU001,none,,2026-08-09T09:15:07.000Z,21.37550111,-157.74438876,UAV 1,2,1:3001:2659,ENZPU001,1:1:222:28:13:7:3,0,false,false,false,false,0
ENZPU002,none,,2026-08-09T09:15:07.000Z,21.37545350,-157.74447070,UAV 1,2,1:3001:2807,ENZPU002,1:1:222:28:13:7:3,0,false,false,false,false,0
ENZPU003,none,,2026-08-09T09:15:07.000Z,21.37540589,-157.74455264,UAV 1,2,1:3001:2809,ENZPU003,1:1:222:28:13:7:3,0,false,false,false,false,0
ENMORT001,none,,2026-08-09T09:15:07.000Z,21.37443553,-157.73716992,UAV 1,2,1:3001:2789,ENMORT001,1:1:71:10:1:0:1,0,false,false,false,false,0
ENMORT002,none,,2026-08-09T09:15:07.000Z,21.37453609,-157.73721308,UAV 1,2,1:3001:2834,ENMORT002,1:1:71:10:1:0:1,0,false,false,false,false,0
ENMORT005,none,,2026-08-09T09:15:07.000Z,21.37457651,-157.73710572,UAV 1,2,1:3001:2607,ENMORT005,1:1:71:10:1:0:1,0,false,false,false,false,0
ENMORT004,none,,2026-08-09T09:15:07.000Z,21.37447596,-157.73706256,UAV 1,2,1:3001:2630,ENMORT004,1:1:71:10:1:0:1,0,false,false,false,false,0
ENMORT003,none,,2026-08-09T09:15:07.000Z,21.37463664,-157.73725624,UAV 1,2,1:3001:2865,ENMORT003,1:1:71:10:1:0:1,0,false,false,false,false,0
ENZPU001,none,,2026-08-09T09:15:07.000Z,21.37550111,-157.74438876,UAV 1,2,1:3001:2659,ENZPU001,1:1:222:28:13:7:3,0,false,false,false,false,0
ENZPU002,none,,2026-08-09T09:15:07.000Z,21.37545350,-157.74447070,UAV 1,2,1:3001:2807,ENZPU002,1:1:222:28:13:7:3,0,false,false,false,false,0
ENZPU003,none,,2026-08-09T09:15:07.000Z,21.37540589,-157.74455264,UAV 1,2,1:3001:2809,ENZPU003,1:1:222:28:13:7:3,0,false,false,false,false,0
ENMORT001,none,,2026-08-09T09:15:08.000Z,21.37443553,-157.73716992,UAV 1,2,1:3001:2789,ENMORT001,1:1:71:10:1:0:1,0,false,false,false,false,0
ENMORT002,none,,2026-08-09T09:15:08.000Z,21.37453609,-157.73721308,UAV 1,2,1:3001:2834,ENMORT002,1:1:71:10:1:0:1,0,false,false,false,false,0
ENMORT005,none,,2026-08-09T09:15:08.000Z,21.37457651,-157.73710572,UAV 1,2,1:3001:2607,ENMORT005,1:1:71:10:1:0:1,0,false,false,false,false,0
ENMORT004,none,,2026-08-09T09:15:08.000Z,21.37447596,-157.73706256,UAV 1,2,1:3001:2630,ENMORT004,1:1:71:10:1:0:1,0,false,false,false,false,0
ENMORT003,none,,2026-08-09T09:15:08.000Z,21.37463664,-157.73725624,UAV 1,2,1:3001:2865,ENMORT003,1:1:71:10:1:0:1,0,false,false,false,false,0
ENZPU001,none,,2026-08-09T09:15:08.000Z,21.37550111,-157.74438876,UAV 1,2,1:3001:2659,ENZPU001,1:1:222:28:13:7:3,0,false,false,false,false,0
ENZPU002,none,,2026-08-09T09:15:08.000Z,21.37545350,-157.74447070,UAV 1,2,1:3001:2807,ENZPU002,1:1:222:28:13:7:3,0,false,false,false,false,0
ENZPU003,none,,2026-08-09T09:15:08.000Z,21.37540589,-157.74455264,UAV 1,2,1:3001:2809,ENZPU003,1:1:222:28:13:7:3,0,false,false,false,false,0
ENMORT001,none,,2026-08-09T09:15:08.000Z,21.37443553,-157.73716992,UAV 1,2,1:3001:2789,ENMORT001,1:1:71:10:1:0:1,0,false,false,false,false,0
ENMORT002,none,,2026-08-09T09:15:08.000Z,21.37453609,-157.73721308,UAV 1,2,1:3001:2834,ENMORT002,1:1:71:10:1:0:1,0,false,false,false,false,0
ENMORT005,none,,2026-08-09T09:15:08.000Z,21.37457651,-157.73710572,UAV 1,2,1:3001:2607,ENMORT005,1:1:71:10:1:0:1,0,false,false,false,false,0
ENMORT004,none,,2026-08-09T09:15:08.000Z,21.37447596,-157.73706256,UAV 1,2,1:3001:2630,ENMORT004,1:1:71:10:1:0:1,0,false,false,false,false,0
ENMORT003,none,,2026-08-09T09:15:08.000Z,21.37463664,-157.73725624,UAV 1,2,1:3001:2865,ENMORT003,1:1:71:10:1:0:1,0,false,false,false,false,0
ENZPU001,none,,2026-08-09T09:15:08.000Z,21.37550111,-157.74438876,UAV 1,2,1:3001:2659,ENZPU001,1:1:222:28:13:7:3,0,false,false,false,false,0
ENZPU002,none,,2026-08-09T09:15:08.000Z,21.37545350,-157.74447070,UAV 1,2,1:3001:2807,ENZPU002,1:1:222:28:13:7:3,0,false,false,false,false,0
ENZPU003,none,,2026-08-09T09:15:08.000Z,21.37540589,-157.74455264,UAV 1,2,1:3001:2809,ENZPU003,1:1:222:28:13:7:3,0,false,false,false,false,0
ENMORT001,none,,2026-08-09T09:15:09.000Z,21.37443553,-157.73716992,UAV 1,2,1:3001:2789,ENMORT001,1:1:71:10:1:0:1,0,false,false,false,false,0
ENMORT002,none,,2026-08-09T09:15:09.000Z,21.37453609,-157.73721308,UAV 1,2,1:3001:2834,ENMORT002,1:1:71:10:1:0:1,0,false,false,false,false,0
ENMORT005,none,,2026-08-09T09:15:09.000Z,21.37457651,-157.73710572,UAV 1,2,1:3001:2607,ENMORT005,1:1:71:10:1:0:1,0,false,false,false,false,0
ENMORT004,none,,2026-08-09T09:15:09.000Z,21.37447596,-157.73706256,UAV 1,2,1:3001:2630,ENMORT004,1:1:71:10:1:0:1,0,false,false,false,false,0
ENMORT003,none,,2026-08-09T09:15:09.000Z,21.37463664,-157.73725624,UAV 1,2,1:3001:2865,ENMORT003,1:1:71:10:1:0:1,0,false,false,false,false,0
ENZPU001,none,,2026-08-09T09:15:09.000Z,21.37550111,-157.74438876,UAV 1,2,1:3001:2659,ENZPU001,1:1:222:28:13:7:3,0,false,false,false,false,0
ENZPU002,none,,2026-08-09T09:15:09.000Z,21.37545350,-157.74447070,UAV 1,2,1:3001:2807,ENZPU002,1:1:222:28:13:7:3,0,false,false,false,false,0
ENZPU003,none,,2026-08-09T09:15:09.000Z,21.37540589,-157.74455264,UAV 1,2,1:3001:2809,ENZPU003,1:1:222:28:13:7:3,0,false,false,false,false,0
ENMORT001,none,,2026-08-09T09:15:10.000Z,21.37443553,-157.73716992,UAV 1,2,1:3001:2789,ENMORT001,1:1:71:10:1:0:1,0,false,false,false,false,0
ENMORT002,none,,2026-08-09T09:15:10.000Z,21.37453609,-157.73721308,UAV 1,2,1:3001:2834,ENMORT002,1:1:71:10:1:0:1,0,false,false,false,false,0
ENMORT005,none,,2026-08-09T09:15:10.000Z,21.37457651,-157.73710572,UAV 1,2,1:3001:2607,ENMORT005,1:1:71:10:1:0:1,0,false,false,false,false,0
ENMORT004,none,,2026-08-09T09:15:10.000Z,21.37447596,-157.73706256,UAV 1,2,1:3001:2630,ENMORT004,1:1:71:10:1:0:1,0,false,false,false,false,0
ENMORT003,none,,2026-08-09T09:15:10.000Z,21.37463664,-157.73725624,UAV 1,2,1:3001:2865,ENMORT003,1:1:71:10:1:0:1,0,false,false,false,false,0
ENZPU001,none,,2026-08-09T09:15:10.000Z,21.37550111,-157.74438876,UAV 1,2,1:3001:2659,ENZPU001,1:1:222:28:13:7:3,0,false,false,false,false,0
ENZPU002,none,,2026-08-09T09:15:10.000Z,21.37545350,-157.74447070,UAV 1,2,1:3001:2807,ENZPU002,1:1:222:28:13:7:3,0,false,false,false,false,0
ENZPU003,none,,2026-08-09T09:15:10.000Z,21.37540589,-157.74455264,UAV 1,2,1:3001:2809,ENZPU003,1:1:222:28:13:7:3,0,false,false,false,false,0
ENMORT001,none,,2026-08-09T09:15:10.000Z,21.37443553,-157.73716992,UAV 1,2,1:3001:2789,ENMORT001,1:1:71:10:1:0:1,0,false,false,false,false,0
ENMORT002,none,,2026-08-09T09:15:10.000Z,21.37453609,-157.73721308,UAV 1,2,1:3001:2834,ENMORT002,1:1:71:10:1:0:1,0,false,false,false,false,0
ENMORT005,none,,2026-08-09T09:15:10.000Z,21.37457651,-157.73710572,UAV 1,2,1:3001:2607,ENMORT005,1:1:71:10:1:0:1,0,false,false,false,false,0
ENMORT004,none,,2026-08-09T09:15:10.000Z,21.37447596,-157.73706256,UAV 1,2,1:3001:2630,ENMORT004,1:1:71:10:1:0:1,0,false,false,false,false,0
ENMORT003,none,,2026-08-09T09:15:10.000Z,21.37463664,-157.73725624,UAV 1,2,1:3001:2865,ENMORT003,1:1:71:10:1:0:1,0,false,false,false,false,0
ENZPU001,none,,2026-08-09T09:15:10.000Z,21.37550111,-157.74438876,UAV 1,2,1:3001:2659,ENZPU001,1:1:222:28:13:7:3,0,false,false,false,false,0
ENZPU002,none,,2026-08-09T09:15:10.000Z,21.37545350,-157.74447070,UAV 1,2,1:3001:2807,ENZPU002,1:1:222:28:13:7:3,0,false,false,false,false,0
ENZPU003,none,,2026-08-09T09:15:10.000Z,21.37540589,-157.74455264,UAV 1,2,1:3001:2809,ENZPU003,1:1:222:28:13:7:3,0,false,false,false,false,0
ENM35004,move to,LOC_적북측접근로,2026-08-09T09:15:10.000Z,21.37135185,-157.74165249,UAV 1,2,1:3001:2650,ENM35004,1:1:225:7:1:6:0,0,false,false,false,false,0
ENMORT001,none,,2026-08-09T09:15:11.000Z,21.37443553,-157.73716992,UAV 1,2,1:3001:2789,ENMORT001,1:1:71:10:1:0:1,0,false,false,false,false,0
ENMORT002,none,,2026-08-09T09:15:11.000Z,21.37453609,-157.73721308,UAV 1,2,1:3001:2834,ENMORT002,1:1:71:10:1:0:1,0,false,false,false,false,0
ENMORT005,none,,2026-08-09T09:15:11.000Z,21.37457651,-157.73710572,UAV 1,2,1:3001:2607,ENMORT005,1:1:71:10:1:0:1,0,false,false,false,false,0
ENMORT004,none,,2026-08-09T09:15:11.000Z,21.37447596,-157.73706256,UAV 1,2,1:3001:2630,ENMORT004,1:1:71:10:1:0:1,0,false,false,false,false,0
ENMORT003,none,,2026-08-09T09:15:11.000Z,21.37463664,-157.73725624,UAV 1,2,1:3001:2865,ENMORT003,1:1:71:10:1:0:1,0,false,false,false,false,0
ENZPU001,none,,2026-08-09T09:15:11.000Z,21.37550111,-157.74438876,UAV 1,2,1:3001:2659,ENZPU001,1:1:222:28:13:7:3,0,false,false,false,false,0
ENZPU002,none,,2026-08-09T09:15:11.000Z,21.37545350,-157.74447070,UAV 1,2,1:3001:2807,ENZPU002,1:1:222:28:13:7:3,0,false,false,false,false,0
ENZPU003,none,,2026-08-09T09:15:11.000Z,21.37540589,-157.74455264,UAV 1,2,1:3001:2809,ENZPU003,1:1:222:28:13:7:3,0,false,false,false,false,0
ENM35004,move to,LOC_적북측접근로,2026-08-09T09:15:11.000Z,21.37135185,-157.74165249,UAV 1,2,1:3001:2650,ENM35004,1:1:225:7:1:6:0,0,false,false,false,false,0
ENMORT001,none,,2026-08-09T09:15:11.000Z,21.37443553,-157.73716992,UAV 1,2,1:3001:2789,ENMORT001,1:1:71:10:1:0:1,0,false,false,false,false,0
ENMORT002,none,,2026-08-09T09:15:11.000Z,21.37453609,-157.73721308,UAV 1,2,1:3001:2834,ENMORT002,1:1:71:10:1:0:1,0,false,false,false,false,0
ENMORT005,none,,2026-08-09T09:15:11.000Z,21.37457651,-157.73710572,UAV 1,2,1:3001:2607,ENMORT005,1:1:71:10:1:0:1,0,false,false,false,false,0
ENMORT004,none,,2026-08-09T09:15:11.000Z,21.37447596,-157.73706256,UAV 1,2,1:3001:2630,ENMORT004,1:1:71:10:1:0:1,0,false,false,false,false,0
ENMORT003,none,,2026-08-09T09:15:11.000Z,21.37463664,-157.73725624,UAV 1,2,1:3001:2865,ENMORT003,1:1:71:10:1:0:1,0,false,false,false,false,0
ENZPU001,none,,2026-08-09T09:15:11.000Z,21.37550111,-157.74438876,UAV 1,2,1:3001:2659,ENZPU001,1:1:222:28:13:7:3,0,false,false,false,false,0
ENZPU002,none,,2026-08-09T09:15:11.000Z,21.37545350,-157.74447070,UAV 1,2,1:3001:2807,ENZPU002,1:1:222:28:13:7:3,0,false,false,false,false,0
ENZPU003,none,,2026-08-09T09:15:11.000Z,21.37540589,-157.74455264,UAV 1,2,1:3001:2809,ENZPU003,1:1:222:28:13:7:3,0,false,false,false,false,0
ENM35004,move to,LOC_적북측접근로,2026-08-09T09:15:11.000Z,21.37135185,-157.74165249,UAV 1,2,1:3001:2650,ENM35004,1:1:225:7:1:6:0,0,false,false,false,false,0
ENMORT001,none,,2026-08-09T09:15:12.000Z,21.37443553,-157.73716992,UAV 1,2,1:3001:2789,ENMORT001,1:1:71:10:1:0:1,0,false,false,false,false,0
ENMORT002,none,,2026-08-09T09:15:12.000Z,21.37453609,-157.73721308,UAV 1,2,1:3001:2834,ENMORT002,1:1:71:10:1:0:1,0,false,false,false,false,0
ENMORT005,none,,2026-08-09T09:15:12.000Z,21.37457651,-157.73710572,UAV 1,2,1:3001:2607,ENMORT005,1:1:71:10:1:0:1,0,false,false,false,false,0
ENMORT004,none,,2026-08-09T09:15:12.000Z,21.37447596,-157.73706256,UAV 1,2,1:3001:2630,ENMORT004,1:1:71:10:1:0:1,0,false,false,false,false,0
ENMORT003,none,,2026-08-09T09:15:12.000Z,21.37463664,-157.73725624,UAV 1,2,1:3001:2865,ENMORT003,1:1:71:10:1:0:1,0,false,false,false,false,0
ENZPU001,none,,2026-08-09T09:15:12.000Z,21.37550111,-157.74438876,UAV 1,2,1:3001:2659,ENZPU001,1:1:222:28:13:7:3,0,false,false,false,false,0
ENZPU002,none,,2026-08-09T09:15:12.000Z,21.37545350,-157.74447070,UAV 1,2,1:3001:2807,ENZPU002,1:1:222:28:13:7:3,0,false,false,false,false,0
ENZPU003,none,,2026-08-09T09:15:12.000Z,21.37540589,-157.74455264,UAV 1,2,1:3001:2809,ENZPU003,1:1:222:28:13:7:3,0,false,false,false,false,0
ENM35004,move to,LOC_적북측접근로,2026-08-09T09:15:12.000Z,21.37135185,-157.74165249,UAV 1,2,1:3001:2650,ENM35004,1:1:225:7:1:6:0,0,false,false,false,false,0
ENMORT001,none,,2026-08-09T09:15:12.000Z,21.37443553,-157.73716992,UAV 1,2,1:3001:2789,ENMORT001,1:1:71:10:1:0:1,0,false,false,false,false,0
ENMORT002,none,,2026-08-09T09:15:12.000Z,21.37453609,-157.73721308,UAV 1,2,1:3001:2834,ENMORT002,1:1:71:10:1:0:1,0,false,false,false,false,0
ENMORT005,none,,2026-08-09T09:15:12.000Z,21.37457651,-157.73710572,UAV 1,2,1:3001:2607,ENMORT005,1:1:71:10:1:0:1,0,false,false,false,false,0
ENMORT004,none,,2026-08-09T09:15:12.000Z,21.37447596,-157.73706256,UAV 1,2,1:3001:2630,ENMORT004,1:1:71:10:1:0:1,0,false,false,false,false,0
ENMORT003,none,,2026-08-09T09:15:12.000Z,21.37463664,-157.73725624,UAV 1,2,1:3001:2865,ENMORT003,1:1:71:10:1:0:1,0,false,false,false,false,0
ENZPU001,none,,2026-08-09T09:15:12.000Z,21.37550111,-157.74438876,UAV 1,2,1:3001:2659,ENZPU001,1:1:222:28:13:7:3,0,false,false,false,false,0
ENZPU002,none,,2026-08-09T09:15:12.000Z,21.37545350,-157.74447070,UAV 1,2,1:3001:2807,ENZPU002,1:1:222:28:13:7:3,0,false,false,false,false,0
ENZPU003,none,,2026-08-09T09:15:12.000Z,21.37540589,-157.74455264,UAV 1,2,1:3001:2809,ENZPU003,1:1:222:28:13:7:3,0,false,false,false,false,0
ENMORT001,none,,2026-08-09T09:15:13.000Z,21.37443553,-157.73716992,UAV 1,2,1:3001:2789,ENMORT001,1:1:71:10:1:0:1,0,false,false,false,false,0
ENMORT002,none,,2026-08-09T09:15:13.000Z,21.37453609,-157.73721308,UAV 1,2,1:3001:2834,ENMORT002,1:1:71:10:1:0:1,0,false,false,false,false,0
ENMORT005,none,,2026-08-09T09:15:13.000Z,21.37457651,-157.73710572,UAV 1,2,1:3001:2607,ENMORT005,1:1:71:10:1:0:1,0,false,false,false,false,0
ENMORT004,none,,2026-08-09T09:15:13.000Z,21.37447596,-157.73706256,UAV 1,2,1:3001:2630,ENMORT004,1:1:71:10:1:0:1,0,false,false,false,false,0
ENMORT003,none,,2026-08-09T09:15:13.000Z,21.37463664,-157.73725624,UAV 1,2,1:3001:2865,ENMORT003,1:1:71:10:1:0:1,0,false,false,false,false,0
ENZPU001,none,,2026-08-09T09:15:13.000Z,21.37550111,-157.74438876,UAV 1,2,1:3001:2659,ENZPU001,1:1:222:28:13:7:3,0,false,false,false,false,0
ENZPU002,none,,2026-08-09T09:15:13.000Z,21.37545350,-157.74447070,UAV 1,2,1:3001:2807,ENZPU002,1:1:222:28:13:7:3,0,false,false,false,false,0
ENZPU003,none,,2026-08-09T09:15:13.000Z,21.37540589,-157.74455264,UAV 1,2,1:3001:2809,ENZPU003,1:1:222:28:13:7:3,0,false,false,false,false,0
ENMORT001,none,,2026-08-09T09:15:13.000Z,21.37443553,-157.73716992,UAV 1,2,1:3001:2789,ENMORT001,1:1:71:10:1:0:1,0,false,false,false,false,0
ENMORT002,none,,2026-08-09T09:15:13.000Z,21.37453609,-157.73721308,UAV 1,2,1:3001:2834,ENMORT002,1:1:71:10:1:0:1,0,false,false,false,false,0
ENMORT005,none,,2026-08-09T09:15:13.000Z,21.37457651,-157.73710572,UAV 1,2,1:3001:2607,ENMORT005,1:1:71:10:1:0:1,0,false,false,false,false,0
ENMORT004,none,,2026-08-09T09:15:13.000Z,21.37447596,-157.73706256,UAV 1,2,1:3001:2630,ENMORT004,1:1:71:10:1:0:1,0,false,false,false,false,0
ENMORT003,none,,2026-08-09T09:15:13.000Z,21.37463664,-157.73725624,UAV 1,2,1:3001:2865,ENMORT003,1:1:71:10:1:0:1,0,false,false,false,false,0
ENZPU001,none,,2026-08-09T09:15:13.000Z,21.37550111,-157.74438876,UAV 1,2,1:3001:2659,ENZPU001,1:1:222:28:13:7:3,0,false,false,false,false,0
ENZPU002,none,,2026-08-09T09:15:13.000Z,21.37545350,-157.74447070,UAV 1,2,1:3001:2807,ENZPU002,1:1:222:28:13:7:3,0,false,false,false,false,0
ENZPU003,none,,2026-08-09T09:15:13.000Z,21.37540589,-157.74455264,UAV 1,2,1:3001:2809,ENZPU003,1:1:222:28:13:7:3,0,false,false,false,false,0
ENMORT001,none,,2026-08-09T09:15:14.000Z,21.37443553,-157.73716992,UAV 1,2,1:3001:2789,ENMORT001,1:1:71:10:1:0:1,0,false,false,false,false,0
ENMORT002,none,,2026-08-09T09:15:14.000Z,21.37453609,-157.73721308,UAV 1,2,1:3001:2834,ENMORT002,1:1:71:10:1:0:1,0,false,false,false,false,0
ENMORT005,none,,2026-08-09T09:15:14.000Z,21.37457651,-157.73710572,UAV 1,2,1:3001:2607,ENMORT005,1:1:71:10:1:0:1,0,false,false,false,false,0
ENMORT004,none,,2026-08-09T09:15:14.000Z,21.37447596,-157.73706256,UAV 1,2,1:3001:2630,ENMORT004,1:1:71:10:1:0:1,0,false,false,false,false,0
ENMORT003,none,,2026-08-09T09:15:14.000Z,21.37463664,-157.73725624,UAV 1,2,1:3001:2865,ENMORT003,1:1:71:10:1:0:1,0,false,false,false,false,0
ENZPU001,none,,2026-08-09T09:15:14.000Z,21.37550111,-157.74438876,UAV 1,2,1:3001:2659,ENZPU001,1:1:222:28:13:7:3,0,false,false,false,false,0
ENZPU002,none,,2026-08-09T09:15:14.000Z,21.37545350,-157.74447070,UAV 1,2,1:3001:2807,ENZPU002,1:1:222:28:13:7:3,0,false,false,false,false,0
ENZPU003,none,,2026-08-09T09:15:14.000Z,21.37540589,-157.74455264,UAV 1,2,1:3001:2809,ENZPU003,1:1:222:28:13:7:3,0,false,false,false,false,0
ENMORT001,none,,2026-08-09T09:15:14.000Z,21.37443553,-157.73716992,UAV 1,2,1:3001:2789,ENMORT001,1:1:71:10:1:0:1,0,false,false,false,false,0
ENMORT002,none,,2026-08-09T09:15:14.000Z,21.37453609,-157.73721308,UAV 1,2,1:3001:2834,ENMORT002,1:1:71:10:1:0:1,0,false,false,false,false,0
ENMORT005,none,,2026-08-09T09:15:14.000Z,21.37457651,-157.73710572,UAV 1,2,1:3001:2607,ENMORT005,1:1:71:10:1:0:1,0,false,false,false,false,0
ENMORT004,none,,2026-08-09T09:15:14.000Z,21.37447596,-157.73706256,UAV 1,2,1:3001:2630,ENMORT004,1:1:71:10:1:0:1,0,false,false,false,false,0
ENMORT003,none,,2026-08-09T09:15:14.000Z,21.37463664,-157.73725624,UAV 1,2,1:3001:2865,ENMORT003,1:1:71:10:1:0:1,0,false,false,false,false,0
ENZPU001,none,,2026-08-09T09:15:14.000Z,21.37550111,-157.74438876,UAV 1,2,1:3001:2659,ENZPU001,1:1:222:28:13:7:3,0,false,false,false,false,0
ENZPU002,none,,2026-08-09T09:15:14.000Z,21.37545350,-157.74447070,UAV 1,2,1:3001:2807,ENZPU002,1:1:222:28:13:7:3,0,false,false,false,false,0
ENZPU003,none,,2026-08-09T09:15:14.000Z,21.37540589,-157.74455264,UAV 1,2,1:3001:2809,ENZPU003,1:1:222:28:13:7:3,0,false,false,false,false,0
ENM35003,move to,LOC_적북측접근로,2026-08-09T09:15:14.000Z,21.37137669,-157.74154358,UAV 1,2,1:3001:2894,ENM35003,1:1:225:7:1:6:0,0,false,false,false,false,0
ENMORT001,none,,2026-08-09T09:15:15.000Z,21.37443553,-157.73716992,UAV 1,2,1:3001:2789,ENMORT001,1:1:71:10:1:0:1,0,false,false,false,false,0
ENMORT002,none,,2026-08-09T09:15:15.000Z,21.37453609,-157.73721308,UAV 1,2,1:3001:2834,ENMORT002,1:1:71:10:1:0:1,0,false,false,false,false,0
ENMORT005,none,,2026-08-09T09:15:15.000Z,21.37457651,-157.73710572,UAV 1,2,1:3001:2607,ENMORT005,1:1:71:10:1:0:1,0,false,false,false,false,0
ENMORT004,none,,2026-08-09T09:15:15.000Z,21.37447596,-157.73706256,UAV 1,2,1:3001:2630,ENMORT004,1:1:71:10:1:0:1,0,false,false,false,false,0
ENMORT003,none,,2026-08-09T09:15:15.000Z,21.37463664,-157.73725624,UAV 1,2,1:3001:2865,ENMORT003,1:1:71:10:1:0:1,0,false,false,false,false,0
ENZPU001,none,,2026-08-09T09:15:15.000Z,21.37550111,-157.74438876,UAV 1,2,1:3001:2659,ENZPU001,1:1:222:28:13:7:3,0,false,false,false,false,0
ENZPU002,none,,2026-08-09T09:15:15.000Z,21.37545350,-157.74447070,UAV 1,2,1:3001:2807,ENZPU002,1:1:222:28:13:7:3,0,false,false,false,false,0
ENZPU003,none,,2026-08-09T09:15:15.000Z,21.37540589,-157.74455264,UAV 1,2,1:3001:2809,ENZPU003,1:1:222:28:13:7:3,0,false,false,false,false,0
ENM35003,move to,LOC_적북측접근로,2026-08-09T09:15:15.000Z,21.37137669,-157.74154358,UAV 1,2,1:3001:2894,ENM35003,1:1:225:7:1:6:0,0,false,false,false,false,0
ENMORT001,none,,2026-08-09T09:15:15.000Z,21.37443553,-157.73716992,UAV 1,2,1:3001:2789,ENMORT001,1:1:71:10:1:0:1,0,false,false,false,false,0
ENMORT002,none,,2026-08-09T09:15:15.000Z,21.37453609,-157.73721308,UAV 1,2,1:3001:2834,ENMORT002,1:1:71:10:1:0:1,0,false,false,false,false,0
ENMORT005,none,,2026-08-09T09:15:15.000Z,21.37457651,-157.73710572,UAV 1,2,1:3001:2607,ENMORT005,1:1:71:10:1:0:1,0,false,false,false,false,0
ENMORT004,none,,2026-08-09T09:15:15.000Z,21.37447596,-157.73706256,UAV 1,2,1:3001:2630,ENMORT004,1:1:71:10:1:0:1,0,false,false,false,false,0
ENMORT003,none,,2026-08-09T09:15:15.000Z,21.37463664,-157.73725624,UAV 1,2,1:3001:2865,ENMORT003,1:1:71:10:1:0:1,0,false,false,false,false,0
ENZPU001,none,,2026-08-09T09:15:15.000Z,21.37550111,-157.74438876,UAV 1,2,1:3001:2659,ENZPU001,1:1:222:28:13:7:3,0,false,false,false,false,0
ENZPU002,none,,2026-08-09T09:15:15.000Z,21.37545350,-157.74447070,UAV 1,2,1:3001:2807,ENZPU002,1:1:222:28:13:7:3,0,false,false,false,false,0
ENZPU003,none,,2026-08-09T09:15:15.000Z,21.37540589,-157.74455264,UAV 1,2,1:3001:2809,ENZPU003,1:1:222:28:13:7:3,0,false,false,false,false,0
ENM35003,move to,LOC_적북측접근로,2026-08-09T09:15:15.000Z,21.37137669,-157.74154358,UAV 1,2,1:3001:2894,ENM35003,1:1:225:7:1:6:0,0,false,false,false,false,0
ENMORT001,none,,2026-08-09T09:15:16.000Z,21.37443553,-157.73716992,UAV 1,2,1:3001:2789,ENMORT001,1:1:71:10:1:0:1,0,false,false,false,false,0
ENMORT002,none,,2026-08-09T09:15:16.000Z,21.37453609,-157.73721308,UAV 1,2,1:3001:2834,ENMORT002,1:1:71:10:1:0:1,0,false,false,false,false,0
ENMORT005,none,,2026-08-09T09:15:16.000Z,21.37457651,-157.73710572,UAV 1,2,1:3001:2607,ENMORT005,1:1:71:10:1:0:1,0,false,false,false,false,0
ENMORT004,none,,2026-08-09T09:15:16.000Z,21.37447596,-157.73706256,UAV 1,2,1:3001:2630,ENMORT004,1:1:71:10:1:0:1,0,false,false,false,false,0
ENMORT003,none,,2026-08-09T09:15:16.000Z,21.37463664,-157.73725624,UAV 1,2,1:3001:2865,ENMORT003,1:1:71:10:1:0:1,0,false,false,false,false,0
ENZPU001,none,,2026-08-09T09:15:16.000Z,21.37550111,-157.74438876,UAV 1,2,1:3001:2659,ENZPU001,1:1:222:28:13:7:3,0,false,false,false,false,0
ENZPU002,none,,2026-08-09T09:15:16.000Z,21.37545350,-157.74447070,UAV 1,2,1:3001:2807,ENZPU002,1:1:222:28:13:7:3,0,false,false,false,false,0
ENZPU003,none,,2026-08-09T09:15:16.000Z,21.37540589,-157.74455264,UAV 1,2,1:3001:2809,ENZPU003,1:1:222:28:13:7:3,0,false,false,false,false,0
ENM35003,move to,LOC_적북측접근로,2026-08-09T09:15:16.000Z,21.37137669,-157.74154358,UAV 1,2,1:3001:2894,ENM35003,1:1:225:7:1:6:0,0,false,false,false,false,0
ENMORT001,none,,2026-08-09T09:15:16.000Z,21.37443553,-157.73716992,UAV 1,2,1:3001:2789,ENMORT001,1:1:71:10:1:0:1,0,false,false,false,false,0
ENMORT002,none,,2026-08-09T09:15:16.000Z,21.37453609,-157.73721308,UAV 1,2,1:3001:2834,ENMORT002,1:1:71:10:1:0:1,0,false,false,false,false,0
ENMORT005,none,,2026-08-09T09:15:16.000Z,21.37457651,-157.73710572,UAV 1,2,1:3001:2607,ENMORT005,1:1:71:10:1:0:1,0,false,false,false,false,0
ENMORT004,none,,2026-08-09T09:15:16.000Z,21.37447596,-157.73706256,UAV 1,2,1:3001:2630,ENMORT004,1:1:71:10:1:0:1,0,false,false,false,false,0
ENMORT003,none,,2026-08-09T09:15:16.000Z,21.37463664,-157.73725624,UAV 1,2,1:3001:2865,ENMORT003,1:1:71:10:1:0:1,0,false,false,false,false,0
ENZPU001,none,,2026-08-09T09:15:16.000Z,21.37550111,-157.74438876,UAV 1,2,1:3001:2659,ENZPU001,1:1:222:28:13:7:3,0,false,false,false,false,0
ENZPU002,none,,2026-08-09T09:15:16.000Z,21.37545350,-157.74447070,UAV 1,2,1:3001:2807,ENZPU002,1:1:222:28:13:7:3,0,false,false,false,false,0
ENZPU003,none,,2026-08-09T09:15:16.000Z,21.37540589,-157.74455264,UAV 1,2,1:3001:2809,ENZPU003,1:1:222:28:13:7:3,0,false,false,false,false,0
ENMORT001,none,,2026-08-09T09:15:17.000Z,21.37443553,-157.73716992,UAV 1,2,1:3001:2789,ENMORT001,1:1:71:10:1:0:1,0,false,false,false,false,0
ENMORT002,none,,2026-08-09T09:15:17.000Z,21.37453609,-157.73721308,UAV 1,2,1:3001:2834,ENMORT002,1:1:71:10:1:0:1,0,false,false,false,false,0
ENMORT005,none,,2026-08-09T09:15:17.000Z,21.37457651,-157.73710572,UAV 1,2,1:3001:2607,ENMORT005,1:1:71:10:1:0:1,0,false,false,false,false,0
ENMORT004,none,,2026-08-09T09:15:17.000Z,21.37447596,-157.73706256,UAV 1,2,1:3001:2630,ENMORT004,1:1:71:10:1:0:1,0,false,false,false,false,0
ENMORT003,none,,2026-08-09T09:15:17.000Z,21.37463664,-157.73725624,UAV 1,2,1:3001:2865,ENMORT003,1:1:71:10:1:0:1,0,false,false,false,false,0
ENZPU001,none,,2026-08-09T09:15:17.000Z,21.37550111,-157.74438876,UAV 1,2,1:3001:2659,ENZPU001,1:1:222:28:13:7:3,0,false,false,false,false,0
ENZPU002,none,,2026-08-09T09:15:17.000Z,21.37545350,-157.74447070,UAV 1,2,1:3001:2807,ENZPU002,1:1:222:28:13:7:3,0,false,false,false,false,0
ENZPU003,none,,2026-08-09T09:15:17.000Z,21.37540589,-157.74455264,UAV 1,2,1:3001:2809,ENZPU003,1:1:222:28:13:7:3,0,false,false,false,false,0
ENMORT001,none,,2026-08-09T09:15:17.000Z,21.37443553,-157.73716992,UAV 1,2,1:3001:2789,ENMORT001,1:1:71:10:1:0:1,0,false,false,false,false,0
ENMORT002,none,,2026-08-09T09:15:17.000Z,21.37453609,-157.73721308,UAV 1,2,1:3001:2834,ENMORT002,1:1:71:10:1:0:1,0,false,false,false,false,0
ENMORT005,none,,2026-08-09T09:15:17.000Z,21.37457651,-157.73710572,UAV 1,2,1:3001:2607,ENMORT005,1:1:71:10:1:0:1,0,false,false,false,false,0
ENMORT004,none,,2026-08-09T09:15:17.000Z,21.37447596,-157.73706256,UAV 1,2,1:3001:2630,ENMORT004,1:1:71:10:1:0:1,0,false,false,false,false,0
ENMORT003,none,,2026-08-09T09:15:17.000Z,21.37463664,-157.73725624,UAV 1,2,1:3001:2865,ENMORT003,1:1:71:10:1:0:1,0,false,false,false,false,0
ENZPU001,none,,2026-08-09T09:15:17.000Z,21.37550111,-157.74438876,UAV 1,2,1:3001:2659,ENZPU001,1:1:222:28:13:7:3,0,false,false,false,false,0
ENZPU002,none,,2026-08-09T09:15:17.000Z,21.37545350,-157.74447070,UAV 1,2,1:3001:2807,ENZPU002,1:1:222:28:13:7:3,0,false,false,false,false,0
ENZPU003,none,,2026-08-09T09:15:17.000Z,21.37540589,-157.74455264,UAV 1,2,1:3001:2809,ENZPU003,1:1:222:28:13:7:3,0,false,false,false,false,0
ENMORT001,none,,2026-08-09T09:15:18.000Z,21.37443553,-157.73716992,UAV 1,2,1:3001:2789,ENMORT001,1:1:71:10:1:0:1,0,false,false,false,false,0
ENMORT002,none,,2026-08-09T09:15:18.000Z,21.37453609,-157.73721308,UAV 1,2,1:3001:2834,ENMORT002,1:1:71:10:1:0:1,0,false,false,false,false,0
ENMORT005,none,,2026-08-09T09:15:18.000Z,21.37457651,-157.73710572,UAV 1,2,1:3001:2607,ENMORT005,1:1:71:10:1:0:1,0,false,false,false,false,0
ENMORT004,none,,2026-08-09T09:15:18.000Z,21.37447596,-157.73706256,UAV 1,2,1:3001:2630,ENMORT004,1:1:71:10:1:0:1,0,false,false,false,false,0
ENMORT003,none,,2026-08-09T09:15:18.000Z,21.37463664,-157.73725624,UAV 1,2,1:3001:2865,ENMORT003,1:1:71:10:1:0:1,0,false,false,false,false,0
ENZPU001,none,,2026-08-09T09:15:18.000Z,21.37550111,-157.74438876,UAV 1,2,1:3001:2659,ENZPU001,1:1:222:28:13:7:3,0,false,false,false,false,0
ENZPU002,none,,2026-08-09T09:15:18.000Z,21.37545350,-157.74447070,UAV 1,2,1:3001:2807,ENZPU002,1:1:222:28:13:7:3,0,false,false,false,false,0
ENZPU003,none,,2026-08-09T09:15:18.000Z,21.37540589,-157.74455264,UAV 1,2,1:3001:2809,ENZPU003,1:1:222:28:13:7:3,0,false,false,false,false,0
ENMORT001,none,,2026-08-09T09:15:18.000Z,21.37443553,-157.73716992,UAV 1,2,1:3001:2789,ENMORT001,1:1:71:10:1:0:1,0,false,false,false,false,0
ENMORT002,none,,2026-08-09T09:15:18.000Z,21.37453609,-157.73721308,UAV 1,2,1:3001:2834,ENMORT002,1:1:71:10:1:0:1,0,false,false,false,false,0
ENMORT005,none,,2026-08-09T09:15:18.000Z,21.37457651,-157.73710572,UAV 1,2,1:3001:2607,ENMORT005,1:1:71:10:1:0:1,0,false,false,false,false,0
ENMORT004,none,,2026-08-09T09:15:18.000Z,21.37447596,-157.73706256,UAV 1,2,1:3001:2630,ENMORT004,1:1:71:10:1:0:1,0,false,false,false,false,0
ENMORT003,none,,2026-08-09T09:15:18.000Z,21.37463664,-157.73725624,UAV 1,2,1:3001:2865,ENMORT003,1:1:71:10:1:0:1,0,false,false,false,false,0
ENZPU001,none,,2026-08-09T09:15:18.000Z,21.37550111,-157.74438876,UAV 1,2,1:3001:2659,ENZPU001,1:1:222:28:13:7:3,0,false,false,false,false,0
ENZPU002,none,,2026-08-09T09:15:18.000Z,21.37545350,-157.74447070,UAV 1,2,1:3001:2807,ENZPU002,1:1:222:28:13:7:3,0,false,false,false,false,0
ENZPU003,none,,2026-08-09T09:15:18.000Z,21.37540589,-157.74455264,UAV 1,2,1:3001:2809,ENZPU003,1:1:222:28:13:7:3,0,false,false,false,false,0
ENMORT001,none,,2026-08-09T09:15:19.000Z,21.37443553,-157.73716992,UAV 1,2,1:3001:2789,ENMORT001,1:1:71:10:1:0:1,0,false,false,false,false,0
ENMORT002,none,,2026-08-09T09:15:19.000Z,21.37453609,-157.73721308,UAV 1,2,1:3001:2834,ENMORT002,1:1:71:10:1:0:1,0,false,false,false,false,0
ENMORT005,none,,2026-08-09T09:15:19.000Z,21.37457651,-157.73710572,UAV 1,2,1:3001:2607,ENMORT005,1:1:71:10:1:0:1,0,false,false,false,false,0
ENMORT004,none,,2026-08-09T09:15:19.000Z,21.37447596,-157.73706256,UAV 1,2,1:3001:2630,ENMORT004,1:1:71:10:1:0:1,0,false,false,false,false,0
ENMORT003,none,,2026-08-09T09:15:19.000Z,21.37463664,-157.73725624,UAV 1,2,1:3001:2865,ENMORT003,1:1:71:10:1:0:1,0,false,false,false,false,0
ENZPU001,none,,2026-08-09T09:15:19.000Z,21.37550111,-157.74438876,UAV 1,2,1:3001:2659,ENZPU001,1:1:222:28:13:7:3,0,false,false,false,false,0
ENZPU002,none,,2026-08-09T09:15:19.000Z,21.37545350,-157.74447070,UAV 1,2,1:3001:2807,ENZPU002,1:1:222:28:13:7:3,0,false,false,false,false,0
ENZPU003,none,,2026-08-09T09:15:19.000Z,21.37540589,-157.74455264,UAV 1,2,1:3001:2809,ENZPU003,1:1:222:28:13:7:3,0,false,false,false,false,0
ENMORT001,none,,2026-08-09T09:15:19.000Z,21.37443553,-157.73716992,UAV 1,2,1:3001:2789,ENMORT001,1:1:71:10:1:0:1,0,false,false,false,false,0
ENMORT002,none,,2026-08-09T09:15:19.000Z,21.37453609,-157.73721308,UAV 1,2,1:3001:2834,ENMORT002,1:1:71:10:1:0:1,0,false,false,false,false,0
ENMORT005,none,,2026-08-09T09:15:19.000Z,21.37457651,-157.73710572,UAV 1,2,1:3001:2607,ENMORT005,1:1:71:10:1:0:1,0,false,false,false,false,0
ENMORT004,none,,2026-08-09T09:15:19.000Z,21.37447596,-157.73706256,UAV 1,2,1:3001:2630,ENMORT004,1:1:71:10:1:0:1,0,false,false,false,false,0
ENMORT003,none,,2026-08-09T09:15:19.000Z,21.37463664,-157.73725624,UAV 1,2,1:3001:2865,ENMORT003,1:1:71:10:1:0:1,0,false,false,false,false,0
ENZPU001,none,,2026-08-09T09:15:19.000Z,21.37550111,-157.74438876,UAV 1,2,1:3001:2659,ENZPU001,1:1:222:28:13:7:3,0,false,false,false,false,0
ENZPU002,none,,2026-08-09T09:15:19.000Z,21.37545350,-157.74447070,UAV 1,2,1:3001:2807,ENZPU002,1:1:222:28:13:7:3,0,false,false,false,false,0
ENZPU003,none,,2026-08-09T09:15:19.000Z,21.37540589,-157.74455264,UAV 1,2,1:3001:2809,ENZPU003,1:1:222:28:13:7:3,0,false,false,false,false,0
ENMORT001,none,,2026-08-09T09:15:20.000Z,21.37443553,-157.73716992,UAV 1,2,1:3001:2789,ENMORT001,1:1:71:10:1:0:1,0,false,false,false,false,0
ENMORT002,none,,2026-08-09T09:15:20.000Z,21.37453609,-157.73721308,UAV 1,2,1:3001:2834,ENMORT002,1:1:71:10:1:0:1,0,false,false,false,false,0
ENMORT005,none,,2026-08-09T09:15:20.000Z,21.37457651,-157.73710572,UAV 1,2,1:3001:2607,ENMORT005,1:1:71:10:1:0:1,0,false,false,false,false,0
ENMORT004,none,,2026-08-09T09:15:20.000Z,21.37447596,-157.73706256,UAV 1,2,1:3001:2630,ENMORT004,1:1:71:10:1:0:1,0,false,false,false,false,0
ENMORT003,none,,2026-08-09T09:15:20.000Z,21.37463664,-157.73725624,UAV 1,2,1:3001:2865,ENMORT003,1:1:71:10:1:0:1,0,false,false,false,false,0
ENZPU001,none,,2026-08-09T09:15:20.000Z,21.37550111,-157.74438876,UAV 1,2,1:3001:2659,ENZPU001,1:1:222:28:13:7:3,0,false,false,false,false,0
ENZPU002,none,,2026-08-09T09:15:20.000Z,21.37545350,-157.74447070,UAV 1,2,1:3001:2807,ENZPU002,1:1:222:28:13:7:3,0,false,false,false,false,0
ENZPU003,none,,2026-08-09T09:15:20.000Z,21.37540589,-157.74455264,UAV 1,2,1:3001:2809,ENZPU003,1:1:222:28:13:7:3,0,false,false,false,false,0
ENMORT001,none,,2026-08-09T09:15:21.000Z,21.37443553,-157.73716992,UAV 1,2,1:3001:2789,ENMORT001,1:1:71:10:1:0:1,0,false,false,false,false,0
ENMORT002,none,,2026-08-09T09:15:21.000Z,21.37453609,-157.73721308,UAV 1,2,1:3001:2834,ENMORT002,1:1:71:10:1:0:1,0,false,false,false,false,0
ENMORT003,none,,2026-08-09T09:15:21.000Z,21.37463664,-157.73725624,UAV 1,2,1:3001:2865,ENMORT003,1:1:71:10:1:0:1,0,false,false,false,false,0
ENZPU001,none,,2026-08-09T09:15:21.000Z,21.37550111,-157.74438876,UAV 1,2,1:3001:2659,ENZPU001,1:1:222:28:13:7:3,0,false,false,false,false,0
ENZPU002,none,,2026-08-09T09:15:21.000Z,21.37545350,-157.74447070,UAV 1,2,1:3001:2807,ENZPU002,1:1:222:28:13:7:3,0,false,false,false,false,0
ENZPU003,none,,2026-08-09T09:15:21.000Z,21.37540589,-157.74455264,UAV 1,2,1:3001:2809,ENZPU003,1:1:222:28:13:7:3,0,false,false,false,false,0
ENM35002,move to,LOC_적북측접근로,2026-08-09T09:15:21.000Z,21.37135801,-157.74162763,UAV 1,2,1:3001:2740,ENM35002,1:1:225:7:1:6:0,0,false,false,false,false,0
ENMORT001,none,,2026-08-09T09:15:21.000Z,21.37443553,-157.73716992,UAV 1,2,1:3001:2789,ENMORT001,1:1:71:10:1:0:1,0,false,false,false,false,0
ENMORT002,none,,2026-08-09T09:15:21.000Z,21.37453609,-157.73721308,UAV 1,2,1:3001:2834,ENMORT002,1:1:71:10:1:0:1,0,false,false,false,false,0
ENMORT003,none,,2026-08-09T09:15:21.000Z,21.37463664,-157.73725624,UAV 1,2,1:3001:2865,ENMORT003,1:1:71:10:1:0:1,0,false,false,false,false,0
ENZPU001,none,,2026-08-09T09:15:21.000Z,21.37550111,-157.74438876,UAV 1,2,1:3001:2659,ENZPU001,1:1:222:28:13:7:3,0,false,false,false,false,0
ENZPU002,none,,2026-08-09T09:15:21.000Z,21.37545350,-157.74447070,UAV 1,2,1:3001:2807,ENZPU002,1:1:222:28:13:7:3,0,false,false,false,false,0
ENZPU003,none,,2026-08-09T09:15:21.000Z,21.37540589,-157.74455264,UAV 1,2,1:3001:2809,ENZPU003,1:1:222:28:13:7:3,0,false,false,false,false,0
ENM35002,move to,LOC_적북측접근로,2026-08-09T09:15:21.000Z,21.37135801,-157.74162763,UAV 1,2,1:3001:2740,ENM35002,1:1:225:7:1:6:0,0,false,false,false,false,0
ENMORT001,none,,2026-08-09T09:15:22.000Z,21.37443553,-157.73716992,UAV 1,2,1:3001:2789,ENMORT001,1:1:71:10:1:0:1,0,false,false,false,false,0
ENMORT002,none,,2026-08-09T09:15:22.000Z,21.37453609,-157.73721308,UAV 1,2,1:3001:2834,ENMORT002,1:1:71:10:1:0:1,0,false,false,false,false,0
ENMORT003,none,,2026-08-09T09:15:22.000Z,21.37463664,-157.73725624,UAV 1,2,1:3001:2865,ENMORT003,1:1:71:10:1:0:1,0,false,false,false,false,0
ENZPU001,none,,2026-08-09T09:15:22.000Z,21.37550111,-157.74438876,UAV 1,2,1:3001:2659,ENZPU001,1:1:222:28:13:7:3,0,false,false,false,false,0
ENZPU002,none,,2026-08-09T09:15:22.000Z,21.37545350,-157.74447070,UAV 1,2,1:3001:2807,ENZPU002,1:1:222:28:13:7:3,0,false,false,false,false,0
ENZPU003,none,,2026-08-09T09:15:22.000Z,21.37540589,-157.74455264,UAV 1,2,1:3001:2809,ENZPU003,1:1:222:28:13:7:3,0,false,false,false,false,0
ENM35002,move to,LOC_적북측접근로,2026-08-09T09:15:22.000Z,21.37135801,-157.74162763,UAV 1,2,1:3001:2740,ENM35002,1:1:225:7:1:6:0,0,false,false,false,false,0
ENMORT001,none,,2026-08-09T09:15:22.000Z,21.37443553,-157.73716992,UAV 1,2,1:3001:2789,ENMORT001,1:1:71:10:1:0:1,0,false,false,false,false,0
ENMORT002,none,,2026-08-09T09:15:22.000Z,21.37453609,-157.73721308,UAV 1,2,1:3001:2834,ENMORT002,1:1:71:10:1:0:1,0,false,false,false,false,0
ENMORT003,none,,2026-08-09T09:15:22.000Z,21.37463664,-157.73725624,UAV 1,2,1:3001:2865,ENMORT003,1:1:71:10:1:0:1,0,false,false,false,false,0
ENZPU001,none,,2026-08-09T09:15:22.000Z,21.37550111,-157.74438876,UAV 1,2,1:3001:2659,ENZPU001,1:1:222:28:13:7:3,0,false,false,false,false,0
ENZPU002,none,,2026-08-09T09:15:22.000Z,21.37545350,-157.74447070,UAV 1,2,1:3001:2807,ENZPU002,1:1:222:28:13:7:3,0,false,false,false,false,0
ENZPU003,none,,2026-08-09T09:15:22.000Z,21.37540589,-157.74455264,UAV 1,2,1:3001:2809,ENZPU003,1:1:222:28:13:7:3,0,false,false,false,false,0
ENM35002,move to,LOC_적북측접근로,2026-08-09T09:15:22.000Z,21.37135801,-157.74162763,UAV 1,2,1:3001:2740,ENM35002,1:1:225:7:1:6:0,0,false,false,false,false,0
ENZPU001,none,,2026-08-09T09:15:23.000Z,21.37550111,-157.74438876,UAV 1,2,1:3001:2659,ENZPU001,1:1:222:28:13:7:3,0,false,false,false,false,0
ENZPU002,none,,2026-08-09T09:15:23.000Z,21.37545350,-157.74447070,UAV 1,2,1:3001:2807,ENZPU002,1:1:222:28:13:7:3,0,false,false,false,false,0
ENZPU003,none,,2026-08-09T09:15:23.000Z,21.37540589,-157.74455264,UAV 1,2,1:3001:2809,ENZPU003,1:1:222:28:13:7:3,0,false,false,false,false,0
ENZPU001,none,,2026-08-09T09:15:23.000Z,21.37550111,-157.74438876,UAV 1,2,1:3001:2659,ENZPU001,1:1:222:28:13:7:3,0,false,false,false,false,0
ENZPU002,none,,2026-08-09T09:15:23.000Z,21.37545350,-157.74447070,UAV 1,2,1:3001:2807,ENZPU002,1:1:222:28:13:7:3,0,false,false,false,false,0
ENZPU003,none,,2026-08-09T09:15:23.000Z,21.37540589,-157.74455264,UAV 1,2,1:3001:2809,ENZPU003,1:1:222:28:13:7:3,0,false,false,false,false,0
ENZPU001,none,,2026-08-09T09:15:24.000Z,21.37550111,-157.74438876,UAV 1,2,1:3001:2659,ENZPU001,1:1:222:28:13:7:3,0,false,false,false,false,0
ENZPU002,none,,2026-08-09T09:15:24.000Z,21.37545350,-157.74447070,UAV 1,2,1:3001:2807,ENZPU002,1:1:222:28:13:7:3,0,false,false,false,false,0
ENZPU003,none,,2026-08-09T09:15:24.000Z,21.37540589,-157.74455264,UAV 1,2,1:3001:2809,ENZPU003,1:1:222:28:13:7:3,0,false,false,false,false,0
ENZPU001,none,,2026-08-09T09:15:25.000Z,21.37550111,-157.74438876,UAV 1,2,1:3001:2659,ENZPU001,1:1:222:28:13:7:3,0,false,false,false,false,0
ENZPU002,none,,2026-08-09T09:15:25.000Z,21.37545350,-157.74447070,UAV 1,2,1:3001:2807,ENZPU002,1:1:222:28:13:7:3,0,false,false,false,false,0
ENZPU003,none,,2026-08-09T09:15:25.000Z,21.37540589,-157.74455264,UAV 1,2,1:3001:2809,ENZPU003,1:1:222:28:13:7:3,0,false,false,false,false,0
ENM35003,move to,LOC_적북측접근로,2026-08-09T09:15:25.000Z,21.37135783,-157.74162324,UAV 1,2,1:3001:2894,ENM35003,1:1:225:7:1:6:0,0,false,false,false,false,0
ENZPU001,none,,2026-08-09T09:15:25.000Z,21.37550111,-157.74438876,UAV 1,2,1:3001:2659,ENZPU001,1:1:222:28:13:7:3,0,false,false,false,false,0
ENZPU002,none,,2026-08-09T09:15:25.000Z,21.37545350,-157.74447070,UAV 1,2,1:3001:2807,ENZPU002,1:1:222:28:13:7:3,0,false,false,false,false,0
ENZPU003,none,,2026-08-09T09:15:25.000Z,21.37540589,-157.74455264,UAV 1,2,1:3001:2809,ENZPU003,1:1:222:28:13:7:3,0,false,false,false,false,0
ENM35003,move to,LOC_적북측접근로,2026-08-09T09:15:25.000Z,21.37135783,-157.74162324,UAV 1,2,1:3001:2894,ENM35003,1:1:225:7:1:6:0,0,false,false,false,false,0
ENZPU001,none,,2026-08-09T09:15:26.000Z,21.37550111,-157.74438876,UAV 1,2,1:3001:2659,ENZPU001,1:1:222:28:13:7:3,0,false,false,false,false,0
ENZPU002,none,,2026-08-09T09:15:26.000Z,21.37545350,-157.74447070,UAV 1,2,1:3001:2807,ENZPU002,1:1:222:28:13:7:3,0,false,false,false,false,0
ENZPU003,none,,2026-08-09T09:15:26.000Z,21.37540589,-157.74455264,UAV 1,2,1:3001:2809,ENZPU003,1:1:222:28:13:7:3,0,false,false,false,false,0
ENM35003,move to,LOC_적북측접근로,2026-08-09T09:15:26.000Z,21.37135783,-157.74162324,UAV 1,2,1:3001:2894,ENM35003,1:1:225:7:1:6:0,0,false,false,false,false,0
ENZPU001,none,,2026-08-09T09:15:26.000Z,21.37550111,-157.74438876,UAV 1,2,1:3001:2659,ENZPU001,1:1:222:28:13:7:3,0,false,false,false,false,0
ENZPU002,none,,2026-08-09T09:15:26.000Z,21.37545350,-157.74447070,UAV 1,2,1:3001:2807,ENZPU002,1:1:222:28:13:7:3,0,false,false,false,false,0
ENZPU003,none,,2026-08-09T09:15:26.000Z,21.37540589,-157.74455264,UAV 1,2,1:3001:2809,ENZPU003,1:1:222:28:13:7:3,0,false,false,false,false,0
ENM35003,move to,LOC_적북측접근로,2026-08-09T09:15:26.000Z,21.37135783,-157.74162324,UAV 1,2,1:3001:2894,ENM35003,1:1:225:7:1:6:0,0,false,false,false,false,0
ENZPU001,none,,2026-08-09T09:15:27.000Z,21.37550111,-157.74438876,UAV 1,2,1:3001:2659,ENZPU001,1:1:222:28:13:7:3,0,false,false,false,false,0
ENZPU002,none,,2026-08-09T09:15:27.000Z,21.37545350,-157.74447070,UAV 1,2,1:3001:2807,ENZPU002,1:1:222:28:13:7:3,0,false,false,false,false,0
ENZPU003,none,,2026-08-09T09:15:27.000Z,21.37540589,-157.74455264,UAV 1,2,1:3001:2809,ENZPU003,1:1:222:28:13:7:3,0,false,false,false,false,0
ENM35003,move to,LOC_적북측접근로,2026-08-09T09:15:27.000Z,21.37135164,-157.74164942,UAV 1,2,1:3001:2894,ENM35003,1:1:225:7:1:6:0,0,false,false,false,false,0
ENM35004,move to,LOC_적북측접근로,2026-08-09T09:15:27.000Z,21.37136860,-157.74158473,UAV 1,2,1:3001:2650,ENM35004,1:1:225:7:1:6:0,0,false,false,false,false,0
ENZPU001,none,,2026-08-09T09:15:27.000Z,21.37550111,-157.74438876,UAV 1,2,1:3001:2659,ENZPU001,1:1:222:28:13:7:3,0,false,false,false,false,0
ENZPU002,none,,2026-08-09T09:15:27.000Z,21.37545350,-157.74447070,UAV 1,2,1:3001:2807,ENZPU002,1:1:222:28:13:7:3,0,false,false,false,false,0
ENZPU003,none,,2026-08-09T09:15:27.000Z,21.37540589,-157.74455264,UAV 1,2,1:3001:2809,ENZPU003,1:1:222:28:13:7:3,0,false,false,false,false,0
ENM35003,move to,LOC_적북측접근로,2026-08-09T09:15:27.000Z,21.37135164,-157.74164942,UAV 1,2,1:3001:2894,ENM35003,1:1:225:7:1:6:0,0,false,false,false,false,0
ENM35004,move to,LOC_적북측접근로,2026-08-09T09:15:27.000Z,21.37136860,-157.74158473,UAV 1,2,1:3001:2650,ENM35004,1:1:225:7:1:6:0,0,false,false,false,false,0
ENZPU001,none,,2026-08-09T09:15:28.000Z,21.37550111,-157.74438876,UAV 1,2,1:3001:2659,ENZPU001,1:1:222:28:13:7:3,0,false,false,false,false,0
ENZPU002,none,,2026-08-09T09:15:28.000Z,21.37545350,-157.74447070,UAV 1,2,1:3001:2807,ENZPU002,1:1:222:28:13:7:3,0,false,false,false,false,0
ENZPU003,none,,2026-08-09T09:15:28.000Z,21.37540589,-157.74455264,UAV 1,2,1:3001:2809,ENZPU003,1:1:222:28:13:7:3,0,false,false,false,false,0
ENM35003,move to,LOC_적북측접근로,2026-08-09T09:15:28.000Z,21.37135164,-157.74164942,UAV 1,2,1:3001:2894,ENM35003,1:1:225:7:1:6:0,0,false,false,false,false,0
ENM35004,move to,LOC_적북측접근로,2026-08-09T09:15:28.000Z,21.37136860,-157.74158473,UAV 1,2,1:3001:2650,ENM35004,1:1:225:7:1:6:0,0,false,false,false,false,0
ENZPU001,none,,2026-08-09T09:15:28.000Z,21.37550111,-157.74438876,UAV 1,2,1:3001:2659,ENZPU001,1:1:222:28:13:7:3,0,false,false,false,false,0
ENZPU002,none,,2026-08-09T09:15:28.000Z,21.37545350,-157.74447070,UAV 1,2,1:3001:2807,ENZPU002,1:1:222:28:13:7:3,0,false,false,false,false,0
ENZPU003,none,,2026-08-09T09:15:28.000Z,21.37540589,-157.74455264,UAV 1,2,1:3001:2809,ENZPU003,1:1:222:28:13:7:3,0,false,false,false,false,0
ENM35003,move to,LOC_적북측접근로,2026-08-09T09:15:28.000Z,21.37135164,-157.74164942,UAV 1,2,1:3001:2894,ENM35003,1:1:225:7:1:6:0,0,false,false,false,false,0
ENM35004,move to,LOC_적북측접근로,2026-08-09T09:15:28.000Z,21.37136860,-157.74158473,UAV 1,2,1:3001:2650,ENM35004,1:1:225:7:1:6:0,0,false,false,false,false,0
ENZPU001,none,,2026-08-09T09:15:29.000Z,21.37550111,-157.74438876,UAV 1,2,1:3001:2659,ENZPU001,1:1:222:28:13:7:3,0,false,false,false,false,0
ENZPU002,none,,2026-08-09T09:15:29.000Z,21.37545350,-157.74447070,UAV 1,2,1:3001:2807,ENZPU002,1:1:222:28:13:7:3,0,false,false,false,false,0
ENZPU003,none,,2026-08-09T09:15:29.000Z,21.37540589,-157.74455264,UAV 1,2,1:3001:2809,ENZPU003,1:1:222:28:13:7:3,0,false,false,false,false,0
ENZPU001,none,,2026-08-09T09:15:29.000Z,21.37550111,-157.74438876,UAV 1,2,1:3001:2659,ENZPU001,1:1:222:28:13:7:3,0,false,false,false,false,0
ENZPU002,none,,2026-08-09T09:15:29.000Z,21.37545350,-157.74447070,UAV 1,2,1:3001:2807,ENZPU002,1:1:222:28:13:7:3,0,false,false,false,false,0
ENZPU003,none,,2026-08-09T09:15:29.000Z,21.37540589,-157.74455264,UAV 1,2,1:3001:2809,ENZPU003,1:1:222:28:13:7:3,0,false,false,false,false,0
ENZPU001,none,,2026-08-09T09:15:30.000Z,21.37550111,-157.74438876,UAV 1,2,1:3001:2659,ENZPU001,1:1:222:28:13:7:3,0,false,false,false,false,0
ENZPU002,none,,2026-08-09T09:15:30.000Z,21.37545350,-157.74447070,UAV 1,2,1:3001:2807,ENZPU002,1:1:222:28:13:7:3,0,false,false,false,false,0
ENZPU003,none,,2026-08-09T09:15:30.000Z,21.37540589,-157.74455264,UAV 1,2,1:3001:2809,ENZPU003,1:1:222:28:13:7:3,0,false,false,false,false,0
ENZPU001,none,,2026-08-09T09:15:30.000Z,21.37550111,-157.74438876,UAV 1,2,1:3001:2659,ENZPU001,1:1:222:28:13:7:3,0,false,false,false,false,0
ENZPU002,none,,2026-08-09T09:15:30.000Z,21.37545350,-157.74447070,UAV 1,2,1:3001:2807,ENZPU002,1:1:222:28:13:7:3,0,false,false,false,false,0
ENZPU003,none,,2026-08-09T09:15:30.000Z,21.37540589,-157.74455264,UAV 1,2,1:3001:2809,ENZPU003,1:1:222:28:13:7:3,0,false,false,false,false,0
ENZPU001,none,,2026-08-09T09:15:31.000Z,21.37550111,-157.74438876,UAV 1,2,1:3001:2659,ENZPU001,1:1:222:28:13:7:3,0,false,false,false,false,0
ENZPU002,none,,2026-08-09T09:15:31.000Z,21.37545350,-157.74447070,UAV 1,2,1:3001:2807,ENZPU002,1:1:222:28:13:7:3,0,false,false,false,false,0
ENZPU003,none,,2026-08-09T09:15:31.000Z,21.37540589,-157.74455264,UAV 1,2,1:3001:2809,ENZPU003,1:1:222:28:13:7:3,0,false,false,false,false,0
ENM35001,move to,LOC_적북측접근로,2026-08-09T09:15:31.000Z,21.37137060,-157.74156930,UAV 1,2,1:3001:2754,ENM35001,1:1:225:7:1:6:0,0,false,false,false,false,0
ENZPU001,none,,2026-08-09T09:15:31.000Z,21.37550111,-157.74438876,UAV 1,2,1:3001:2659,ENZPU001,1:1:222:28:13:7:3,0,false,false,false,false,0
ENZPU002,none,,2026-08-09T09:15:31.000Z,21.37545350,-157.74447070,UAV 1,2,1:3001:2807,ENZPU002,1:1:222:28:13:7:3,0,false,false,false,false,0
ENZPU003,none,,2026-08-09T09:15:31.000Z,21.37540589,-157.74455264,UAV 1,2,1:3001:2809,ENZPU003,1:1:222:28:13:7:3,0,false,false,false,false,0
ENM35001,move to,LOC_적북측접근로,2026-08-09T09:15:31.000Z,21.37137060,-157.74156930,UAV 1,2,1:3001:2754,ENM35001,1:1:225:7:1:6:0,0,false,false,false,false,0
ENZPU001,none,,2026-08-09T09:15:32.000Z,21.37550111,-157.74438876,UAV 1,2,1:3001:2659,ENZPU001,1:1:222:28:13:7:3,0,false,false,false,false,0
ENZPU002,none,,2026-08-09T09:15:32.000Z,21.37545350,-157.74447070,UAV 1,2,1:3001:2807,ENZPU002,1:1:222:28:13:7:3,0,false,false,false,false,0
ENZPU003,none,,2026-08-09T09:15:32.000Z,21.37540589,-157.74455264,UAV 1,2,1:3001:2809,ENZPU003,1:1:222:28:13:7:3,0,false,false,false,false,0
ENM35001,move to,LOC_적북측접근로,2026-08-09T09:15:32.000Z,21.37137060,-157.74156930,UAV 1,2,1:3001:2754,ENM35001,1:1:225:7:1:6:0,0,false,false,false,false,0
ENZPU001,none,,2026-08-09T09:15:32.000Z,21.37550111,-157.74438876,UAV 1,2,1:3001:2659,ENZPU001,1:1:222:28:13:7:3,0,false,false,false,false,0
ENZPU002,none,,2026-08-09T09:15:32.000Z,21.37545350,-157.74447070,UAV 1,2,1:3001:2807,ENZPU002,1:1:222:28:13:7:3,0,false,false,false,false,0
ENZPU003,none,,2026-08-09T09:15:32.000Z,21.37540589,-157.74455264,UAV 1,2,1:3001:2809,ENZPU003,1:1:222:28:13:7:3,0,false,false,false,false,0
ENM35001,move to,LOC_적북측접근로,2026-08-09T09:15:32.000Z,21.37137060,-157.74156930,UAV 1,2,1:3001:2754,ENM35001,1:1:225:7:1:6:0,0,false,false,false,false,0
ENZPU001,none,,2026-08-09T09:15:33.000Z,21.37550111,-157.74438876,UAV 1,2,1:3001:2659,ENZPU001,1:1:222:28:13:7:3,0,false,false,false,false,0
ENZPU002,none,,2026-08-09T09:15:33.000Z,21.37545350,-157.74447070,UAV 1,2,1:3001:2807,ENZPU002,1:1:222:28:13:7:3,0,false,false,false,false,0
ENZPU003,none,,2026-08-09T09:15:33.000Z,21.37540589,-157.74455264,UAV 1,2,1:3001:2809,ENZPU003,1:1:222:28:13:7:3,0,false,false,false,false,0
ENM35004,move to,LOC_적북측접근로,2026-08-09T09:15:33.000Z,21.37135343,-157.74164610,UAV 1,2,1:3001:2650,ENM35004,1:1:225:7:1:6:0,0,false,false,false,false,0
ENZPU001,none,,2026-08-09T09:15:33.000Z,21.37550111,-157.74438876,UAV 1,2,1:3001:2659,ENZPU001,1:1:222:28:13:7:3,0,false,false,false,false,0
ENZPU002,none,,2026-08-09T09:15:33.000Z,21.37545350,-157.74447070,UAV 1,2,1:3001:2807,ENZPU002,1:1:222:28:13:7:3,0,false,false,false,false,0
ENZPU003,none,,2026-08-09T09:15:33.000Z,21.37540589,-157.74455264,UAV 1,2,1:3001:2809,ENZPU003,1:1:222:28:13:7:3,0,false,false,false,false,0
ENM35004,move to,LOC_적북측접근로,2026-08-09T09:15:33.000Z,21.37135343,-157.74164610,UAV 1,2,1:3001:2650,ENM35004,1:1:225:7:1:6:0,0,false,false,false,false,0
ENZPU001,none,,2026-08-09T09:15:34.000Z,21.37550111,-157.74438876,UAV 1,2,1:3001:2659,ENZPU001,1:1:222:28:13:7:3,0,false,false,false,false,0
ENZPU002,none,,2026-08-09T09:15:34.000Z,21.37545350,-157.74447070,UAV 1,2,1:3001:2807,ENZPU002,1:1:222:28:13:7:3,0,false,false,false,false,0
ENZPU003,none,,2026-08-09T09:15:34.000Z,21.37540589,-157.74455264,UAV 1,2,1:3001:2809,ENZPU003,1:1:222:28:13:7:3,0,false,false,false,false,0
ENM35004,move to,LOC_적북측접근로,2026-08-09T09:15:34.000Z,21.37135343,-157.74164610,UAV 1,2,1:3001:2650,ENM35004,1:1:225:7:1:6:0,0,false,false,false,false,0
ENZPU001,none,,2026-08-09T09:15:34.000Z,21.37550111,-157.74438876,UAV 1,2,1:3001:2659,ENZPU001,1:1:222:28:13:7:3,0,false,false,false,false,0
ENZPU002,none,,2026-08-09T09:15:34.000Z,21.37545350,-157.74447070,UAV 1,2,1:3001:2807,ENZPU002,1:1:222:28:13:7:3,0,false,false,false,false,0
ENZPU003,none,,2026-08-09T09:15:34.000Z,21.37540589,-157.74455264,UAV 1,2,1:3001:2809,ENZPU003,1:1:222:28:13:7:3,0,false,false,false,false,0
ENM35004,move to,LOC_적북측접근로,2026-08-09T09:15:34.000Z,21.37135343,-157.74164610,UAV 1,2,1:3001:2650,ENM35004,1:1:225:7:1:6:0,0,false,false,false,false,0
ENZPU001,none,,2026-08-09T09:15:35.000Z,21.37550111,-157.74438876,UAV 1,2,1:3001:2659,ENZPU001,1:1:222:28:13:7:3,0,false,false,false,false,0
ENZPU002,none,,2026-08-09T09:15:35.000Z,21.37545350,-157.74447070,UAV 1,2,1:3001:2807,ENZPU002,1:1:222:28:13:7:3,0,false,false,false,false,0
ENZPU003,none,,2026-08-09T09:15:35.000Z,21.37540589,-157.74455264,UAV 1,2,1:3001:2809,ENZPU003,1:1:222:28:13:7:3,0,false,false,false,false,0
ENMORT001,none,,2026-08-09T09:15:35.000Z,21.37443553,-157.73716992,UAV 1,2,1:3001:2789,ENMORT001,1:1:71:10:1:0:1,0,false,false,false,false,0
ENZPU001,none,,2026-08-09T09:15:35.000Z,21.37550111,-157.74438876,UAV 1,2,1:3001:2659,ENZPU001,1:1:222:28:13:7:3,0,false,false,false,false,0
ENZPU002,none,,2026-08-09T09:15:35.000Z,21.37545350,-157.74447070,UAV 1,2,1:3001:2807,ENZPU002,1:1:222:28:13:7:3,0,false,false,false,false,0
ENZPU003,none,,2026-08-09T09:15:35.000Z,21.37540589,-157.74455264,UAV 1,2,1:3001:2809,ENZPU003,1:1:222:28:13:7:3,0,false,false,false,false,0
ENMORT001,none,,2026-08-09T09:15:35.000Z,21.37443553,-157.73716992,UAV 1,2,1:3001:2789,ENMORT001,1:1:71:10:1:0:1,0,false,false,false,false,0
ENZPU001,none,,2026-08-09T09:15:36.000Z,21.37550111,-157.74438876,UAV 1,2,1:3001:2659,ENZPU001,1:1:222:28:13:7:3,0,false,false,false,false,0
ENZPU002,none,,2026-08-09T09:15:36.000Z,21.37545350,-157.74447070,UAV 1,2,1:3001:2807,ENZPU002,1:1:222:28:13:7:3,0,false,false,false,false,0
ENZPU003,none,,2026-08-09T09:15:36.000Z,21.37540589,-157.74455264,UAV 1,2,1:3001:2809,ENZPU003,1:1:222:28:13:7:3,0,false,false,false,false,0
ENMORT001,none,,2026-08-09T09:15:36.000Z,21.37443553,-157.73716992,UAV 1,2,1:3001:2789,ENMORT001,1:1:71:10:1:0:1,0,false,false,false,false,0
ENZPU001,none,,2026-08-09T09:15:37.000Z,21.37550111,-157.74438876,UAV 1,2,1:3001:2659,ENZPU001,1:1:222:28:13:7:3,0,false,false,false,false,0
ENZPU002,none,,2026-08-09T09:15:37.000Z,21.37545350,-157.74447070,UAV 1,2,1:3001:2807,ENZPU002,1:1:222:28:13:7:3,0,false,false,false,false,0
ENZPU003,none,,2026-08-09T09:15:37.000Z,21.37540589,-157.74455264,UAV 1,2,1:3001:2809,ENZPU003,1:1:222:28:13:7:3,0,false,false,false,false,0
ENMORT001,none,,2026-08-09T09:15:37.000Z,21.37443553,-157.73716992,UAV 1,2,1:3001:2789,ENMORT001,1:1:71:10:1:0:1,0,false,false,false,false,0
ENZPU001,none,,2026-08-09T09:15:37.000Z,21.37550111,-157.74438876,UAV 1,2,1:3001:2659,ENZPU001,1:1:222:28:13:7:3,0,false,false,false,false,0
ENZPU002,none,,2026-08-09T09:15:37.000Z,21.37545350,-157.74447070,UAV 1,2,1:3001:2807,ENZPU002,1:1:222:28:13:7:3,0,false,false,false,false,0
ENZPU003,none,,2026-08-09T09:15:37.000Z,21.37540589,-157.74455264,UAV 1,2,1:3001:2809,ENZPU003,1:1:222:28:13:7:3,0,false,false,false,false,0
ENMORT001,none,,2026-08-09T09:15:37.000Z,21.37443553,-157.73716992,UAV 1,2,1:3001:2789,ENMORT001,1:1:71:10:1:0:1,0,false,false,false,false,0
ENMORT004,none,,2026-08-09T09:15:37.000Z,21.37447596,-157.73706256,UAV 1,2,1:3001:2630,ENMORT004,1:1:71:10:1:0:1,0,false,false,false,false,0
ENM35004,move to,LOC_적북측접근로,2026-08-09T09:15:37.000Z,21.37136880,-157.74158395,UAV 1,2,1:3001:2650,ENM35004,1:1:225:7:1:6:0,0,false,false,false,false,0
ENMORT002,none,,2026-08-09T09:15:37.000Z,21.37453609,-157.73721308,UAV 1,2,1:3001:2834,ENMORT002,1:1:71:10:1:0:1,0,false,false,false,false,0
ENMORT003,none,,2026-08-09T09:15:37.000Z,21.37463664,-157.73725624,UAV 1,2,1:3001:2865,ENMORT003,1:1:71:10:1:0:1,0,false,false,false,false,0
ENM35003,move to,LOC_적북측접근로,2026-08-09T09:15:37.000Z,21.37137839,-157.74153637,UAV 1,2,1:3001:2894,ENM35003,1:1:225:7:1:6:0,0,false,false,false,false,0
ENZPU001,none,,2026-08-09T09:15:38.000Z,21.37550111,-157.74438876,UAV 1,2,1:3001:2659,ENZPU001,1:1:222:28:13:7:3,0,false,false,false,false,0
ENZPU002,none,,2026-08-09T09:15:38.000Z,21.37545350,-157.74447070,UAV 1,2,1:3001:2807,ENZPU002,1:1:222:28:13:7:3,0,false,false,false,false,0
ENZPU003,none,,2026-08-09T09:15:38.000Z,21.37540589,-157.74455264,UAV 1,2,1:3001:2809,ENZPU003,1:1:222:28:13:7:3,0,false,false,false,false,0
ENMORT001,none,,2026-08-09T09:15:38.000Z,21.37443553,-157.73716992,UAV 1,2,1:3001:2789,ENMORT001,1:1:71:10:1:0:1,0,false,false,false,false,0
ENMORT004,none,,2026-08-09T09:15:38.000Z,21.37447596,-157.73706256,UAV 1,2,1:3001:2630,ENMORT004,1:1:71:10:1:0:1,0,false,false,false,false,0
ENM35004,move to,LOC_적북측접근로,2026-08-09T09:15:38.000Z,21.37136880,-157.74158395,UAV 1,2,1:3001:2650,ENM35004,1:1:225:7:1:6:0,0,false,false,false,false,0
ENMORT002,none,,2026-08-09T09:15:38.000Z,21.37453609,-157.73721308,UAV 1,2,1:3001:2834,ENMORT002,1:1:71:10:1:0:1,0,false,false,false,false,0
ENMORT003,none,,2026-08-09T09:15:38.000Z,21.37463664,-157.73725624,UAV 1,2,1:3001:2865,ENMORT003,1:1:71:10:1:0:1,0,false,false,false,false,0
ENM35003,move to,LOC_적북측접근로,2026-08-09T09:15:38.000Z,21.37137839,-157.74153637,UAV 1,2,1:3001:2894,ENM35003,1:1:225:7:1:6:0,0,false,false,false,false,0
ENZPU001,none,,2026-08-09T09:15:38.000Z,21.37550111,-157.74438876,UAV 1,2,1:3001:2659,ENZPU001,1:1:222:28:13:7:3,0,false,false,false,false,0
ENZPU002,none,,2026-08-09T09:15:38.000Z,21.37545350,-157.74447070,UAV 1,2,1:3001:2807,ENZPU002,1:1:222:28:13:7:3,0,false,false,false,false,0
ENZPU003,none,,2026-08-09T09:15:38.000Z,21.37540589,-157.74455264,UAV 1,2,1:3001:2809,ENZPU003,1:1:222:28:13:7:3,0,false,false,false,false,0
ENMORT001,none,,2026-08-09T09:15:38.000Z,21.37443553,-157.73716992,UAV 1,2,1:3001:2789,ENMORT001,1:1:71:10:1:0:1,0,false,false,false,false,0
ENMORT004,none,,2026-08-09T09:15:38.000Z,21.37447596,-157.73706256,UAV 1,2,1:3001:2630,ENMORT004,1:1:71:10:1:0:1,0,false,false,false,false,0
ENM35004,move to,LOC_적북측접근로,2026-08-09T09:15:38.000Z,21.37136880,-157.74158395,UAV 1,2,1:3001:2650,ENM35004,1:1:225:7:1:6:0,0,false,false,false,false,0
ENMORT002,none,,2026-08-09T09:15:38.000Z,21.37453609,-157.73721308,UAV 1,2,1:3001:2834,ENMORT002,1:1:71:10:1:0:1,0,false,false,false,false,0
ENMORT003,none,,2026-08-09T09:15:38.000Z,21.37463664,-157.73725624,UAV 1,2,1:3001:2865,ENMORT003,1:1:71:10:1:0:1,0,false,false,false,false,0
ENM35003,move to,LOC_적북측접근로,2026-08-09T09:15:38.000Z,21.37137839,-157.74153637,UAV 1,2,1:3001:2894,ENM35003,1:1:225:7:1:6:0,0,false,false,false,false,0
ENZPU001,none,,2026-08-09T09:15:39.000Z,21.37550111,-157.74438876,UAV 1,2,1:3001:2659,ENZPU001,1:1:222:28:13:7:3,0,false,false,false,false,0
ENZPU002,none,,2026-08-09T09:15:39.000Z,21.37545350,-157.74447070,UAV 1,2,1:3001:2807,ENZPU002,1:1:222:28:13:7:3,0,false,false,false,false,0
ENZPU003,none,,2026-08-09T09:15:39.000Z,21.37540589,-157.74455264,UAV 1,2,1:3001:2809,ENZPU003,1:1:222:28:13:7:3,0,false,false,false,false,0
ENMORT001,none,,2026-08-09T09:15:39.000Z,21.37443553,-157.73716992,UAV 1,2,1:3001:2789,ENMORT001,1:1:71:10:1:0:1,0,false,false,false,false,0
ENMORT004,none,,2026-08-09T09:15:39.000Z,21.37447596,-157.73706256,UAV 1,2,1:3001:2630,ENMORT004,1:1:71:10:1:0:1,0,false,false,false,false,0
ENM35004,move to,LOC_적북측접근로,2026-08-09T09:15:39.000Z,21.37136880,-157.74158395,UAV 1,2,1:3001:2650,ENM35004,1:1:225:7:1:6:0,0,false,false,false,false,0
ENMORT002,none,,2026-08-09T09:15:39.000Z,21.37453609,-157.73721308,UAV 1,2,1:3001:2834,ENMORT002,1:1:71:10:1:0:1,0,false,false,false,false,0
ENMORT003,none,,2026-08-09T09:15:39.000Z,21.37463664,-157.73725624,UAV 1,2,1:3001:2865,ENMORT003,1:1:71:10:1:0:1,0,false,false,false,false,0
ENM35003,move to,LOC_적북측접근로,2026-08-09T09:15:39.000Z,21.37137839,-157.74153637,UAV 1,2,1:3001:2894,ENM35003,1:1:225:7:1:6:0,0,false,false,false,false,0
ENZPU001,none,,2026-08-09T09:15:39.000Z,21.37550111,-157.74438876,UAV 1,2,1:3001:2659,ENZPU001,1:1:222:28:13:7:3,0,false,false,false,false,0
ENZPU002,none,,2026-08-09T09:15:39.000Z,21.37545350,-157.74447070,UAV 1,2,1:3001:2807,ENZPU002,1:1:222:28:13:7:3,0,false,false,false,false,0
ENZPU003,none,,2026-08-09T09:15:39.000Z,21.37540589,-157.74455264,UAV 1,2,1:3001:2809,ENZPU003,1:1:222:28:13:7:3,0,false,false,false,false,0
ENMORT001,none,,2026-08-09T09:15:39.000Z,21.37443553,-157.73716992,UAV 1,2,1:3001:2789,ENMORT001,1:1:71:10:1:0:1,0,false,false,false,false,0
ENMORT004,none,,2026-08-09T09:15:39.000Z,21.37447596,-157.73706256,UAV 1,2,1:3001:2630,ENMORT004,1:1:71:10:1:0:1,0,false,false,false,false,0
ENMORT002,none,,2026-08-09T09:15:39.000Z,21.37453609,-157.73721308,UAV 1,2,1:3001:2834,ENMORT002,1:1:71:10:1:0:1,0,false,false,false,false,0
ENMORT003,none,,2026-08-09T09:15:39.000Z,21.37463664,-157.73725624,UAV 1,2,1:3001:2865,ENMORT003,1:1:71:10:1:0:1,0,false,false,false,false,0
ENMORT005,none,,2026-08-09T09:15:39.000Z,21.37457651,-157.73710572,UAV 1,2,1:3001:2607,ENMORT005,1:1:71:10:1:0:1,0,false,false,false,false,0
ENZPU001,none,,2026-08-09T09:15:40.000Z,21.37550111,-157.74438876,UAV 1,2,1:3001:2659,ENZPU001,1:1:222:28:13:7:3,0,false,false,false,false,0
ENZPU002,none,,2026-08-09T09:15:40.000Z,21.37545350,-157.74447070,UAV 1,2,1:3001:2807,ENZPU002,1:1:222:28:13:7:3,0,false,false,false,false,0
ENZPU003,none,,2026-08-09T09:15:40.000Z,21.37540589,-157.74455264,UAV 1,2,1:3001:2809,ENZPU003,1:1:222:28:13:7:3,0,false,false,false,false,0
ENMORT001,none,,2026-08-09T09:15:40.000Z,21.37443553,-157.73716992,UAV 1,2,1:3001:2789,ENMORT001,1:1:71:10:1:0:1,0,false,false,false,false,0
ENMORT004,none,,2026-08-09T09:15:40.000Z,21.37447596,-157.73706256,UAV 1,2,1:3001:2630,ENMORT004,1:1:71:10:1:0:1,0,false,false,false,false,0
ENMORT002,none,,2026-08-09T09:15:40.000Z,21.37453609,-157.73721308,UAV 1,2,1:3001:2834,ENMORT002,1:1:71:10:1:0:1,0,false,false,false,false,0
ENMORT003,none,,2026-08-09T09:15:40.000Z,21.37463664,-157.73725624,UAV 1,2,1:3001:2865,ENMORT003,1:1:71:10:1:0:1,0,false,false,false,false,0
ENMORT005,none,,2026-08-09T09:15:40.000Z,21.37457651,-157.73710572,UAV 1,2,1:3001:2607,ENMORT005,1:1:71:10:1:0:1,0,false,false,false,false,0
ENZPU001,none,,2026-08-09T09:15:40.000Z,21.37550111,-157.74438876,UAV 1,2,1:3001:2659,ENZPU001,1:1:222:28:13:7:3,0,false,false,false,false,0
ENZPU002,none,,2026-08-09T09:15:40.000Z,21.37545350,-157.74447070,UAV 1,2,1:3001:2807,ENZPU002,1:1:222:28:13:7:3,0,false,false,false,false,0
ENZPU003,none,,2026-08-09T09:15:40.000Z,21.37540589,-157.74455264,UAV 1,2,1:3001:2809,ENZPU003,1:1:222:28:13:7:3,0,false,false,false,false,0
ENMORT001,none,,2026-08-09T09:15:40.000Z,21.37443553,-157.73716992,UAV 1,2,1:3001:2789,ENMORT001,1:1:71:10:1:0:1,0,false,false,false,false,0
ENMORT004,none,,2026-08-09T09:15:40.000Z,21.37447596,-157.73706256,UAV 1,2,1:3001:2630,ENMORT004,1:1:71:10:1:0:1,0,false,false,false,false,0
ENMORT002,none,,2026-08-09T09:15:40.000Z,21.37453609,-157.73721308,UAV 1,2,1:3001:2834,ENMORT002,1:1:71:10:1:0:1,0,false,false,false,false,0
ENMORT003,none,,2026-08-09T09:15:40.000Z,21.37463664,-157.73725624,UAV 1,2,1:3001:2865,ENMORT003,1:1:71:10:1:0:1,0,false,false,false,false,0
ENMORT005,none,,2026-08-09T09:15:40.000Z,21.37457651,-157.73710572,UAV 1,2,1:3001:2607,ENMORT005,1:1:71:10:1:0:1,0,false,false,false,false,0
ENZPU001,none,,2026-08-09T09:15:41.000Z,21.37550111,-157.74438876,UAV 1,2,1:3001:2659,ENZPU001,1:1:222:28:13:7:3,0,false,false,false,false,0
ENZPU002,none,,2026-08-09T09:15:41.000Z,21.37545350,-157.74447070,UAV 1,2,1:3001:2807,ENZPU002,1:1:222:28:13:7:3,0,false,false,false,false,0
ENZPU003,none,,2026-08-09T09:15:41.000Z,21.37540589,-157.74455264,UAV 1,2,1:3001:2809,ENZPU003,1:1:222:28:13:7:3,0,false,false,false,false,0
ENMORT001,none,,2026-08-09T09:15:41.000Z,21.37443553,-157.73716992,UAV 1,2,1:3001:2789,ENMORT001,1:1:71:10:1:0:1,0,false,false,false,false,0
ENMORT004,none,,2026-08-09T09:15:41.000Z,21.37447596,-157.73706256,UAV 1,2,1:3001:2630,ENMORT004,1:1:71:10:1:0:1,0,false,false,false,false,0
ENMORT002,none,,2026-08-09T09:15:41.000Z,21.37453609,-157.73721308,UAV 1,2,1:3001:2834,ENMORT002,1:1:71:10:1:0:1,0,false,false,false,false,0
ENMORT003,none,,2026-08-09T09:15:41.000Z,21.37463664,-157.73725624,UAV 1,2,1:3001:2865,ENMORT003,1:1:71:10:1:0:1,0,false,false,false,false,0
ENMORT005,none,,2026-08-09T09:15:41.000Z,21.37457651,-157.73710572,UAV 1,2,1:3001:2607,ENMORT005,1:1:71:10:1:0:1,0,false,false,false,false,0
ENZPU001,none,,2026-08-09T09:15:41.000Z,21.37550111,-157.74438876,UAV 1,2,1:3001:2659,ENZPU001,1:1:222:28:13:7:3,0,false,false,false,false,0
ENZPU002,none,,2026-08-09T09:15:41.000Z,21.37545350,-157.74447070,UAV 1,2,1:3001:2807,ENZPU002,1:1:222:28:13:7:3,0,false,false,false,false,0
ENZPU003,none,,2026-08-09T09:15:41.000Z,21.37540589,-157.74455264,UAV 1,2,1:3001:2809,ENZPU003,1:1:222:28:13:7:3,0,false,false,false,false,0
ENMORT001,none,,2026-08-09T09:15:41.000Z,21.37443553,-157.73716992,UAV 1,2,1:3001:2789,ENMORT001,1:1:71:10:1:0:1,0,false,false,false,false,0
ENMORT004,none,,2026-08-09T09:15:41.000Z,21.37447596,-157.73706256,UAV 1,2,1:3001:2630,ENMORT004,1:1:71:10:1:0:1,0,false,false,false,false,0
ENMORT002,none,,2026-08-09T09:15:41.000Z,21.37453609,-157.73721308,UAV 1,2,1:3001:2834,ENMORT002,1:1:71:10:1:0:1,0,false,false,false,false,0
ENMORT003,none,,2026-08-09T09:15:41.000Z,21.37463664,-157.73725624,UAV 1,2,1:3001:2865,ENMORT003,1:1:71:10:1:0:1,0,false,false,false,false,0
ENMORT005,none,,2026-08-09T09:15:41.000Z,21.37457651,-157.73710572,UAV 1,2,1:3001:2607,ENMORT005,1:1:71:10:1:0:1,0,false,false,false,false,0
ENM35002,move to,LOC_적북측접근로,2026-08-09T09:15:41.000Z,21.37135250,-157.74164990,UAV 1,2,1:3001:2740,ENM35002,1:1:225:7:1:6:0,0,false,false,false,false,0
ENZPU001,none,,2026-08-09T09:15:42.000Z,21.37550111,-157.74438876,UAV 1,2,1:3001:2659,ENZPU001,1:1:222:28:13:7:3,0,false,false,false,false,0
ENZPU002,none,,2026-08-09T09:15:42.000Z,21.37545350,-157.74447070,UAV 1,2,1:3001:2807,ENZPU002,1:1:222:28:13:7:3,0,false,false,false,false,0
ENZPU003,none,,2026-08-09T09:15:42.000Z,21.37540589,-157.74455264,UAV 1,2,1:3001:2809,ENZPU003,1:1:222:28:13:7:3,0,false,false,false,false,0
ENMORT001,none,,2026-08-09T09:15:42.000Z,21.37443553,-157.73716992,UAV 1,2,1:3001:2789,ENMORT001,1:1:71:10:1:0:1,0,false,false,false,false,0
ENMORT004,none,,2026-08-09T09:15:42.000Z,21.37447596,-157.73706256,UAV 1,2,1:3001:2630,ENMORT004,1:1:71:10:1:0:1,0,false,false,false,false,0
ENMORT002,none,,2026-08-09T09:15:42.000Z,21.37453609,-157.73721308,UAV 1,2,1:3001:2834,ENMORT002,1:1:71:10:1:0:1,0,false,false,false,false,0
ENMORT003,none,,2026-08-09T09:15:42.000Z,21.37463664,-157.73725624,UAV 1,2,1:3001:2865,ENMORT003,1:1:71:10:1:0:1,0,false,false,false,false,0
ENMORT005,none,,2026-08-09T09:15:42.000Z,21.37457651,-157.73710572,UAV 1,2,1:3001:2607,ENMORT005,1:1:71:10:1:0:1,0,false,false,false,false,0
ENM35002,move to,LOC_적북측접근로,2026-08-09T09:15:42.000Z,21.37135250,-157.74164990,UAV 1,2,1:3001:2740,ENM35002,1:1:225:7:1:6:0,0,false,false,false,false,0
ENZPU001,none,,2026-08-09T09:15:42.000Z,21.37550111,-157.74438876,UAV 1,2,1:3001:2659,ENZPU001,1:1:222:28:13:7:3,0,false,false,false,false,0
ENZPU002,none,,2026-08-09T09:15:42.000Z,21.37545350,-157.74447070,UAV 1,2,1:3001:2807,ENZPU002,1:1:222:28:13:7:3,0,false,false,false,false,0
ENZPU003,none,,2026-08-09T09:15:42.000Z,21.37540589,-157.74455264,UAV 1,2,1:3001:2809,ENZPU003,1:1:222:28:13:7:3,0,false,false,false,false,0
ENMORT001,none,,2026-08-09T09:15:42.000Z,21.37443553,-157.73716992,UAV 1,2,1:3001:2789,ENMORT001,1:1:71:10:1:0:1,0,false,false,false,false,0
ENMORT004,none,,2026-08-09T09:15:42.000Z,21.37447596,-157.73706256,UAV 1,2,1:3001:2630,ENMORT004,1:1:71:10:1:0:1,0,false,false,false,false,0
ENMORT002,none,,2026-08-09T09:15:42.000Z,21.37453609,-157.73721308,UAV 1,2,1:3001:2834,ENMORT002,1:1:71:10:1:0:1,0,false,false,false,false,0
ENMORT003,none,,2026-08-09T09:15:42.000Z,21.37463664,-157.73725624,UAV 1,2,1:3001:2865,ENMORT003,1:1:71:10:1:0:1,0,false,false,false,false,0
ENMORT005,none,,2026-08-09T09:15:42.000Z,21.37457651,-157.73710572,UAV 1,2,1:3001:2607,ENMORT005,1:1:71:10:1:0:1,0,false,false,false,false,0
ENM35002,move to,LOC_적북측접근로,2026-08-09T09:15:42.000Z,21.37135250,-157.74164990,UAV 1,2,1:3001:2740,ENM35002,1:1:225:7:1:6:0,0,false,false,false,false,0
ENZPU001,none,,2026-08-09T09:15:43.000Z,21.37550111,-157.74438876,UAV 1,2,1:3001:2659,ENZPU001,1:1:222:28:13:7:3,0,false,false,false,false,0
ENZPU002,none,,2026-08-09T09:15:43.000Z,21.37545350,-157.74447070,UAV 1,2,1:3001:2807,ENZPU002,1:1:222:28:13:7:3,0,false,false,false,false,0
ENZPU003,none,,2026-08-09T09:15:43.000Z,21.37540589,-157.74455264,UAV 1,2,1:3001:2809,ENZPU003,1:1:222:28:13:7:3,0,false,false,false,false,0
ENMORT001,none,,2026-08-09T09:15:43.000Z,21.37443553,-157.73716992,UAV 1,2,1:3001:2789,ENMORT001,1:1:71:10:1:0:1,0,false,false,false,false,0
ENMORT004,none,,2026-08-09T09:15:43.000Z,21.37447596,-157.73706256,UAV 1,2,1:3001:2630,ENMORT004,1:1:71:10:1:0:1,0,false,false,false,false,0
ENMORT002,none,,2026-08-09T09:15:43.000Z,21.37453609,-157.73721308,UAV 1,2,1:3001:2834,ENMORT002,1:1:71:10:1:0:1,0,false,false,false,false,0
ENMORT003,none,,2026-08-09T09:15:43.000Z,21.37463664,-157.73725624,UAV 1,2,1:3001:2865,ENMORT003,1:1:71:10:1:0:1,0,false,false,false,false,0
ENMORT005,none,,2026-08-09T09:15:43.000Z,21.37457651,-157.73710572,UAV 1,2,1:3001:2607,ENMORT005,1:1:71:10:1:0:1,0,false,false,false,false,0
ENM35002,move to,LOC_적북측접근로,2026-08-09T09:15:43.000Z,21.37135250,-157.74164990,UAV 1,2,1:3001:2740,ENM35002,1:1:225:7:1:6:0,0,false,false,false,false,0
ENZPU001,none,,2026-08-09T09:15:43.000Z,21.37550111,-157.74438876,UAV 1,2,1:3001:2659,ENZPU001,1:1:222:28:13:7:3,0,false,false,false,false,0
ENZPU002,none,,2026-08-09T09:15:43.000Z,21.37545350,-157.74447070,UAV 1,2,1:3001:2807,ENZPU002,1:1:222:28:13:7:3,0,false,false,false,false,0
ENMORT001,none,,2026-08-09T09:15:43.000Z,21.37443553,-157.73716992,UAV 1,2,1:3001:2789,ENMORT001,1:1:71:10:1:0:1,0,false,false,false,false,0
ENMORT004,none,,2026-08-09T09:15:43.000Z,21.37447596,-157.73706256,UAV 1,2,1:3001:2630,ENMORT004,1:1:71:10:1:0:1,0,false,false,false,false,0
ENMORT002,none,,2026-08-09T09:15:43.000Z,21.37453609,-157.73721308,UAV 1,2,1:3001:2834,ENMORT002,1:1:71:10:1:0:1,0,false,false,false,false,0
ENMORT003,none,,2026-08-09T09:15:43.000Z,21.37463664,-157.73725624,UAV 1,2,1:3001:2865,ENMORT003,1:1:71:10:1:0:1,0,false,false,false,false,0
ENMORT005,none,,2026-08-09T09:15:43.000Z,21.37457651,-157.73710572,UAV 1,2,1:3001:2607,ENMORT005,1:1:71:10:1:0:1,0,false,false,false,false,0
ENM35002,move to,LOC_적북측접근로,2026-08-09T09:15:43.000Z,21.37135924,-157.74162264,UAV 1,2,1:3001:2740,ENM35002,1:1:225:7:1:6:0,0,false,false,false,false,0
ENZPU001,none,,2026-08-09T09:15:44.000Z,21.37550111,-157.74438876,UAV 1,2,1:3001:2659,ENZPU001,1:1:222:28:13:7:3,0,false,false,false,false,0
ENZPU002,none,,2026-08-09T09:15:44.000Z,21.37545350,-157.74447070,UAV 1,2,1:3001:2807,ENZPU002,1:1:222:28:13:7:3,0,false,false,false,false,0
ENMORT001,none,,2026-08-09T09:15:44.000Z,21.37443553,-157.73716992,UAV 1,2,1:3001:2789,ENMORT001,1:1:71:10:1:0:1,0,false,false,false,false,0
ENMORT004,none,,2026-08-09T09:15:44.000Z,21.37447596,-157.73706256,UAV 1,2,1:3001:2630,ENMORT004,1:1:71:10:1:0:1,0,false,false,false,false,0
ENMORT002,none,,2026-08-09T09:15:44.000Z,21.37453609,-157.73721308,UAV 1,2,1:3001:2834,ENMORT002,1:1:71:10:1:0:1,0,false,false,false,false,0
ENMORT003,none,,2026-08-09T09:15:44.000Z,21.37463664,-157.73725624,UAV 1,2,1:3001:2865,ENMORT003,1:1:71:10:1:0:1,0,false,false,false,false,0
ENMORT005,none,,2026-08-09T09:15:44.000Z,21.37457651,-157.73710572,UAV 1,2,1:3001:2607,ENMORT005,1:1:71:10:1:0:1,0,false,false,false,false,0
ENM35002,move to,LOC_적북측접근로,2026-08-09T09:15:44.000Z,21.37135924,-157.74162264,UAV 1,2,1:3001:2740,ENM35002,1:1:225:7:1:6:0,0,false,false,false,false,0
ENZPU001,none,,2026-08-09T09:15:44.000Z,21.37550111,-157.74438876,UAV 1,2,1:3001:2659,ENZPU001,1:1:222:28:13:7:3,0,false,false,false,false,0
ENZPU002,none,,2026-08-09T09:15:44.000Z,21.37545350,-157.74447070,UAV 1,2,1:3001:2807,ENZPU002,1:1:222:28:13:7:3,0,false,false,false,false,0
ENMORT001,none,,2026-08-09T09:15:44.000Z,21.37443553,-157.73716992,UAV 1,2,1:3001:2789,ENMORT001,1:1:71:10:1:0:1,0,false,false,false,false,0
ENMORT004,none,,2026-08-09T09:15:44.000Z,21.37447596,-157.73706256,UAV 1,2,1:3001:2630,ENMORT004,1:1:71:10:1:0:1,0,false,false,false,false,0
ENMORT002,none,,2026-08-09T09:15:44.000Z,21.37453609,-157.73721308,UAV 1,2,1:3001:2834,ENMORT002,1:1:71:10:1:0:1,0,false,false,false,false,0
ENMORT003,none,,2026-08-09T09:15:44.000Z,21.37463664,-157.73725624,UAV 1,2,1:3001:2865,ENMORT003,1:1:71:10:1:0:1,0,false,false,false,false,0
ENMORT005,none,,2026-08-09T09:15:44.000Z,21.37457651,-157.73710572,UAV 1,2,1:3001:2607,ENMORT005,1:1:71:10:1:0:1,0,false,false,false,false,0
ENM35002,move to,LOC_적북측접근로,2026-08-09T09:15:44.000Z,21.37135924,-157.74162264,UAV 1,2,1:3001:2740,ENM35002,1:1:225:7:1:6:0,0,false,false,false,false,0
ENZPU001,none,,2026-08-09T09:15:44.000Z,21.37550111,-157.74438876,UAV 1,2,1:3001:2659,ENZPU001,1:1:222:28:13:7:3,0,false,false,false,false,0
ENZPU002,none,,2026-08-09T09:15:44.000Z,21.37545350,-157.74447070,UAV 1,2,1:3001:2807,ENZPU002,1:1:222:28:13:7:3,0,false,false,false,false,0
ENMORT001,none,,2026-08-09T09:15:44.000Z,21.37443553,-157.73716992,UAV 1,2,1:3001:2789,ENMORT001,1:1:71:10:1:0:1,0,false,false,false,false,0
ENMORT004,none,,2026-08-09T09:15:44.000Z,21.37447596,-157.73706256,UAV 1,2,1:3001:2630,ENMORT004,1:1:71:10:1:0:1,0,false,false,false,false,0
ENMORT002,none,,2026-08-09T09:15:44.000Z,21.37453609,-157.73721308,UAV 1,2,1:3001:2834,ENMORT002,1:1:71:10:1:0:1,0,false,false,false,false,0
ENMORT003,none,,2026-08-09T09:15:44.000Z,21.37463664,-157.73725624,UAV 1,2,1:3001:2865,ENMORT003,1:1:71:10:1:0:1,0,false,false,false,false,0
ENMORT005,none,,2026-08-09T09:15:44.000Z,21.37457651,-157.73710572,UAV 1,2,1:3001:2607,ENMORT005,1:1:71:10:1:0:1,0,false,false,false,false,0
ENM35002,move to,LOC_적북측접근로,2026-08-09T09:15:44.000Z,21.37135924,-157.74162264,UAV 1,2,1:3001:2740,ENM35002,1:1:225:7:1:6:0,0,false,false,false,false,0
ENZPU001,none,,2026-08-09T09:15:45.000Z,21.37550111,-157.74438876,UAV 1,2,1:3001:2659,ENZPU001,1:1:222:28:13:7:3,0,false,false,false,false,0
ENZPU002,none,,2026-08-09T09:15:45.000Z,21.37545350,-157.74447070,UAV 1,2,1:3001:2807,ENZPU002,1:1:222:28:13:7:3,0,false,false,false,false,0
ENMORT001,none,,2026-08-09T09:15:45.000Z,21.37443553,-157.73716992,UAV 1,2,1:3001:2789,ENMORT001,1:1:71:10:1:0:1,0,false,false,false,false,0
ENMORT004,none,,2026-08-09T09:15:45.000Z,21.37447596,-157.73706256,UAV 1,2,1:3001:2630,ENMORT004,1:1:71:10:1:0:1,0,false,false,false,false,0
ENMORT002,none,,2026-08-09T09:15:45.000Z,21.37453609,-157.73721308,UAV 1,2,1:3001:2834,ENMORT002,1:1:71:10:1:0:1,0,false,false,false,false,0
ENMORT003,none,,2026-08-09T09:15:45.000Z,21.37463664,-157.73725624,UAV 1,2,1:3001:2865,ENMORT003,1:1:71:10:1:0:1,0,false,false,false,false,0
ENMORT005,none,,2026-08-09T09:15:45.000Z,21.37457651,-157.73710572,UAV 1,2,1:3001:2607,ENMORT005,1:1:71:10:1:0:1,0,false,false,false,false,0
ENZPU001,none,,2026-08-09T09:15:45.000Z,21.37550111,-157.74438876,UAV 1,2,1:3001:2659,ENZPU001,1:1:222:28:13:7:3,0,false,false,false,false,0
ENZPU002,none,,2026-08-09T09:15:45.000Z,21.37545350,-157.74447070,UAV 1,2,1:3001:2807,ENZPU002,1:1:222:28:13:7:3,0,false,false,false,false,0
ENMORT001,none,,2026-08-09T09:15:45.000Z,21.37443553,-157.73716992,UAV 1,2,1:3001:2789,ENMORT001,1:1:71:10:1:0:1,0,false,false,false,false,0
ENMORT004,none,,2026-08-09T09:15:45.000Z,21.37447596,-157.73706256,UAV 1,2,1:3001:2630,ENMORT004,1:1:71:10:1:0:1,0,false,false,false,false,0
ENMORT002,none,,2026-08-09T09:15:45.000Z,21.37453609,-157.73721308,UAV 1,2,1:3001:2834,ENMORT002,1:1:71:10:1:0:1,0,false,false,false,false,0
ENMORT003,none,,2026-08-09T09:15:45.000Z,21.37463664,-157.73725624,UAV 1,2,1:3001:2865,ENMORT003,1:1:71:10:1:0:1,0,false,false,false,false,0
ENMORT005,none,,2026-08-09T09:15:45.000Z,21.37457651,-157.73710572,UAV 1,2,1:3001:2607,ENMORT005,1:1:71:10:1:0:1,0,false,false,false,false,0
ENZPU001,none,,2026-08-09T09:15:46.000Z,21.37550111,-157.74438876,UAV 1,2,1:3001:2659,ENZPU001,1:1:222:28:13:7:3,0,false,false,false,false,0
ENZPU002,none,,2026-08-09T09:15:46.000Z,21.37545350,-157.74447070,UAV 1,2,1:3001:2807,ENZPU002,1:1:222:28:13:7:3,0,false,false,false,false,0
ENMORT001,none,,2026-08-09T09:15:46.000Z,21.37443553,-157.73716992,UAV 1,2,1:3001:2789,ENMORT001,1:1:71:10:1:0:1,0,false,false,false,false,0
ENMORT004,none,,2026-08-09T09:15:46.000Z,21.37447596,-157.73706256,UAV 1,2,1:3001:2630,ENMORT004,1:1:71:10:1:0:1,0,false,false,false,false,0
ENMORT002,none,,2026-08-09T09:15:46.000Z,21.37453609,-157.73721308,UAV 1,2,1:3001:2834,ENMORT002,1:1:71:10:1:0:1,0,false,false,false,false,0
ENMORT003,none,,2026-08-09T09:15:46.000Z,21.37463664,-157.73725624,UAV 1,2,1:3001:2865,ENMORT003,1:1:71:10:1:0:1,0,false,false,false,false,0
ENMORT005,none,,2026-08-09T09:15:46.000Z,21.37457651,-157.73710572,UAV 1,2,1:3001:2607,ENMORT005,1:1:71:10:1:0:1,0,false,false,false,false,0
ENZPU001,none,,2026-08-09T09:15:46.000Z,21.37550111,-157.74438876,UAV 1,2,1:3001:2659,ENZPU001,1:1:222:28:13:7:3,0,false,false,false,false,0
ENZPU002,none,,2026-08-09T09:15:46.000Z,21.37545350,-157.74447070,UAV 1,2,1:3001:2807,ENZPU002,1:1:222:28:13:7:3,0,false,false,false,false,0
ENMORT001,none,,2026-08-09T09:15:46.000Z,21.37443553,-157.73716992,UAV 1,2,1:3001:2789,ENMORT001,1:1:71:10:1:0:1,0,false,false,false,false,0
ENMORT004,none,,2026-08-09T09:15:46.000Z,21.37447596,-157.73706256,UAV 1,2,1:3001:2630,ENMORT004,1:1:71:10:1:0:1,0,false,false,false,false,0
ENMORT002,none,,2026-08-09T09:15:46.000Z,21.37453609,-157.73721308,UAV 1,2,1:3001:2834,ENMORT002,1:1:71:10:1:0:1,0,false,false,false,false,0
ENMORT003,none,,2026-08-09T09:15:46.000Z,21.37463664,-157.73725624,UAV 1,2,1:3001:2865,ENMORT003,1:1:71:10:1:0:1,0,false,false,false,false,0
ENMORT005,none,,2026-08-09T09:15:46.000Z,21.37457651,-157.73710572,UAV 1,2,1:3001:2607,ENMORT005,1:1:71:10:1:0:1,0,false,false,false,false,0
ENZPU001,none,,2026-08-09T09:15:47.000Z,21.37550111,-157.74438876,UAV 1,2,1:3001:2659,ENZPU001,1:1:222:28:13:7:3,0,false,false,false,false,0
ENZPU002,none,,2026-08-09T09:15:47.000Z,21.37545350,-157.74447070,UAV 1,2,1:3001:2807,ENZPU002,1:1:222:28:13:7:3,0,false,false,false,false,0
ENMORT001,none,,2026-08-09T09:15:47.000Z,21.37443553,-157.73716992,UAV 1,2,1:3001:2789,ENMORT001,1:1:71:10:1:0:1,0,false,false,false,false,0
ENMORT004,none,,2026-08-09T09:15:47.000Z,21.37447596,-157.73706256,UAV 1,2,1:3001:2630,ENMORT004,1:1:71:10:1:0:1,0,false,false,false,false,0
ENMORT002,none,,2026-08-09T09:15:47.000Z,21.37453609,-157.73721308,UAV 1,2,1:3001:2834,ENMORT002,1:1:71:10:1:0:1,0,false,false,false,false,0
ENMORT003,none,,2026-08-09T09:15:47.000Z,21.37463664,-157.73725624,UAV 1,2,1:3001:2865,ENMORT003,1:1:71:10:1:0:1,0,false,false,false,false,0
ENMORT005,none,,2026-08-09T09:15:47.000Z,21.37457651,-157.73710572,UAV 1,2,1:3001:2607,ENMORT005,1:1:71:10:1:0:1,0,false,false,false,false,0
ENZPU001,none,,2026-08-09T09:15:47.000Z,21.37550111,-157.74438876,UAV 1,2,1:3001:2659,ENZPU001,1:1:222:28:13:7:3,0,false,false,false,false,0
ENZPU002,none,,2026-08-09T09:15:47.000Z,21.37545350,-157.74447070,UAV 1,2,1:3001:2807,ENZPU002,1:1:222:28:13:7:3,0,false,false,false,false,0
ENMORT001,none,,2026-08-09T09:15:47.000Z,21.37443553,-157.73716992,UAV 1,2,1:3001:2789,ENMORT001,1:1:71:10:1:0:1,0,false,false,false,false,0
ENMORT004,none,,2026-08-09T09:15:47.000Z,21.37447596,-157.73706256,UAV 1,2,1:3001:2630,ENMORT004,1:1:71:10:1:0:1,0,false,false,false,false,0
ENMORT002,none,,2026-08-09T09:15:47.000Z,21.37453609,-157.73721308,UAV 1,2,1:3001:2834,ENMORT002,1:1:71:10:1:0:1,0,false,false,false,false,0
ENMORT003,none,,2026-08-09T09:15:47.000Z,21.37463664,-157.73725624,UAV 1,2,1:3001:2865,ENMORT003,1:1:71:10:1:0:1,0,false,false,false,false,0
ENMORT005,none,,2026-08-09T09:15:47.000Z,21.37457651,-157.73710572,UAV 1,2,1:3001:2607,ENMORT005,1:1:71:10:1:0:1,0,false,false,false,false,0
ENM35003,move to,LOC_적북측접근로,2026-08-09T09:15:47.000Z,21.37135565,-157.74163247,UAV 1,2,1:3001:2894,ENM35003,1:1:225:7:1:6:0,0,false,false,false,false,0
ENZPU001,none,,2026-08-09T09:15:48.000Z,21.37550111,-157.74438876,UAV 1,2,1:3001:2659,ENZPU001,1:1:222:28:13:7:3,0,false,false,false,false,0
ENZPU002,none,,2026-08-09T09:15:48.000Z,21.37545350,-157.74447070,UAV 1,2,1:3001:2807,ENZPU002,1:1:222:28:13:7:3,0,false,false,false,false,0
ENMORT001,none,,2026-08-09T09:15:48.000Z,21.37443553,-157.73716992,UAV 1,2,1:3001:2789,ENMORT001,1:1:71:10:1:0:1,0,false,false,false,false,0
ENMORT004,none,,2026-08-09T09:15:48.000Z,21.37447596,-157.73706256,UAV 1,2,1:3001:2630,ENMORT004,1:1:71:10:1:0:1,0,false,false,false,false,0
ENMORT002,none,,2026-08-09T09:15:48.000Z,21.37453609,-157.73721308,UAV 1,2,1:3001:2834,ENMORT002,1:1:71:10:1:0:1,0,false,false,false,false,0
ENMORT003,none,,2026-08-09T09:15:48.000Z,21.37463664,-157.73725624,UAV 1,2,1:3001:2865,ENMORT003,1:1:71:10:1:0:1,0,false,false,false,false,0
ENMORT005,none,,2026-08-09T09:15:48.000Z,21.37457651,-157.73710572,UAV 1,2,1:3001:2607,ENMORT005,1:1:71:10:1:0:1,0,false,false,false,false,0
ENM35003,move to,LOC_적북측접근로,2026-08-09T09:15:48.000Z,21.37135565,-157.74163247,UAV 1,2,1:3001:2894,ENM35003,1:1:225:7:1:6:0,0,false,false,false,false,0
ENZPU001,none,,2026-08-09T09:15:48.000Z,21.37550111,-157.74438876,UAV 1,2,1:3001:2659,ENZPU001,1:1:222:28:13:7:3,0,false,false,false,false,0
ENZPU002,none,,2026-08-09T09:15:48.000Z,21.37545350,-157.74447070,UAV 1,2,1:3001:2807,ENZPU002,1:1:222:28:13:7:3,0,false,false,false,false,0
ENMORT001,none,,2026-08-09T09:15:48.000Z,21.37443553,-157.73716992,UAV 1,2,1:3001:2789,ENMORT001,1:1:71:10:1:0:1,0,false,false,false,false,0
ENMORT004,none,,2026-08-09T09:15:48.000Z,21.37447596,-157.73706256,UAV 1,2,1:3001:2630,ENMORT004,1:1:71:10:1:0:1,0,false,false,false,false,0
ENMORT002,none,,2026-08-09T09:15:48.000Z,21.37453609,-157.73721308,UAV 1,2,1:3001:2834,ENMORT002,1:1:71:10:1:0:1,0,false,false,false,false,0
ENMORT003,none,,2026-08-09T09:15:48.000Z,21.37463664,-157.73725624,UAV 1,2,1:3001:2865,ENMORT003,1:1:71:10:1:0:1,0,false,false,false,false,0
ENMORT005,none,,2026-08-09T09:15:48.000Z,21.37457651,-157.73710572,UAV 1,2,1:3001:2607,ENMORT005,1:1:71:10:1:0:1,0,false,false,false,false,0
ENM35003,move to,LOC_적북측접근로,2026-08-09T09:15:48.000Z,21.37135565,-157.74163247,UAV 1,2,1:3001:2894,ENM35003,1:1:225:7:1:6:0,0,false,false,false,false,0
ENZPU001,none,,2026-08-09T09:15:49.000Z,21.37550111,-157.74438876,UAV 1,2,1:3001:2659,ENZPU001,1:1:222:28:13:7:3,0,false,false,false,false,0
ENZPU002,none,,2026-08-09T09:15:49.000Z,21.37545350,-157.74447070,UAV 1,2,1:3001:2807,ENZPU002,1:1:222:28:13:7:3,0,false,false,false,false,0
ENMORT001,none,,2026-08-09T09:15:49.000Z,21.37443553,-157.73716992,UAV 1,2,1:3001:2789,ENMORT001,1:1:71:10:1:0:1,0,false,false,false,false,0
ENMORT004,none,,2026-08-09T09:15:49.000Z,21.37447596,-157.73706256,UAV 1,2,1:3001:2630,ENMORT004,1:1:71:10:1:0:1,0,false,false,false,false,0
ENMORT002,none,,2026-08-09T09:15:49.000Z,21.37453609,-157.73721308,UAV 1,2,1:3001:2834,ENMORT002,1:1:71:10:1:0:1,0,false,false,false,false,0
ENMORT003,none,,2026-08-09T09:15:49.000Z,21.37463664,-157.73725624,UAV 1,2,1:3001:2865,ENMORT003,1:1:71:10:1:0:1,0,false,false,false,false,0
ENMORT005,none,,2026-08-09T09:15:49.000Z,21.37457651,-157.73710572,UAV 1,2,1:3001:2607,ENMORT005,1:1:71:10:1:0:1,0,false,false,false,false,0
ENM35003,move to,LOC_적북측접근로,2026-08-09T09:15:49.000Z,21.37135565,-157.74163247,UAV 1,2,1:3001:2894,ENM35003,1:1:225:7:1:6:0,0,false,false,false,false,0
ENZPU001,none,,2026-08-09T09:15:49.000Z,21.37550111,-157.74438876,UAV 1,2,1:3001:2659,ENZPU001,1:1:222:28:13:7:3,0,false,false,false,false,0
ENZPU002,none,,2026-08-09T09:15:49.000Z,21.37545350,-157.74447070,UAV 1,2,1:3001:2807,ENZPU002,1:1:222:28:13:7:3,0,false,false,false,false,0
ENMORT001,none,,2026-08-09T09:15:49.000Z,21.37443553,-157.73716992,UAV 1,2,1:3001:2789,ENMORT001,1:1:71:10:1:0:1,0,false,false,false,false,0
ENMORT004,none,,2026-08-09T09:15:49.000Z,21.37447596,-157.73706256,UAV 1,2,1:3001:2630,ENMORT004,1:1:71:10:1:0:1,0,false,false,false,false,0
ENMORT002,none,,2026-08-09T09:15:49.000Z,21.37453609,-157.73721308,UAV 1,2,1:3001:2834,ENMORT002,1:1:71:10:1:0:1,0,false,false,false,false,0
ENMORT003,none,,2026-08-09T09:15:49.000Z,21.37463664,-157.73725624,UAV 1,2,1:3001:2865,ENMORT003,1:1:71:10:1:0:1,0,false,false,false,false,0
ENMORT005,none,,2026-08-09T09:15:49.000Z,21.37457651,-157.73710572,UAV 1,2,1:3001:2607,ENMORT005,1:1:71:10:1:0:1,0,false,false,false,false,0
ENM35003,move to,LOC_적북측접근로,2026-08-09T09:15:49.000Z,21.37135099,-157.74165218,UAV 1,2,1:3001:2894,ENM35003,1:1:225:7:1:6:0,0,false,false,false,false,0
ENM35004,move to,LOC_적북측접근로,2026-08-09T09:15:49.000Z,21.37136474,-157.74160034,UAV 1,2,1:3001:2650,ENM35004,1:1:225:7:1:6:0,0,false,false,false,false,0
ENZPU001,none,,2026-08-09T09:15:50.000Z,21.37550111,-157.74438876,UAV 1,2,1:3001:2659,ENZPU001,1:1:222:28:13:7:3,0,false,false,false,false,0
ENZPU002,none,,2026-08-09T09:15:50.000Z,21.37545350,-157.74447070,UAV 1,2,1:3001:2807,ENZPU002,1:1:222:28:13:7:3,0,false,false,false,false,0
ENMORT001,none,,2026-08-09T09:15:50.000Z,21.37443553,-157.73716992,UAV 1,2,1:3001:2789,ENMORT001,1:1:71:10:1:0:1,0,false,false,false,false,0
ENMORT004,none,,2026-08-09T09:15:50.000Z,21.37447596,-157.73706256,UAV 1,2,1:3001:2630,ENMORT004,1:1:71:10:1:0:1,0,false,false,false,false,0
ENMORT002,none,,2026-08-09T09:15:50.000Z,21.37453609,-157.73721308,UAV 1,2,1:3001:2834,ENMORT002,1:1:71:10:1:0:1,0,false,false,false,false,0
ENMORT003,none,,2026-08-09T09:15:50.000Z,21.37463664,-157.73725624,UAV 1,2,1:3001:2865,ENMORT003,1:1:71:10:1:0:1,0,false,false,false,false,0
ENMORT005,none,,2026-08-09T09:15:50.000Z,21.37457651,-157.73710572,UAV 1,2,1:3001:2607,ENMORT005,1:1:71:10:1:0:1,0,false,false,false,false,0
ENM35003,move to,LOC_적북측접근로,2026-08-09T09:15:50.000Z,21.37135099,-157.74165218,UAV 1,2,1:3001:2894,ENM35003,1:1:225:7:1:6:0,0,false,false,false,false,0
ENM35004,move to,LOC_적북측접근로,2026-08-09T09:15:50.000Z,21.37136474,-157.74160034,UAV 1,2,1:3001:2650,ENM35004,1:1:225:7:1:6:0,0,false,false,false,false,0
ENZPU001,none,,2026-08-09T09:15:50.000Z,21.37550111,-157.74438876,UAV 1,2,1:3001:2659,ENZPU001,1:1:222:28:13:7:3,0,false,false,false,false,0
ENZPU002,none,,2026-08-09T09:15:50.000Z,21.37545350,-157.74447070,UAV 1,2,1:3001:2807,ENZPU002,1:1:222:28:13:7:3,0,false,false,false,false,0
ENMORT001,none,,2026-08-09T09:15:50.000Z,21.37443553,-157.73716992,UAV 1,2,1:3001:2789,ENMORT001,1:1:71:10:1:0:1,0,false,false,false,false,0
ENMORT004,none,,2026-08-09T09:15:50.000Z,21.37447596,-157.73706256,UAV 1,2,1:3001:2630,ENMORT004,1:1:71:10:1:0:1,0,false,false,false,false,0
ENMORT002,none,,2026-08-09T09:15:50.000Z,21.37453609,-157.73721308,UAV 1,2,1:3001:2834,ENMORT002,1:1:71:10:1:0:1,0,false,false,false,false,0
ENMORT003,none,,2026-08-09T09:15:50.000Z,21.37463664,-157.73725624,UAV 1,2,1:3001:2865,ENMORT003,1:1:71:10:1:0:1,0,false,false,false,false,0
ENMORT005,none,,2026-08-09T09:15:50.000Z,21.37457651,-157.73710572,UAV 1,2,1:3001:2607,ENMORT005,1:1:71:10:1:0:1,0,false,false,false,false,0
ENM35003,move to,LOC_적북측접근로,2026-08-09T09:15:50.000Z,21.37135099,-157.74165218,UAV 1,2,1:3001:2894,ENM35003,1:1:225:7:1:6:0,0,false,false,false,false,0
ENM35004,move to,LOC_적북측접근로,2026-08-09T09:15:50.000Z,21.37136474,-157.74160034,UAV 1,2,1:3001:2650,ENM35004,1:1:225:7:1:6:0,0,false,false,false,false,0
ENZPU001,none,,2026-08-09T09:15:51.000Z,21.37550111,-157.74438876,UAV 1,2,1:3001:2659,ENZPU001,1:1:222:28:13:7:3,0,false,false,false,false,0
ENZPU002,none,,2026-08-09T09:15:51.000Z,21.37545350,-157.74447070,UAV 1,2,1:3001:2807,ENZPU002,1:1:222:28:13:7:3,0,false,false,false,false,0
ENMORT001,none,,2026-08-09T09:15:51.000Z,21.37443553,-157.73716992,UAV 1,2,1:3001:2789,ENMORT001,1:1:71:10:1:0:1,0,false,false,false,false,0
ENMORT004,none,,2026-08-09T09:15:51.000Z,21.37447596,-157.73706256,UAV 1,2,1:3001:2630,ENMORT004,1:1:71:10:1:0:1,0,false,false,false,false,0
ENMORT002,none,,2026-08-09T09:15:51.000Z,21.37453609,-157.73721308,UAV 1,2,1:3001:2834,ENMORT002,1:1:71:10:1:0:1,0,false,false,false,false,0
ENMORT003,none,,2026-08-09T09:15:51.000Z,21.37463664,-157.73725624,UAV 1,2,1:3001:2865,ENMORT003,1:1:71:10:1:0:1,0,false,false,false,false,0
ENMORT005,none,,2026-08-09T09:15:51.000Z,21.37457651,-157.73710572,UAV 1,2,1:3001:2607,ENMORT005,1:1:71:10:1:0:1,0,false,false,false,false,0
ENM35003,move to,LOC_적북측접근로,2026-08-09T09:15:51.000Z,21.37135099,-157.74165218,UAV 1,2,1:3001:2894,ENM35003,1:1:225:7:1:6:0,0,false,false,false,false,0
ENM35004,move to,LOC_적북측접근로,2026-08-09T09:15:51.000Z,21.37136474,-157.74160034,UAV 1,2,1:3001:2650,ENM35004,1:1:225:7:1:6:0,0,false,false,false,false,0
ENZPU001,none,,2026-08-09T09:15:51.000Z,21.37550111,-157.74438876,UAV 1,2,1:3001:2659,ENZPU001,1:1:222:28:13:7:3,0,false,false,false,false,0
ENZPU002,none,,2026-08-09T09:15:51.000Z,21.37545350,-157.74447070,UAV 1,2,1:3001:2807,ENZPU002,1:1:222:28:13:7:3,0,false,false,false,false,0
ENMORT001,none,,2026-08-09T09:15:51.000Z,21.37443553,-157.73716992,UAV 1,2,1:3001:2789,ENMORT001,1:1:71:10:1:0:1,0,false,false,false,false,0
ENMORT004,none,,2026-08-09T09:15:51.000Z,21.37447596,-157.73706256,UAV 1,2,1:3001:2630,ENMORT004,1:1:71:10:1:0:1,0,false,false,false,false,0
ENMORT002,none,,2026-08-09T09:15:51.000Z,21.37453609,-157.73721308,UAV 1,2,1:3001:2834,ENMORT002,1:1:71:10:1:0:1,0,false,false,false,false,0
ENMORT003,none,,2026-08-09T09:15:51.000Z,21.37463664,-157.73725624,UAV 1,2,1:3001:2865,ENMORT003,1:1:71:10:1:0:1,0,false,false,false,false,0
ENMORT005,none,,2026-08-09T09:15:51.000Z,21.37457651,-157.73710572,UAV 1,2,1:3001:2607,ENMORT005,1:1:71:10:1:0:1,0,false,false,false,false,0
ENZPU001,none,,2026-08-09T09:15:52.000Z,21.37550111,-157.74438876,UAV 1,2,1:3001:2659,ENZPU001,1:1:222:28:13:7:3,0,false,false,false,false,0
ENZPU002,none,,2026-08-09T09:15:52.000Z,21.37545350,-157.74447070,UAV 1,2,1:3001:2807,ENZPU002,1:1:222:28:13:7:3,0,false,false,false,false,0
ENMORT001,none,,2026-08-09T09:15:52.000Z,21.37443553,-157.73716992,UAV 1,2,1:3001:2789,ENMORT001,1:1:71:10:1:0:1,0,false,false,false,false,0
ENMORT004,none,,2026-08-09T09:15:52.000Z,21.37447596,-157.73706256,UAV 1,2,1:3001:2630,ENMORT004,1:1:71:10:1:0:1,0,false,false,false,false,0
ENMORT002,none,,2026-08-09T09:15:52.000Z,21.37453609,-157.73721308,UAV 1,2,1:3001:2834,ENMORT002,1:1:71:10:1:0:1,0,false,false,false,false,0
ENMORT003,none,,2026-08-09T09:15:52.000Z,21.37463664,-157.73725624,UAV 1,2,1:3001:2865,ENMORT003,1:1:71:10:1:0:1,0,false,false,false,false,0
ENMORT005,none,,2026-08-09T09:15:52.000Z,21.37457651,-157.73710572,UAV 1,2,1:3001:2607,ENMORT005,1:1:71:10:1:0:1,0,false,false,false,false,0
ENZPU001,none,,2026-08-09T09:15:52.000Z,21.37550111,-157.74438876,UAV 1,2,1:3001:2659,ENZPU001,1:1:222:28:13:7:3,0,false,false,false,false,0
ENZPU002,none,,2026-08-09T09:15:52.000Z,21.37545350,-157.74447070,UAV 1,2,1:3001:2807,ENZPU002,1:1:222:28:13:7:3,0,false,false,false,false,0
ENMORT001,none,,2026-08-09T09:15:52.000Z,21.37443553,-157.73716992,UAV 1,2,1:3001:2789,ENMORT001,1:1:71:10:1:0:1,0,false,false,false,false,0
ENMORT004,none,,2026-08-09T09:15:52.000Z,21.37447596,-157.73706256,UAV 1,2,1:3001:2630,ENMORT004,1:1:71:10:1:0:1,0,false,false,false,false,0
ENMORT002,none,,2026-08-09T09:15:52.000Z,21.37453609,-157.73721308,UAV 1,2,1:3001:2834,ENMORT002,1:1:71:10:1:0:1,0,false,false,false,false,0
ENMORT003,none,,2026-08-09T09:15:52.000Z,21.37463664,-157.73725624,UAV 1,2,1:3001:2865,ENMORT003,1:1:71:10:1:0:1,0,false,false,false,false,0
ENMORT005,none,,2026-08-09T09:15:52.000Z,21.37457651,-157.73710572,UAV 1,2,1:3001:2607,ENMORT005,1:1:71:10:1:0:1,0,false,false,false,false,0
ENZPU001,none,,2026-08-09T09:15:53.000Z,21.37550111,-157.74438876,UAV 1,2,1:3001:2659,ENZPU001,1:1:222:28:13:7:3,0,false,false,false,false,0
ENZPU002,none,,2026-08-09T09:15:53.000Z,21.37545350,-157.74447070,UAV 1,2,1:3001:2807,ENZPU002,1:1:222:28:13:7:3,0,false,false,false,false,0
ENMORT001,none,,2026-08-09T09:15:53.000Z,21.37443553,-157.73716992,UAV 1,2,1:3001:2789,ENMORT001,1:1:71:10:1:0:1,0,false,false,false,false,0
ENMORT004,none,,2026-08-09T09:15:53.000Z,21.37447596,-157.73706256,UAV 1,2,1:3001:2630,ENMORT004,1:1:71:10:1:0:1,0,false,false,false,false,0
ENMORT002,none,,2026-08-09T09:15:53.000Z,21.37453609,-157.73721308,UAV 1,2,1:3001:2834,ENMORT002,1:1:71:10:1:0:1,0,false,false,false,false,0
ENMORT003,none,,2026-08-09T09:15:53.000Z,21.37463664,-157.73725624,UAV 1,2,1:3001:2865,ENMORT003,1:1:71:10:1:0:1,0,false,false,false,false,0
ENMORT005,none,,2026-08-09T09:15:53.000Z,21.37457651,-157.73710572,UAV 1,2,1:3001:2607,ENMORT005,1:1:71:10:1:0:1,0,false,false,false,false,0
ENZPU001,none,,2026-08-09T09:15:53.000Z,21.37550111,-157.74438876,UAV 1,2,1:3001:2659,ENZPU001,1:1:222:28:13:7:3,0,false,false,false,false,0
ENZPU002,none,,2026-08-09T09:15:53.000Z,21.37545350,-157.74447070,UAV 1,2,1:3001:2807,ENZPU002,1:1:222:28:13:7:3,0,false,false,false,false,0
ENMORT001,none,,2026-08-09T09:15:53.000Z,21.37443553,-157.73716992,UAV 1,2,1:3001:2789,ENMORT001,1:1:71:10:1:0:1,0,false,false,false,false,0
ENMORT004,none,,2026-08-09T09:15:53.000Z,21.37447596,-157.73706256,UAV 1,2,1:3001:2630,ENMORT004,1:1:71:10:1:0:1,0,false,false,false,false,0
ENMORT002,none,,2026-08-09T09:15:53.000Z,21.37453609,-157.73721308,UAV 1,2,1:3001:2834,ENMORT002,1:1:71:10:1:0:1,0,false,false,false,false,0
ENMORT003,none,,2026-08-09T09:15:53.000Z,21.37463664,-157.73725624,UAV 1,2,1:3001:2865,ENMORT003,1:1:71:10:1:0:1,0,false,false,false,false,0
ENMORT005,none,,2026-08-09T09:15:53.000Z,21.37457651,-157.73710572,UAV 1,2,1:3001:2607,ENMORT005,1:1:71:10:1:0:1,0,false,false,false,false,0
ENM35004,move to,LOC_적북측접근로,2026-08-09T09:15:53.000Z,21.37135218,-157.74165115,UAV 1,2,1:3001:2650,ENM35004,1:1:225:7:1:6:0,0,false,false,false,false,0
ENZPU001,none,,2026-08-09T09:15:54.000Z,21.37550111,-157.74438876,UAV 1,2,1:3001:2659,ENZPU001,1:1:222:28:13:7:3,0,false,false,false,false,0
ENZPU002,none,,2026-08-09T09:15:54.000Z,21.37545350,-157.74447070,UAV 1,2,1:3001:2807,ENZPU002,1:1:222:28:13:7:3,0,false,false,false,false,0
ENMORT001,none,,2026-08-09T09:15:54.000Z,21.37443553,-157.73716992,UAV 1,2,1:3001:2789,ENMORT001,1:1:71:10:1:0:1,0,false,false,false,false,0
ENMORT004,none,,2026-08-09T09:15:54.000Z,21.37447596,-157.73706256,UAV 1,2,1:3001:2630,ENMORT004,1:1:71:10:1:0:1,0,false,false,false,false,0
ENMORT002,none,,2026-08-09T09:15:54.000Z,21.37453609,-157.73721308,UAV 1,2,1:3001:2834,ENMORT002,1:1:71:10:1:0:1,0,false,false,false,false,0
ENMORT003,none,,2026-08-09T09:15:54.000Z,21.37463664,-157.73725624,UAV 1,2,1:3001:2865,ENMORT003,1:1:71:10:1:0:1,0,false,false,false,false,0
ENMORT005,none,,2026-08-09T09:15:54.000Z,21.37457651,-157.73710572,UAV 1,2,1:3001:2607,ENMORT005,1:1:71:10:1:0:1,0,false,false,false,false,0
ENM35004,move to,LOC_적북측접근로,2026-08-09T09:15:54.000Z,21.37135218,-157.74165115,UAV 1,2,1:3001:2650,ENM35004,1:1:225:7:1:6:0,0,false,false,false,false,0
ENZPU001,none,,2026-08-09T09:15:54.000Z,21.37550111,-157.74438876,UAV 1,2,1:3001:2659,ENZPU001,1:1:222:28:13:7:3,0,false,false,false,false,0
ENZPU002,none,,2026-08-09T09:15:54.000Z,21.37545350,-157.74447070,UAV 1,2,1:3001:2807,ENZPU002,1:1:222:28:13:7:3,0,false,false,false,false,0
ENMORT001,none,,2026-08-09T09:15:54.000Z,21.37443553,-157.73716992,UAV 1,2,1:3001:2789,ENMORT001,1:1:71:10:1:0:1,0,false,false,false,false,0
ENMORT004,none,,2026-08-09T09:15:54.000Z,21.37447596,-157.73706256,UAV 1,2,1:3001:2630,ENMORT004,1:1:71:10:1:0:1,0,false,false,false,false,0
ENMORT002,none,,2026-08-09T09:15:54.000Z,21.37453609,-157.73721308,UAV 1,2,1:3001:2834,ENMORT002,1:1:71:10:1:0:1,0,false,false,false,false,0
ENMORT003,none,,2026-08-09T09:15:54.000Z,21.37463664,-157.73725624,UAV 1,2,1:3001:2865,ENMORT003,1:1:71:10:1:0:1,0,false,false,false,false,0
ENMORT005,none,,2026-08-09T09:15:54.000Z,21.37457651,-157.73710572,UAV 1,2,1:3001:2607,ENMORT005,1:1:71:10:1:0:1,0,false,false,false,false,0
ENM35004,move to,LOC_적북측접근로,2026-08-09T09:15:54.000Z,21.37135218,-157.74165115,UAV 1,2,1:3001:2650,ENM35004,1:1:225:7:1:6:0,0,false,false,false,false,0
ENZPU001,none,,2026-08-09T09:15:55.000Z,21.37550111,-157.74438876,UAV 1,2,1:3001:2659,ENZPU001,1:1:222:28:13:7:3,0,false,false,false,false,0
ENZPU002,none,,2026-08-09T09:15:55.000Z,21.37545350,-157.74447070,UAV 1,2,1:3001:2807,ENZPU002,1:1:222:28:13:7:3,0,false,false,false,false,0
ENMORT001,none,,2026-08-09T09:15:55.000Z,21.37443553,-157.73716992,UAV 1,2,1:3001:2789,ENMORT001,1:1:71:10:1:0:1,0,false,false,false,false,0
ENMORT004,none,,2026-08-09T09:15:55.000Z,21.37447596,-157.73706256,UAV 1,2,1:3001:2630,ENMORT004,1:1:71:10:1:0:1,0,false,false,false,false,0
ENMORT002,none,,2026-08-09T09:15:55.000Z,21.37453609,-157.73721308,UAV 1,2,1:3001:2834,ENMORT002,1:1:71:10:1:0:1,0,false,false,false,false,0
ENMORT003,none,,2026-08-09T09:15:55.000Z,21.37463664,-157.73725624,UAV 1,2,1:3001:2865,ENMORT003,1:1:71:10:1:0:1,0,false,false,false,false,0
ENMORT005,none,,2026-08-09T09:15:55.000Z,21.37457651,-157.73710572,UAV 1,2,1:3001:2607,ENMORT005,1:1:71:10:1:0:1,0,false,false,false,false,0
ENM35004,move to,LOC_적북측접근로,2026-08-09T09:15:55.000Z,21.37135218,-157.74165115,UAV 1,2,1:3001:2650,ENM35004,1:1:225:7:1:6:0,0,false,false,false,false,0
ENZPU001,none,,2026-08-09T09:15:55.000Z,21.37550111,-157.74438876,UAV 1,2,1:3001:2659,ENZPU001,1:1:222:28:13:7:3,0,false,false,false,false,0
ENZPU002,none,,2026-08-09T09:15:55.000Z,21.37545350,-157.74447070,UAV 1,2,1:3001:2807,ENZPU002,1:1:222:28:13:7:3,0,false,false,false,false,0
ENMORT001,none,,2026-08-09T09:15:55.000Z,21.37443553,-157.73716992,UAV 1,2,1:3001:2789,ENMORT001,1:1:71:10:1:0:1,0,false,false,false,false,0
ENMORT004,none,,2026-08-09T09:15:55.000Z,21.37447596,-157.73706256,UAV 1,2,1:3001:2630,ENMORT004,1:1:71:10:1:0:1,0,false,false,false,false,0
ENMORT002,none,,2026-08-09T09:15:55.000Z,21.37453609,-157.73721308,UAV 1,2,1:3001:2834,ENMORT002,1:1:71:10:1:0:1,0,false,false,false,false,0
ENMORT003,none,,2026-08-09T09:15:55.000Z,21.37463664,-157.73725624,UAV 1,2,1:3001:2865,ENMORT003,1:1:71:10:1:0:1,0,false,false,false,false,0
ENMORT005,none,,2026-08-09T09:15:55.000Z,21.37457651,-157.73710572,UAV 1,2,1:3001:2607,ENMORT005,1:1:71:10:1:0:1,0,false,false,false,false,0
ENZPU001,none,,2026-08-09T09:15:56.000Z,21.37550111,-157.74438876,UAV 1,2,1:3001:2659,ENZPU001,1:1:222:28:13:7:3,0,false,false,false,false,0
ENZPU002,none,,2026-08-09T09:15:56.000Z,21.37545350,-157.74447070,UAV 1,2,1:3001:2807,ENZPU002,1:1:222:28:13:7:3,0,false,false,false,false,0
ENMORT001,none,,2026-08-09T09:15:56.000Z,21.37443553,-157.73716992,UAV 1,2,1:3001:2789,ENMORT001,1:1:71:10:1:0:1,0,false,false,false,false,0
ENMORT004,none,,2026-08-09T09:15:56.000Z,21.37447596,-157.73706256,UAV 1,2,1:3001:2630,ENMORT004,1:1:71:10:1:0:1,0,false,false,false,false,0
ENMORT002,none,,2026-08-09T09:15:56.000Z,21.37453609,-157.73721308,UAV 1,2,1:3001:2834,ENMORT002,1:1:71:10:1:0:1,0,false,false,false,false,0
ENMORT003,none,,2026-08-09T09:15:56.000Z,21.37463664,-157.73725624,UAV 1,2,1:3001:2865,ENMORT003,1:1:71:10:1:0:1,0,false,false,false,false,0
ENMORT005,none,,2026-08-09T09:15:56.000Z,21.37457651,-157.73710572,UAV 1,2,1:3001:2607,ENMORT005,1:1:71:10:1:0:1,0,false,false,false,false,0
ENZPU001,none,,2026-08-09T09:15:56.000Z,21.37550111,-157.74438876,UAV 1,2,1:3001:2659,ENZPU001,1:1:222:28:13:7:3,0,false,false,false,false,0
ENZPU002,none,,2026-08-09T09:15:56.000Z,21.37545350,-157.74447070,UAV 1,2,1:3001:2807,ENZPU002,1:1:222:28:13:7:3,0,false,false,false,false,0
ENMORT001,none,,2026-08-09T09:15:56.000Z,21.37443553,-157.73716992,UAV 1,2,1:3001:2789,ENMORT001,1:1:71:10:1:0:1,0,false,false,false,false,0
ENMORT004,none,,2026-08-09T09:15:56.000Z,21.37447596,-157.73706256,UAV 1,2,1:3001:2630,ENMORT004,1:1:71:10:1:0:1,0,false,false,false,false,0
ENMORT002,none,,2026-08-09T09:15:56.000Z,21.37453609,-157.73721308,UAV 1,2,1:3001:2834,ENMORT002,1:1:71:10:1:0:1,0,false,false,false,false,0
ENMORT003,none,,2026-08-09T09:15:56.000Z,21.37463664,-157.73725624,UAV 1,2,1:3001:2865,ENMORT003,1:1:71:10:1:0:1,0,false,false,false,false,0
ENMORT005,none,,2026-08-09T09:15:56.000Z,21.37457651,-157.73710572,UAV 1,2,1:3001:2607,ENMORT005,1:1:71:10:1:0:1,0,false,false,false,false,0
ENZPU001,none,,2026-08-09T09:15:57.000Z,21.37550111,-157.74438876,UAV 1,2,1:3001:2659,ENZPU001,1:1:222:28:13:7:3,0,false,false,false,false,0
ENZPU002,none,,2026-08-09T09:15:57.000Z,21.37545350,-157.74447070,UAV 1,2,1:3001:2807,ENZPU002,1:1:222:28:13:7:3,0,false,false,false,false,0
ENMORT001,none,,2026-08-09T09:15:57.000Z,21.37443553,-157.73716992,UAV 1,2,1:3001:2789,ENMORT001,1:1:71:10:1:0:1,0,false,false,false,false,0
ENMORT004,none,,2026-08-09T09:15:57.000Z,21.37447596,-157.73706256,UAV 1,2,1:3001:2630,ENMORT004,1:1:71:10:1:0:1,0,false,false,false,false,0
ENMORT002,none,,2026-08-09T09:15:57.000Z,21.37453609,-157.73721308,UAV 1,2,1:3001:2834,ENMORT002,1:1:71:10:1:0:1,0,false,false,false,false,0
ENMORT003,none,,2026-08-09T09:15:57.000Z,21.37463664,-157.73725624,UAV 1,2,1:3001:2865,ENMORT003,1:1:71:10:1:0:1,0,false,false,false,false,0
ENMORT005,none,,2026-08-09T09:15:57.000Z,21.37457651,-157.73710572,UAV 1,2,1:3001:2607,ENMORT005,1:1:71:10:1:0:1,0,false,false,false,false,0
ENZPU001,none,,2026-08-09T09:15:57.000Z,21.37550111,-157.74438876,UAV 1,2,1:3001:2659,ENZPU001,1:1:222:28:13:7:3,0,false,false,false,false,0
ENZPU002,none,,2026-08-09T09:15:57.000Z,21.37545350,-157.74447070,UAV 1,2,1:3001:2807,ENZPU002,1:1:222:28:13:7:3,0,false,false,false,false,0
ENMORT001,none,,2026-08-09T09:15:57.000Z,21.37443553,-157.73716992,UAV 1,2,1:3001:2789,ENMORT001,1:1:71:10:1:0:1,0,false,false,false,false,0
ENMORT004,none,,2026-08-09T09:15:57.000Z,21.37447596,-157.73706256,UAV 1,2,1:3001:2630,ENMORT004,1:1:71:10:1:0:1,0,false,false,false,false,0
ENMORT002,none,,2026-08-09T09:15:57.000Z,21.37453609,-157.73721308,UAV 1,2,1:3001:2834,ENMORT002,1:1:71:10:1:0:1,0,false,false,false,false,0
ENMORT003,none,,2026-08-09T09:15:57.000Z,21.37463664,-157.73725624,UAV 1,2,1:3001:2865,ENMORT003,1:1:71:10:1:0:1,0,false,false,false,false,0
ENMORT005,none,,2026-08-09T09:15:57.000Z,21.37457651,-157.73710572,UAV 1,2,1:3001:2607,ENMORT005,1:1:71:10:1:0:1,0,false,false,false,false,0
ENM35001,move to,LOC_적북측접근로,2026-08-09T09:15:57.000Z,21.37135262,-157.74164526,UAV 1,2,1:3001:2754,ENM35001,1:1:225:7:1:6:0,0,false,false,false,false,0
ENZPU001,none,,2026-08-09T09:15:58.000Z,21.37550111,-157.74438876,UAV 1,2,1:3001:2659,ENZPU001,1:1:222:28:13:7:3,0,false,false,false,false,0
ENZPU002,none,,2026-08-09T09:15:58.000Z,21.37545350,-157.74447070,UAV 1,2,1:3001:2807,ENZPU002,1:1:222:28:13:7:3,0,false,false,false,false,0
ENMORT001,none,,2026-08-09T09:15:58.000Z,21.37443553,-157.73716992,UAV 1,2,1:3001:2789,ENMORT001,1:1:71:10:1:0:1,0,false,false,false,false,0
ENMORT004,none,,2026-08-09T09:15:58.000Z,21.37447596,-157.73706256,UAV 1,2,1:3001:2630,ENMORT004,1:1:71:10:1:0:1,0,false,false,false,false,0
ENMORT002,none,,2026-08-09T09:15:58.000Z,21.37453609,-157.73721308,UAV 1,2,1:3001:2834,ENMORT002,1:1:71:10:1:0:1,0,false,false,false,false,0
ENMORT003,none,,2026-08-09T09:15:58.000Z,21.37463664,-157.73725624,UAV 1,2,1:3001:2865,ENMORT003,1:1:71:10:1:0:1,0,false,false,false,false,0
ENMORT005,none,,2026-08-09T09:15:58.000Z,21.37457651,-157.73710572,UAV 1,2,1:3001:2607,ENMORT005,1:1:71:10:1:0:1,0,false,false,false,false,0
ENM35001,move to,LOC_적북측접근로,2026-08-09T09:15:58.000Z,21.37135262,-157.74164526,UAV 1,2,1:3001:2754,ENM35001,1:1:225:7:1:6:0,0,false,false,false,false,0
ENZPU001,none,,2026-08-09T09:15:58.000Z,21.37550111,-157.74438876,UAV 1,2,1:3001:2659,ENZPU001,1:1:222:28:13:7:3,0,false,false,false,false,0
ENZPU002,none,,2026-08-09T09:15:58.000Z,21.37545350,-157.74447070,UAV 1,2,1:3001:2807,ENZPU002,1:1:222:28:13:7:3,0,false,false,false,false,0
ENMORT001,none,,2026-08-09T09:15:58.000Z,21.37443553,-157.73716992,UAV 1,2,1:3001:2789,ENMORT001,1:1:71:10:1:0:1,0,false,false,false,false,0
ENMORT004,none,,2026-08-09T09:15:58.000Z,21.37447596,-157.73706256,UAV 1,2,1:3001:2630,ENMORT004,1:1:71:10:1:0:1,0,false,false,false,false,0
ENMORT002,none,,2026-08-09T09:15:58.000Z,21.37453609,-157.73721308,UAV 1,2,1:3001:2834,ENMORT002,1:1:71:10:1:0:1,0,false,false,false,false,0
ENMORT003,none,,2026-08-09T09:15:58.000Z,21.37463664,-157.73725624,UAV 1,2,1:3001:2865,ENMORT003,1:1:71:10:1:0:1,0,false,false,false,false,0
ENMORT005,none,,2026-08-09T09:15:58.000Z,21.37457651,-157.73710572,UAV 1,2,1:3001:2607,ENMORT005,1:1:71:10:1:0:1,0,false,false,false,false,0
ENM35001,move to,LOC_적북측접근로,2026-08-09T09:15:58.000Z,21.37135262,-157.74164526,UAV 1,2,1:3001:2754,ENM35001,1:1:225:7:1:6:0,0,false,false,false,false,0
ENZPU001,none,,2026-08-09T09:15:59.000Z,21.37550111,-157.74438876,UAV 1,2,1:3001:2659,ENZPU001,1:1:222:28:13:7:3,0,false,false,false,false,0
ENZPU002,none,,2026-08-09T09:15:59.000Z,21.37545350,-157.74447070,UAV 1,2,1:3001:2807,ENZPU002,1:1:222:28:13:7:3,0,false,false,false,false,0
ENMORT001,none,,2026-08-09T09:15:59.000Z,21.37443553,-157.73716992,UAV 1,2,1:3001:2789,ENMORT001,1:1:71:10:1:0:1,0,false,false,false,false,0
ENMORT004,none,,2026-08-09T09:15:59.000Z,21.37447596,-157.73706256,UAV 1,2,1:3001:2630,ENMORT004,1:1:71:10:1:0:1,0,false,false,false,false,0
ENMORT002,none,,2026-08-09T09:15:59.000Z,21.37453609,-157.73721308,UAV 1,2,1:3001:2834,ENMORT002,1:1:71:10:1:0:1,0,false,false,false,false,0
ENMORT003,none,,2026-08-09T09:15:59.000Z,21.37463664,-157.73725624,UAV 1,2,1:3001:2865,ENMORT003,1:1:71:10:1:0:1,0,false,false,false,false,0
ENMORT005,none,,2026-08-09T09:15:59.000Z,21.37457651,-157.73710572,UAV 1,2,1:3001:2607,ENMORT005,1:1:71:10:1:0:1,0,false,false,false,false,0
ENM35001,move to,LOC_적북측접근로,2026-08-09T09:15:59.000Z,21.37135262,-157.74164526,UAV 1,2,1:3001:2754,ENM35001,1:1:225:7:1:6:0,0,false,false,false,false,0
ENZPU001,none,,2026-08-09T09:15:59.000Z,21.37550111,-157.74438876,UAV 1,2,1:3001:2659,ENZPU001,1:1:222:28:13:7:3,0,false,false,false,false,0
ENZPU002,none,,2026-08-09T09:15:59.000Z,21.37545350,-157.74447070,UAV 1,2,1:3001:2807,ENZPU002,1:1:222:28:13:7:3,0,false,false,false,false,0
ENMORT001,none,,2026-08-09T09:15:59.000Z,21.37443553,-157.73716992,UAV 1,2,1:3001:2789,ENMORT001,1:1:71:10:1:0:1,0,false,false,false,false,0
ENMORT004,none,,2026-08-09T09:15:59.000Z,21.37447596,-157.73706256,UAV 1,2,1:3001:2630,ENMORT004,1:1:71:10:1:0:1,0,false,false,false,false,0
ENMORT002,none,,2026-08-09T09:15:59.000Z,21.37453609,-157.73721308,UAV 1,2,1:3001:2834,ENMORT002,1:1:71:10:1:0:1,0,false,false,false,false,0
ENMORT003,none,,2026-08-09T09:15:59.000Z,21.37463664,-157.73725624,UAV 1,2,1:3001:2865,ENMORT003,1:1:71:10:1:0:1,0,false,false,false,false,0
ENMORT005,none,,2026-08-09T09:15:59.000Z,21.37457651,-157.73710572,UAV 1,2,1:3001:2607,ENMORT005,1:1:71:10:1:0:1,0,false,false,false,false,0
ENM35004,move to,LOC_적북측접근로,2026-08-09T09:15:59.000Z,21.37137124,-157.74157409,UAV 1,2,1:3001:2650,ENM35004,1:1:225:7:1:6:0,0,false,false,false,false,0
ENZPU001,none,,2026-08-09T09:16:00.000Z,21.37550111,-157.74438876,UAV 1,2,1:3001:2659,ENZPU001,1:1:222:28:13:7:3,0,false,false,false,false,0
ENZPU002,none,,2026-08-09T09:16:00.000Z,21.37545350,-157.74447070,UAV 1,2,1:3001:2807,ENZPU002,1:1:222:28:13:7:3,0,false,false,false,false,0
ENMORT001,none,,2026-08-09T09:16:00.000Z,21.37443553,-157.73716992,UAV 1,2,1:3001:2789,ENMORT001,1:1:71:10:1:0:1,0,false,false,false,false,0
ENMORT004,none,,2026-08-09T09:16:00.000Z,21.37447596,-157.73706256,UAV 1,2,1:3001:2630,ENMORT004,1:1:71:10:1:0:1,0,false,false,false,false,0
ENMORT002,none,,2026-08-09T09:16:00.000Z,21.37453609,-157.73721308,UAV 1,2,1:3001:2834,ENMORT002,1:1:71:10:1:0:1,0,false,false,false,false,0
ENMORT003,none,,2026-08-09T09:16:00.000Z,21.37463664,-157.73725624,UAV 1,2,1:3001:2865,ENMORT003,1:1:71:10:1:0:1,0,false,false,false,false,0
ENMORT005,none,,2026-08-09T09:16:00.000Z,21.37457651,-157.73710572,UAV 1,2,1:3001:2607,ENMORT005,1:1:71:10:1:0:1,0,false,false,false,false,0
ENM35004,move to,LOC_적북측접근로,2026-08-09T09:16:00.000Z,21.37137124,-157.74157409,UAV 1,2,1:3001:2650,ENM35004,1:1:225:7:1:6:0,0,false,false,false,false,0
ENZPU001,none,,2026-08-09T09:16:00.000Z,21.37550111,-157.74438876,UAV 1,2,1:3001:2659,ENZPU001,1:1:222:28:13:7:3,0,false,false,false,false,0
ENZPU002,none,,2026-08-09T09:16:00.000Z,21.37545350,-157.74447070,UAV 1,2,1:3001:2807,ENZPU002,1:1:222:28:13:7:3,0,false,false,false,false,0
ENMORT001,none,,2026-08-09T09:16:00.000Z,21.37443553,-157.73716992,UAV 1,2,1:3001:2789,ENMORT001,1:1:71:10:1:0:1,0,false,false,false,false,0
ENMORT004,none,,2026-08-09T09:16:00.000Z,21.37447596,-157.73706256,UAV 1,2,1:3001:2630,ENMORT004,1:1:71:10:1:0:1,0,false,false,false,false,0
ENMORT002,none,,2026-08-09T09:16:00.000Z,21.37453609,-157.73721308,UAV 1,2,1:3001:2834,ENMORT002,1:1:71:10:1:0:1,0,false,false,false,false,0
ENMORT003,none,,2026-08-09T09:16:00.000Z,21.37463664,-157.73725624,UAV 1,2,1:3001:2865,ENMORT003,1:1:71:10:1:0:1,0,false,false,false,false,0
ENMORT005,none,,2026-08-09T09:16:00.000Z,21.37457651,-157.73710572,UAV 1,2,1:3001:2607,ENMORT005,1:1:71:10:1:0:1,0,false,false,false,false,0
ENM35004,move to,LOC_적북측접근로,2026-08-09T09:16:00.000Z,21.37137124,-157.74157409,UAV 1,2,1:3001:2650,ENM35004,1:1:225:7:1:6:0,0,false,false,false,false,0
ENZPU001,none,,2026-08-09T09:16:01.000Z,21.37550111,-157.74438876,UAV 1,2,1:3001:2659,ENZPU001,1:1:222:28:13:7:3,0,false,false,false,false,0
ENZPU002,none,,2026-08-09T09:16:01.000Z,21.37545350,-157.74447070,UAV 1,2,1:3001:2807,ENZPU002,1:1:222:28:13:7:3,0,false,false,false,false,0
ENMORT001,none,,2026-08-09T09:16:01.000Z,21.37443553,-157.73716992,UAV 1,2,1:3001:2789,ENMORT001,1:1:71:10:1:0:1,0,false,false,false,false,0
ENMORT004,none,,2026-08-09T09:16:01.000Z,21.37447596,-157.73706256,UAV 1,2,1:3001:2630,ENMORT004,1:1:71:10:1:0:1,0,false,false,false,false,0
ENMORT002,none,,2026-08-09T09:16:01.000Z,21.37453609,-157.73721308,UAV 1,2,1:3001:2834,ENMORT002,1:1:71:10:1:0:1,0,false,false,false,false,0
ENMORT003,none,,2026-08-09T09:16:01.000Z,21.37463664,-157.73725624,UAV 1,2,1:3001:2865,ENMORT003,1:1:71:10:1:0:1,0,false,false,false,false,0
ENMORT005,none,,2026-08-09T09:16:01.000Z,21.37457651,-157.73710572,UAV 1,2,1:3001:2607,ENMORT005,1:1:71:10:1:0:1,0,false,false,false,false,0
ENM35004,move to,LOC_적북측접근로,2026-08-09T09:16:01.000Z,21.37137124,-157.74157409,UAV 1,2,1:3001:2650,ENM35004,1:1:225:7:1:6:0,0,false,false,false,false,0
ENZPU001,none,,2026-08-09T09:16:01.000Z,21.37550111,-157.74438876,UAV 1,2,1:3001:2659,ENZPU001,1:1:222:28:13:7:3,0,false,false,false,false,0
ENZPU002,none,,2026-08-09T09:16:01.000Z,21.37545350,-157.74447070,UAV 1,2,1:3001:2807,ENZPU002,1:1:222:28:13:7:3,0,false,false,false,false,0
ENMORT001,none,,2026-08-09T09:16:01.000Z,21.37443553,-157.73716992,UAV 1,2,1:3001:2789,ENMORT001,1:1:71:10:1:0:1,0,false,false,false,false,0
ENMORT004,none,,2026-08-09T09:16:01.000Z,21.37447596,-157.73706256,UAV 1,2,1:3001:2630,ENMORT004,1:1:71:10:1:0:1,0,false,false,false,false,0
ENMORT002,none,,2026-08-09T09:16:01.000Z,21.37453609,-157.73721308,UAV 1,2,1:3001:2834,ENMORT002,1:1:71:10:1:0:1,0,false,false,false,false,0
ENMORT003,none,,2026-08-09T09:16:01.000Z,21.37463664,-157.73725624,UAV 1,2,1:3001:2865,ENMORT003,1:1:71:10:1:0:1,0,false,false,false,false,0
ENMORT005,none,,2026-08-09T09:16:01.000Z,21.37457651,-157.73710572,UAV 1,2,1:3001:2607,ENMORT005,1:1:71:10:1:0:1,0,false,false,false,false,0
ENZPU001,none,,2026-08-09T09:16:02.000Z,21.37550111,-157.74438876,UAV 1,2,1:3001:2659,ENZPU001,1:1:222:28:13:7:3,0,false,false,false,false,0
ENZPU002,none,,2026-08-09T09:16:02.000Z,21.37545350,-157.74447070,UAV 1,2,1:3001:2807,ENZPU002,1:1:222:28:13:7:3,0,false,false,false,false,0
ENMORT001,none,,2026-08-09T09:16:02.000Z,21.37443553,-157.73716992,UAV 1,2,1:3001:2789,ENMORT001,1:1:71:10:1:0:1,0,false,false,false,false,0
ENMORT004,none,,2026-08-09T09:16:02.000Z,21.37447596,-157.73706256,UAV 1,2,1:3001:2630,ENMORT004,1:1:71:10:1:0:1,0,false,false,false,false,0
ENMORT002,none,,2026-08-09T09:16:02.000Z,21.37453609,-157.73721308,UAV 1,2,1:3001:2834,ENMORT002,1:1:71:10:1:0:1,0,false,false,false,false,0
ENMORT003,none,,2026-08-09T09:16:02.000Z,21.37463664,-157.73725624,UAV 1,2,1:3001:2865,ENMORT003,1:1:71:10:1:0:1,0,false,false,false,false,0
ENMORT005,none,,2026-08-09T09:16:02.000Z,21.37457651,-157.73710572,UAV 1,2,1:3001:2607,ENMORT005,1:1:71:10:1:0:1,0,false,false,false,false,0
ENZPU001,none,,2026-08-09T09:16:02.000Z,21.37550111,-157.74438876,UAV 1,2,1:3001:2659,ENZPU001,1:1:222:28:13:7:3,0,false,false,false,false,0
ENZPU002,none,,2026-08-09T09:16:02.000Z,21.37545350,-157.74447070,UAV 1,2,1:3001:2807,ENZPU002,1:1:222:28:13:7:3,0,false,false,false,false,0
ENMORT001,none,,2026-08-09T09:16:02.000Z,21.37443553,-157.73716992,UAV 1,2,1:3001:2789,ENMORT001,1:1:71:10:1:0:1,0,false,false,false,false,0
ENMORT004,none,,2026-08-09T09:16:02.000Z,21.37447596,-157.73706256,UAV 1,2,1:3001:2630,ENMORT004,1:1:71:10:1:0:1,0,false,false,false,false,0
ENMORT002,none,,2026-08-09T09:16:02.000Z,21.37453609,-157.73721308,UAV 1,2,1:3001:2834,ENMORT002,1:1:71:10:1:0:1,0,false,false,false,false,0
ENMORT003,none,,2026-08-09T09:16:02.000Z,21.37463664,-157.73725624,UAV 1,2,1:3001:2865,ENMORT003,1:1:71:10:1:0:1,0,false,false,false,false,0
ENMORT005,none,,2026-08-09T09:16:02.000Z,21.37457651,-157.73710572,UAV 1,2,1:3001:2607,ENMORT005,1:1:71:10:1:0:1,0,false,false,false,false,0
ENZPU001,none,,2026-08-09T09:16:03.000Z,21.37550111,-157.74438876,UAV 1,2,1:3001:2659,ENZPU001,1:1:222:28:13:7:3,0,false,false,false,false,0
ENZPU002,none,,2026-08-09T09:16:03.000Z,21.37545350,-157.74447070,UAV 1,2,1:3001:2807,ENZPU002,1:1:222:28:13:7:3,0,false,false,false,false,0
ENMORT001,none,,2026-08-09T09:16:03.000Z,21.37443553,-157.73716992,UAV 1,2,1:3001:2789,ENMORT001,1:1:71:10:1:0:1,0,false,false,false,false,0
ENMORT004,none,,2026-08-09T09:16:03.000Z,21.37447596,-157.73706256,UAV 1,2,1:3001:2630,ENMORT004,1:1:71:10:1:0:1,0,false,false,false,false,0
ENMORT002,none,,2026-08-09T09:16:03.000Z,21.37453609,-157.73721308,UAV 1,2,1:3001:2834,ENMORT002,1:1:71:10:1:0:1,0,false,false,false,false,0
ENMORT003,none,,2026-08-09T09:16:03.000Z,21.37463664,-157.73725624,UAV 1,2,1:3001:2865,ENMORT003,1:1:71:10:1:0:1,0,false,false,false,false,0
ENMORT005,none,,2026-08-09T09:16:03.000Z,21.37457651,-157.73710572,UAV 1,2,1:3001:2607,ENMORT005,1:1:71:10:1:0:1,0,false,false,false,false,0
ENZPU001,none,,2026-08-09T09:16:04.000Z,21.37550111,-157.74438876,UAV 1,2,1:3001:2659,ENZPU001,1:1:222:28:13:7:3,0,false,false,false,false,0
ENZPU002,none,,2026-08-09T09:16:04.000Z,21.37545350,-157.74447070,UAV 1,2,1:3001:2807,ENZPU002,1:1:222:28:13:7:3,0,false,false,false,false,0
ENMORT001,none,,2026-08-09T09:16:04.000Z,21.37443553,-157.73716992,UAV 1,2,1:3001:2789,ENMORT001,1:1:71:10:1:0:1,0,false,false,false,false,0
ENMORT004,none,,2026-08-09T09:16:04.000Z,21.37447596,-157.73706256,UAV 1,2,1:3001:2630,ENMORT004,1:1:71:10:1:0:1,0,false,false,false,false,0
ENMORT002,none,,2026-08-09T09:16:04.000Z,21.37453609,-157.73721308,UAV 1,2,1:3001:2834,ENMORT002,1:1:71:10:1:0:1,0,false,false,false,false,0
ENMORT003,none,,2026-08-09T09:16:04.000Z,21.37463664,-157.73725624,UAV 1,2,1:3001:2865,ENMORT003,1:1:71:10:1:0:1,0,false,false,false,false,0
ENMORT005,none,,2026-08-09T09:16:04.000Z,21.37457651,-157.73710572,UAV 1,2,1:3001:2607,ENMORT005,1:1:71:10:1:0:1,0,false,false,false,false,0
ENM35002,move to,LOC_적북측접근로,2026-08-09T09:16:04.000Z,21.37135374,-157.74164489,UAV 1,2,1:3001:2740,ENM35002,1:1:225:7:1:6:0,0,false,false,false,false,0
ENZPU001,none,,2026-08-09T09:16:04.000Z,21.37550111,-157.74438876,UAV 1,2,1:3001:2659,ENZPU001,1:1:222:28:13:7:3,0,false,false,false,false,0
ENZPU002,none,,2026-08-09T09:16:04.000Z,21.37545350,-157.74447070,UAV 1,2,1:3001:2807,ENZPU002,1:1:222:28:13:7:3,0,false,false,false,false,0
ENMORT001,none,,2026-08-09T09:16:04.000Z,21.37443553,-157.73716992,UAV 1,2,1:3001:2789,ENMORT001,1:1:71:10:1:0:1,0,false,false,false,false,0
ENMORT004,none,,2026-08-09T09:16:04.000Z,21.37447596,-157.73706256,UAV 1,2,1:3001:2630,ENMORT004,1:1:71:10:1:0:1,0,false,false,false,false,0
ENMORT002,none,,2026-08-09T09:16:04.000Z,21.37453609,-157.73721308,UAV 1,2,1:3001:2834,ENMORT002,1:1:71:10:1:0:1,0,false,false,false,false,0
ENMORT003,none,,2026-08-09T09:16:04.000Z,21.37463664,-157.73725624,UAV 1,2,1:3001:2865,ENMORT003,1:1:71:10:1:0:1,0,false,false,false,false,0
ENMORT005,none,,2026-08-09T09:16:04.000Z,21.37457651,-157.73710572,UAV 1,2,1:3001:2607,ENMORT005,1:1:71:10:1:0:1,0,false,false,false,false,0
ENM35002,move to,LOC_적북측접근로,2026-08-09T09:16:04.000Z,21.37135374,-157.74164489,UAV 1,2,1:3001:2740,ENM35002,1:1:225:7:1:6:0,0,false,false,false,false,0
ENZPU001,none,,2026-08-09T09:16:04.000Z,21.37550111,-157.74438876,UAV 1,2,1:3001:2659,ENZPU001,1:1:222:28:13:7:3,0,false,false,false,false,0
ENZPU002,none,,2026-08-09T09:16:04.000Z,21.37545350,-157.74447070,UAV 1,2,1:3001:2807,ENZPU002,1:1:222:28:13:7:3,0,false,false,false,false,0
ENMORT001,none,,2026-08-09T09:16:04.000Z,21.37443553,-157.73716992,UAV 1,2,1:3001:2789,ENMORT001,1:1:71:10:1:0:1,0,false,false,false,false,0
ENMORT004,none,,2026-08-09T09:16:04.000Z,21.37447596,-157.73706256,UAV 1,2,1:3001:2630,ENMORT004,1:1:71:10:1:0:1,0,false,false,false,false,0
ENMORT002,none,,2026-08-09T09:16:04.000Z,21.37453609,-157.73721308,UAV 1,2,1:3001:2834,ENMORT002,1:1:71:10:1:0:1,0,false,false,false,false,0
ENMORT003,none,,2026-08-09T09:16:04.000Z,21.37463664,-157.73725624,UAV 1,2,1:3001:2865,ENMORT003,1:1:71:10:1:0:1,0,false,false,false,false,0
ENMORT005,none,,2026-08-09T09:16:04.000Z,21.37457651,-157.73710572,UAV 1,2,1:3001:2607,ENMORT005,1:1:71:10:1:0:1,0,false,false,false,false,0
ENM35002,move to,LOC_적북측접근로,2026-08-09T09:16:04.000Z,21.37135374,-157.74164489,UAV 1,2,1:3001:2740,ENM35002,1:1:225:7:1:6:0,0,false,false,false,false,0
ENZPU001,none,,2026-08-09T09:16:05.000Z,21.37550111,-157.74438876,UAV 1,2,1:3001:2659,ENZPU001,1:1:222:28:13:7:3,0,false,false,false,false,0
ENZPU002,none,,2026-08-09T09:16:05.000Z,21.37545350,-157.74447070,UAV 1,2,1:3001:2807,ENZPU002,1:1:222:28:13:7:3,0,false,false,false,false,0
ENMORT001,none,,2026-08-09T09:16:05.000Z,21.37443553,-157.73716992,UAV 1,2,1:3001:2789,ENMORT001,1:1:71:10:1:0:1,0,false,false,false,false,0
ENMORT004,none,,2026-08-09T09:16:05.000Z,21.37447596,-157.73706256,UAV 1,2,1:3001:2630,ENMORT004,1:1:71:10:1:0:1,0,false,false,false,false,0
ENMORT002,none,,2026-08-09T09:16:05.000Z,21.37453609,-157.73721308,UAV 1,2,1:3001:2834,ENMORT002,1:1:71:10:1:0:1,0,false,false,false,false,0
ENMORT003,none,,2026-08-09T09:16:05.000Z,21.37463664,-157.73725624,UAV 1,2,1:3001:2865,ENMORT003,1:1:71:10:1:0:1,0,false,false,false,false,0
ENMORT005,none,,2026-08-09T09:16:05.000Z,21.37457651,-157.73710572,UAV 1,2,1:3001:2607,ENMORT005,1:1:71:10:1:0:1,0,false,false,false,false,0
ENM35002,move to,LOC_적북측접근로,2026-08-09T09:16:05.000Z,21.37135374,-157.74164489,UAV 1,2,1:3001:2740,ENM35002,1:1:225:7:1:6:0,0,false,false,false,false,0
ENZPU001,none,,2026-08-09T09:16:06.000Z,21.37550111,-157.74438876,UAV 1,2,1:3001:2659,ENZPU001,1:1:222:28:13:7:3,0,false,false,false,false,0
ENZPU002,none,,2026-08-09T09:16:06.000Z,21.37545350,-157.74447070,UAV 1,2,1:3001:2807,ENZPU002,1:1:222:28:13:7:3,0,false,false,false,false,0
ENMORT001,none,,2026-08-09T09:16:06.000Z,21.37443553,-157.73716992,UAV 1,2,1:3001:2789,ENMORT001,1:1:71:10:1:0:1,0,false,false,false,false,0
ENMORT004,none,,2026-08-09T09:16:06.000Z,21.37447596,-157.73706256,UAV 1,2,1:3001:2630,ENMORT004,1:1:71:10:1:0:1,0,false,false,false,false,0
ENMORT002,none,,2026-08-09T09:16:06.000Z,21.37453609,-157.73721308,UAV 1,2,1:3001:2834,ENMORT002,1:1:71:10:1:0:1,0,false,false,false,false,0
ENMORT003,none,,2026-08-09T09:16:06.000Z,21.37463664,-157.73725624,UAV 1,2,1:3001:2865,ENMORT003,1:1:71:10:1:0:1,0,false,false,false,false,0
ENMORT005,none,,2026-08-09T09:16:06.000Z,21.37457651,-157.73710572,UAV 1,2,1:3001:2607,ENMORT005,1:1:71:10:1:0:1,0,false,false,false,false,0
ENM35002,move to,LOC_적북측접근로,2026-08-09T09:16:06.000Z,21.37136111,-157.74161509,UAV 1,2,1:3001:2740,ENM35002,1:1:225:7:1:6:0,0,false,false,false,false,0
ENZPU001,none,,2026-08-09T09:16:06.000Z,21.37550111,-157.74438876,UAV 1,2,1:3001:2659,ENZPU001,1:1:222:28:13:7:3,0,false,false,false,false,0
ENZPU002,none,,2026-08-09T09:16:06.000Z,21.37545350,-157.74447070,UAV 1,2,1:3001:2807,ENZPU002,1:1:222:28:13:7:3,0,false,false,false,false,0
ENMORT001,none,,2026-08-09T09:16:06.000Z,21.37443553,-157.73716992,UAV 1,2,1:3001:2789,ENMORT001,1:1:71:10:1:0:1,0,false,false,false,false,0
ENMORT004,none,,2026-08-09T09:16:06.000Z,21.37447596,-157.73706256,UAV 1,2,1:3001:2630,ENMORT004,1:1:71:10:1:0:1,0,false,false,false,false,0
ENMORT002,none,,2026-08-09T09:16:06.000Z,21.37453609,-157.73721308,UAV 1,2,1:3001:2834,ENMORT002,1:1:71:10:1:0:1,0,false,false,false,false,0
ENMORT003,none,,2026-08-09T09:16:06.000Z,21.37463664,-157.73725624,UAV 1,2,1:3001:2865,ENMORT003,1:1:71:10:1:0:1,0,false,false,false,false,0
ENMORT005,none,,2026-08-09T09:16:06.000Z,21.37457651,-157.73710572,UAV 1,2,1:3001:2607,ENMORT005,1:1:71:10:1:0:1,0,false,false,false,false,0
ENM35002,move to,LOC_적북측접근로,2026-08-09T09:16:06.000Z,21.37136111,-157.74161509,UAV 1,2,1:3001:2740,ENM35002,1:1:225:7:1:6:0,0,false,false,false,false,0
ENZPU001,none,,2026-08-09T09:16:07.000Z,21.37550111,-157.74438876,UAV 1,2,1:3001:2659,ENZPU001,1:1:222:28:13:7:3,0,false,false,false,false,0
ENZPU002,none,,2026-08-09T09:16:07.000Z,21.37545350,-157.74447070,UAV 1,2,1:3001:2807,ENZPU002,1:1:222:28:13:7:3,0,false,false,false,false,0
ENMORT001,none,,2026-08-09T09:16:07.000Z,21.37443553,-157.73716992,UAV 1,2,1:3001:2789,ENMORT001,1:1:71:10:1:0:1,0,false,false,false,false,0
ENMORT004,none,,2026-08-09T09:16:07.000Z,21.37447596,-157.73706256,UAV 1,2,1:3001:2630,ENMORT004,1:1:71:10:1:0:1,0,false,false,false,false,0
ENMORT002,none,,2026-08-09T09:16:07.000Z,21.37453609,-157.73721308,UAV 1,2,1:3001:2834,ENMORT002,1:1:71:10:1:0:1,0,false,false,false,false,0
ENMORT003,none,,2026-08-09T09:16:07.000Z,21.37463664,-157.73725624,UAV 1,2,1:3001:2865,ENMORT003,1:1:71:10:1:0:1,0,false,false,false,false,0
ENMORT005,none,,2026-08-09T09:16:07.000Z,21.37457651,-157.73710572,UAV 1,2,1:3001:2607,ENMORT005,1:1:71:10:1:0:1,0,false,false,false,false,0
ENM35002,move to,LOC_적북측접근로,2026-08-09T09:16:07.000Z,21.37136111,-157.74161509,UAV 1,2,1:3001:2740,ENM35002,1:1:225:7:1:6:0,0,false,false,false,false,0
ENZPU001,none,,2026-08-09T09:16:07.000Z,21.37550111,-157.74438876,UAV 1,2,1:3001:2659,ENZPU001,1:1:222:28:13:7:3,0,false,false,false,false,0
ENZPU002,none,,2026-08-09T09:16:07.000Z,21.37545350,-157.74447070,UAV 1,2,1:3001:2807,ENZPU002,1:1:222:28:13:7:3,0,false,false,false,false,0
ENMORT001,none,,2026-08-09T09:16:07.000Z,21.37443553,-157.73716992,UAV 1,2,1:3001:2789,ENMORT001,1:1:71:10:1:0:1,0,false,false,false,false,0
ENMORT004,none,,2026-08-09T09:16:07.000Z,21.37447596,-157.73706256,UAV 1,2,1:3001:2630,ENMORT004,1:1:71:10:1:0:1,0,false,false,false,false,0
ENMORT002,none,,2026-08-09T09:16:07.000Z,21.37453609,-157.73721308,UAV 1,2,1:3001:2834,ENMORT002,1:1:71:10:1:0:1,0,false,false,false,false,0
ENMORT003,none,,2026-08-09T09:16:07.000Z,21.37463664,-157.73725624,UAV 1,2,1:3001:2865,ENMORT003,1:1:71:10:1:0:1,0,false,false,false,false,0
ENMORT005,none,,2026-08-09T09:16:07.000Z,21.37457651,-157.73710572,UAV 1,2,1:3001:2607,ENMORT005,1:1:71:10:1:0:1,0,false,false,false,false,0
ENM35002,move to,LOC_적북측접근로,2026-08-09T09:16:07.000Z,21.37136111,-157.74161509,UAV 1,2,1:3001:2740,ENM35002,1:1:225:7:1:6:0,0,false,false,false,false,0
ENZPU001,none,,2026-08-09T09:16:08.000Z,21.37550111,-157.74438876,UAV 1,2,1:3001:2659,ENZPU001,1:1:222:28:13:7:3,0,false,false,false,false,0
ENZPU002,none,,2026-08-09T09:16:08.000Z,21.37545350,-157.74447070,UAV 1,2,1:3001:2807,ENZPU002,1:1:222:28:13:7:3,0,false,false,false,false,0
ENMORT001,none,,2026-08-09T09:16:08.000Z,21.37443553,-157.73716992,UAV 1,2,1:3001:2789,ENMORT001,1:1:71:10:1:0:1,0,false,false,false,false,0
ENMORT004,none,,2026-08-09T09:16:08.000Z,21.37447596,-157.73706256,UAV 1,2,1:3001:2630,ENMORT004,1:1:71:10:1:0:1,0,false,false,false,false,0
ENMORT002,none,,2026-08-09T09:16:08.000Z,21.37453609,-157.73721308,UAV 1,2,1:3001:2834,ENMORT002,1:1:71:10:1:0:1,0,false,false,false,false,0
ENMORT003,none,,2026-08-09T09:16:08.000Z,21.37463664,-157.73725624,UAV 1,2,1:3001:2865,ENMORT003,1:1:71:10:1:0:1,0,false,false,false,false,0
ENMORT005,none,,2026-08-09T09:16:08.000Z,21.37457651,-157.73710572,UAV 1,2,1:3001:2607,ENMORT005,1:1:71:10:1:0:1,0,false,false,false,false,0
ENZPU001,none,,2026-08-09T09:16:08.000Z,21.37550111,-157.74438876,UAV 1,2,1:3001:2659,ENZPU001,1:1:222:28:13:7:3,0,false,false,false,false,0
ENZPU002,none,,2026-08-09T09:16:08.000Z,21.37545350,-157.74447070,UAV 1,2,1:3001:2807,ENZPU002,1:1:222:28:13:7:3,0,false,false,false,false,0
ENMORT001,none,,2026-08-09T09:16:08.000Z,21.37443553,-157.73716992,UAV 1,2,1:3001:2789,ENMORT001,1:1:71:10:1:0:1,0,false,false,false,false,0
ENMORT004,none,,2026-08-09T09:16:08.000Z,21.37447596,-157.73706256,UAV 1,2,1:3001:2630,ENMORT004,1:1:71:10:1:0:1,0,false,false,false,false,0
ENMORT002,none,,2026-08-09T09:16:08.000Z,21.37453609,-157.73721308,UAV 1,2,1:3001:2834,ENMORT002,1:1:71:10:1:0:1,0,false,false,false,false,0
ENMORT003,none,,2026-08-09T09:16:08.000Z,21.37463664,-157.73725624,UAV 1,2,1:3001:2865,ENMORT003,1:1:71:10:1:0:1,0,false,false,false,false,0
ENMORT005,none,,2026-08-09T09:16:08.000Z,21.37457651,-157.73710572,UAV 1,2,1:3001:2607,ENMORT005,1:1:71:10:1:0:1,0,false,false,false,false,0
ENZPU001,none,,2026-08-09T09:16:09.000Z,21.37550111,-157.74438876,UAV 1,2,1:3001:2659,ENZPU001,1:1:222:28:13:7:3,0,false,false,false,false,0
ENZPU002,none,,2026-08-09T09:16:09.000Z,21.37545350,-157.74447070,UAV 1,2,1:3001:2807,ENZPU002,1:1:222:28:13:7:3,0,false,false,false,false,0
ENMORT001,none,,2026-08-09T09:16:09.000Z,21.37443553,-157.73716992,UAV 1,2,1:3001:2789,ENMORT001,1:1:71:10:1:0:1,0,false,false,false,false,0
ENMORT004,none,,2026-08-09T09:16:09.000Z,21.37447596,-157.73706256,UAV 1,2,1:3001:2630,ENMORT004,1:1:71:10:1:0:1,0,false,false,false,false,0
ENMORT002,none,,2026-08-09T09:16:09.000Z,21.37453609,-157.73721308,UAV 1,2,1:3001:2834,ENMORT002,1:1:71:10:1:0:1,0,false,false,false,false,0
ENMORT003,none,,2026-08-09T09:16:09.000Z,21.37463664,-157.73725624,UAV 1,2,1:3001:2865,ENMORT003,1:1:71:10:1:0:1,0,false,false,false,false,0
ENMORT005,none,,2026-08-09T09:16:09.000Z,21.37457651,-157.73710572,UAV 1,2,1:3001:2607,ENMORT005,1:1:71:10:1:0:1,0,false,false,false,false,0
ENZPU001,none,,2026-08-09T09:16:09.000Z,21.37550111,-157.74438876,UAV 1,2,1:3001:2659,ENZPU001,1:1:222:28:13:7:3,0,false,false,false,false,0
ENZPU002,none,,2026-08-09T09:16:09.000Z,21.37545350,-157.74447070,UAV 1,2,1:3001:2807,ENZPU002,1:1:222:28:13:7:3,0,false,false,false,false,0
ENMORT001,none,,2026-08-09T09:16:09.000Z,21.37443553,-157.73716992,UAV 1,2,1:3001:2789,ENMORT001,1:1:71:10:1:0:1,0,false,false,false,false,0
ENMORT004,none,,2026-08-09T09:16:09.000Z,21.37447596,-157.73706256,UAV 1,2,1:3001:2630,ENMORT004,1:1:71:10:1:0:1,0,false,false,false,false,0
ENMORT002,none,,2026-08-09T09:16:09.000Z,21.37453609,-157.73721308,UAV 1,2,1:3001:2834,ENMORT002,1:1:71:10:1:0:1,0,false,false,false,false,0
ENMORT003,none,,2026-08-09T09:16:09.000Z,21.37463664,-157.73725624,UAV 1,2,1:3001:2865,ENMORT003,1:1:71:10:1:0:1,0,false,false,false,false,0
ENMORT005,none,,2026-08-09T09:16:09.000Z,21.37457651,-157.73710572,UAV 1,2,1:3001:2607,ENMORT005,1:1:71:10:1:0:1,0,false,false,false,false,0
ENZPU001,none,,2026-08-09T09:16:10.000Z,21.37550111,-157.74438876,UAV 1,2,1:3001:2659,ENZPU001,1:1:222:28:13:7:3,0,false,false,false,false,0
ENZPU002,none,,2026-08-09T09:16:10.000Z,21.37545350,-157.74447070,UAV 1,2,1:3001:2807,ENZPU002,1:1:222:28:13:7:3,0,false,false,false,false,0
ENMORT001,none,,2026-08-09T09:16:10.000Z,21.37443553,-157.73716992,UAV 1,2,1:3001:2789,ENMORT001,1:1:71:10:1:0:1,0,false,false,false,false,0
ENMORT004,none,,2026-08-09T09:16:10.000Z,21.37447596,-157.73706256,UAV 1,2,1:3001:2630,ENMORT004,1:1:71:10:1:0:1,0,false,false,false,false,0
ENMORT002,none,,2026-08-09T09:16:10.000Z,21.37453609,-157.73721308,UAV 1,2,1:3001:2834,ENMORT002,1:1:71:10:1:0:1,0,false,false,false,false,0
ENMORT003,none,,2026-08-09T09:16:10.000Z,21.37463664,-157.73725624,UAV 1,2,1:3001:2865,ENMORT003,1:1:71:10:1:0:1,0,false,false,false,false,0
ENMORT005,none,,2026-08-09T09:16:10.000Z,21.37457651,-157.73710572,UAV 1,2,1:3001:2607,ENMORT005,1:1:71:10:1:0:1,0,false,false,false,false,0
ENZPU001,none,,2026-08-09T09:16:10.000Z,21.37550111,-157.74438876,UAV 1,2,1:3001:2659,ENZPU001,1:1:222:28:13:7:3,0,false,false,false,false,0
ENZPU002,none,,2026-08-09T09:16:10.000Z,21.37545350,-157.74447070,UAV 1,2,1:3001:2807,ENZPU002,1:1:222:28:13:7:3,0,false,false,false,false,0
ENMORT001,none,,2026-08-09T09:16:10.000Z,21.37443553,-157.73716992,UAV 1,2,1:3001:2789,ENMORT001,1:1:71:10:1:0:1,0,false,false,false,false,0
ENMORT004,none,,2026-08-09T09:16:10.000Z,21.37447596,-157.73706256,UAV 1,2,1:3001:2630,ENMORT004,1:1:71:10:1:0:1,0,false,false,false,false,0
ENMORT002,none,,2026-08-09T09:16:10.000Z,21.37453609,-157.73721308,UAV 1,2,1:3001:2834,ENMORT002,1:1:71:10:1:0:1,0,false,false,false,false,0
ENMORT003,none,,2026-08-09T09:16:10.000Z,21.37463664,-157.73725624,UAV 1,2,1:3001:2865,ENMORT003,1:1:71:10:1:0:1,0,false,false,false,false,0
ENMORT005,none,,2026-08-09T09:16:10.000Z,21.37457651,-157.73710572,UAV 1,2,1:3001:2607,ENMORT005,1:1:71:10:1:0:1,0,false,false,false,false,0
ENZPU001,none,,2026-08-09T09:16:11.000Z,21.37550111,-157.74438876,UAV 1,2,1:3001:2659,ENZPU001,1:1:222:28:13:7:3,0,false,false,false,false,0
ENZPU002,none,,2026-08-09T09:16:11.000Z,21.37545350,-157.74447070,UAV 1,2,1:3001:2807,ENZPU002,1:1:222:28:13:7:3,0,false,false,false,false,0
ENMORT001,none,,2026-08-09T09:16:11.000Z,21.37443553,-157.73716992,UAV 1,2,1:3001:2789,ENMORT001,1:1:71:10:1:0:1,0,false,false,false,false,0
ENMORT004,none,,2026-08-09T09:16:11.000Z,21.37447596,-157.73706256,UAV 1,2,1:3001:2630,ENMORT004,1:1:71:10:1:0:1,0,false,false,false,false,0
ENMORT002,none,,2026-08-09T09:16:11.000Z,21.37453609,-157.73721308,UAV 1,2,1:3001:2834,ENMORT002,1:1:71:10:1:0:1,0,false,false,false,false,0
ENMORT003,none,,2026-08-09T09:16:11.000Z,21.37463664,-157.73725624,UAV 1,2,1:3001:2865,ENMORT003,1:1:71:10:1:0:1,0,false,false,false,false,0
ENMORT005,none,,2026-08-09T09:16:11.000Z,21.37457651,-157.73710572,UAV 1,2,1:3001:2607,ENMORT005,1:1:71:10:1:0:1,0,false,false,false,false,0
ENZPU001,none,,2026-08-09T09:16:11.000Z,21.37550111,-157.74438876,UAV 1,2,1:3001:2659,ENZPU001,1:1:222:28:13:7:3,0,false,false,false,false,0
ENZPU002,none,,2026-08-09T09:16:11.000Z,21.37545350,-157.74447070,UAV 1,2,1:3001:2807,ENZPU002,1:1:222:28:13:7:3,0,false,false,false,false,0
ENMORT001,none,,2026-08-09T09:16:11.000Z,21.37443553,-157.73716992,UAV 1,2,1:3001:2789,ENMORT001,1:1:71:10:1:0:1,0,false,false,false,false,0
ENMORT004,none,,2026-08-09T09:16:11.000Z,21.37447596,-157.73706256,UAV 1,2,1:3001:2630,ENMORT004,1:1:71:10:1:0:1,0,false,false,false,false,0
ENMORT002,none,,2026-08-09T09:16:11.000Z,21.37453609,-157.73721308,UAV 1,2,1:3001:2834,ENMORT002,1:1:71:10:1:0:1,0,false,false,false,false,0
ENMORT003,none,,2026-08-09T09:16:11.000Z,21.37463664,-157.73725624,UAV 1,2,1:3001:2865,ENMORT003,1:1:71:10:1:0:1,0,false,false,false,false,0
ENMORT005,none,,2026-08-09T09:16:11.000Z,21.37457651,-157.73710572,UAV 1,2,1:3001:2607,ENMORT005,1:1:71:10:1:0:1,0,false,false,false,false,0
ENZPU001,none,,2026-08-09T09:16:12.000Z,21.37550111,-157.74438876,UAV 1,2,1:3001:2659,ENZPU001,1:1:222:28:13:7:3,0,false,false,false,false,0
ENZPU002,none,,2026-08-09T09:16:12.000Z,21.37545350,-157.74447070,UAV 1,2,1:3001:2807,ENZPU002,1:1:222:28:13:7:3,0,false,false,false,false,0
ENMORT001,none,,2026-08-09T09:16:12.000Z,21.37443553,-157.73716992,UAV 1,2,1:3001:2789,ENMORT001,1:1:71:10:1:0:1,0,false,false,false,false,0
ENMORT004,none,,2026-08-09T09:16:12.000Z,21.37447596,-157.73706256,UAV 1,2,1:3001:2630,ENMORT004,1:1:71:10:1:0:1,0,false,false,false,false,0
ENMORT002,none,,2026-08-09T09:16:12.000Z,21.37453609,-157.73721308,UAV 1,2,1:3001:2834,ENMORT002,1:1:71:10:1:0:1,0,false,false,false,false,0
ENMORT003,none,,2026-08-09T09:16:12.000Z,21.37463664,-157.73725624,UAV 1,2,1:3001:2865,ENMORT003,1:1:71:10:1:0:1,0,false,false,false,false,0
ENMORT005,none,,2026-08-09T09:16:12.000Z,21.37457651,-157.73710572,UAV 1,2,1:3001:2607,ENMORT005,1:1:71:10:1:0:1,0,false,false,false,false,0
ENZPU001,none,,2026-08-09T09:16:12.000Z,21.37550111,-157.74438876,UAV 1,2,1:3001:2659,ENZPU001,1:1:222:28:13:7:3,0,false,false,false,false,0
ENZPU002,none,,2026-08-09T09:16:12.000Z,21.37545350,-157.74447070,UAV 1,2,1:3001:2807,ENZPU002,1:1:222:28:13:7:3,0,false,false,false,false,0
ENMORT001,none,,2026-08-09T09:16:12.000Z,21.37443553,-157.73716992,UAV 1,2,1:3001:2789,ENMORT001,1:1:71:10:1:0:1,0,false,false,false,false,0
ENMORT004,none,,2026-08-09T09:16:12.000Z,21.37447596,-157.73706256,UAV 1,2,1:3001:2630,ENMORT004,1:1:71:10:1:0:1,0,false,false,false,false,0
ENMORT002,none,,2026-08-09T09:16:12.000Z,21.37453609,-157.73721308,UAV 1,2,1:3001:2834,ENMORT002,1:1:71:10:1:0:1,0,false,false,false,false,0
ENMORT003,none,,2026-08-09T09:16:12.000Z,21.37463664,-157.73725624,UAV 1,2,1:3001:2865,ENMORT003,1:1:71:10:1:0:1,0,false,false,false,false,0
ENMORT005,none,,2026-08-09T09:16:12.000Z,21.37457651,-157.73710572,UAV 1,2,1:3001:2607,ENMORT005,1:1:71:10:1:0:1,0,false,false,false,false,0
ENZPU001,none,,2026-08-09T09:16:13.000Z,21.37550111,-157.74438876,UAV 1,2,1:3001:2659,ENZPU001,1:1:222:28:13:7:3,0,false,false,false,false,0
ENZPU002,none,,2026-08-09T09:16:13.000Z,21.37545350,-157.74447070,UAV 1,2,1:3001:2807,ENZPU002,1:1:222:28:13:7:3,0,false,false,false,false,0
ENMORT001,none,,2026-08-09T09:16:13.000Z,21.37443553,-157.73716992,UAV 1,2,1:3001:2789,ENMORT001,1:1:71:10:1:0:1,0,false,false,false,false,0
ENMORT004,none,,2026-08-09T09:16:13.000Z,21.37447596,-157.73706256,UAV 1,2,1:3001:2630,ENMORT004,1:1:71:10:1:0:1,0,false,false,false,false,0
ENMORT002,none,,2026-08-09T09:16:13.000Z,21.37453609,-157.73721308,UAV 1,2,1:3001:2834,ENMORT002,1:1:71:10:1:0:1,0,false,false,false,false,0
ENMORT003,none,,2026-08-09T09:16:13.000Z,21.37463664,-157.73725624,UAV 1,2,1:3001:2865,ENMORT003,1:1:71:10:1:0:1,0,false,false,false,false,0
ENMORT005,none,,2026-08-09T09:16:13.000Z,21.37457651,-157.73710572,UAV 1,2,1:3001:2607,ENMORT005,1:1:71:10:1:0:1,0,false,false,false,false,0
ENZPU001,none,,2026-08-09T09:16:14.000Z,21.37550111,-157.74438876,UAV 1,2,1:3001:2659,ENZPU001,1:1:222:28:13:7:3,0,false,false,false,false,0
ENZPU002,none,,2026-08-09T09:16:14.000Z,21.37545350,-157.74447070,UAV 1,2,1:3001:2807,ENZPU002,1:1:222:28:13:7:3,0,false,false,false,false,0
ENMORT001,none,,2026-08-09T09:16:14.000Z,21.37443553,-157.73716992,UAV 1,2,1:3001:2789,ENMORT001,1:1:71:10:1:0:1,0,false,false,false,false,0
ENMORT004,none,,2026-08-09T09:16:14.000Z,21.37447596,-157.73706256,UAV 1,2,1:3001:2630,ENMORT004,1:1:71:10:1:0:1,0,false,false,false,false,0
ENMORT002,none,,2026-08-09T09:16:14.000Z,21.37453609,-157.73721308,UAV 1,2,1:3001:2834,ENMORT002,1:1:71:10:1:0:1,0,false,false,false,false,0
ENMORT003,none,,2026-08-09T09:16:14.000Z,21.37463664,-157.73725624,UAV 1,2,1:3001:2865,ENMORT003,1:1:71:10:1:0:1,0,false,false,false,false,0
ENMORT005,none,,2026-08-09T09:16:14.000Z,21.37457651,-157.73710572,UAV 1,2,1:3001:2607,ENMORT005,1:1:71:10:1:0:1,0,false,false,false,false,0
ENZPU001,none,,2026-08-09T09:16:14.000Z,21.37550111,-157.74438876,UAV 1,2,1:3001:2659,ENZPU001,1:1:222:28:13:7:3,0,false,false,false,false,0
ENZPU002,none,,2026-08-09T09:16:14.000Z,21.37545350,-157.74447070,UAV 1,2,1:3001:2807,ENZPU002,1:1:222:28:13:7:3,0,false,false,false,false,0
ENMORT001,none,,2026-08-09T09:16:14.000Z,21.37443553,-157.73716992,UAV 1,2,1:3001:2789,ENMORT001,1:1:71:10:1:0:1,0,false,false,false,false,0
ENMORT004,none,,2026-08-09T09:16:14.000Z,21.37447596,-157.73706256,UAV 1,2,1:3001:2630,ENMORT004,1:1:71:10:1:0:1,0,false,false,false,false,0
ENMORT002,none,,2026-08-09T09:16:14.000Z,21.37453609,-157.73721308,UAV 1,2,1:3001:2834,ENMORT002,1:1:71:10:1:0:1,0,false,false,false,false,0
ENMORT003,none,,2026-08-09T09:16:14.000Z,21.37463664,-157.73725624,UAV 1,2,1:3001:2865,ENMORT003,1:1:71:10:1:0:1,0,false,false,false,false,0
ENMORT005,none,,2026-08-09T09:16:14.000Z,21.37457651,-157.73710572,UAV 1,2,1:3001:2607,ENMORT005,1:1:71:10:1:0:1,0,false,false,false,false,0
ENZPU001,none,,2026-08-09T09:16:14.000Z,21.37550111,-157.74438876,UAV 1,2,1:3001:2659,ENZPU001,1:1:222:28:13:7:3,0,false,false,false,false,0
ENZPU002,none,,2026-08-09T09:16:14.000Z,21.37545350,-157.74447070,UAV 1,2,1:3001:2807,ENZPU002,1:1:222:28:13:7:3,0,false,false,false,false,0
ENMORT001,none,,2026-08-09T09:16:14.000Z,21.37443553,-157.73716992,UAV 1,2,1:3001:2789,ENMORT001,1:1:71:10:1:0:1,0,false,false,false,false,0
ENMORT004,none,,2026-08-09T09:16:14.000Z,21.37447596,-157.73706256,UAV 1,2,1:3001:2630,ENMORT004,1:1:71:10:1:0:1,0,false,false,false,false,0
ENMORT002,none,,2026-08-09T09:16:14.000Z,21.37453609,-157.73721308,UAV 1,2,1:3001:2834,ENMORT002,1:1:71:10:1:0:1,0,false,false,false,false,0
ENMORT003,none,,2026-08-09T09:16:14.000Z,21.37463664,-157.73725624,UAV 1,2,1:3001:2865,ENMORT003,1:1:71:10:1:0:1,0,false,false,false,false,0
ENMORT005,none,,2026-08-09T09:16:14.000Z,21.37457651,-157.73710572,UAV 1,2,1:3001:2607,ENMORT005,1:1:71:10:1:0:1,0,false,false,false,false,0
ENZPU001,none,,2026-08-09T09:16:15.000Z,21.37550111,-157.74438876,UAV 1,2,1:3001:2659,ENZPU001,1:1:222:28:13:7:3,0,false,false,false,false,0
ENZPU002,none,,2026-08-09T09:16:15.000Z,21.37545350,-157.74447070,UAV 1,2,1:3001:2807,ENZPU002,1:1:222:28:13:7:3,0,false,false,false,false,0
ENMORT001,none,,2026-08-09T09:16:15.000Z,21.37443553,-157.73716992,UAV 1,2,1:3001:2789,ENMORT001,1:1:71:10:1:0:1,0,false,false,false,false,0
ENMORT004,none,,2026-08-09T09:16:15.000Z,21.37447596,-157.73706256,UAV 1,2,1:3001:2630,ENMORT004,1:1:71:10:1:0:1,0,false,false,false,false,0
ENMORT002,none,,2026-08-09T09:16:15.000Z,21.37453609,-157.73721308,UAV 1,2,1:3001:2834,ENMORT002,1:1:71:10:1:0:1,0,false,false,false,false,0
ENMORT003,none,,2026-08-09T09:16:15.000Z,21.37463664,-157.73725624,UAV 1,2,1:3001:2865,ENMORT003,1:1:71:10:1:0:1,0,false,false,false,false,0
ENMORT005,none,,2026-08-09T09:16:15.000Z,21.37457651,-157.73710572,UAV 1,2,1:3001:2607,ENMORT005,1:1:71:10:1:0:1,0,false,false,false,false,0
ENZPU001,none,,2026-08-09T09:16:16.000Z,21.37550111,-157.74438876,UAV 1,2,1:3001:2659,ENZPU001,1:1:222:28:13:7:3,0,false,false,false,false,0
ENZPU002,none,,2026-08-09T09:16:16.000Z,21.37545350,-157.74447070,UAV 1,2,1:3001:2807,ENZPU002,1:1:222:28:13:7:3,0,false,false,false,false,0
ENMORT001,none,,2026-08-09T09:16:16.000Z,21.37443553,-157.73716992,UAV 1,2,1:3001:2789,ENMORT001,1:1:71:10:1:0:1,0,false,false,false,false,0
ENMORT004,none,,2026-08-09T09:16:16.000Z,21.37447596,-157.73706256,UAV 1,2,1:3001:2630,ENMORT004,1:1:71:10:1:0:1,0,false,false,false,false,0
ENMORT002,none,,2026-08-09T09:16:16.000Z,21.37453609,-157.73721308,UAV 1,2,1:3001:2834,ENMORT002,1:1:71:10:1:0:1,0,false,false,false,false,0
ENMORT003,none,,2026-08-09T09:16:16.000Z,21.37463664,-157.73725624,UAV 1,2,1:3001:2865,ENMORT003,1:1:71:10:1:0:1,0,false,false,false,false,0
ENMORT005,none,,2026-08-09T09:16:16.000Z,21.37457651,-157.73710572,UAV 1,2,1:3001:2607,ENMORT005,1:1:71:10:1:0:1,0,false,false,false,false,0
ENZPU001,none,,2026-08-09T09:16:16.000Z,21.37550111,-157.74438876,UAV 1,2,1:3001:2659,ENZPU001,1:1:222:28:13:7:3,0,false,false,false,false,0
ENZPU002,none,,2026-08-09T09:16:16.000Z,21.37545350,-157.74447070,UAV 1,2,1:3001:2807,ENZPU002,1:1:222:28:13:7:3,0,false,false,false,false,0
ENMORT001,none,,2026-08-09T09:16:16.000Z,21.37443553,-157.73716992,UAV 1,2,1:3001:2789,ENMORT001,1:1:71:10:1:0:1,0,false,false,false,false,0
ENMORT004,none,,2026-08-09T09:16:16.000Z,21.37447596,-157.73706256,UAV 1,2,1:3001:2630,ENMORT004,1:1:71:10:1:0:1,0,false,false,false,false,0
ENMORT002,none,,2026-08-09T09:16:16.000Z,21.37453609,-157.73721308,UAV 1,2,1:3001:2834,ENMORT002,1:1:71:10:1:0:1,0,false,false,false,false,0
ENMORT003,none,,2026-08-09T09:16:16.000Z,21.37463664,-157.73725624,UAV 1,2,1:3001:2865,ENMORT003,1:1:71:10:1:0:1,0,false,false,false,false,0
ENMORT005,none,,2026-08-09T09:16:16.000Z,21.37457651,-157.73710572,UAV 1,2,1:3001:2607,ENMORT005,1:1:71:10:1:0:1,0,false,false,false,false,0
ENZPU001,none,,2026-08-09T09:16:17.000Z,21.37550111,-157.74438876,UAV 1,2,1:3001:2659,ENZPU001,1:1:222:28:13:7:3,0,false,false,false,false,0
ENZPU002,none,,2026-08-09T09:16:17.000Z,21.37545350,-157.74447070,UAV 1,2,1:3001:2807,ENZPU002,1:1:222:28:13:7:3,0,false,false,false,false,0
ENMORT001,none,,2026-08-09T09:16:17.000Z,21.37443553,-157.73716992,UAV 1,2,1:3001:2789,ENMORT001,1:1:71:10:1:0:1,0,false,false,false,false,0
ENMORT004,none,,2026-08-09T09:16:17.000Z,21.37447596,-157.73706256,UAV 1,2,1:3001:2630,ENMORT004,1:1:71:10:1:0:1,0,false,false,false,false,0
ENMORT002,none,,2026-08-09T09:16:17.000Z,21.37453609,-157.73721308,UAV 1,2,1:3001:2834,ENMORT002,1:1:71:10:1:0:1,0,false,false,false,false,0
ENMORT003,none,,2026-08-09T09:16:17.000Z,21.37463664,-157.73725624,UAV 1,2,1:3001:2865,ENMORT003,1:1:71:10:1:0:1,0,false,false,false,false,0
ENMORT005,none,,2026-08-09T09:16:17.000Z,21.37457651,-157.73710572,UAV 1,2,1:3001:2607,ENMORT005,1:1:71:10:1:0:1,0,false,false,false,false,0
ENZPU001,none,,2026-08-09T09:16:17.000Z,21.37550111,-157.74438876,UAV 1,2,1:3001:2659,ENZPU001,1:1:222:28:13:7:3,0,false,false,false,false,0
ENZPU002,none,,2026-08-09T09:16:17.000Z,21.37545350,-157.74447070,UAV 1,2,1:3001:2807,ENZPU002,1:1:222:28:13:7:3,0,false,false,false,false,0
ENMORT001,none,,2026-08-09T09:16:17.000Z,21.37443553,-157.73716992,UAV 1,2,1:3001:2789,ENMORT001,1:1:71:10:1:0:1,0,false,false,false,false,0
ENMORT004,none,,2026-08-09T09:16:17.000Z,21.37447596,-157.73706256,UAV 1,2,1:3001:2630,ENMORT004,1:1:71:10:1:0:1,0,false,false,false,false,0
ENMORT002,none,,2026-08-09T09:16:17.000Z,21.37453609,-157.73721308,UAV 1,2,1:3001:2834,ENMORT002,1:1:71:10:1:0:1,0,false,false,false,false,0
ENMORT003,none,,2026-08-09T09:16:17.000Z,21.37463664,-157.73725624,UAV 1,2,1:3001:2865,ENMORT003,1:1:71:10:1:0:1,0,false,false,false,false,0
ENMORT005,none,,2026-08-09T09:16:17.000Z,21.37457651,-157.73710572,UAV 1,2,1:3001:2607,ENMORT005,1:1:71:10:1:0:1,0,false,false,false,false,0
ENZPU001,none,,2026-08-09T09:16:18.000Z,21.37550111,-157.74438876,UAV 1,2,1:3001:2659,ENZPU001,1:1:222:28:13:7:3,0,false,false,false,false,0
ENZPU002,none,,2026-08-09T09:16:18.000Z,21.37545350,-157.74447070,UAV 1,2,1:3001:2807,ENZPU002,1:1:222:28:13:7:3,0,false,false,false,false,0
ENMORT001,none,,2026-08-09T09:16:18.000Z,21.37443553,-157.73716992,UAV 1,2,1:3001:2789,ENMORT001,1:1:71:10:1:0:1,0,false,false,false,false,0
ENMORT004,none,,2026-08-09T09:16:18.000Z,21.37447596,-157.73706256,UAV 1,2,1:3001:2630,ENMORT004,1:1:71:10:1:0:1,0,false,false,false,false,0
ENMORT002,none,,2026-08-09T09:16:18.000Z,21.37453609,-157.73721308,UAV 1,2,1:3001:2834,ENMORT002,1:1:71:10:1:0:1,0,false,false,false,false,0
ENMORT003,none,,2026-08-09T09:16:18.000Z,21.37463664,-157.73725624,UAV 1,2,1:3001:2865,ENMORT003,1:1:71:10:1:0:1,0,false,false,false,false,0
ENMORT005,none,,2026-08-09T09:16:18.000Z,21.37457651,-157.73710572,UAV 1,2,1:3001:2607,ENMORT005,1:1:71:10:1:0:1,0,false,false,false,false,0
ENZPU001,none,,2026-08-09T09:16:18.000Z,21.37550111,-157.74438876,UAV 1,2,1:3001:2659,ENZPU001,1:1:222:28:13:7:3,0,false,false,false,false,0
ENZPU002,none,,2026-08-09T09:16:18.000Z,21.37545350,-157.74447070,UAV 1,2,1:3001:2807,ENZPU002,1:1:222:28:13:7:3,0,false,false,false,false,0
ENMORT001,none,,2026-08-09T09:16:18.000Z,21.37443553,-157.73716992,UAV 1,2,1:3001:2789,ENMORT001,1:1:71:10:1:0:1,0,false,false,false,false,0
ENMORT004,none,,2026-08-09T09:16:18.000Z,21.37447596,-157.73706256,UAV 1,2,1:3001:2630,ENMORT004,1:1:71:10:1:0:1,0,false,false,false,false,0
ENMORT002,none,,2026-08-09T09:16:18.000Z,21.37453609,-157.73721308,UAV 1,2,1:3001:2834,ENMORT002,1:1:71:10:1:0:1,0,false,false,false,false,0
ENMORT003,none,,2026-08-09T09:16:18.000Z,21.37463664,-157.73725624,UAV 1,2,1:3001:2865,ENMORT003,1:1:71:10:1:0:1,0,false,false,false,false,0
ENMORT005,none,,2026-08-09T09:16:18.000Z,21.37457651,-157.73710572,UAV 1,2,1:3001:2607,ENMORT005,1:1:71:10:1:0:1,0,false,false,false,false,0
ENZPU001,none,,2026-08-09T09:16:19.000Z,21.37550111,-157.74438876,UAV 1,2,1:3001:2659,ENZPU001,1:1:222:28:13:7:3,0,false,false,false,false,0
ENZPU002,none,,2026-08-09T09:16:19.000Z,21.37545350,-157.74447070,UAV 1,2,1:3001:2807,ENZPU002,1:1:222:28:13:7:3,0,false,false,false,false,0
ENMORT001,none,,2026-08-09T09:16:19.000Z,21.37443553,-157.73716992,UAV 1,2,1:3001:2789,ENMORT001,1:1:71:10:1:0:1,0,false,false,false,false,0
ENMORT004,none,,2026-08-09T09:16:19.000Z,21.37447596,-157.73706256,UAV 1,2,1:3001:2630,ENMORT004,1:1:71:10:1:0:1,0,false,false,false,false,0
ENMORT002,none,,2026-08-09T09:16:19.000Z,21.37453609,-157.73721308,UAV 1,2,1:3001:2834,ENMORT002,1:1:71:10:1:0:1,0,false,false,false,false,0
ENMORT003,none,,2026-08-09T09:16:19.000Z,21.37463664,-157.73725624,UAV 1,2,1:3001:2865,ENMORT003,1:1:71:10:1:0:1,0,false,false,false,false,0
ENMORT005,none,,2026-08-09T09:16:19.000Z,21.37457651,-157.73710572,UAV 1,2,1:3001:2607,ENMORT005,1:1:71:10:1:0:1,0,false,false,false,false,0
ENZPU001,none,,2026-08-09T09:16:19.000Z,21.37550111,-157.74438876,UAV 1,2,1:3001:2659,ENZPU001,1:1:222:28:13:7:3,0,false,false,false,false,0
ENZPU002,none,,2026-08-09T09:16:19.000Z,21.37545350,-157.74447070,UAV 1,2,1:3001:2807,ENZPU002,1:1:222:28:13:7:3,0,false,false,false,false,0
ENMORT001,none,,2026-08-09T09:16:19.000Z,21.37443553,-157.73716992,UAV 1,2,1:3001:2789,ENMORT001,1:1:71:10:1:0:1,0,false,false,false,false,0
ENMORT004,none,,2026-08-09T09:16:19.000Z,21.37447596,-157.73706256,UAV 1,2,1:3001:2630,ENMORT004,1:1:71:10:1:0:1,0,false,false,false,false,0
ENMORT002,none,,2026-08-09T09:16:19.000Z,21.37453609,-157.73721308,UAV 1,2,1:3001:2834,ENMORT002,1:1:71:10:1:0:1,0,false,false,false,false,0
ENMORT003,none,,2026-08-09T09:16:19.000Z,21.37463664,-157.73725624,UAV 1,2,1:3001:2865,ENMORT003,1:1:71:10:1:0:1,0,false,false,false,false,0
ENMORT005,none,,2026-08-09T09:16:19.000Z,21.37457651,-157.73710572,UAV 1,2,1:3001:2607,ENMORT005,1:1:71:10:1:0:1,0,false,false,false,false,0
ENZPU001,none,,2026-08-09T09:16:20.000Z,21.37550111,-157.74438876,UAV 1,2,1:3001:2659,ENZPU001,1:1:222:28:13:7:3,0,false,false,false,false,0
ENZPU002,none,,2026-08-09T09:16:20.000Z,21.37545350,-157.74447070,UAV 1,2,1:3001:2807,ENZPU002,1:1:222:28:13:7:3,0,false,false,false,false,0
ENMORT001,none,,2026-08-09T09:16:20.000Z,21.37443553,-157.73716992,UAV 1,2,1:3001:2789,ENMORT001,1:1:71:10:1:0:1,0,false,false,false,false,0
ENMORT004,none,,2026-08-09T09:16:20.000Z,21.37447596,-157.73706256,UAV 1,2,1:3001:2630,ENMORT004,1:1:71:10:1:0:1,0,false,false,false,false,0
ENMORT002,none,,2026-08-09T09:16:20.000Z,21.37453609,-157.73721308,UAV 1,2,1:3001:2834,ENMORT002,1:1:71:10:1:0:1,0,false,false,false,false,0
ENMORT003,none,,2026-08-09T09:16:20.000Z,21.37463664,-157.73725624,UAV 1,2,1:3001:2865,ENMORT003,1:1:71:10:1:0:1,0,false,false,false,false,0
ENMORT005,none,,2026-08-09T09:16:20.000Z,21.37457651,-157.73710572,UAV 1,2,1:3001:2607,ENMORT005,1:1:71:10:1:0:1,0,false,false,false,false,0
ENZPU001,none,,2026-08-09T09:16:20.000Z,21.37550111,-157.74438876,UAV 1,2,1:3001:2659,ENZPU001,1:1:222:28:13:7:3,0,false,false,false,false,0
ENZPU002,none,,2026-08-09T09:16:20.000Z,21.37545350,-157.74447070,UAV 1,2,1:3001:2807,ENZPU002,1:1:222:28:13:7:3,0,false,false,false,false,0
ENMORT001,none,,2026-08-09T09:16:20.000Z,21.37443553,-157.73716992,UAV 1,2,1:3001:2789,ENMORT001,1:1:71:10:1:0:1,0,false,false,false,false,0
ENMORT004,none,,2026-08-09T09:16:20.000Z,21.37447596,-157.73706256,UAV 1,2,1:3001:2630,ENMORT004,1:1:71:10:1:0:1,0,false,false,false,false,0
ENMORT002,none,,2026-08-09T09:16:20.000Z,21.37453609,-157.73721308,UAV 1,2,1:3001:2834,ENMORT002,1:1:71:10:1:0:1,0,false,false,false,false,0
ENMORT003,none,,2026-08-09T09:16:20.000Z,21.37463664,-157.73725624,UAV 1,2,1:3001:2865,ENMORT003,1:1:71:10:1:0:1,0,false,false,false,false,0
ENMORT005,none,,2026-08-09T09:16:20.000Z,21.37457651,-157.73710572,UAV 1,2,1:3001:2607,ENMORT005,1:1:71:10:1:0:1,0,false,false,false,false,0
ENZPU001,none,,2026-08-09T09:16:21.000Z,21.37550111,-157.74438876,UAV 1,2,1:3001:2659,ENZPU001,1:1:222:28:13:7:3,0,false,false,false,false,0
ENZPU002,none,,2026-08-09T09:16:21.000Z,21.37545350,-157.74447070,UAV 1,2,1:3001:2807,ENZPU002,1:1:222:28:13:7:3,0,false,false,false,false,0
ENMORT001,none,,2026-08-09T09:16:21.000Z,21.37443553,-157.73716992,UAV 1,2,1:3001:2789,ENMORT001,1:1:71:10:1:0:1,0,false,false,false,false,0
ENMORT004,none,,2026-08-09T09:16:21.000Z,21.37447596,-157.73706256,UAV 1,2,1:3001:2630,ENMORT004,1:1:71:10:1:0:1,0,false,false,false,false,0
ENMORT002,none,,2026-08-09T09:16:21.000Z,21.37453609,-157.73721308,UAV 1,2,1:3001:2834,ENMORT002,1:1:71:10:1:0:1,0,false,false,false,false,0
ENMORT003,none,,2026-08-09T09:16:21.000Z,21.37463664,-157.73725624,UAV 1,2,1:3001:2865,ENMORT003,1:1:71:10:1:0:1,0,false,false,false,false,0
ENMORT005,none,,2026-08-09T09:16:21.000Z,21.37457651,-157.73710572,UAV 1,2,1:3001:2607,ENMORT005,1:1:71:10:1:0:1,0,false,false,false,false,0
ENZPU001,none,,2026-08-09T09:16:21.000Z,21.37550111,-157.74438876,UAV 1,2,1:3001:2659,ENZPU001,1:1:222:28:13:7:3,0,false,false,false,false,0
ENZPU002,none,,2026-08-09T09:16:21.000Z,21.37545350,-157.74447070,UAV 1,2,1:3001:2807,ENZPU002,1:1:222:28:13:7:3,0,false,false,false,false,0
ENMORT001,none,,2026-08-09T09:16:21.000Z,21.37443553,-157.73716992,UAV 1,2,1:3001:2789,ENMORT001,1:1:71:10:1:0:1,0,false,false,false,false,0
ENMORT004,none,,2026-08-09T09:16:21.000Z,21.37447596,-157.73706256,UAV 1,2,1:3001:2630,ENMORT004,1:1:71:10:1:0:1,0,false,false,false,false,0
ENMORT002,none,,2026-08-09T09:16:21.000Z,21.37453609,-157.73721308,UAV 1,2,1:3001:2834,ENMORT002,1:1:71:10:1:0:1,0,false,false,false,false,0
ENMORT003,none,,2026-08-09T09:16:21.000Z,21.37463664,-157.73725624,UAV 1,2,1:3001:2865,ENMORT003,1:1:71:10:1:0:1,0,false,false,false,false,0
ENMORT005,none,,2026-08-09T09:16:21.000Z,21.37457651,-157.73710572,UAV 1,2,1:3001:2607,ENMORT005,1:1:71:10:1:0:1,0,false,false,false,false,0
ENZPU002,none,,2026-08-09T09:16:22.000Z,21.37545350,-157.74447070,UAV 1,2,1:3001:2807,ENZPU002,1:1:222:28:13:7:3,0,false,false,false,false,0
ENMORT001,none,,2026-08-09T09:16:22.000Z,21.37443553,-157.73716992,UAV 1,2,1:3001:2789,ENMORT001,1:1:71:10:1:0:1,0,false,false,false,false,0
ENMORT004,none,,2026-08-09T09:16:22.000Z,21.37447596,-157.73706256,UAV 1,2,1:3001:2630,ENMORT004,1:1:71:10:1:0:1,0,false,false,false,false,0
ENMORT002,none,,2026-08-09T09:16:22.000Z,21.37453609,-157.73721308,UAV 1,2,1:3001:2834,ENMORT002,1:1:71:10:1:0:1,0,false,false,false,false,0
ENMORT003,none,,2026-08-09T09:16:22.000Z,21.37463664,-157.73725624,UAV 1,2,1:3001:2865,ENMORT003,1:1:71:10:1:0:1,0,false,false,false,false,0
ENMORT005,none,,2026-08-09T09:16:22.000Z,21.37457651,-157.73710572,UAV 1,2,1:3001:2607,ENMORT005,1:1:71:10:1:0:1,0,false,false,false,false,0
ENZPU002,none,,2026-08-09T09:16:23.000Z,21.37545350,-157.74447070,UAV 1,2,1:3001:2807,ENZPU002,1:1:222:28:13:7:3,0,false,false,false,false,0
ENMORT001,none,,2026-08-09T09:16:23.000Z,21.37443553,-157.73716992,UAV 1,2,1:3001:2789,ENMORT001,1:1:71:10:1:0:1,0,false,false,false,false,0
ENMORT004,none,,2026-08-09T09:16:23.000Z,21.37447596,-157.73706256,UAV 1,2,1:3001:2630,ENMORT004,1:1:71:10:1:0:1,0,false,false,false,false,0
ENMORT002,none,,2026-08-09T09:16:23.000Z,21.37453609,-157.73721308,UAV 1,2,1:3001:2834,ENMORT002,1:1:71:10:1:0:1,0,false,false,false,false,0
ENMORT003,none,,2026-08-09T09:16:23.000Z,21.37463664,-157.73725624,UAV 1,2,1:3001:2865,ENMORT003,1:1:71:10:1:0:1,0,false,false,false,false,0
ENMORT005,none,,2026-08-09T09:16:23.000Z,21.37457651,-157.73710572,UAV 1,2,1:3001:2607,ENMORT005,1:1:71:10:1:0:1,0,false,false,false,false,0
ENZPU002,none,,2026-08-09T09:16:23.000Z,21.37545350,-157.74447070,UAV 1,2,1:3001:2807,ENZPU002,1:1:222:28:13:7:3,0,false,false,false,false,0
ENMORT001,none,,2026-08-09T09:16:23.000Z,21.37443553,-157.73716992,UAV 1,2,1:3001:2789,ENMORT001,1:1:71:10:1:0:1,0,false,false,false,false,0
ENMORT004,none,,2026-08-09T09:16:23.000Z,21.37447596,-157.73706256,UAV 1,2,1:3001:2630,ENMORT004,1:1:71:10:1:0:1,0,false,false,false,false,0
ENMORT002,none,,2026-08-09T09:16:23.000Z,21.37453609,-157.73721308,UAV 1,2,1:3001:2834,ENMORT002,1:1:71:10:1:0:1,0,false,false,false,false,0
ENMORT003,none,,2026-08-09T09:16:23.000Z,21.37463664,-157.73725624,UAV 1,2,1:3001:2865,ENMORT003,1:1:71:10:1:0:1,0,false,false,false,false,0
ENMORT005,none,,2026-08-09T09:16:23.000Z,21.37457651,-157.73710572,UAV 1,2,1:3001:2607,ENMORT005,1:1:71:10:1:0:1,0,false,false,false,false,0
ENZPU002,none,,2026-08-09T09:16:23.000Z,21.37545350,-157.74447070,UAV 1,2,1:3001:2807,ENZPU002,1:1:222:28:13:7:3,0,false,false,false,false,0
ENMORT001,none,,2026-08-09T09:16:23.000Z,21.37443553,-157.73716992,UAV 1,2,1:3001:2789,ENMORT001,1:1:71:10:1:0:1,0,false,false,false,false,0
ENMORT004,none,,2026-08-09T09:16:23.000Z,21.37447596,-157.73706256,UAV 1,2,1:3001:2630,ENMORT004,1:1:71:10:1:0:1,0,false,false,false,false,0
ENMORT002,none,,2026-08-09T09:16:23.000Z,21.37453609,-157.73721308,UAV 1,2,1:3001:2834,ENMORT002,1:1:71:10:1:0:1,0,false,false,false,false,0
ENMORT003,none,,2026-08-09T09:16:23.000Z,21.37463664,-157.73725624,UAV 1,2,1:3001:2865,ENMORT003,1:1:71:10:1:0:1,0,false,false,false,false,0
ENMORT005,none,,2026-08-09T09:16:23.000Z,21.37457651,-157.73710572,UAV 1,2,1:3001:2607,ENMORT005,1:1:71:10:1:0:1,0,false,false,false,false,0
ENMORT001,none,,2026-08-09T09:16:24.000Z,21.37443553,-157.73716992,UAV 1,2,1:3001:2789,ENMORT001,1:1:71:10:1:0:1,0,false,false,false,false,0
ENMORT004,none,,2026-08-09T09:16:24.000Z,21.37447596,-157.73706256,UAV 1,2,1:3001:2630,ENMORT004,1:1:71:10:1:0:1,0,false,false,false,false,0
ENMORT002,none,,2026-08-09T09:16:24.000Z,21.37453609,-157.73721308,UAV 1,2,1:3001:2834,ENMORT002,1:1:71:10:1:0:1,0,false,false,false,false,0
ENMORT003,none,,2026-08-09T09:16:24.000Z,21.37463664,-157.73725624,UAV 1,2,1:3001:2865,ENMORT003,1:1:71:10:1:0:1,0,false,false,false,false,0
ENMORT005,none,,2026-08-09T09:16:24.000Z,21.37457651,-157.73710572,UAV 1,2,1:3001:2607,ENMORT005,1:1:71:10:1:0:1,0,false,false,false,false,0
ENMORT001,none,,2026-08-09T09:16:25.000Z,21.37443553,-157.73716992,UAV 1,2,1:3001:2789,ENMORT001,1:1:71:10:1:0:1,0,false,false,false,false,0
ENMORT004,none,,2026-08-09T09:16:25.000Z,21.37447596,-157.73706256,UAV 1,2,1:3001:2630,ENMORT004,1:1:71:10:1:0:1,0,false,false,false,false,0
ENMORT002,none,,2026-08-09T09:16:25.000Z,21.37453609,-157.73721308,UAV 1,2,1:3001:2834,ENMORT002,1:1:71:10:1:0:1,0,false,false,false,false,0
ENMORT003,none,,2026-08-09T09:16:25.000Z,21.37463664,-157.73725624,UAV 1,2,1:3001:2865,ENMORT003,1:1:71:10:1:0:1,0,false,false,false,false,0
ENMORT005,none,,2026-08-09T09:16:25.000Z,21.37457651,-157.73710572,UAV 1,2,1:3001:2607,ENMORT005,1:1:71:10:1:0:1,0,false,false,false,false,0
ENMORT001,none,,2026-08-09T09:16:25.000Z,21.37443553,-157.73716992,UAV 1,2,1:3001:2789,ENMORT001,1:1:71:10:1:0:1,0,false,false,false,false,0
ENMORT004,none,,2026-08-09T09:16:25.000Z,21.37447596,-157.73706256,UAV 1,2,1:3001:2630,ENMORT004,1:1:71:10:1:0:1,0,false,false,false,false,0
ENMORT002,none,,2026-08-09T09:16:25.000Z,21.37453609,-157.73721308,UAV 1,2,1:3001:2834,ENMORT002,1:1:71:10:1:0:1,0,false,false,false,false,0
ENMORT003,none,,2026-08-09T09:16:25.000Z,21.37463664,-157.73725624,UAV 1,2,1:3001:2865,ENMORT003,1:1:71:10:1:0:1,0,false,false,false,false,0
ENMORT005,none,,2026-08-09T09:16:25.000Z,21.37457651,-157.73710572,UAV 1,2,1:3001:2607,ENMORT005,1:1:71:10:1:0:1,0,false,false,false,false,0
ENMORT001,none,,2026-08-09T09:16:26.000Z,21.37443553,-157.73716992,UAV 1,2,1:3001:2789,ENMORT001,1:1:71:10:1:0:1,0,false,false,false,false,0
ENMORT004,none,,2026-08-09T09:16:26.000Z,21.37447596,-157.73706256,UAV 1,2,1:3001:2630,ENMORT004,1:1:71:10:1:0:1,0,false,false,false,false,0
ENMORT002,none,,2026-08-09T09:16:26.000Z,21.37453609,-157.73721308,UAV 1,2,1:3001:2834,ENMORT002,1:1:71:10:1:0:1,0,false,false,false,false,0
ENMORT003,none,,2026-08-09T09:16:26.000Z,21.37463664,-157.73725624,UAV 1,2,1:3001:2865,ENMORT003,1:1:71:10:1:0:1,0,false,false,false,false,0
ENMORT005,none,,2026-08-09T09:16:26.000Z,21.37457651,-157.73710572,UAV 1,2,1:3001:2607,ENMORT005,1:1:71:10:1:0:1,0,false,false,false,false,0
ENMORT001,none,,2026-08-09T09:16:26.000Z,21.37443553,-157.73716992,UAV 1,2,1:3001:2789,ENMORT001,1:1:71:10:1:0:1,0,false,false,false,false,0
ENMORT004,none,,2026-08-09T09:16:26.000Z,21.37447596,-157.73706256,UAV 1,2,1:3001:2630,ENMORT004,1:1:71:10:1:0:1,0,false,false,false,false,0
ENMORT002,none,,2026-08-09T09:16:26.000Z,21.37453609,-157.73721308,UAV 1,2,1:3001:2834,ENMORT002,1:1:71:10:1:0:1,0,false,false,false,false,0
ENMORT003,none,,2026-08-09T09:16:26.000Z,21.37463664,-157.73725624,UAV 1,2,1:3001:2865,ENMORT003,1:1:71:10:1:0:1,0,false,false,false,false,0
ENMORT005,none,,2026-08-09T09:16:26.000Z,21.37457651,-157.73710572,UAV 1,2,1:3001:2607,ENMORT005,1:1:71:10:1:0:1,0,false,false,false,false,0
ENMORT001,none,,2026-08-09T09:16:27.000Z,21.37443553,-157.73716992,UAV 1,2,1:3001:2789,ENMORT001,1:1:71:10:1:0:1,0,false,false,false,false,0
ENMORT004,none,,2026-08-09T09:16:27.000Z,21.37447596,-157.73706256,UAV 1,2,1:3001:2630,ENMORT004,1:1:71:10:1:0:1,0,false,false,false,false,0
ENMORT002,none,,2026-08-09T09:16:27.000Z,21.37453609,-157.73721308,UAV 1,2,1:3001:2834,ENMORT002,1:1:71:10:1:0:1,0,false,false,false,false,0
ENMORT003,none,,2026-08-09T09:16:27.000Z,21.37463664,-157.73725624,UAV 1,2,1:3001:2865,ENMORT003,1:1:71:10:1:0:1,0,false,false,false,false,0
ENMORT005,none,,2026-08-09T09:16:27.000Z,21.37457651,-157.73710572,UAV 1,2,1:3001:2607,ENMORT005,1:1:71:10:1:0:1,0,false,false,false,false,0
ENMORT001,none,,2026-08-09T09:16:27.000Z,21.37443553,-157.73716992,UAV 1,2,1:3001:2789,ENMORT001,1:1:71:10:1:0:1,0,false,false,false,false,0
ENMORT004,none,,2026-08-09T09:16:27.000Z,21.37447596,-157.73706256,UAV 1,2,1:3001:2630,ENMORT004,1:1:71:10:1:0:1,0,false,false,false,false,0
ENMORT002,none,,2026-08-09T09:16:27.000Z,21.37453609,-157.73721308,UAV 1,2,1:3001:2834,ENMORT002,1:1:71:10:1:0:1,0,false,false,false,false,0
ENMORT003,none,,2026-08-09T09:16:27.000Z,21.37463664,-157.73725624,UAV 1,2,1:3001:2865,ENMORT003,1:1:71:10:1:0:1,0,false,false,false,false,0
ENMORT005,none,,2026-08-09T09:16:27.000Z,21.37457651,-157.73710572,UAV 1,2,1:3001:2607,ENMORT005,1:1:71:10:1:0:1,0,false,false,false,false,0
ENMORT001,none,,2026-08-09T09:16:28.000Z,21.37443553,-157.73716992,UAV 1,2,1:3001:2789,ENMORT001,1:1:71:10:1:0:1,0,false,false,false,false,0
ENMORT004,none,,2026-08-09T09:16:28.000Z,21.37447596,-157.73706256,UAV 1,2,1:3001:2630,ENMORT004,1:1:71:10:1:0:1,0,false,false,false,false,0
ENMORT002,none,,2026-08-09T09:16:28.000Z,21.37453609,-157.73721308,UAV 1,2,1:3001:2834,ENMORT002,1:1:71:10:1:0:1,0,false,false,false,false,0
ENMORT003,none,,2026-08-09T09:16:28.000Z,21.37463664,-157.73725624,UAV 1,2,1:3001:2865,ENMORT003,1:1:71:10:1:0:1,0,false,false,false,false,0
ENMORT005,none,,2026-08-09T09:16:28.000Z,21.37457651,-157.73710572,UAV 1,2,1:3001:2607,ENMORT005,1:1:71:10:1:0:1,0,false,false,false,false,0
ENMORT001,none,,2026-08-09T09:16:29.000Z,21.37443553,-157.73716992,UAV 1,2,1:3001:2789,ENMORT001,1:1:71:10:1:0:1,0,false,false,false,false,0
ENMORT004,none,,2026-08-09T09:16:29.000Z,21.37447596,-157.73706256,UAV 1,2,1:3001:2630,ENMORT004,1:1:71:10:1:0:1,0,false,false,false,false,0
ENMORT002,none,,2026-08-09T09:16:29.000Z,21.37453609,-157.73721308,UAV 1,2,1:3001:2834,ENMORT002,1:1:71:10:1:0:1,0,false,false,false,false,0
ENMORT003,none,,2026-08-09T09:16:29.000Z,21.37463664,-157.73725624,UAV 1,2,1:3001:2865,ENMORT003,1:1:71:10:1:0:1,0,false,false,false,false,0
ENMORT005,none,,2026-08-09T09:16:29.000Z,21.37457651,-157.73710572,UAV 1,2,1:3001:2607,ENMORT005,1:1:71:10:1:0:1,0,false,false,false,false,0
ENM35002,move to,LOC_적북측접근로,2026-08-09T09:16:29.000Z,21.37136276,-157.74160842,UAV 1,2,1:3001:2740,ENM35002,1:1:225:7:1:6:0,0,false,false,false,false,0
ENMORT001,none,,2026-08-09T09:16:29.000Z,21.37443553,-157.73716992,UAV 1,2,1:3001:2789,ENMORT001,1:1:71:10:1:0:1,0,false,false,false,false,0
ENMORT004,none,,2026-08-09T09:16:29.000Z,21.37447596,-157.73706256,UAV 1,2,1:3001:2630,ENMORT004,1:1:71:10:1:0:1,0,false,false,false,false,0
ENMORT002,none,,2026-08-09T09:16:29.000Z,21.37453609,-157.73721308,UAV 1,2,1:3001:2834,ENMORT002,1:1:71:10:1:0:1,0,false,false,false,false,0
ENMORT003,none,,2026-08-09T09:16:29.000Z,21.37463664,-157.73725624,UAV 1,2,1:3001:2865,ENMORT003,1:1:71:10:1:0:1,0,false,false,false,false,0
ENMORT005,none,,2026-08-09T09:16:29.000Z,21.37457651,-157.73710572,UAV 1,2,1:3001:2607,ENMORT005,1:1:71:10:1:0:1,0,false,false,false,false,0
ENM35002,move to,LOC_적북측접근로,2026-08-09T09:16:29.000Z,21.37136276,-157.74160842,UAV 1,2,1:3001:2740,ENM35002,1:1:225:7:1:6:0,0,false,false,false,false,0
ENMORT001,none,,2026-08-09T09:16:29.000Z,21.37443553,-157.73716992,UAV 1,2,1:3001:2789,ENMORT001,1:1:71:10:1:0:1,0,false,false,false,false,0
ENMORT004,none,,2026-08-09T09:16:29.000Z,21.37447596,-157.73706256,UAV 1,2,1:3001:2630,ENMORT004,1:1:71:10:1:0:1,0,false,false,false,false,0
ENMORT002,none,,2026-08-09T09:16:29.000Z,21.37453609,-157.73721308,UAV 1,2,1:3001:2834,ENMORT002,1:1:71:10:1:0:1,0,false,false,false,false,0
ENMORT003,none,,2026-08-09T09:16:29.000Z,21.37463664,-157.73725624,UAV 1,2,1:3001:2865,ENMORT003,1:1:71:10:1:0:1,0,false,false,false,false,0
ENMORT005,none,,2026-08-09T09:16:29.000Z,21.37457651,-157.73710572,UAV 1,2,1:3001:2607,ENMORT005,1:1:71:10:1:0:1,0,false,false,false,false,0
ENM35002,move to,LOC_적북측접근로,2026-08-09T09:16:29.000Z,21.37136276,-157.74160842,UAV 1,2,1:3001:2740,ENM35002,1:1:225:7:1:6:0,0,false,false,false,false,0
ENMORT001,none,,2026-08-09T09:16:30.000Z,21.37443553,-157.73716992,UAV 1,2,1:3001:2789,ENMORT001,1:1:71:10:1:0:1,0,false,false,false,false,0
ENMORT004,none,,2026-08-09T09:16:30.000Z,21.37447596,-157.73706256,UAV 1,2,1:3001:2630,ENMORT004,1:1:71:10:1:0:1,0,false,false,false,false,0
ENMORT002,none,,2026-08-09T09:16:30.000Z,21.37453609,-157.73721308,UAV 1,2,1:3001:2834,ENMORT002,1:1:71:10:1:0:1,0,false,false,false,false,0
ENMORT003,none,,2026-08-09T09:16:30.000Z,21.37463664,-157.73725624,UAV 1,2,1:3001:2865,ENMORT003,1:1:71:10:1:0:1,0,false,false,false,false,0
ENMORT005,none,,2026-08-09T09:16:30.000Z,21.37457651,-157.73710572,UAV 1,2,1:3001:2607,ENMORT005,1:1:71:10:1:0:1,0,false,false,false,false,0
ENM35002,move to,LOC_적북측접근로,2026-08-09T09:16:30.000Z,21.37136276,-157.74160842,UAV 1,2,1:3001:2740,ENM35002,1:1:225:7:1:6:0,0,false,false,false,false,0
ENMORT001,none,,2026-08-09T09:16:31.000Z,21.37443553,-157.73716992,UAV 1,2,1:3001:2789,ENMORT001,1:1:71:10:1:0:1,0,false,false,false,false,0
ENMORT004,none,,2026-08-09T09:16:31.000Z,21.37447596,-157.73706256,UAV 1,2,1:3001:2630,ENMORT004,1:1:71:10:1:0:1,0,false,false,false,false,0
ENMORT002,none,,2026-08-09T09:16:31.000Z,21.37453609,-157.73721308,UAV 1,2,1:3001:2834,ENMORT002,1:1:71:10:1:0:1,0,false,false,false,false,0
ENMORT003,none,,2026-08-09T09:16:31.000Z,21.37463664,-157.73725624,UAV 1,2,1:3001:2865,ENMORT003,1:1:71:10:1:0:1,0,false,false,false,false,0
ENMORT005,none,,2026-08-09T09:16:31.000Z,21.37457651,-157.73710572,UAV 1,2,1:3001:2607,ENMORT005,1:1:71:10:1:0:1,0,false,false,false,false,0
ENM35003,move to,LOC_적북측접근로,2026-08-09T09:16:31.000Z,21.37135973,-157.74161523,UAV 1,2,1:3001:2894,ENM35003,1:1:225:7:1:6:0,0,false,false,false,false,0
ENMORT001,none,,2026-08-09T09:16:31.000Z,21.37443553,-157.73716992,UAV 1,2,1:3001:2789,ENMORT001,1:1:71:10:1:0:1,0,false,false,false,false,0
ENMORT004,none,,2026-08-09T09:16:31.000Z,21.37447596,-157.73706256,UAV 1,2,1:3001:2630,ENMORT004,1:1:71:10:1:0:1,0,false,false,false,false,0
ENMORT002,none,,2026-08-09T09:16:31.000Z,21.37453609,-157.73721308,UAV 1,2,1:3001:2834,ENMORT002,1:1:71:10:1:0:1,0,false,false,false,false,0
ENMORT003,none,,2026-08-09T09:16:31.000Z,21.37463664,-157.73725624,UAV 1,2,1:3001:2865,ENMORT003,1:1:71:10:1:0:1,0,false,false,false,false,0
ENMORT005,none,,2026-08-09T09:16:31.000Z,21.37457651,-157.73710572,UAV 1,2,1:3001:2607,ENMORT005,1:1:71:10:1:0:1,0,false,false,false,false,0
ENM35003,move to,LOC_적북측접근로,2026-08-09T09:16:31.000Z,21.37135973,-157.74161523,UAV 1,2,1:3001:2894,ENM35003,1:1:225:7:1:6:0,0,false,false,false,false,0
ENMORT001,none,,2026-08-09T09:16:32.000Z,21.37443553,-157.73716992,UAV 1,2,1:3001:2789,ENMORT001,1:1:71:10:1:0:1,0,false,false,false,false,0
ENMORT004,none,,2026-08-09T09:16:32.000Z,21.37447596,-157.73706256,UAV 1,2,1:3001:2630,ENMORT004,1:1:71:10:1:0:1,0,false,false,false,false,0
ENMORT002,none,,2026-08-09T09:16:32.000Z,21.37453609,-157.73721308,UAV 1,2,1:3001:2834,ENMORT002,1:1:71:10:1:0:1,0,false,false,false,false,0
ENMORT003,none,,2026-08-09T09:16:32.000Z,21.37463664,-157.73725624,UAV 1,2,1:3001:2865,ENMORT003,1:1:71:10:1:0:1,0,false,false,false,false,0
ENMORT005,none,,2026-08-09T09:16:32.000Z,21.37457651,-157.73710572,UAV 1,2,1:3001:2607,ENMORT005,1:1:71:10:1:0:1,0,false,false,false,false,0
ENM35003,move to,LOC_적북측접근로,2026-08-09T09:16:32.000Z,21.37135973,-157.74161523,UAV 1,2,1:3001:2894,ENM35003,1:1:225:7:1:6:0,0,false,false,false,false,0
ENMORT001,none,,2026-08-09T09:16:32.000Z,21.37443553,-157.73716992,UAV 1,2,1:3001:2789,ENMORT001,1:1:71:10:1:0:1,0,false,false,false,false,0
ENMORT004,none,,2026-08-09T09:16:32.000Z,21.37447596,-157.73706256,UAV 1,2,1:3001:2630,ENMORT004,1:1:71:10:1:0:1,0,false,false,false,false,0
ENMORT002,none,,2026-08-09T09:16:32.000Z,21.37453609,-157.73721308,UAV 1,2,1:3001:2834,ENMORT002,1:1:71:10:1:0:1,0,false,false,false,false,0
ENMORT003,none,,2026-08-09T09:16:32.000Z,21.37463664,-157.73725624,UAV 1,2,1:3001:2865,ENMORT003,1:1:71:10:1:0:1,0,false,false,false,false,0
ENMORT005,none,,2026-08-09T09:16:32.000Z,21.37457651,-157.73710572,UAV 1,2,1:3001:2607,ENMORT005,1:1:71:10:1:0:1,0,false,false,false,false,0
ENM35003,move to,LOC_적북측접근로,2026-08-09T09:16:32.000Z,21.37135285,-157.74164430,UAV 1,2,1:3001:2894,ENM35003,1:1:225:7:1:6:0,0,false,false,false,false,0
ENMORT001,none,,2026-08-09T09:16:33.000Z,21.37443553,-157.73716992,UAV 1,2,1:3001:2789,ENMORT001,1:1:71:10:1:0:1,0,false,false,false,false,0
ENMORT004,none,,2026-08-09T09:16:33.000Z,21.37447596,-157.73706256,UAV 1,2,1:3001:2630,ENMORT004,1:1:71:10:1:0:1,0,false,false,false,false,0
ENMORT002,none,,2026-08-09T09:16:33.000Z,21.37453609,-157.73721308,UAV 1,2,1:3001:2834,ENMORT002,1:1:71:10:1:0:1,0,false,false,false,false,0
ENMORT003,none,,2026-08-09T09:16:33.000Z,21.37463664,-157.73725624,UAV 1,2,1:3001:2865,ENMORT003,1:1:71:10:1:0:1,0,false,false,false,false,0
ENMORT005,none,,2026-08-09T09:16:33.000Z,21.37457651,-157.73710572,UAV 1,2,1:3001:2607,ENMORT005,1:1:71:10:1:0:1,0,false,false,false,false,0
ENM35003,move to,LOC_적북측접근로,2026-08-09T09:16:33.000Z,21.37135285,-157.74164430,UAV 1,2,1:3001:2894,ENM35003,1:1:225:7:1:6:0,0,false,false,false,false,0
ENMORT001,none,,2026-08-09T09:16:33.000Z,21.37443553,-157.73716992,UAV 1,2,1:3001:2789,ENMORT001,1:1:71:10:1:0:1,0,false,false,false,false,0
ENMORT004,none,,2026-08-09T09:16:33.000Z,21.37447596,-157.73706256,UAV 1,2,1:3001:2630,ENMORT004,1:1:71:10:1:0:1,0,false,false,false,false,0
ENMORT002,none,,2026-08-09T09:16:33.000Z,21.37453609,-157.73721308,UAV 1,2,1:3001:2834,ENMORT002,1:1:71:10:1:0:1,0,false,false,false,false,0
ENMORT003,none,,2026-08-09T09:16:33.000Z,21.37463664,-157.73725624,UAV 1,2,1:3001:2865,ENMORT003,1:1:71:10:1:0:1,0,false,false,false,false,0
ENMORT005,none,,2026-08-09T09:16:33.000Z,21.37457651,-157.73710572,UAV 1,2,1:3001:2607,ENMORT005,1:1:71:10:1:0:1,0,false,false,false,false,0
ENM35003,move to,LOC_적북측접근로,2026-08-09T09:16:33.000Z,21.37135285,-157.74164430,UAV 1,2,1:3001:2894,ENM35003,1:1:225:7:1:6:0,0,false,false,false,false,0
ENMORT001,none,,2026-08-09T09:16:34.000Z,21.37443553,-157.73716992,UAV 1,2,1:3001:2789,ENMORT001,1:1:71:10:1:0:1,0,false,false,false,false,0
ENMORT004,none,,2026-08-09T09:16:34.000Z,21.37447596,-157.73706256,UAV 1,2,1:3001:2630,ENMORT004,1:1:71:10:1:0:1,0,false,false,false,false,0
ENMORT002,none,,2026-08-09T09:16:34.000Z,21.37453609,-157.73721308,UAV 1,2,1:3001:2834,ENMORT002,1:1:71:10:1:0:1,0,false,false,false,false,0
ENMORT003,none,,2026-08-09T09:16:34.000Z,21.37463664,-157.73725624,UAV 1,2,1:3001:2865,ENMORT003,1:1:71:10:1:0:1,0,false,false,false,false,0
ENMORT005,none,,2026-08-09T09:16:34.000Z,21.37457651,-157.73710572,UAV 1,2,1:3001:2607,ENMORT005,1:1:71:10:1:0:1,0,false,false,false,false,0
ENM35003,move to,LOC_적북측접근로,2026-08-09T09:16:34.000Z,21.37135285,-157.74164430,UAV 1,2,1:3001:2894,ENM35003,1:1:225:7:1:6:0,0,false,false,false,false,0
ENMORT001,none,,2026-08-09T09:16:34.000Z,21.37443553,-157.73716992,UAV 1,2,1:3001:2789,ENMORT001,1:1:71:10:1:0:1,0,false,false,false,false,0
ENMORT004,none,,2026-08-09T09:16:34.000Z,21.37447596,-157.73706256,UAV 1,2,1:3001:2630,ENMORT004,1:1:71:10:1:0:1,0,false,false,false,false,0
ENMORT002,none,,2026-08-09T09:16:34.000Z,21.37453609,-157.73721308,UAV 1,2,1:3001:2834,ENMORT002,1:1:71:10:1:0:1,0,false,false,false,false,0
ENMORT003,none,,2026-08-09T09:16:34.000Z,21.37463664,-157.73725624,UAV 1,2,1:3001:2865,ENMORT003,1:1:71:10:1:0:1,0,false,false,false,false,0
ENMORT005,none,,2026-08-09T09:16:34.000Z,21.37457651,-157.73710572,UAV 1,2,1:3001:2607,ENMORT005,1:1:71:10:1:0:1,0,false,false,false,false,0
ENMORT001,none,,2026-08-09T09:16:35.000Z,21.37443553,-157.73716992,UAV 1,2,1:3001:2789,ENMORT001,1:1:71:10:1:0:1,0,false,false,false,false,0
ENMORT004,none,,2026-08-09T09:16:35.000Z,21.37447596,-157.73706256,UAV 1,2,1:3001:2630,ENMORT004,1:1:71:10:1:0:1,0,false,false,false,false,0
ENMORT002,none,,2026-08-09T09:16:35.000Z,21.37453609,-157.73721308,UAV 1,2,1:3001:2834,ENMORT002,1:1:71:10:1:0:1,0,false,false,false,false,0
ENMORT003,none,,2026-08-09T09:16:35.000Z,21.37463664,-157.73725624,UAV 1,2,1:3001:2865,ENMORT003,1:1:71:10:1:0:1,0,false,false,false,false,0
ENMORT005,none,,2026-08-09T09:16:35.000Z,21.37457651,-157.73710572,UAV 1,2,1:3001:2607,ENMORT005,1:1:71:10:1:0:1,0,false,false,false,false,0
ENMORT001,none,,2026-08-09T09:16:35.000Z,21.37443553,-157.73716992,UAV 1,2,1:3001:2789,ENMORT001,1:1:71:10:1:0:1,0,false,false,false,false,0
ENMORT004,none,,2026-08-09T09:16:35.000Z,21.37447596,-157.73706256,UAV 1,2,1:3001:2630,ENMORT004,1:1:71:10:1:0:1,0,false,false,false,false,0
ENMORT002,none,,2026-08-09T09:16:35.000Z,21.37453609,-157.73721308,UAV 1,2,1:3001:2834,ENMORT002,1:1:71:10:1:0:1,0,false,false,false,false,0
ENMORT003,none,,2026-08-09T09:16:35.000Z,21.37463664,-157.73725624,UAV 1,2,1:3001:2865,ENMORT003,1:1:71:10:1:0:1,0,false,false,false,false,0
ENMORT005,none,,2026-08-09T09:16:35.000Z,21.37457651,-157.73710572,UAV 1,2,1:3001:2607,ENMORT005,1:1:71:10:1:0:1,0,false,false,false,false,0
ENMORT001,none,,2026-08-09T09:16:36.000Z,21.37443553,-157.73716992,UAV 1,2,1:3001:2789,ENMORT001,1:1:71:10:1:0:1,0,false,false,false,false,0
ENMORT004,none,,2026-08-09T09:16:36.000Z,21.37447596,-157.73706256,UAV 1,2,1:3001:2630,ENMORT004,1:1:71:10:1:0:1,0,false,false,false,false,0
ENMORT002,none,,2026-08-09T09:16:36.000Z,21.37453609,-157.73721308,UAV 1,2,1:3001:2834,ENMORT002,1:1:71:10:1:0:1,0,false,false,false,false,0
ENMORT003,none,,2026-08-09T09:16:36.000Z,21.37463664,-157.73725624,UAV 1,2,1:3001:2865,ENMORT003,1:1:71:10:1:0:1,0,false,false,false,false,0
ENMORT005,none,,2026-08-09T09:16:36.000Z,21.37457651,-157.73710572,UAV 1,2,1:3001:2607,ENMORT005,1:1:71:10:1:0:1,0,false,false,false,false,0
ENMORT001,none,,2026-08-09T09:16:36.000Z,21.37443553,-157.73716992,UAV 1,2,1:3001:2789,ENMORT001,1:1:71:10:1:0:1,0,false,false,false,false,0
ENMORT004,none,,2026-08-09T09:16:36.000Z,21.37447596,-157.73706256,UAV 1,2,1:3001:2630,ENMORT004,1:1:71:10:1:0:1,0,false,false,false,false,0
ENMORT002,none,,2026-08-09T09:16:36.000Z,21.37453609,-157.73721308,UAV 1,2,1:3001:2834,ENMORT002,1:1:71:10:1:0:1,0,false,false,false,false,0
ENMORT003,none,,2026-08-09T09:16:36.000Z,21.37463664,-157.73725624,UAV 1,2,1:3001:2865,ENMORT003,1:1:71:10:1:0:1,0,false,false,false,false,0
ENMORT005,none,,2026-08-09T09:16:36.000Z,21.37457651,-157.73710572,UAV 1,2,1:3001:2607,ENMORT005,1:1:71:10:1:0:1,0,false,false,false,false,0
ENM35001,move to,LOC_적북측접근로,2026-08-09T09:16:36.000Z,21.37137257,-157.74156099,UAV 1,2,1:3001:2754,ENM35001,1:1:225:7:1:6:0,0,false,false,false,false,0
ENMORT001,none,,2026-08-09T09:16:37.000Z,21.37443553,-157.73716992,UAV 1,2,1:3001:2789,ENMORT001,1:1:71:10:1:0:1,0,false,false,false,false,0
ENMORT004,none,,2026-08-09T09:16:37.000Z,21.37447596,-157.73706256,UAV 1,2,1:3001:2630,ENMORT004,1:1:71:10:1:0:1,0,false,false,false,false,0
ENMORT002,none,,2026-08-09T09:16:37.000Z,21.37453609,-157.73721308,UAV 1,2,1:3001:2834,ENMORT002,1:1:71:10:1:0:1,0,false,false,false,false,0
ENMORT003,none,,2026-08-09T09:16:37.000Z,21.37463664,-157.73725624,UAV 1,2,1:3001:2865,ENMORT003,1:1:71:10:1:0:1,0,false,false,false,false,0
ENMORT005,none,,2026-08-09T09:16:37.000Z,21.37457651,-157.73710572,UAV 1,2,1:3001:2607,ENMORT005,1:1:71:10:1:0:1,0,false,false,false,false,0
ENM35001,move to,LOC_적북측접근로,2026-08-09T09:16:37.000Z,21.37137257,-157.74156099,UAV 1,2,1:3001:2754,ENM35001,1:1:225:7:1:6:0,0,false,false,false,false,0
ENMORT001,none,,2026-08-09T09:16:38.000Z,21.37443553,-157.73716992,UAV 1,2,1:3001:2789,ENMORT001,1:1:71:10:1:0:1,0,false,false,false,false,0
ENMORT004,none,,2026-08-09T09:16:38.000Z,21.37447596,-157.73706256,UAV 1,2,1:3001:2630,ENMORT004,1:1:71:10:1:0:1,0,false,false,false,false,0
ENMORT002,none,,2026-08-09T09:16:38.000Z,21.37453609,-157.73721308,UAV 1,2,1:3001:2834,ENMORT002,1:1:71:10:1:0:1,0,false,false,false,false,0
ENMORT003,none,,2026-08-09T09:16:38.000Z,21.37463664,-157.73725624,UAV 1,2,1:3001:2865,ENMORT003,1:1:71:10:1:0:1,0,false,false,false,false,0
ENMORT005,none,,2026-08-09T09:16:38.000Z,21.37457651,-157.73710572,UAV 1,2,1:3001:2607,ENMORT005,1:1:71:10:1:0:1,0,false,false,false,false,0
ENM35001,move to,LOC_적북측접근로,2026-08-09T09:16:38.000Z,21.37137257,-157.74156099,UAV 1,2,1:3001:2754,ENM35001,1:1:225:7:1:6:0,0,false,false,false,false,0
ENMORT001,none,,2026-08-09T09:16:38.000Z,21.37443553,-157.73716992,UAV 1,2,1:3001:2789,ENMORT001,1:1:71:10:1:0:1,0,false,false,false,false,0
ENMORT004,none,,2026-08-09T09:16:38.000Z,21.37447596,-157.73706256,UAV 1,2,1:3001:2630,ENMORT004,1:1:71:10:1:0:1,0,false,false,false,false,0
ENMORT002,none,,2026-08-09T09:16:38.000Z,21.37453609,-157.73721308,UAV 1,2,1:3001:2834,ENMORT002,1:1:71:10:1:0:1,0,false,false,false,false,0
ENMORT003,none,,2026-08-09T09:16:38.000Z,21.37463664,-157.73725624,UAV 1,2,1:3001:2865,ENMORT003,1:1:71:10:1:0:1,0,false,false,false,false,0
ENMORT005,none,,2026-08-09T09:16:38.000Z,21.37457651,-157.73710572,UAV 1,2,1:3001:2607,ENMORT005,1:1:71:10:1:0:1,0,false,false,false,false,0
ENM35001,move to,LOC_적북측접근로,2026-08-09T09:16:38.000Z,21.37137257,-157.74156099,UAV 1,2,1:3001:2754,ENM35001,1:1:225:7:1:6:0,0,false,false,false,false,0
ENMORT001,none,,2026-08-09T09:16:39.000Z,21.37443553,-157.73716992,UAV 1,2,1:3001:2789,ENMORT001,1:1:71:10:1:0:1,0,false,false,false,false,0
ENMORT004,none,,2026-08-09T09:16:39.000Z,21.37447596,-157.73706256,UAV 1,2,1:3001:2630,ENMORT004,1:1:71:10:1:0:1,0,false,false,false,false,0
ENMORT002,none,,2026-08-09T09:16:39.000Z,21.37453609,-157.73721308,UAV 1,2,1:3001:2834,ENMORT002,1:1:71:10:1:0:1,0,false,false,false,false,0
ENMORT003,none,,2026-08-09T09:16:39.000Z,21.37463664,-157.73725624,UAV 1,2,1:3001:2865,ENMORT003,1:1:71:10:1:0:1,0,false,false,false,false,0
ENMORT005,none,,2026-08-09T09:16:39.000Z,21.37457651,-157.73710572,UAV 1,2,1:3001:2607,ENMORT005,1:1:71:10:1:0:1,0,false,false,false,false,0
ENM35004,move to,LOC_적북측접근로,2026-08-09T09:16:39.000Z,21.37135203,-157.74165176,UAV 1,2,1:3001:2650,ENM35004,1:1:225:7:1:6:0,0,false,false,false,false,0
ENMORT001,none,,2026-08-09T09:16:39.000Z,21.37443553,-157.73716992,UAV 1,2,1:3001:2789,ENMORT001,1:1:71:10:1:0:1,0,false,false,false,false,0
ENMORT004,none,,2026-08-09T09:16:39.000Z,21.37447596,-157.73706256,UAV 1,2,1:3001:2630,ENMORT004,1:1:71:10:1:0:1,0,false,false,false,false,0
ENMORT002,none,,2026-08-09T09:16:39.000Z,21.37453609,-157.73721308,UAV 1,2,1:3001:2834,ENMORT002,1:1:71:10:1:0:1,0,false,false,false,false,0
ENMORT003,none,,2026-08-09T09:16:39.000Z,21.37463664,-157.73725624,UAV 1,2,1:3001:2865,ENMORT003,1:1:71:10:1:0:1,0,false,false,false,false,0
ENMORT005,none,,2026-08-09T09:16:39.000Z,21.37457651,-157.73710572,UAV 1,2,1:3001:2607,ENMORT005,1:1:71:10:1:0:1,0,false,false,false,false,0
ENM35004,move to,LOC_적북측접근로,2026-08-09T09:16:39.000Z,21.37135203,-157.74165176,UAV 1,2,1:3001:2650,ENM35004,1:1:225:7:1:6:0,0,false,false,false,false,0
ENMORT001,none,,2026-08-09T09:16:40.000Z,21.37443553,-157.73716992,UAV 1,2,1:3001:2789,ENMORT001,1:1:71:10:1:0:1,0,false,false,false,false,0
ENMORT004,none,,2026-08-09T09:16:40.000Z,21.37447596,-157.73706256,UAV 1,2,1:3001:2630,ENMORT004,1:1:71:10:1:0:1,0,false,false,false,false,0
ENMORT002,none,,2026-08-09T09:16:40.000Z,21.37453609,-157.73721308,UAV 1,2,1:3001:2834,ENMORT002,1:1:71:10:1:0:1,0,false,false,false,false,0
ENMORT003,none,,2026-08-09T09:16:40.000Z,21.37463664,-157.73725624,UAV 1,2,1:3001:2865,ENMORT003,1:1:71:10:1:0:1,0,false,false,false,false,0
ENMORT005,none,,2026-08-09T09:16:40.000Z,21.37457651,-157.73710572,UAV 1,2,1:3001:2607,ENMORT005,1:1:71:10:1:0:1,0,false,false,false,false,0
ENM35004,move to,LOC_적북측접근로,2026-08-09T09:16:40.000Z,21.37135203,-157.74165176,UAV 1,2,1:3001:2650,ENM35004,1:1:225:7:1:6:0,0,false,false,false,false,0
ENMORT001,none,,2026-08-09T09:16:40.000Z,21.37443553,-157.73716992,UAV 1,2,1:3001:2789,ENMORT001,1:1:71:10:1:0:1,0,false,false,false,false,0
ENMORT004,none,,2026-08-09T09:16:40.000Z,21.37447596,-157.73706256,UAV 1,2,1:3001:2630,ENMORT004,1:1:71:10:1:0:1,0,false,false,false,false,0
ENMORT002,none,,2026-08-09T09:16:40.000Z,21.37453609,-157.73721308,UAV 1,2,1:3001:2834,ENMORT002,1:1:71:10:1:0:1,0,false,false,false,false,0
ENMORT003,none,,2026-08-09T09:16:40.000Z,21.37463664,-157.73725624,UAV 1,2,1:3001:2865,ENMORT003,1:1:71:10:1:0:1,0,false,false,false,false,0
ENMORT005,none,,2026-08-09T09:16:40.000Z,21.37457651,-157.73710572,UAV 1,2,1:3001:2607,ENMORT005,1:1:71:10:1:0:1,0,false,false,false,false,0
ENM35004,move to,LOC_적북측접근로,2026-08-09T09:16:40.000Z,21.37135203,-157.74165176,UAV 1,2,1:3001:2650,ENM35004,1:1:225:7:1:6:0,0,false,false,false,false,0
ENMORT001,none,,2026-08-09T09:16:40.000Z,21.37443553,-157.73716992,UAV 1,2,1:3001:2789,ENMORT001,1:1:71:10:1:0:1,0,false,false,false,false,0
ENMORT004,none,,2026-08-09T09:16:40.000Z,21.37447596,-157.73706256,UAV 1,2,1:3001:2630,ENMORT004,1:1:71:10:1:0:1,0,false,false,false,false,0
ENMORT002,none,,2026-08-09T09:16:40.000Z,21.37453609,-157.73721308,UAV 1,2,1:3001:2834,ENMORT002,1:1:71:10:1:0:1,0,false,false,false,false,0
ENMORT003,none,,2026-08-09T09:16:40.000Z,21.37463664,-157.73725624,UAV 1,2,1:3001:2865,ENMORT003,1:1:71:10:1:0:1,0,false,false,false,false,0
ENMORT005,none,,2026-08-09T09:16:40.000Z,21.37457651,-157.73710572,UAV 1,2,1:3001:2607,ENMORT005,1:1:71:10:1:0:1,0,false,false,false,false,0
ENMORT001,none,,2026-08-09T09:16:41.000Z,21.37443553,-157.73716992,UAV 1,2,1:3001:2789,ENMORT001,1:1:71:10:1:0:1,0,false,false,false,false,0
ENMORT004,none,,2026-08-09T09:16:41.000Z,21.37447596,-157.73706256,UAV 1,2,1:3001:2630,ENMORT004,1:1:71:10:1:0:1,0,false,false,false,false,0
ENMORT002,none,,2026-08-09T09:16:41.000Z,21.37453609,-157.73721308,UAV 1,2,1:3001:2834,ENMORT002,1:1:71:10:1:0:1,0,false,false,false,false,0
ENMORT003,none,,2026-08-09T09:16:41.000Z,21.37463664,-157.73725624,UAV 1,2,1:3001:2865,ENMORT003,1:1:71:10:1:0:1,0,false,false,false,false,0
ENMORT005,none,,2026-08-09T09:16:41.000Z,21.37457651,-157.73710572,UAV 1,2,1:3001:2607,ENMORT005,1:1:71:10:1:0:1,0,false,false,false,false,0
ENMORT001,none,,2026-08-09T09:16:42.000Z,21.37443553,-157.73716992,UAV 1,2,1:3001:2789,ENMORT001,1:1:71:10:1:0:1,0,false,false,false,false,0
ENMORT004,none,,2026-08-09T09:16:42.000Z,21.37447596,-157.73706256,UAV 1,2,1:3001:2630,ENMORT004,1:1:71:10:1:0:1,0,false,false,false,false,0
ENMORT002,none,,2026-08-09T09:16:42.000Z,21.37453609,-157.73721308,UAV 1,2,1:3001:2834,ENMORT002,1:1:71:10:1:0:1,0,false,false,false,false,0
ENMORT003,none,,2026-08-09T09:16:42.000Z,21.37463664,-157.73725624,UAV 1,2,1:3001:2865,ENMORT003,1:1:71:10:1:0:1,0,false,false,false,false,0
ENMORT005,none,,2026-08-09T09:16:42.000Z,21.37457651,-157.73710572,UAV 1,2,1:3001:2607,ENMORT005,1:1:71:10:1:0:1,0,false,false,false,false,0
ENMORT001,none,,2026-08-09T09:16:42.000Z,21.37443553,-157.73716992,UAV 1,2,1:3001:2789,ENMORT001,1:1:71:10:1:0:1,0,false,false,false,false,0
ENMORT004,none,,2026-08-09T09:16:42.000Z,21.37447596,-157.73706256,UAV 1,2,1:3001:2630,ENMORT004,1:1:71:10:1:0:1,0,false,false,false,false,0
ENMORT002,none,,2026-08-09T09:16:42.000Z,21.37453609,-157.73721308,UAV 1,2,1:3001:2834,ENMORT002,1:1:71:10:1:0:1,0,false,false,false,false,0
ENMORT003,none,,2026-08-09T09:16:42.000Z,21.37463664,-157.73725624,UAV 1,2,1:3001:2865,ENMORT003,1:1:71:10:1:0:1,0,false,false,false,false,0
ENMORT005,none,,2026-08-09T09:16:42.000Z,21.37457651,-157.73710572,UAV 1,2,1:3001:2607,ENMORT005,1:1:71:10:1:0:1,0,false,false,false,false,0
ENMORT001,none,,2026-08-09T09:16:43.000Z,21.37443553,-157.73716992,UAV 1,2,1:3001:2789,ENMORT001,1:1:71:10:1:0:1,0,false,false,false,false,0
ENMORT004,none,,2026-08-09T09:16:43.000Z,21.37447596,-157.73706256,UAV 1,2,1:3001:2630,ENMORT004,1:1:71:10:1:0:1,0,false,false,false,false,0
ENMORT002,none,,2026-08-09T09:16:43.000Z,21.37453609,-157.73721308,UAV 1,2,1:3001:2834,ENMORT002,1:1:71:10:1:0:1,0,false,false,false,false,0
ENMORT003,none,,2026-08-09T09:16:43.000Z,21.37463664,-157.73725624,UAV 1,2,1:3001:2865,ENMORT003,1:1:71:10:1:0:1,0,false,false,false,false,0
ENMORT005,none,,2026-08-09T09:16:43.000Z,21.37457651,-157.73710572,UAV 1,2,1:3001:2607,ENMORT005,1:1:71:10:1:0:1,0,false,false,false,false,0
FRTRK2004,move to,LOC_남측제1방어선,2026-08-09T09:16:43.000Z,21.38725915,-157.74452979,UAV 1,1,1:3001:2576,FRTRK2004,1:1:225:7:12:8:0,0,false,false,false,false,0
FRTRK1001,move to,LOC_남측제1방어선,2026-08-09T09:16:43.000Z,21.38743489,-157.74453880,UAV 1,1,1:3001:2643,FRTRK1001,1:1:225:7:12:0:0,0,false,false,false,false,0
ENM35001,move to,LOC_적북측접근로,2026-08-09T09:16:43.000Z,21.37135070,-157.74165338,UAV 1,2,1:3001:2754,ENM35001,1:1:225:7:1:6:0,0,false,false,false,false,0
FRTRK2002,move to,LOC_남측제1방어선,2026-08-09T09:16:43.000Z,21.38724782,-157.74443812,UAV 1,1,1:3001:2827,FRTRK2002,1:1:225:7:12:8:0,0,false,false,false,false,0
FRTRK1002,move to,LOC_남측제1방어선,2026-08-09T09:16:43.000Z,21.38738099,-157.74446829,UAV 1,1,1:3001:2853,FRTRK1002,1:1:225:7:12:0:0,0,false,false,false,false,0
ENM35003,move to,LOC_적북측접근로,2026-08-09T09:16:43.000Z,21.37137722,-157.74154135,UAV 1,2,1:3001:2894,ENM35003,1:1:225:7:1:6:0,0,false,false,false,false,0
ENMORT001,none,,2026-08-09T09:16:43.000Z,21.37443553,-157.73716992,UAV 1,2,1:3001:2789,ENMORT001,1:1:71:10:1:0:1,0,false,false,false,false,0
ENMORT004,none,,2026-08-09T09:16:43.000Z,21.37447596,-157.73706256,UAV 1,2,1:3001:2630,ENMORT004,1:1:71:10:1:0:1,0,false,false,false,false,0
ENMORT002,none,,2026-08-09T09:16:43.000Z,21.37453609,-157.73721308,UAV 1,2,1:3001:2834,ENMORT002,1:1:71:10:1:0:1,0,false,false,false,false,0
ENMORT003,none,,2026-08-09T09:16:43.000Z,21.37463664,-157.73725624,UAV 1,2,1:3001:2865,ENMORT003,1:1:71:10:1:0:1,0,false,false,false,false,0
ENMORT005,none,,2026-08-09T09:16:43.000Z,21.37457651,-157.73710572,UAV 1,2,1:3001:2607,ENMORT005,1:1:71:10:1:0:1,0,false,false,false,false,0
FRTRK2004,move to,LOC_남측제1방어선,2026-08-09T09:16:43.000Z,21.38725915,-157.74452979,UAV 1,1,1:3001:2576,FRTRK2004,1:1:225:7:12:8:0,0,false,false,false,false,0
FRTRK1001,move to,LOC_남측제1방어선,2026-08-09T09:16:43.000Z,21.38743489,-157.74453880,UAV 1,1,1:3001:2643,FRTRK1001,1:1:225:7:12:0:0,0,false,false,false,false,0
ENM35001,move to,LOC_적북측접근로,2026-08-09T09:16:43.000Z,21.37135070,-157.74165338,UAV 1,2,1:3001:2754,ENM35001,1:1:225:7:1:6:0,0,false,false,false,false,0
FRTRK2002,move to,LOC_남측제1방어선,2026-08-09T09:16:43.000Z,21.38724782,-157.74443812,UAV 1,1,1:3001:2827,FRTRK2002,1:1:225:7:12:8:0,0,false,false,false,false,0
FRTRK1002,move to,LOC_남측제1방어선,2026-08-09T09:16:43.000Z,21.38738099,-157.74446829,UAV 1,1,1:3001:2853,FRTRK1002,1:1:225:7:12:0:0,0,false,false,false,false,0
ENM35003,move to,LOC_적북측접근로,2026-08-09T09:16:43.000Z,21.37137722,-157.74154135,UAV 1,2,1:3001:2894,ENM35003,1:1:225:7:1:6:0,0,false,false,false,false,0
ENMORT001,none,,2026-08-09T09:16:44.000Z,21.37443553,-157.73716992,UAV 1,2,1:3001:2789,ENMORT001,1:1:71:10:1:0:1,0,false,false,false,false,0
ENMORT004,none,,2026-08-09T09:16:44.000Z,21.37447596,-157.73706256,UAV 1,2,1:3001:2630,ENMORT004,1:1:71:10:1:0:1,0,false,false,false,false,0
ENMORT002,none,,2026-08-09T09:16:44.000Z,21.37453609,-157.73721308,UAV 1,2,1:3001:2834,ENMORT002,1:1:71:10:1:0:1,0,false,false,false,false,0
ENMORT003,none,,2026-08-09T09:16:44.000Z,21.37463664,-157.73725624,UAV 1,2,1:3001:2865,ENMORT003,1:1:71:10:1:0:1,0,false,false,false,false,0
ENMORT005,none,,2026-08-09T09:16:44.000Z,21.37457651,-157.73710572,UAV 1,2,1:3001:2607,ENMORT005,1:1:71:10:1:0:1,0,false,false,false,false,0
FRTRK2004,move to,LOC_남측제1방어선,2026-08-09T09:16:44.000Z,21.38725915,-157.74452979,UAV 1,1,1:3001:2576,FRTRK2004,1:1:225:7:12:8:0,0,false,false,false,false,0
FRTRK1001,move to,LOC_남측제1방어선,2026-08-09T09:16:44.000Z,21.38743489,-157.74453880,UAV 1,1,1:3001:2643,FRTRK1001,1:1:225:7:12:0:0,0,false,false,false,false,0
ENM35001,move to,LOC_적북측접근로,2026-08-09T09:16:44.000Z,21.37135070,-157.74165338,UAV 1,2,1:3001:2754,ENM35001,1:1:225:7:1:6:0,0,false,false,false,false,0
FRTRK2002,move to,LOC_남측제1방어선,2026-08-09T09:16:44.000Z,21.38724782,-157.74443812,UAV 1,1,1:3001:2827,FRTRK2002,1:1:225:7:12:8:0,0,false,false,false,false,0
FRTRK1002,move to,LOC_남측제1방어선,2026-08-09T09:16:44.000Z,21.38738099,-157.74446829,UAV 1,1,1:3001:2853,FRTRK1002,1:1:225:7:12:0:0,0,false,false,false,false,0
ENM35003,move to,LOC_적북측접근로,2026-08-09T09:16:44.000Z,21.37137722,-157.74154135,UAV 1,2,1:3001:2894,ENM35003,1:1:225:7:1:6:0,0,false,false,false,false,0
ENMORT001,none,,2026-08-09T09:16:44.000Z,21.37443553,-157.73716992,UAV 1,2,1:3001:2789,ENMORT001,1:1:71:10:1:0:1,0,false,false,false,false,0
ENMORT004,none,,2026-08-09T09:16:44.000Z,21.37447596,-157.73706256,UAV 1,2,1:3001:2630,ENMORT004,1:1:71:10:1:0:1,0,false,false,false,false,0
ENMORT002,none,,2026-08-09T09:16:44.000Z,21.37453609,-157.73721308,UAV 1,2,1:3001:2834,ENMORT002,1:1:71:10:1:0:1,0,false,false,false,false,0
ENMORT003,none,,2026-08-09T09:16:44.000Z,21.37463664,-157.73725624,UAV 1,2,1:3001:2865,ENMORT003,1:1:71:10:1:0:1,0,false,false,false,false,0
ENMORT005,none,,2026-08-09T09:16:44.000Z,21.37457651,-157.73710572,UAV 1,2,1:3001:2607,ENMORT005,1:1:71:10:1:0:1,0,false,false,false,false,0
FRTRK2004,move to,LOC_남측제1방어선,2026-08-09T09:16:44.000Z,21.38725915,-157.74452979,UAV 1,1,1:3001:2576,FRTRK2004,1:1:225:7:12:8:0,0,false,false,false,false,0
FRTRK1001,move to,LOC_남측제1방어선,2026-08-09T09:16:44.000Z,21.38743489,-157.74453880,UAV 1,1,1:3001:2643,FRTRK1001,1:1:225:7:12:0:0,0,false,false,false,false,0
ENM35001,move to,LOC_적북측접근로,2026-08-09T09:16:44.000Z,21.37135070,-157.74165338,UAV 1,2,1:3001:2754,ENM35001,1:1:225:7:1:6:0,0,false,false,false,false,0
FRTRK2002,move to,LOC_남측제1방어선,2026-08-09T09:16:44.000Z,21.38724782,-157.74443812,UAV 1,1,1:3001:2827,FRTRK2002,1:1:225:7:12:8:0,0,false,false,false,false,0
FRTRK1002,move to,LOC_남측제1방어선,2026-08-09T09:16:44.000Z,21.38738099,-157.74446829,UAV 1,1,1:3001:2853,FRTRK1002,1:1:225:7:12:0:0,0,false,false,false,false,0
ENM35003,move to,LOC_적북측접근로,2026-08-09T09:16:44.000Z,21.37137722,-157.74154135,UAV 1,2,1:3001:2894,ENM35003,1:1:225:7:1:6:0,0,false,false,false,false,0
ENMORT001,none,,2026-08-09T09:16:45.000Z,21.37443553,-157.73716992,UAV 1,2,1:3001:2789,ENMORT001,1:1:71:10:1:0:1,0,false,false,false,false,0
ENMORT004,none,,2026-08-09T09:16:45.000Z,21.37447596,-157.73706256,UAV 1,2,1:3001:2630,ENMORT004,1:1:71:10:1:0:1,0,false,false,false,false,0
ENMORT002,none,,2026-08-09T09:16:45.000Z,21.37453609,-157.73721308,UAV 1,2,1:3001:2834,ENMORT002,1:1:71:10:1:0:1,0,false,false,false,false,0
ENMORT003,none,,2026-08-09T09:16:45.000Z,21.37463664,-157.73725624,UAV 1,2,1:3001:2865,ENMORT003,1:1:71:10:1:0:1,0,false,false,false,false,0
ENMORT005,none,,2026-08-09T09:16:45.000Z,21.37457651,-157.73710572,UAV 1,2,1:3001:2607,ENMORT005,1:1:71:10:1:0:1,0,false,false,false,false,0
FRTRK2004,move to,LOC_남측제1방어선,2026-08-09T09:16:45.000Z,21.38725895,-157.74452811,UAV 1,1,1:3001:2576,FRTRK2004,1:1:225:7:12:8:0,0,false,false,false,false,0
FRTRK1001,move to,LOC_남측제1방어선,2026-08-09T09:16:45.000Z,21.38743524,-157.74454117,UAV 1,1,1:3001:2643,FRTRK1001,1:1:225:7:12:0:0,0,false,false,false,false,0
FRTRK2002,move to,LOC_남측제1방어선,2026-08-09T09:16:45.000Z,21.38724999,-157.74445688,UAV 1,1,1:3001:2827,FRTRK2002,1:1:225:7:12:8:0,0,false,false,false,false,0
FRT80007,none,,2026-08-09T09:16:45.000Z,21.38084254,-157.74641584,UAV 1,1,1:3001:2804,FRT80007,1:1:222:1:1:1:0,0,false,false,false,false,0
ENMORT001,none,,2026-08-09T09:16:45.000Z,21.37443553,-157.73716992,UAV 1,2,1:3001:2789,ENMORT001,1:1:71:10:1:0:1,0,false,false,false,false,0
ENMORT004,none,,2026-08-09T09:16:45.000Z,21.37447596,-157.73706256,UAV 1,2,1:3001:2630,ENMORT004,1:1:71:10:1:0:1,0,false,false,false,false,0
ENMORT002,none,,2026-08-09T09:16:45.000Z,21.37453609,-157.73721308,UAV 1,2,1:3001:2834,ENMORT002,1:1:71:10:1:0:1,0,false,false,false,false,0
ENMORT003,none,,2026-08-09T09:16:45.000Z,21.37463664,-157.73725624,UAV 1,2,1:3001:2865,ENMORT003,1:1:71:10:1:0:1,0,false,false,false,false,0
ENMORT005,none,,2026-08-09T09:16:45.000Z,21.37457651,-157.73710572,UAV 1,2,1:3001:2607,ENMORT005,1:1:71:10:1:0:1,0,false,false,false,false,0
FRTRK2004,move to,LOC_남측제1방어선,2026-08-09T09:16:45.000Z,21.38725895,-157.74452811,UAV 1,1,1:3001:2576,FRTRK2004,1:1:225:7:12:8:0,0,false,false,false,false,0
FRTRK1001,move to,LOC_남측제1방어선,2026-08-09T09:16:45.000Z,21.38743524,-157.74454117,UAV 1,1,1:3001:2643,FRTRK1001,1:1:225:7:12:0:0,0,false,false,false,false,0
FRTRK2002,move to,LOC_남측제1방어선,2026-08-09T09:16:45.000Z,21.38724999,-157.74445688,UAV 1,1,1:3001:2827,FRTRK2002,1:1:225:7:12:8:0,0,false,false,false,false,0
FRT80007,none,,2026-08-09T09:16:45.000Z,21.38084254,-157.74641584,UAV 1,1,1:3001:2804,FRT80007,1:1:222:1:1:1:0,0,false,false,false,false,0
ENMORT001,none,,2026-08-09T09:16:46.000Z,21.37443553,-157.73716992,UAV 1,2,1:3001:2789,ENMORT001,1:1:71:10:1:0:1,0,false,false,false,false,0
ENMORT004,none,,2026-08-09T09:16:46.000Z,21.37447596,-157.73706256,UAV 1,2,1:3001:2630,ENMORT004,1:1:71:10:1:0:1,0,false,false,false,false,0
ENMORT002,none,,2026-08-09T09:16:46.000Z,21.37453609,-157.73721308,UAV 1,2,1:3001:2834,ENMORT002,1:1:71:10:1:0:1,0,false,false,false,false,0
ENMORT003,none,,2026-08-09T09:16:46.000Z,21.37463664,-157.73725624,UAV 1,2,1:3001:2865,ENMORT003,1:1:71:10:1:0:1,0,false,false,false,false,0
ENMORT005,none,,2026-08-09T09:16:46.000Z,21.37457651,-157.73710572,UAV 1,2,1:3001:2607,ENMORT005,1:1:71:10:1:0:1,0,false,false,false,false,0
FRTRK2004,move to,LOC_남측제1방어선,2026-08-09T09:16:46.000Z,21.38725895,-157.74452811,UAV 1,1,1:3001:2576,FRTRK2004,1:1:225:7:12:8:0,0,false,false,false,false,0
FRTRK1001,move to,LOC_남측제1방어선,2026-08-09T09:16:46.000Z,21.38743524,-157.74454117,UAV 1,1,1:3001:2643,FRTRK1001,1:1:225:7:12:0:0,0,false,false,false,false,0
FRTRK2002,move to,LOC_남측제1방어선,2026-08-09T09:16:46.000Z,21.38724999,-157.74445688,UAV 1,1,1:3001:2827,FRTRK2002,1:1:225:7:12:8:0,0,false,false,false,false,0
FRT80007,none,,2026-08-09T09:16:46.000Z,21.38084254,-157.74641584,UAV 1,1,1:3001:2804,FRT80007,1:1:222:1:1:1:0,0,false,false,false,false,0
ENMORT001,none,,2026-08-09T09:16:46.000Z,21.37443553,-157.73716992,UAV 1,2,1:3001:2789,ENMORT001,1:1:71:10:1:0:1,0,false,false,false,false,0
ENMORT004,none,,2026-08-09T09:16:46.000Z,21.37447596,-157.73706256,UAV 1,2,1:3001:2630,ENMORT004,1:1:71:10:1:0:1,0,false,false,false,false,0
ENMORT002,none,,2026-08-09T09:16:46.000Z,21.37453609,-157.73721308,UAV 1,2,1:3001:2834,ENMORT002,1:1:71:10:1:0:1,0,false,false,false,false,0
ENMORT003,none,,2026-08-09T09:16:46.000Z,21.37463664,-157.73725624,UAV 1,2,1:3001:2865,ENMORT003,1:1:71:10:1:0:1,0,false,false,false,false,0
ENMORT005,none,,2026-08-09T09:16:46.000Z,21.37457651,-157.73710572,UAV 1,2,1:3001:2607,ENMORT005,1:1:71:10:1:0:1,0,false,false,false,false,0
FRTRK2004,move to,LOC_남측제1방어선,2026-08-09T09:16:46.000Z,21.38725895,-157.74452811,UAV 1,1,1:3001:2576,FRTRK2004,1:1:225:7:12:8:0,0,false,false,false,false,0
FRTRK1001,move to,LOC_남측제1방어선,2026-08-09T09:16:46.000Z,21.38743524,-157.74454117,UAV 1,1,1:3001:2643,FRTRK1001,1:1:225:7:12:0:0,0,false,false,false,false,0
FRTRK2002,move to,LOC_남측제1방어선,2026-08-09T09:16:46.000Z,21.38724999,-157.74445688,UAV 1,1,1:3001:2827,FRTRK2002,1:1:225:7:12:8:0,0,false,false,false,false,0
FRT80007,none,,2026-08-09T09:16:46.000Z,21.38084254,-157.74641584,UAV 1,1,1:3001:2804,FRT80007,1:1:222:1:1:1:0,0,false,false,false,false,0
ENMORT001,none,,2026-08-09T09:16:47.000Z,21.37443553,-157.73716992,UAV 1,2,1:3001:2789,ENMORT001,1:1:71:10:1:0:1,0,false,false,false,false,0
ENMORT004,none,,2026-08-09T09:16:47.000Z,21.37447596,-157.73706256,UAV 1,2,1:3001:2630,ENMORT004,1:1:71:10:1:0:1,0,false,false,false,false,0
ENMORT002,none,,2026-08-09T09:16:47.000Z,21.37453609,-157.73721308,UAV 1,2,1:3001:2834,ENMORT002,1:1:71:10:1:0:1,0,false,false,false,false,0
ENMORT003,none,,2026-08-09T09:16:47.000Z,21.37463664,-157.73725624,UAV 1,2,1:3001:2865,ENMORT003,1:1:71:10:1:0:1,0,false,false,false,false,0
ENMORT005,none,,2026-08-09T09:16:47.000Z,21.37457651,-157.73710572,UAV 1,2,1:3001:2607,ENMORT005,1:1:71:10:1:0:1,0,false,false,false,false,0
FRTRK2004,move to,LOC_남측제1방어선,2026-08-09T09:16:47.000Z,21.38725864,-157.74452539,UAV 1,1,1:3001:2576,FRTRK2004,1:1:225:7:12:8:0,0,false,false,false,false,0
FRTRK1001,move to,LOC_남측제1방어선,2026-08-09T09:16:47.000Z,21.38743567,-157.74454408,UAV 1,1,1:3001:2643,FRTRK1001,1:1:225:7:12:0:0,0,false,false,false,false,0
FRTRK2002,move to,LOC_남측제1방어선,2026-08-09T09:16:47.000Z,21.38725246,-157.74447814,UAV 1,1,1:3001:2827,FRTRK2002,1:1:225:7:12:8:0,0,false,false,false,false,0
FRT80007,none,,2026-08-09T09:16:47.000Z,21.38084254,-157.74641584,UAV 1,1,1:3001:2804,FRT80007,1:1:222:1:1:1:0,0,false,false,false,false,0
FRTRK2003,move to,LOC_남측제1방어선,2026-08-09T09:16:47.000Z,21.38728968,-157.74442626,UAV 1,1,1:3001:2863,FRTRK2003,1:1:225:7:12:8:0,0,false,false,false,false,0
FRTRK1004,move to,LOC_남측제1방어선,2026-08-09T09:16:47.000Z,21.38742260,-157.74446061,UAV 1,1,1:3001:2898,FRTRK1004,1:1:225:7:12:0:0,0,false,false,false,false,0
ENMORT001,none,,2026-08-09T09:16:47.000Z,21.37443553,-157.73716992,UAV 1,2,1:3001:2789,ENMORT001,1:1:71:10:1:0:1,0,false,false,false,false,0
ENMORT004,none,,2026-08-09T09:16:47.000Z,21.37447596,-157.73706256,UAV 1,2,1:3001:2630,ENMORT004,1:1:71:10:1:0:1,0,false,false,false,false,0
ENMORT002,none,,2026-08-09T09:16:47.000Z,21.37453609,-157.73721308,UAV 1,2,1:3001:2834,ENMORT002,1:1:71:10:1:0:1,0,false,false,false,false,0
ENMORT003,none,,2026-08-09T09:16:47.000Z,21.37463664,-157.73725624,UAV 1,2,1:3001:2865,ENMORT003,1:1:71:10:1:0:1,0,false,false,false,false,0
ENMORT005,none,,2026-08-09T09:16:47.000Z,21.37457651,-157.73710572,UAV 1,2,1:3001:2607,ENMORT005,1:1:71:10:1:0:1,0,false,false,false,false,0
FRTRK2004,move to,LOC_남측제1방어선,2026-08-09T09:16:47.000Z,21.38725864,-157.74452539,UAV 1,1,1:3001:2576,FRTRK2004,1:1:225:7:12:8:0,0,false,false,false,false,0
FRTRK1001,move to,LOC_남측제1방어선,2026-08-09T09:16:47.000Z,21.38743567,-157.74454408,UAV 1,1,1:3001:2643,FRTRK1001,1:1:225:7:12:0:0,0,false,false,false,false,0
FRTRK2002,move to,LOC_남측제1방어선,2026-08-09T09:16:47.000Z,21.38725246,-157.74447814,UAV 1,1,1:3001:2827,FRTRK2002,1:1:225:7:12:8:0,0,false,false,false,false,0
FRT80007,none,,2026-08-09T09:16:47.000Z,21.38084254,-157.74641584,UAV 1,1,1:3001:2804,FRT80007,1:1:222:1:1:1:0,0,false,false,false,false,0
FRTRK2003,move to,LOC_남측제1방어선,2026-08-09T09:16:47.000Z,21.38728968,-157.74442626,UAV 1,1,1:3001:2863,FRTRK2003,1:1:225:7:12:8:0,0,false,false,false,false,0
FRTRK1004,move to,LOC_남측제1방어선,2026-08-09T09:16:47.000Z,21.38742260,-157.74446061,UAV 1,1,1:3001:2898,FRTRK1004,1:1:225:7:12:0:0,0,false,false,false,false,0
ENMORT001,none,,2026-08-09T09:16:48.000Z,21.37443553,-157.73716992,UAV 1,2,1:3001:2789,ENMORT001,1:1:71:10:1:0:1,0,false,false,false,false,0
ENMORT004,none,,2026-08-09T09:16:48.000Z,21.37447596,-157.73706256,UAV 1,2,1:3001:2630,ENMORT004,1:1:71:10:1:0:1,0,false,false,false,false,0
ENMORT002,none,,2026-08-09T09:16:48.000Z,21.37453609,-157.73721308,UAV 1,2,1:3001:2834,ENMORT002,1:1:71:10:1:0:1,0,false,false,false,false,0
ENMORT003,none,,2026-08-09T09:16:48.000Z,21.37463664,-157.73725624,UAV 1,2,1:3001:2865,ENMORT003,1:1:71:10:1:0:1,0,false,false,false,false,0
ENMORT005,none,,2026-08-09T09:16:48.000Z,21.37457651,-157.73710572,UAV 1,2,1:3001:2607,ENMORT005,1:1:71:10:1:0:1,0,false,false,false,false,0
FRTRK2004,move to,LOC_남측제1방어선,2026-08-09T09:16:48.000Z,21.38725864,-157.74452539,UAV 1,1,1:3001:2576,FRTRK2004,1:1:225:7:12:8:0,0,false,false,false,false,0
FRTRK1001,move to,LOC_남측제1방어선,2026-08-09T09:16:48.000Z,21.38743567,-157.74454408,UAV 1,1,1:3001:2643,FRTRK1001,1:1:225:7:12:0:0,0,false,false,false,false,0
FRTRK2002,move to,LOC_남측제1방어선,2026-08-09T09:16:48.000Z,21.38725246,-157.74447814,UAV 1,1,1:3001:2827,FRTRK2002,1:1:225:7:12:8:0,0,false,false,false,false,0
FRT80007,none,,2026-08-09T09:16:48.000Z,21.38084254,-157.74641584,UAV 1,1,1:3001:2804,FRT80007,1:1:222:1:1:1:0,0,false,false,false,false,0
FRTRK2003,move to,LOC_남측제1방어선,2026-08-09T09:16:48.000Z,21.38728968,-157.74442626,UAV 1,1,1:3001:2863,FRTRK2003,1:1:225:7:12:8:0,0,false,false,false,false,0
FRTRK1004,move to,LOC_남측제1방어선,2026-08-09T09:16:48.000Z,21.38742260,-157.74446061,UAV 1,1,1:3001:2898,FRTRK1004,1:1:225:7:12:0:0,0,false,false,false,false,0
ENMORT001,none,,2026-08-09T09:16:48.000Z,21.37443553,-157.73716992,UAV 1,2,1:3001:2789,ENMORT001,1:1:71:10:1:0:1,0,false,false,false,false,0
ENMORT004,none,,2026-08-09T09:16:48.000Z,21.37447596,-157.73706256,UAV 1,2,1:3001:2630,ENMORT004,1:1:71:10:1:0:1,0,false,false,false,false,0
ENMORT002,none,,2026-08-09T09:16:48.000Z,21.37453609,-157.73721308,UAV 1,2,1:3001:2834,ENMORT002,1:1:71:10:1:0:1,0,false,false,false,false,0
ENMORT003,none,,2026-08-09T09:16:48.000Z,21.37463664,-157.73725624,UAV 1,2,1:3001:2865,ENMORT003,1:1:71:10:1:0:1,0,false,false,false,false,0
ENMORT005,none,,2026-08-09T09:16:48.000Z,21.37457651,-157.73710572,UAV 1,2,1:3001:2607,ENMORT005,1:1:71:10:1:0:1,0,false,false,false,false,0
FRTRK2004,move to,LOC_남측제1방어선,2026-08-09T09:16:48.000Z,21.38725864,-157.74452539,UAV 1,1,1:3001:2576,FRTRK2004,1:1:225:7:12:8:0,0,false,false,false,false,0
FRTRK1001,move to,LOC_남측제1방어선,2026-08-09T09:16:48.000Z,21.38743567,-157.74454408,UAV 1,1,1:3001:2643,FRTRK1001,1:1:225:7:12:0:0,0,false,false,false,false,0
FRTRK2002,move to,LOC_남측제1방어선,2026-08-09T09:16:48.000Z,21.38725246,-157.74447814,UAV 1,1,1:3001:2827,FRTRK2002,1:1:225:7:12:8:0,0,false,false,false,false,0
FRT80007,none,,2026-08-09T09:16:48.000Z,21.38084254,-157.74641584,UAV 1,1,1:3001:2804,FRT80007,1:1:222:1:1:1:0,0,false,false,false,false,0
FRTRK2003,move to,LOC_남측제1방어선,2026-08-09T09:16:48.000Z,21.38728968,-157.74442626,UAV 1,1,1:3001:2863,FRTRK2003,1:1:225:7:12:8:0,0,false,false,false,false,0
FRTRK1004,move to,LOC_남측제1방어선,2026-08-09T09:16:48.000Z,21.38742260,-157.74446061,UAV 1,1,1:3001:2898,FRTRK1004,1:1:225:7:12:0:0,0,false,false,false,false,0
ENMORT001,none,,2026-08-09T09:16:49.000Z,21.37443553,-157.73716992,UAV 1,2,1:3001:2789,ENMORT001,1:1:71:10:1:0:1,0,false,false,false,false,0
ENMORT004,none,,2026-08-09T09:16:49.000Z,21.37447596,-157.73706256,UAV 1,2,1:3001:2630,ENMORT004,1:1:71:10:1:0:1,0,false,false,false,false,0
ENMORT002,none,,2026-08-09T09:16:49.000Z,21.37453609,-157.73721308,UAV 1,2,1:3001:2834,ENMORT002,1:1:71:10:1:0:1,0,false,false,false,false,0
ENMORT003,none,,2026-08-09T09:16:49.000Z,21.37463664,-157.73725624,UAV 1,2,1:3001:2865,ENMORT003,1:1:71:10:1:0:1,0,false,false,false,false,0
ENMORT005,none,,2026-08-09T09:16:49.000Z,21.37457651,-157.73710572,UAV 1,2,1:3001:2607,ENMORT005,1:1:71:10:1:0:1,0,false,false,false,false,0
FRTRK2004,move to,LOC_남측제1방어선,2026-08-09T09:16:49.000Z,21.38725841,-157.74452342,UAV 1,1,1:3001:2576,FRTRK2004,1:1:225:7:12:8:0,0,false,false,false,false,0
FRT80007,none,,2026-08-09T09:16:49.000Z,21.38084254,-157.74641584,UAV 1,1,1:3001:2804,FRT80007,1:1:222:1:1:1:0,0,false,false,false,false,0
FRTRK2003,move to,LOC_남측제1방어선,2026-08-09T09:16:49.000Z,21.38728911,-157.74442166,UAV 1,1,1:3001:2863,FRTRK2003,1:1:225:7:12:8:0,0,false,false,false,false,0
FRTRK1004,move to,LOC_남측제1방어선,2026-08-09T09:16:49.000Z,21.38742111,-157.74445056,UAV 1,1,1:3001:2898,FRTRK1004,1:1:225:7:12:0:0,0,false,false,false,false,0
ENM35002,move to,LOC_적북측접근로,2026-08-09T09:16:49.000Z,21.37135629,-157.74163458,UAV 1,2,1:3001:2740,ENM35002,1:1:225:7:1:6:0,0,false,false,false,false,0
ENMORT001,none,,2026-08-09T09:16:49.000Z,21.37443553,-157.73716992,UAV 1,2,1:3001:2789,ENMORT001,1:1:71:10:1:0:1,0,false,false,false,false,0
ENMORT004,none,,2026-08-09T09:16:49.000Z,21.37447596,-157.73706256,UAV 1,2,1:3001:2630,ENMORT004,1:1:71:10:1:0:1,0,false,false,false,false,0
ENMORT002,none,,2026-08-09T09:16:49.000Z,21.37453609,-157.73721308,UAV 1,2,1:3001:2834,ENMORT002,1:1:71:10:1:0:1,0,false,false,false,false,0
ENMORT003,none,,2026-08-09T09:16:49.000Z,21.37463664,-157.73725624,UAV 1,2,1:3001:2865,ENMORT003,1:1:71:10:1:0:1,0,false,false,false,false,0
ENMORT005,none,,2026-08-09T09:16:49.000Z,21.37457651,-157.73710572,UAV 1,2,1:3001:2607,ENMORT005,1:1:71:10:1:0:1,0,false,false,false,false,0
FRTRK2004,move to,LOC_남측제1방어선,2026-08-09T09:16:49.000Z,21.38725841,-157.74452342,UAV 1,1,1:3001:2576,FRTRK2004,1:1:225:7:12:8:0,0,false,false,false,false,0
FRT80007,none,,2026-08-09T09:16:49.000Z,21.38084254,-157.74641584,UAV 1,1,1:3001:2804,FRT80007,1:1:222:1:1:1:0,0,false,false,false,false,0
FRTRK2003,move to,LOC_남측제1방어선,2026-08-09T09:16:49.000Z,21.38728911,-157.74442166,UAV 1,1,1:3001:2863,FRTRK2003,1:1:225:7:12:8:0,0,false,false,false,false,0
FRTRK1004,move to,LOC_남측제1방어선,2026-08-09T09:16:49.000Z,21.38742111,-157.74445056,UAV 1,1,1:3001:2898,FRTRK1004,1:1:225:7:12:0:0,0,false,false,false,false,0
ENM35002,move to,LOC_적북측접근로,2026-08-09T09:16:49.000Z,21.37135629,-157.74163458,UAV 1,2,1:3001:2740,ENM35002,1:1:225:7:1:6:0,0,false,false,false,false,0
ENMORT001,none,,2026-08-09T09:16:50.000Z,21.37443553,-157.73716992,UAV 1,2,1:3001:2789,ENMORT001,1:1:71:10:1:0:1,0,false,false,false,false,0
ENMORT004,none,,2026-08-09T09:16:50.000Z,21.37447596,-157.73706256,UAV 1,2,1:3001:2630,ENMORT004,1:1:71:10:1:0:1,0,false,false,false,false,0
ENMORT002,none,,2026-08-09T09:16:50.000Z,21.37453609,-157.73721308,UAV 1,2,1:3001:2834,ENMORT002,1:1:71:10:1:0:1,0,false,false,false,false,0
ENMORT003,none,,2026-08-09T09:16:50.000Z,21.37463664,-157.73725624,UAV 1,2,1:3001:2865,ENMORT003,1:1:71:10:1:0:1,0,false,false,false,false,0
ENMORT005,none,,2026-08-09T09:16:50.000Z,21.37457651,-157.73710572,UAV 1,2,1:3001:2607,ENMORT005,1:1:71:10:1:0:1,0,false,false,false,false,0
FRTRK2004,move to,LOC_남측제1방어선,2026-08-09T09:16:50.000Z,21.38725841,-157.74452342,UAV 1,1,1:3001:2576,FRTRK2004,1:1:225:7:12:8:0,0,false,false,false,false,0
FRT80007,none,,2026-08-09T09:16:50.000Z,21.38084254,-157.74641584,UAV 1,1,1:3001:2804,FRT80007,1:1:222:1:1:1:0,0,false,false,false,false,0
FRTRK2003,move to,LOC_남측제1방어선,2026-08-09T09:16:50.000Z,21.38728911,-157.74442166,UAV 1,1,1:3001:2863,FRTRK2003,1:1:225:7:12:8:0,0,false,false,false,false,0
FRTRK1004,move to,LOC_남측제1방어선,2026-08-09T09:16:50.000Z,21.38742111,-157.74445056,UAV 1,1,1:3001:2898,FRTRK1004,1:1:225:7:12:0:0,0,false,false,false,false,0
ENM35002,move to,LOC_적북측접근로,2026-08-09T09:16:50.000Z,21.37135629,-157.74163458,UAV 1,2,1:3001:2740,ENM35002,1:1:225:7:1:6:0,0,false,false,false,false,0
ENMORT001,none,,2026-08-09T09:16:50.000Z,21.37443553,-157.73716992,UAV 1,2,1:3001:2789,ENMORT001,1:1:71:10:1:0:1,0,false,false,false,false,0
ENMORT004,none,,2026-08-09T09:16:50.000Z,21.37447596,-157.73706256,UAV 1,2,1:3001:2630,ENMORT004,1:1:71:10:1:0:1,0,false,false,false,false,0
ENMORT002,none,,2026-08-09T09:16:50.000Z,21.37453609,-157.73721308,UAV 1,2,1:3001:2834,ENMORT002,1:1:71:10:1:0:1,0,false,false,false,false,0
ENMORT003,none,,2026-08-09T09:16:50.000Z,21.37463664,-157.73725624,UAV 1,2,1:3001:2865,ENMORT003,1:1:71:10:1:0:1,0,false,false,false,false,0
ENMORT005,none,,2026-08-09T09:16:50.000Z,21.37457651,-157.73710572,UAV 1,2,1:3001:2607,ENMORT005,1:1:71:10:1:0:1,0,false,false,false,false,0
FRTRK2004,move to,LOC_남측제1방어선,2026-08-09T09:16:50.000Z,21.38725841,-157.74452342,UAV 1,1,1:3001:2576,FRTRK2004,1:1:225:7:12:8:0,0,false,false,false,false,0
FRT80007,none,,2026-08-09T09:16:50.000Z,21.38084254,-157.74641584,UAV 1,1,1:3001:2804,FRT80007,1:1:222:1:1:1:0,0,false,false,false,false,0
FRTRK2003,move to,LOC_남측제1방어선,2026-08-09T09:16:50.000Z,21.38728911,-157.74442166,UAV 1,1,1:3001:2863,FRTRK2003,1:1:225:7:12:8:0,0,false,false,false,false,0
FRTRK1004,move to,LOC_남측제1방어선,2026-08-09T09:16:50.000Z,21.38742111,-157.74445056,UAV 1,1,1:3001:2898,FRTRK1004,1:1:225:7:12:0:0,0,false,false,false,false,0
ENM35002,move to,LOC_적북측접근로,2026-08-09T09:16:50.000Z,21.37135629,-157.74163458,UAV 1,2,1:3001:2740,ENM35002,1:1:225:7:1:6:0,0,false,false,false,false,0
ENMORT001,none,,2026-08-09T09:16:51.000Z,21.37443553,-157.73716992,UAV 1,2,1:3001:2789,ENMORT001,1:1:71:10:1:0:1,0,false,false,false,false,0
ENMORT004,none,,2026-08-09T09:16:51.000Z,21.37447596,-157.73706256,UAV 1,2,1:3001:2630,ENMORT004,1:1:71:10:1:0:1,0,false,false,false,false,0
ENMORT002,none,,2026-08-09T09:16:51.000Z,21.37453609,-157.73721308,UAV 1,2,1:3001:2834,ENMORT002,1:1:71:10:1:0:1,0,false,false,false,false,0
ENMORT003,none,,2026-08-09T09:16:51.000Z,21.37463664,-157.73725624,UAV 1,2,1:3001:2865,ENMORT003,1:1:71:10:1:0:1,0,false,false,false,false,0
ENMORT005,none,,2026-08-09T09:16:51.000Z,21.37457651,-157.73710572,UAV 1,2,1:3001:2607,ENMORT005,1:1:71:10:1:0:1,0,false,false,false,false,0
FRTRK2004,move to,LOC_남측제1방어선,2026-08-09T09:16:51.000Z,21.38725838,-157.74452321,UAV 1,1,1:3001:2576,FRTRK2004,1:1:225:7:12:8:0,0,false,false,false,false,0
FRT80007,none,,2026-08-09T09:16:51.000Z,21.38084254,-157.74641584,UAV 1,1,1:3001:2804,FRT80007,1:1:222:1:1:1:0,0,false,false,false,false,0
FRTRK2003,move to,LOC_남측제1방어선,2026-08-09T09:16:51.000Z,21.38729037,-157.74443189,UAV 1,1,1:3001:2863,FRTRK2003,1:1:225:7:12:8:0,0,false,false,false,false,0
FRTRK1002,move to,LOC_남측제1방어선,2026-08-09T09:16:51.000Z,21.38738019,-157.74446257,UAV 1,1,1:3001:2853,FRTRK1002,1:1:225:7:12:0:0,0,false,false,false,false,0
ENMORT001,none,,2026-08-09T09:16:51.000Z,21.37443553,-157.73716992,UAV 1,2,1:3001:2789,ENMORT001,1:1:71:10:1:0:1,0,false,false,false,false,0
ENMORT004,none,,2026-08-09T09:16:51.000Z,21.37447596,-157.73706256,UAV 1,2,1:3001:2630,ENMORT004,1:1:71:10:1:0:1,0,false,false,false,false,0
ENMORT002,none,,2026-08-09T09:16:51.000Z,21.37453609,-157.73721308,UAV 1,2,1:3001:2834,ENMORT002,1:1:71:10:1:0:1,0,false,false,false,false,0
ENMORT003,none,,2026-08-09T09:16:51.000Z,21.37463664,-157.73725624,UAV 1,2,1:3001:2865,ENMORT003,1:1:71:10:1:0:1,0,false,false,false,false,0
ENMORT005,none,,2026-08-09T09:16:51.000Z,21.37457651,-157.73710572,UAV 1,2,1:3001:2607,ENMORT005,1:1:71:10:1:0:1,0,false,false,false,false,0
FRTRK2004,move to,LOC_남측제1방어선,2026-08-09T09:16:51.000Z,21.38725838,-157.74452321,UAV 1,1,1:3001:2576,FRTRK2004,1:1:225:7:12:8:0,0,false,false,false,false,0
FRT80007,none,,2026-08-09T09:16:51.000Z,21.38084254,-157.74641584,UAV 1,1,1:3001:2804,FRT80007,1:1:222:1:1:1:0,0,false,false,false,false,0
FRTRK2003,move to,LOC_남측제1방어선,2026-08-09T09:16:51.000Z,21.38729037,-157.74443189,UAV 1,1,1:3001:2863,FRTRK2003,1:1:225:7:12:8:0,0,false,false,false,false,0
FRTRK1002,move to,LOC_남측제1방어선,2026-08-09T09:16:51.000Z,21.38738019,-157.74446257,UAV 1,1,1:3001:2853,FRTRK1002,1:1:225:7:12:0:0,0,false,false,false,false,0
ENMORT001,none,,2026-08-09T09:16:52.000Z,21.37443553,-157.73716992,UAV 1,2,1:3001:2789,ENMORT001,1:1:71:10:1:0:1,0,false,false,false,false,0
ENMORT004,none,,2026-08-09T09:16:52.000Z,21.37447596,-157.73706256,UAV 1,2,1:3001:2630,ENMORT004,1:1:71:10:1:0:1,0,false,false,false,false,0
ENMORT002,none,,2026-08-09T09:16:52.000Z,21.37453609,-157.73721308,UAV 1,2,1:3001:2834,ENMORT002,1:1:71:10:1:0:1,0,false,false,false,false,0
ENMORT003,none,,2026-08-09T09:16:52.000Z,21.37463664,-157.73725624,UAV 1,2,1:3001:2865,ENMORT003,1:1:71:10:1:0:1,0,false,false,false,false,0
ENMORT005,none,,2026-08-09T09:16:52.000Z,21.37457651,-157.73710572,UAV 1,2,1:3001:2607,ENMORT005,1:1:71:10:1:0:1,0,false,false,false,false,0
FRTRK2004,move to,LOC_남측제1방어선,2026-08-09T09:16:52.000Z,21.38725838,-157.74452321,UAV 1,1,1:3001:2576,FRTRK2004,1:1:225:7:12:8:0,0,false,false,false,false,0
FRT80007,none,,2026-08-09T09:16:52.000Z,21.38084254,-157.74641584,UAV 1,1,1:3001:2804,FRT80007,1:1:222:1:1:1:0,0,false,false,false,false,0
FRTRK2003,move to,LOC_남측제1방어선,2026-08-09T09:16:52.000Z,21.38729037,-157.74443189,UAV 1,1,1:3001:2863,FRTRK2003,1:1:225:7:12:8:0,0,false,false,false,false,0
FRTRK1002,move to,LOC_남측제1방어선,2026-08-09T09:16:52.000Z,21.38738019,-157.74446257,UAV 1,1,1:3001:2853,FRTRK1002,1:1:225:7:12:0:0,0,false,false,false,false,0
ENMORT001,none,,2026-08-09T09:16:52.000Z,21.37443553,-157.73716992,UAV 1,2,1:3001:2789,ENMORT001,1:1:71:10:1:0:1,0,false,false,false,false,0
ENMORT004,none,,2026-08-09T09:16:52.000Z,21.37447596,-157.73706256,UAV 1,2,1:3001:2630,ENMORT004,1:1:71:10:1:0:1,0,false,false,false,false,0
ENMORT002,none,,2026-08-09T09:16:52.000Z,21.37453609,-157.73721308,UAV 1,2,1:3001:2834,ENMORT002,1:1:71:10:1:0:1,0,false,false,false,false,0
ENMORT003,none,,2026-08-09T09:16:52.000Z,21.37463664,-157.73725624,UAV 1,2,1:3001:2865,ENMORT003,1:1:71:10:1:0:1,0,false,false,false,false,0
ENMORT005,none,,2026-08-09T09:16:52.000Z,21.37457651,-157.73710572,UAV 1,2,1:3001:2607,ENMORT005,1:1:71:10:1:0:1,0,false,false,false,false,0
FRTRK2004,move to,LOC_남측제1방어선,2026-08-09T09:16:52.000Z,21.38725838,-157.74452321,UAV 1,1,1:3001:2576,FRTRK2004,1:1:225:7:12:8:0,0,false,false,false,false,0
FRT80007,none,,2026-08-09T09:16:52.000Z,21.38084254,-157.74641584,UAV 1,1,1:3001:2804,FRT80007,1:1:222:1:1:1:0,0,false,false,false,false,0
FRTRK2003,move to,LOC_남측제1방어선,2026-08-09T09:16:52.000Z,21.38729037,-157.74443189,UAV 1,1,1:3001:2863,FRTRK2003,1:1:225:7:12:8:0,0,false,false,false,false,0
FRTRK1002,move to,LOC_남측제1방어선,2026-08-09T09:16:52.000Z,21.38738019,-157.74446257,UAV 1,1,1:3001:2853,FRTRK1002,1:1:225:7:12:0:0,0,false,false,false,false,0
ENMORT001,none,,2026-08-09T09:16:53.000Z,21.37443553,-157.73716992,UAV 1,2,1:3001:2789,ENMORT001,1:1:71:10:1:0:1,0,false,false,false,false,0
ENMORT004,none,,2026-08-09T09:16:53.000Z,21.37447596,-157.73706256,UAV 1,2,1:3001:2630,ENMORT004,1:1:71:10:1:0:1,0,false,false,false,false,0
ENMORT002,none,,2026-08-09T09:16:53.000Z,21.37453609,-157.73721308,UAV 1,2,1:3001:2834,ENMORT002,1:1:71:10:1:0:1,0,false,false,false,false,0
ENMORT003,none,,2026-08-09T09:16:53.000Z,21.37463664,-157.73725624,UAV 1,2,1:3001:2865,ENMORT003,1:1:71:10:1:0:1,0,false,false,false,false,0
ENMORT005,none,,2026-08-09T09:16:53.000Z,21.37457651,-157.73710572,UAV 1,2,1:3001:2607,ENMORT005,1:1:71:10:1:0:1,0,false,false,false,false,0
FRTRK2004,move to,LOC_남측제1방어선,2026-08-09T09:16:53.000Z,21.38725858,-157.74452490,UAV 1,1,1:3001:2576,FRTRK2004,1:1:225:7:12:8:0,0,false,false,false,false,0
FRT80007,none,,2026-08-09T09:16:53.000Z,21.38084254,-157.74641584,UAV 1,1,1:3001:2804,FRT80007,1:1:222:1:1:1:0,0,false,false,false,false,0
FRTRK1002,move to,LOC_남측제1방어선,2026-08-09T09:16:53.000Z,21.38737771,-157.74444479,UAV 1,1,1:3001:2853,FRTRK1002,1:1:225:7:12:0:0,0,false,false,false,false,0
FRT80008,none,,2026-08-09T09:16:53.000Z,21.38464318,-157.75021370,UAV 1,1,1:3001:2756,FRT80008,1:1:222:1:1:1:0,0,false,false,false,false,0
FRTRK2002,move to,LOC_남측제1방어선,2026-08-09T09:16:53.000Z,21.38725143,-157.74446926,UAV 1,1,1:3001:2827,FRTRK2002,1:1:225:7:12:8:0,0,false,false,false,false,0
ENM35003,move to,LOC_적북측접근로,2026-08-09T09:16:53.000Z,21.37135642,-157.74162924,UAV 1,2,1:3001:2894,ENM35003,1:1:225:7:1:6:0,0,false,false,false,false,0
FRTRK1004,move to,LOC_남측제1방어선,2026-08-09T09:16:53.000Z,21.38742825,-157.74449880,UAV 1,1,1:3001:2898,FRTRK1004,1:1:225:7:12:0:0,0,false,false,false,false,0
ENMORT001,none,,2026-08-09T09:16:53.000Z,21.37443553,-157.73716992,UAV 1,2,1:3001:2789,ENMORT001,1:1:71:10:1:0:1,0,false,false,false,false,0
ENMORT004,none,,2026-08-09T09:16:53.000Z,21.37447596,-157.73706256,UAV 1,2,1:3001:2630,ENMORT004,1:1:71:10:1:0:1,0,false,false,false,false,0
ENMORT002,none,,2026-08-09T09:16:53.000Z,21.37453609,-157.73721308,UAV 1,2,1:3001:2834,ENMORT002,1:1:71:10:1:0:1,0,false,false,false,false,0
ENMORT003,none,,2026-08-09T09:16:53.000Z,21.37463664,-157.73725624,UAV 1,2,1:3001:2865,ENMORT003,1:1:71:10:1:0:1,0,false,false,false,false,0
ENMORT005,none,,2026-08-09T09:16:53.000Z,21.37457651,-157.73710572,UAV 1,2,1:3001:2607,ENMORT005,1:1:71:10:1:0:1,0,false,false,false,false,0
FRTRK2004,move to,LOC_남측제1방어선,2026-08-09T09:16:53.000Z,21.38725858,-157.74452490,UAV 1,1,1:3001:2576,FRTRK2004,1:1:225:7:12:8:0,0,false,false,false,false,0
FRT80007,none,,2026-08-09T09:16:53.000Z,21.38084254,-157.74641584,UAV 1,1,1:3001:2804,FRT80007,1:1:222:1:1:1:0,0,false,false,false,false,0
FRTRK1002,move to,LOC_남측제1방어선,2026-08-09T09:16:53.000Z,21.38737771,-157.74444479,UAV 1,1,1:3001:2853,FRTRK1002,1:1:225:7:12:0:0,0,false,false,false,false,0
FRT80008,none,,2026-08-09T09:16:53.000Z,21.38464318,-157.75021370,UAV 1,1,1:3001:2756,FRT80008,1:1:222:1:1:1:0,0,false,false,false,false,0
FRTRK2002,move to,LOC_남측제1방어선,2026-08-09T09:16:53.000Z,21.38725143,-157.74446926,UAV 1,1,1:3001:2827,FRTRK2002,1:1:225:7:12:8:0,0,false,false,false,false,0
ENM35003,move to,LOC_적북측접근로,2026-08-09T09:16:53.000Z,21.37135642,-157.74162924,UAV 1,2,1:3001:2894,ENM35003,1:1:225:7:1:6:0,0,false,false,false,false,0
FRTRK1004,move to,LOC_남측제1방어선,2026-08-09T09:16:53.000Z,21.38742825,-157.74449880,UAV 1,1,1:3001:2898,FRTRK1004,1:1:225:7:12:0:0,0,false,false,false,false,0
ENMORT001,none,,2026-08-09T09:16:54.000Z,21.37443553,-157.73716992,UAV 1,2,1:3001:2789,ENMORT001,1:1:71:10:1:0:1,0,false,false,false,false,0
ENMORT004,none,,2026-08-09T09:16:54.000Z,21.37447596,-157.73706256,UAV 1,2,1:3001:2630,ENMORT004,1:1:71:10:1:0:1,0,false,false,false,false,0
ENMORT002,none,,2026-08-09T09:16:54.000Z,21.37453609,-157.73721308,UAV 1,2,1:3001:2834,ENMORT002,1:1:71:10:1:0:1,0,false,false,false,false,0
ENMORT003,none,,2026-08-09T09:16:54.000Z,21.37463664,-157.73725624,UAV 1,2,1:3001:2865,ENMORT003,1:1:71:10:1:0:1,0,false,false,false,false,0
ENMORT005,none,,2026-08-09T09:16:54.000Z,21.37457651,-157.73710572,UAV 1,2,1:3001:2607,ENMORT005,1:1:71:10:1:0:1,0,false,false,false,false,0
FRTRK2004,move to,LOC_남측제1방어선,2026-08-09T09:16:54.000Z,21.38725858,-157.74452490,UAV 1,1,1:3001:2576,FRTRK2004,1:1:225:7:12:8:0,0,false,false,false,false,0
FRT80007,none,,2026-08-09T09:16:54.000Z,21.38084254,-157.74641584,UAV 1,1,1:3001:2804,FRT80007,1:1:222:1:1:1:0,0,false,false,false,false,0
FRTRK1002,move to,LOC_남측제1방어선,2026-08-09T09:16:54.000Z,21.38737771,-157.74444479,UAV 1,1,1:3001:2853,FRTRK1002,1:1:225:7:12:0:0,0,false,false,false,false,0
FRT80008,none,,2026-08-09T09:16:54.000Z,21.38464318,-157.75021370,UAV 1,1,1:3001:2756,FRT80008,1:1:222:1:1:1:0,0,false,false,false,false,0
FRTRK2002,move to,LOC_남측제1방어선,2026-08-09T09:16:54.000Z,21.38725143,-157.74446926,UAV 1,1,1:3001:2827,FRTRK2002,1:1:225:7:12:8:0,0,false,false,false,false,0
ENM35003,move to,LOC_적북측접근로,2026-08-09T09:16:54.000Z,21.37135642,-157.74162924,UAV 1,2,1:3001:2894,ENM35003,1:1:225:7:1:6:0,0,false,false,false,false,0
FRTRK1004,move to,LOC_남측제1방어선,2026-08-09T09:16:54.000Z,21.38742825,-157.74449880,UAV 1,1,1:3001:2898,FRTRK1004,1:1:225:7:12:0:0,0,false,false,false,false,0
ENMORT001,none,,2026-08-09T09:16:54.000Z,21.37443553,-157.73716992,UAV 1,2,1:3001:2789,ENMORT001,1:1:71:10:1:0:1,0,false,false,false,false,0
ENMORT004,none,,2026-08-09T09:16:54.000Z,21.37447596,-157.73706256,UAV 1,2,1:3001:2630,ENMORT004,1:1:71:10:1:0:1,0,false,false,false,false,0
ENMORT002,none,,2026-08-09T09:16:54.000Z,21.37453609,-157.73721308,UAV 1,2,1:3001:2834,ENMORT002,1:1:71:10:1:0:1,0,false,false,false,false,0
ENMORT003,none,,2026-08-09T09:16:54.000Z,21.37463664,-157.73725624,UAV 1,2,1:3001:2865,ENMORT003,1:1:71:10:1:0:1,0,false,false,false,false,0
ENMORT005,none,,2026-08-09T09:16:54.000Z,21.37457651,-157.73710572,UAV 1,2,1:3001:2607,ENMORT005,1:1:71:10:1:0:1,0,false,false,false,false,0
FRTRK2004,move to,LOC_남측제1방어선,2026-08-09T09:16:54.000Z,21.38725858,-157.74452490,UAV 1,1,1:3001:2576,FRTRK2004,1:1:225:7:12:8:0,0,false,false,false,false,0
FRT80007,none,,2026-08-09T09:16:54.000Z,21.38084254,-157.74641584,UAV 1,1,1:3001:2804,FRT80007,1:1:222:1:1:1:0,0,false,false,false,false,0
FRTRK1002,move to,LOC_남측제1방어선,2026-08-09T09:16:54.000Z,21.38737771,-157.74444479,UAV 1,1,1:3001:2853,FRTRK1002,1:1:225:7:12:0:0,0,false,false,false,false,0
FRT80008,none,,2026-08-09T09:16:54.000Z,21.38464318,-157.75021370,UAV 1,1,1:3001:2756,FRT80008,1:1:222:1:1:1:0,0,false,false,false,false,0
FRTRK2002,move to,LOC_남측제1방어선,2026-08-09T09:16:54.000Z,21.38725143,-157.74446926,UAV 1,1,1:3001:2827,FRTRK2002,1:1:225:7:12:8:0,0,false,false,false,false,0
ENM35003,move to,LOC_적북측접근로,2026-08-09T09:16:54.000Z,21.37135642,-157.74162924,UAV 1,2,1:3001:2894,ENM35003,1:1:225:7:1:6:0,0,false,false,false,false,0
FRTRK1004,move to,LOC_남측제1방어선,2026-08-09T09:16:54.000Z,21.38742825,-157.74449880,UAV 1,1,1:3001:2898,FRTRK1004,1:1:225:7:12:0:0,0,false,false,false,false,0
ENMORT001,none,,2026-08-09T09:16:55.000Z,21.37443553,-157.73716992,UAV 1,2,1:3001:2789,ENMORT001,1:1:71:10:1:0:1,0,false,false,false,false,0
ENMORT004,none,,2026-08-09T09:16:55.000Z,21.37447596,-157.73706256,UAV 1,2,1:3001:2630,ENMORT004,1:1:71:10:1:0:1,0,false,false,false,false,0
ENMORT002,none,,2026-08-09T09:16:55.000Z,21.37453609,-157.73721308,UAV 1,2,1:3001:2834,ENMORT002,1:1:71:10:1:0:1,0,false,false,false,false,0
ENMORT003,none,,2026-08-09T09:16:55.000Z,21.37463664,-157.73725624,UAV 1,2,1:3001:2865,ENMORT003,1:1:71:10:1:0:1,0,false,false,false,false,0
ENMORT005,none,,2026-08-09T09:16:55.000Z,21.37457651,-157.73710572,UAV 1,2,1:3001:2607,ENMORT005,1:1:71:10:1:0:1,0,false,false,false,false,0
FRTRK2004,move to,LOC_남측제1방어선,2026-08-09T09:16:55.000Z,21.38725887,-157.74452746,UAV 1,1,1:3001:2576,FRTRK2004,1:1:225:7:12:8:0,0,false,false,false,false,0
FRT80007,none,,2026-08-09T09:16:55.000Z,21.38084254,-157.74641584,UAV 1,1,1:3001:2804,FRT80007,1:1:222:1:1:1:0,0,false,false,false,false,0
FRTRK1002,move to,LOC_남측제1방어선,2026-08-09T09:16:55.000Z,21.38737866,-157.74445164,UAV 1,1,1:3001:2853,FRTRK1002,1:1:225:7:12:0:0,0,false,false,false,false,0
FRT80008,none,,2026-08-09T09:16:55.000Z,21.38464318,-157.75021370,UAV 1,1,1:3001:2756,FRT80008,1:1:222:1:1:1:0,0,false,false,false,false,0
FRTRK2002,move to,LOC_남측제1방어선,2026-08-09T09:16:55.000Z,21.38724681,-157.74442940,UAV 1,1,1:3001:2827,FRTRK2002,1:1:225:7:12:8:0,0,false,false,false,false,0
ENM35003,move to,LOC_적북측접근로,2026-08-09T09:16:55.000Z,21.37135116,-157.74165144,UAV 1,2,1:3001:2894,ENM35003,1:1:225:7:1:6:0,0,false,false,false,false,0
ENM35004,move to,LOC_적북측접근로,2026-08-09T09:16:55.000Z,21.37136820,-157.74158639,UAV 1,2,1:3001:2650,ENM35004,1:1:225:7:1:6:0,0,false,false,false,false,0
FRTRK2003,move to,LOC_남측제1방어선,2026-08-09T09:16:55.000Z,21.38729643,-157.74448072,UAV 1,1,1:3001:2863,FRTRK2003,1:1:225:7:12:8:0,0,false,false,false,false,0
ENMORT001,none,,2026-08-09T09:16:55.000Z,21.37443553,-157.73716992,UAV 1,2,1:3001:2789,ENMORT001,1:1:71:10:1:0:1,0,false,false,false,false,0
ENMORT004,none,,2026-08-09T09:16:55.000Z,21.37447596,-157.73706256,UAV 1,2,1:3001:2630,ENMORT004,1:1:71:10:1:0:1,0,false,false,false,false,0
ENMORT002,none,,2026-08-09T09:16:55.000Z,21.37453609,-157.73721308,UAV 1,2,1:3001:2834,ENMORT002,1:1:71:10:1:0:1,0,false,false,false,false,0
ENMORT003,none,,2026-08-09T09:16:55.000Z,21.37463664,-157.73725624,UAV 1,2,1:3001:2865,ENMORT003,1:1:71:10:1:0:1,0,false,false,false,false,0
ENMORT005,none,,2026-08-09T09:16:55.000Z,21.37457651,-157.73710572,UAV 1,2,1:3001:2607,ENMORT005,1:1:71:10:1:0:1,0,false,false,false,false,0
FRTRK2004,move to,LOC_남측제1방어선,2026-08-09T09:16:55.000Z,21.38725887,-157.74452746,UAV 1,1,1:3001:2576,FRTRK2004,1:1:225:7:12:8:0,0,false,false,false,false,0
FRT80007,none,,2026-08-09T09:16:55.000Z,21.38084254,-157.74641584,UAV 1,1,1:3001:2804,FRT80007,1:1:222:1:1:1:0,0,false,false,false,false,0
FRTRK1002,move to,LOC_남측제1방어선,2026-08-09T09:16:55.000Z,21.38737866,-157.74445164,UAV 1,1,1:3001:2853,FRTRK1002,1:1:225:7:12:0:0,0,false,false,false,false,0
FRT80008,none,,2026-08-09T09:16:55.000Z,21.38464318,-157.75021370,UAV 1,1,1:3001:2756,FRT80008,1:1:222:1:1:1:0,0,false,false,false,false,0
FRTRK2002,move to,LOC_남측제1방어선,2026-08-09T09:16:55.000Z,21.38724681,-157.74442940,UAV 1,1,1:3001:2827,FRTRK2002,1:1:225:7:12:8:0,0,false,false,false,false,0
ENM35003,move to,LOC_적북측접근로,2026-08-09T09:16:55.000Z,21.37135116,-157.74165144,UAV 1,2,1:3001:2894,ENM35003,1:1:225:7:1:6:0,0,false,false,false,false,0
ENM35004,move to,LOC_적북측접근로,2026-08-09T09:16:55.000Z,21.37136820,-157.74158639,UAV 1,2,1:3001:2650,ENM35004,1:1:225:7:1:6:0,0,false,false,false,false,0
FRTRK2003,move to,LOC_남측제1방어선,2026-08-09T09:16:55.000Z,21.38729643,-157.74448072,UAV 1,1,1:3001:2863,FRTRK2003,1:1:225:7:12:8:0,0,false,false,false,false,0
ENMORT001,none,,2026-08-09T09:16:56.000Z,21.37443553,-157.73716992,UAV 1,2,1:3001:2789,ENMORT001,1:1:71:10:1:0:1,0,false,false,false,false,0
ENMORT004,none,,2026-08-09T09:16:56.000Z,21.37447596,-157.73706256,UAV 1,2,1:3001:2630,ENMORT004,1:1:71:10:1:0:1,0,false,false,false,false,0
ENMORT002,none,,2026-08-09T09:16:56.000Z,21.37453609,-157.73721308,UAV 1,2,1:3001:2834,ENMORT002,1:1:71:10:1:0:1,0,false,false,false,false,0
ENMORT003,none,,2026-08-09T09:16:56.000Z,21.37463664,-157.73725624,UAV 1,2,1:3001:2865,ENMORT003,1:1:71:10:1:0:1,0,false,false,false,false,0
ENMORT005,none,,2026-08-09T09:16:56.000Z,21.37457651,-157.73710572,UAV 1,2,1:3001:2607,ENMORT005,1:1:71:10:1:0:1,0,false,false,false,false,0
FRTRK2004,move to,LOC_남측제1방어선,2026-08-09T09:16:56.000Z,21.38725887,-157.74452746,UAV 1,1,1:3001:2576,FRTRK2004,1:1:225:7:12:8:0,0,false,false,false,false,0
FRT80007,none,,2026-08-09T09:16:56.000Z,21.38084254,-157.74641584,UAV 1,1,1:3001:2804,FRT80007,1:1:222:1:1:1:0,0,false,false,false,false,0
FRTRK1002,move to,LOC_남측제1방어선,2026-08-09T09:16:56.000Z,21.38737866,-157.74445164,UAV 1,1,1:3001:2853,FRTRK1002,1:1:225:7:12:0:0,0,false,false,false,false,0
FRT80008,none,,2026-08-09T09:16:56.000Z,21.38464318,-157.75021370,UAV 1,1,1:3001:2756,FRT80008,1:1:222:1:1:1:0,0,false,false,false,false,0
FRTRK2002,move to,LOC_남측제1방어선,2026-08-09T09:16:56.000Z,21.38724681,-157.74442940,UAV 1,1,1:3001:2827,FRTRK2002,1:1:225:7:12:8:0,0,false,false,false,false,0
ENM35003,move to,LOC_적북측접근로,2026-08-09T09:16:56.000Z,21.37135116,-157.74165144,UAV 1,2,1:3001:2894,ENM35003,1:1:225:7:1:6:0,0,false,false,false,false,0
ENM35004,move to,LOC_적북측접근로,2026-08-09T09:16:56.000Z,21.37136820,-157.74158639,UAV 1,2,1:3001:2650,ENM35004,1:1:225:7:1:6:0,0,false,false,false,false,0
FRTRK2003,move to,LOC_남측제1방어선,2026-08-09T09:16:56.000Z,21.38729643,-157.74448072,UAV 1,1,1:3001:2863,FRTRK2003,1:1:225:7:12:8:0,0,false,false,false,false,0
ENMORT001,none,,2026-08-09T09:16:56.000Z,21.37443553,-157.73716992,UAV 1,2,1:3001:2789,ENMORT001,1:1:71:10:1:0:1,0,false,false,false,false,0
ENMORT004,none,,2026-08-09T09:16:56.000Z,21.37447596,-157.73706256,UAV 1,2,1:3001:2630,ENMORT004,1:1:71:10:1:0:1,0,false,false,false,false,0
ENMORT002,none,,2026-08-09T09:16:56.000Z,21.37453609,-157.73721308,UAV 1,2,1:3001:2834,ENMORT002,1:1:71:10:1:0:1,0,false,false,false,false,0
ENMORT003,none,,2026-08-09T09:16:56.000Z,21.37463664,-157.73725624,UAV 1,2,1:3001:2865,ENMORT003,1:1:71:10:1:0:1,0,false,false,false,false,0
ENMORT005,none,,2026-08-09T09:16:56.000Z,21.37457651,-157.73710572,UAV 1,2,1:3001:2607,ENMORT005,1:1:71:10:1:0:1,0,false,false,false,false,0
FRTRK2004,move to,LOC_남측제1방어선,2026-08-09T09:16:56.000Z,21.38725887,-157.74452746,UAV 1,1,1:3001:2576,FRTRK2004,1:1:225:7:12:8:0,0,false,false,false,false,0
FRT80007,none,,2026-08-09T09:16:56.000Z,21.38084254,-157.74641584,UAV 1,1,1:3001:2804,FRT80007,1:1:222:1:1:1:0,0,false,false,false,false,0
FRTRK1002,move to,LOC_남측제1방어선,2026-08-09T09:16:56.000Z,21.38737866,-157.74445164,UAV 1,1,1:3001:2853,FRTRK1002,1:1:225:7:12:0:0,0,false,false,false,false,0
FRT80008,none,,2026-08-09T09:16:56.000Z,21.38464318,-157.75021370,UAV 1,1,1:3001:2756,FRT80008,1:1:222:1:1:1:0,0,false,false,false,false,0
FRTRK2002,move to,LOC_남측제1방어선,2026-08-09T09:16:56.000Z,21.38724681,-157.74442940,UAV 1,1,1:3001:2827,FRTRK2002,1:1:225:7:12:8:0,0,false,false,false,false,0
ENM35003,move to,LOC_적북측접근로,2026-08-09T09:16:56.000Z,21.37135116,-157.74165144,UAV 1,2,1:3001:2894,ENM35003,1:1:225:7:1:6:0,0,false,false,false,false,0
ENM35004,move to,LOC_적북측접근로,2026-08-09T09:16:56.000Z,21.37136820,-157.74158639,UAV 1,2,1:3001:2650,ENM35004,1:1:225:7:1:6:0,0,false,false,false,false,0
FRTRK2003,move to,LOC_남측제1방어선,2026-08-09T09:16:56.000Z,21.38729643,-157.74448072,UAV 1,1,1:3001:2863,FRTRK2003,1:1:225:7:12:8:0,0,false,false,false,false,0
ENMORT001,none,,2026-08-09T09:16:57.000Z,21.37443553,-157.73716992,UAV 1,2,1:3001:2789,ENMORT001,1:1:71:10:1:0:1,0,false,false,false,false,0
ENMORT004,none,,2026-08-09T09:16:57.000Z,21.37447596,-157.73706256,UAV 1,2,1:3001:2630,ENMORT004,1:1:71:10:1:0:1,0,false,false,false,false,0
ENMORT002,none,,2026-08-09T09:16:57.000Z,21.37453609,-157.73721308,UAV 1,2,1:3001:2834,ENMORT002,1:1:71:10:1:0:1,0,false,false,false,false,0
ENMORT003,none,,2026-08-09T09:16:57.000Z,21.37463664,-157.73725624,UAV 1,2,1:3001:2865,ENMORT003,1:1:71:10:1:0:1,0,false,false,false,false,0
ENMORT005,none,,2026-08-09T09:16:57.000Z,21.37457651,-157.73710572,UAV 1,2,1:3001:2607,ENMORT005,1:1:71:10:1:0:1,0,false,false,false,false,0
FRTRK2004,move to,LOC_남측제1방어선,2026-08-09T09:16:57.000Z,21.38725910,-157.74452942,UAV 1,1,1:3001:2576,FRTRK2004,1:1:225:7:12:8:0,0,false,false,false,false,0
FRT80007,none,,2026-08-09T09:16:57.000Z,21.38084254,-157.74641584,UAV 1,1,1:3001:2804,FRT80007,1:1:222:1:1:1:0,0,false,false,false,false,0
FRTRK1002,move to,LOC_남측제1방어선,2026-08-09T09:16:57.000Z,21.38738225,-157.74447731,UAV 1,1,1:3001:2853,FRTRK1002,1:1:225:7:12:0:0,0,false,false,false,false,0
FRT80008,none,,2026-08-09T09:16:57.000Z,21.38464318,-157.75021370,UAV 1,1,1:3001:2756,FRT80008,1:1:222:1:1:1:0,0,false,false,false,false,0
FRTRK2002,move to,LOC_남측제1방어선,2026-08-09T09:16:57.000Z,21.38724429,-157.74440770,UAV 1,1,1:3001:2827,FRTRK2002,1:1:225:7:12:8:0,0,false,false,false,false,0
ENMORT001,none,,2026-08-09T09:16:57.000Z,21.37443553,-157.73716992,UAV 1,2,1:3001:2789,ENMORT001,1:1:71:10:1:0:1,0,false,false,false,false,0
ENMORT004,none,,2026-08-09T09:16:57.000Z,21.37447596,-157.73706256,UAV 1,2,1:3001:2630,ENMORT004,1:1:71:10:1:0:1,0,false,false,false,false,0
ENMORT002,none,,2026-08-09T09:16:57.000Z,21.37453609,-157.73721308,UAV 1,2,1:3001:2834,ENMORT002,1:1:71:10:1:0:1,0,false,false,false,false,0
ENMORT003,none,,2026-08-09T09:16:57.000Z,21.37463664,-157.73725624,UAV 1,2,1:3001:2865,ENMORT003,1:1:71:10:1:0:1,0,false,false,false,false,0
ENMORT005,none,,2026-08-09T09:16:57.000Z,21.37457651,-157.73710572,UAV 1,2,1:3001:2607,ENMORT005,1:1:71:10:1:0:1,0,false,false,false,false,0
FRTRK2004,move to,LOC_남측제1방어선,2026-08-09T09:16:57.000Z,21.38725910,-157.74452942,UAV 1,1,1:3001:2576,FRTRK2004,1:1:225:7:12:8:0,0,false,false,false,false,0
FRT80007,none,,2026-08-09T09:16:57.000Z,21.38084254,-157.74641584,UAV 1,1,1:3001:2804,FRT80007,1:1:222:1:1:1:0,0,false,false,false,false,0
FRTRK1002,move to,LOC_남측제1방어선,2026-08-09T09:16:57.000Z,21.38738225,-157.74447731,UAV 1,1,1:3001:2853,FRTRK1002,1:1:225:7:12:0:0,0,false,false,false,false,0
FRT80008,none,,2026-08-09T09:16:57.000Z,21.38464318,-157.75021370,UAV 1,1,1:3001:2756,FRT80008,1:1:222:1:1:1:0,0,false,false,false,false,0
FRTRK2002,move to,LOC_남측제1방어선,2026-08-09T09:16:57.000Z,21.38724429,-157.74440770,UAV 1,1,1:3001:2827,FRTRK2002,1:1:225:7:12:8:0,0,false,false,false,false,0
ENMORT001,none,,2026-08-09T09:16:58.000Z,21.37443553,-157.73716992,UAV 1,2,1:3001:2789,ENMORT001,1:1:71:10:1:0:1,0,false,false,false,false,0
ENMORT004,none,,2026-08-09T09:16:58.000Z,21.37447596,-157.73706256,UAV 1,2,1:3001:2630,ENMORT004,1:1:71:10:1:0:1,0,false,false,false,false,0
ENMORT002,none,,2026-08-09T09:16:58.000Z,21.37453609,-157.73721308,UAV 1,2,1:3001:2834,ENMORT002,1:1:71:10:1:0:1,0,false,false,false,false,0
ENMORT003,none,,2026-08-09T09:16:58.000Z,21.37463664,-157.73725624,UAV 1,2,1:3001:2865,ENMORT003,1:1:71:10:1:0:1,0,false,false,false,false,0
ENMORT005,none,,2026-08-09T09:16:58.000Z,21.37457651,-157.73710572,UAV 1,2,1:3001:2607,ENMORT005,1:1:71:10:1:0:1,0,false,false,false,false,0
FRTRK2004,move to,LOC_남측제1방어선,2026-08-09T09:16:58.000Z,21.38725910,-157.74452942,UAV 1,1,1:3001:2576,FRTRK2004,1:1:225:7:12:8:0,0,false,false,false,false,0
FRT80007,none,,2026-08-09T09:16:58.000Z,21.38084254,-157.74641584,UAV 1,1,1:3001:2804,FRT80007,1:1:222:1:1:1:0,0,false,false,false,false,0
FRTRK1002,move to,LOC_남측제1방어선,2026-08-09T09:16:58.000Z,21.38738225,-157.74447731,UAV 1,1,1:3001:2853,FRTRK1002,1:1:225:7:12:0:0,0,false,false,false,false,0
FRT80008,none,,2026-08-09T09:16:58.000Z,21.38464318,-157.75021370,UAV 1,1,1:3001:2756,FRT80008,1:1:222:1:1:1:0,0,false,false,false,false,0
FRTRK2002,move to,LOC_남측제1방어선,2026-08-09T09:16:58.000Z,21.38724429,-157.74440770,UAV 1,1,1:3001:2827,FRTRK2002,1:1:225:7:12:8:0,0,false,false,false,false,0
ENMORT001,none,,2026-08-09T09:16:58.000Z,21.37443553,-157.73716992,UAV 1,2,1:3001:2789,ENMORT001,1:1:71:10:1:0:1,0,false,false,false,false,0
ENMORT004,none,,2026-08-09T09:16:58.000Z,21.37447596,-157.73706256,UAV 1,2,1:3001:2630,ENMORT004,1:1:71:10:1:0:1,0,false,false,false,false,0
ENMORT002,none,,2026-08-09T09:16:58.000Z,21.37453609,-157.73721308,UAV 1,2,1:3001:2834,ENMORT002,1:1:71:10:1:0:1,0,false,false,false,false,0
ENMORT003,none,,2026-08-09T09:16:58.000Z,21.37463664,-157.73725624,UAV 1,2,1:3001:2865,ENMORT003,1:1:71:10:1:0:1,0,false,false,false,false,0
ENMORT005,none,,2026-08-09T09:16:58.000Z,21.37457651,-157.73710572,UAV 1,2,1:3001:2607,ENMORT005,1:1:71:10:1:0:1,0,false,false,false,false,0
FRTRK2004,move to,LOC_남측제1방어선,2026-08-09T09:16:58.000Z,21.38725910,-157.74452942,UAV 1,1,1:3001:2576,FRTRK2004,1:1:225:7:12:8:0,0,false,false,false,false,0
FRT80007,none,,2026-08-09T09:16:58.000Z,21.38084254,-157.74641584,UAV 1,1,1:3001:2804,FRT80007,1:1:222:1:1:1:0,0,false,false,false,false,0
FRTRK1002,move to,LOC_남측제1방어선,2026-08-09T09:16:58.000Z,21.38738225,-157.74447731,UAV 1,1,1:3001:2853,FRTRK1002,1:1:225:7:12:0:0,0,false,false,false,false,0
FRT80008,none,,2026-08-09T09:16:58.000Z,21.38464318,-157.75021370,UAV 1,1,1:3001:2756,FRT80008,1:1:222:1:1:1:0,0,false,false,false,false,0
FRTRK2002,move to,LOC_남측제1방어선,2026-08-09T09:16:58.000Z,21.38724429,-157.74440770,UAV 1,1,1:3001:2827,FRTRK2002,1:1:225:7:12:8:0,0,false,false,false,false,0
ENMORT001,none,,2026-08-09T09:16:59.000Z,21.37443553,-157.73716992,UAV 1,2,1:3001:2789,ENMORT001,1:1:71:10:1:0:1,0,false,false,false,false,0
ENMORT004,none,,2026-08-09T09:16:59.000Z,21.37447596,-157.73706256,UAV 1,2,1:3001:2630,ENMORT004,1:1:71:10:1:0:1,0,false,false,false,false,0
ENMORT002,none,,2026-08-09T09:16:59.000Z,21.37453609,-157.73721308,UAV 1,2,1:3001:2834,ENMORT002,1:1:71:10:1:0:1,0,false,false,false,false,0
ENMORT003,none,,2026-08-09T09:16:59.000Z,21.37463664,-157.73725624,UAV 1,2,1:3001:2865,ENMORT003,1:1:71:10:1:0:1,0,false,false,false,false,0
ENMORT005,none,,2026-08-09T09:16:59.000Z,21.37457651,-157.73710572,UAV 1,2,1:3001:2607,ENMORT005,1:1:71:10:1:0:1,0,false,false,false,false,0
FRTRK2004,move to,LOC_남측제1방어선,2026-08-09T09:16:59.000Z,21.38725913,-157.74452968,UAV 1,1,1:3001:2576,FRTRK2004,1:1:225:7:12:8:0,0,false,false,false,false,0
FRT80007,none,,2026-08-09T09:16:59.000Z,21.38084254,-157.74641584,UAV 1,1,1:3001:2804,FRT80007,1:1:222:1:1:1:0,0,false,false,false,false,0
FRT80008,none,,2026-08-09T09:16:59.000Z,21.38464318,-157.75021370,UAV 1,1,1:3001:2756,FRT80008,1:1:222:1:1:1:0,0,false,false,false,false,0
FRTRK2002,move to,LOC_남측제1방어선,2026-08-09T09:16:59.000Z,21.38724283,-157.74439507,UAV 1,1,1:3001:2827,FRTRK2002,1:1:225:7:12:8:0,0,false,false,false,false,0
ENM35001,move to,LOC_적북측접근로,2026-08-09T09:16:59.000Z,21.37137136,-157.74156608,UAV 1,2,1:3001:2754,ENM35001,1:1:225:7:1:6:0,0,false,false,false,false,0
FRTRK1004,move to,LOC_남측제1방어선,2026-08-09T09:16:59.000Z,21.38742592,-157.74448307,UAV 1,1,1:3001:2898,FRTRK1004,1:1:225:7:12:0:0,0,false,false,false,false,0
ENMORT001,none,,2026-08-09T09:16:59.000Z,21.37443553,-157.73716992,UAV 1,2,1:3001:2789,ENMORT001,1:1:71:10:1:0:1,0,false,false,false,false,0
ENMORT004,none,,2026-08-09T09:16:59.000Z,21.37447596,-157.73706256,UAV 1,2,1:3001:2630,ENMORT004,1:1:71:10:1:0:1,0,false,false,false,false,0
ENMORT002,none,,2026-08-09T09:16:59.000Z,21.37453609,-157.73721308,UAV 1,2,1:3001:2834,ENMORT002,1:1:71:10:1:0:1,0,false,false,false,false,0
ENMORT003,none,,2026-08-09T09:16:59.000Z,21.37463664,-157.73725624,UAV 1,2,1:3001:2865,ENMORT003,1:1:71:10:1:0:1,0,false,false,false,false,0
ENMORT005,none,,2026-08-09T09:16:59.000Z,21.37457651,-157.73710572,UAV 1,2,1:3001:2607,ENMORT005,1:1:71:10:1:0:1,0,false,false,false,false,0
FRTRK2004,move to,LOC_남측제1방어선,2026-08-09T09:16:59.000Z,21.38725913,-157.74452968,UAV 1,1,1:3001:2576,FRTRK2004,1:1:225:7:12:8:0,0,false,false,false,false,0
FRT80007,none,,2026-08-09T09:16:59.000Z,21.38084254,-157.74641584,UAV 1,1,1:3001:2804,FRT80007,1:1:222:1:1:1:0,0,false,false,false,false,0
FRT80008,none,,2026-08-09T09:16:59.000Z,21.38464318,-157.75021370,UAV 1,1,1:3001:2756,FRT80008,1:1:222:1:1:1:0,0,false,false,false,false,0
FRTRK2002,move to,LOC_남측제1방어선,2026-08-09T09:16:59.000Z,21.38724283,-157.74439507,UAV 1,1,1:3001:2827,FRTRK2002,1:1:225:7:12:8:0,0,false,false,false,false,0
ENM35001,move to,LOC_적북측접근로,2026-08-09T09:16:59.000Z,21.37137136,-157.74156608,UAV 1,2,1:3001:2754,ENM35001,1:1:225:7:1:6:0,0,false,false,false,false,0
FRTRK1004,move to,LOC_남측제1방어선,2026-08-09T09:16:59.000Z,21.38742592,-157.74448307,UAV 1,1,1:3001:2898,FRTRK1004,1:1:225:7:12:0:0,0,false,false,false,false,0
ENMORT001,none,,2026-08-09T09:17:00.000Z,21.37443553,-157.73716992,UAV 1,2,1:3001:2789,ENMORT001,1:1:71:10:1:0:1,0,false,false,false,false,0
ENMORT004,none,,2026-08-09T09:17:00.000Z,21.37447596,-157.73706256,UAV 1,2,1:3001:2630,ENMORT004,1:1:71:10:1:0:1,0,false,false,false,false,0
ENMORT002,none,,2026-08-09T09:17:00.000Z,21.37453609,-157.73721308,UAV 1,2,1:3001:2834,ENMORT002,1:1:71:10:1:0:1,0,false,false,false,false,0
ENMORT003,none,,2026-08-09T09:17:00.000Z,21.37463664,-157.73725624,UAV 1,2,1:3001:2865,ENMORT003,1:1:71:10:1:0:1,0,false,false,false,false,0
ENMORT005,none,,2026-08-09T09:17:00.000Z,21.37457651,-157.73710572,UAV 1,2,1:3001:2607,ENMORT005,1:1:71:10:1:0:1,0,false,false,false,false,0
FRTRK2004,move to,LOC_남측제1방어선,2026-08-09T09:17:00.000Z,21.38725913,-157.74452968,UAV 1,1,1:3001:2576,FRTRK2004,1:1:225:7:12:8:0,0,false,false,false,false,0
FRT80007,none,,2026-08-09T09:17:00.000Z,21.38084254,-157.74641584,UAV 1,1,1:3001:2804,FRT80007,1:1:222:1:1:1:0,0,false,false,false,false,0
FRT80008,none,,2026-08-09T09:17:00.000Z,21.38464318,-157.75021370,UAV 1,1,1:3001:2756,FRT80008,1:1:222:1:1:1:0,0,false,false,false,false,0
FRTRK2002,move to,LOC_남측제1방어선,2026-08-09T09:17:00.000Z,21.38724283,-157.74439507,UAV 1,1,1:3001:2827,FRTRK2002,1:1:225:7:12:8:0,0,false,false,false,false,0
ENM35001,move to,LOC_적북측접근로,2026-08-09T09:17:00.000Z,21.37137136,-157.74156608,UAV 1,2,1:3001:2754,ENM35001,1:1:225:7:1:6:0,0,false,false,false,false,0
FRTRK1004,move to,LOC_남측제1방어선,2026-08-09T09:17:00.000Z,21.38742592,-157.74448307,UAV 1,1,1:3001:2898,FRTRK1004,1:1:225:7:12:0:0,0,false,false,false,false,0
ENMORT001,none,,2026-08-09T09:17:01.000Z,21.37443553,-157.73716992,UAV 1,2,1:3001:2789,ENMORT001,1:1:71:10:1:0:1,0,false,false,false,false,0
ENMORT004,none,,2026-08-09T09:17:01.000Z,21.37447596,-157.73706256,UAV 1,2,1:3001:2630,ENMORT004,1:1:71:10:1:0:1,0,false,false,false,false,0
ENMORT002,none,,2026-08-09T09:17:01.000Z,21.37453609,-157.73721308,UAV 1,2,1:3001:2834,ENMORT002,1:1:71:10:1:0:1,0,false,false,false,false,0
ENMORT003,none,,2026-08-09T09:17:01.000Z,21.37463664,-157.73725624,UAV 1,2,1:3001:2865,ENMORT003,1:1:71:10:1:0:1,0,false,false,false,false,0
ENMORT005,none,,2026-08-09T09:17:01.000Z,21.37457651,-157.73710572,UAV 1,2,1:3001:2607,ENMORT005,1:1:71:10:1:0:1,0,false,false,false,false,0
FRTRK2004,move to,LOC_남측제1방어선,2026-08-09T09:17:01.000Z,21.38725913,-157.74452968,UAV 1,1,1:3001:2576,FRTRK2004,1:1:225:7:12:8:0,0,false,false,false,false,0
FRT80007,none,,2026-08-09T09:17:01.000Z,21.38084254,-157.74641584,UAV 1,1,1:3001:2804,FRT80007,1:1:222:1:1:1:0,0,false,false,false,false,0
FRT80008,none,,2026-08-09T09:17:01.000Z,21.38464318,-157.75021370,UAV 1,1,1:3001:2756,FRT80008,1:1:222:1:1:1:0,0,false,false,false,false,0
FRTRK2002,move to,LOC_남측제1방어선,2026-08-09T09:17:01.000Z,21.38724283,-157.74439507,UAV 1,1,1:3001:2827,FRTRK2002,1:1:225:7:12:8:0,0,false,false,false,false,0
ENM35001,move to,LOC_적북측접근로,2026-08-09T09:17:01.000Z,21.37137136,-157.74156608,UAV 1,2,1:3001:2754,ENM35001,1:1:225:7:1:6:0,0,false,false,false,false,0
FRTRK1004,move to,LOC_남측제1방어선,2026-08-09T09:17:01.000Z,21.38742592,-157.74448307,UAV 1,1,1:3001:2898,FRTRK1004,1:1:225:7:12:0:0,0,false,false,false,false,0
ENMORT001,none,,2026-08-09T09:17:01.000Z,21.37443553,-157.73716992,UAV 1,2,1:3001:2789,ENMORT001,1:1:71:10:1:0:1,0,false,false,false,false,0
ENMORT004,none,,2026-08-09T09:17:01.000Z,21.37447596,-157.73706256,UAV 1,2,1:3001:2630,ENMORT004,1:1:71:10:1:0:1,0,false,false,false,false,0
ENMORT002,none,,2026-08-09T09:17:01.000Z,21.37453609,-157.73721308,UAV 1,2,1:3001:2834,ENMORT002,1:1:71:10:1:0:1,0,false,false,false,false,0
ENMORT003,none,,2026-08-09T09:17:01.000Z,21.37463664,-157.73725624,UAV 1,2,1:3001:2865,ENMORT003,1:1:71:10:1:0:1,0,false,false,false,false,0
ENMORT005,none,,2026-08-09T09:17:01.000Z,21.37457651,-157.73710572,UAV 1,2,1:3001:2607,ENMORT005,1:1:71:10:1:0:1,0,false,false,false,false,0
FRTRK2004,move to,LOC_남측제1방어선,2026-08-09T09:17:01.000Z,21.38725895,-157.74452807,UAV 1,1,1:3001:2576,FRTRK2004,1:1:225:7:12:8:0,0,false,false,false,false,0
FRT80007,none,,2026-08-09T09:17:01.000Z,21.38084254,-157.74641584,UAV 1,1,1:3001:2804,FRT80007,1:1:222:1:1:1:0,0,false,false,false,false,0
FRT80008,none,,2026-08-09T09:17:01.000Z,21.38464318,-157.75021370,UAV 1,1,1:3001:2756,FRT80008,1:1:222:1:1:1:0,0,false,false,false,false,0
FRTRK2002,move to,LOC_남측제1방어선,2026-08-09T09:17:01.000Z,21.38724209,-157.74438869,UAV 1,1,1:3001:2827,FRTRK2002,1:1:225:7:12:8:0,0,false,false,false,false,0
FRTRK1004,move to,LOC_남측제1방어선,2026-08-09T09:17:01.000Z,21.38742125,-157.74445146,UAV 1,1,1:3001:2898,FRTRK1004,1:1:225:7:12:0:0,0,false,false,false,false,0
ENM35004,move to,LOC_적북측접근로,2026-08-09T09:17:01.000Z,21.37135214,-157.74165128,UAV 1,2,1:3001:2650,ENM35004,1:1:225:7:1:6:0,0,false,false,false,false,0
FRTRK2003,move to,LOC_남측제1방어선,2026-08-09T09:17:01.000Z,21.38729547,-157.74447303,UAV 1,1,1:3001:2863,FRTRK2003,1:1:225:7:12:8:0,0,false,false,false,false,0
ENMORT001,none,,2026-08-09T09:17:02.000Z,21.37443553,-157.73716992,UAV 1,2,1:3001:2789,ENMORT001,1:1:71:10:1:0:1,0,false,false,false,false,0
ENMORT004,none,,2026-08-09T09:17:02.000Z,21.37447596,-157.73706256,UAV 1,2,1:3001:2630,ENMORT004,1:1:71:10:1:0:1,0,false,false,false,false,0
ENMORT002,none,,2026-08-09T09:17:02.000Z,21.37453609,-157.73721308,UAV 1,2,1:3001:2834,ENMORT002,1:1:71:10:1:0:1,0,false,false,false,false,0
ENMORT003,none,,2026-08-09T09:17:02.000Z,21.37463664,-157.73725624,UAV 1,2,1:3001:2865,ENMORT003,1:1:71:10:1:0:1,0,false,false,false,false,0
ENMORT005,none,,2026-08-09T09:17:02.000Z,21.37457651,-157.73710572,UAV 1,2,1:3001:2607,ENMORT005,1:1:71:10:1:0:1,0,false,false,false,false,0
FRTRK2004,move to,LOC_남측제1방어선,2026-08-09T09:17:02.000Z,21.38725895,-157.74452807,UAV 1,1,1:3001:2576,FRTRK2004,1:1:225:7:12:8:0,0,false,false,false,false,0
FRT80007,none,,2026-08-09T09:17:02.000Z,21.38084254,-157.74641584,UAV 1,1,1:3001:2804,FRT80007,1:1:222:1:1:1:0,0,false,false,false,false,0
FRT80008,none,,2026-08-09T09:17:02.000Z,21.38464318,-157.75021370,UAV 1,1,1:3001:2756,FRT80008,1:1:222:1:1:1:0,0,false,false,false,false,0
FRTRK2002,move to,LOC_남측제1방어선,2026-08-09T09:17:02.000Z,21.38724209,-157.74438869,UAV 1,1,1:3001:2827,FRTRK2002,1:1:225:7:12:8:0,0,false,false,false,false,0
FRTRK1004,move to,LOC_남측제1방어선,2026-08-09T09:17:02.000Z,21.38742125,-157.74445146,UAV 1,1,1:3001:2898,FRTRK1004,1:1:225:7:12:0:0,0,false,false,false,false,0
ENM35004,move to,LOC_적북측접근로,2026-08-09T09:17:02.000Z,21.37135214,-157.74165128,UAV 1,2,1:3001:2650,ENM35004,1:1:225:7:1:6:0,0,false,false,false,false,0
FRTRK2003,move to,LOC_남측제1방어선,2026-08-09T09:17:02.000Z,21.38729547,-157.74447303,UAV 1,1,1:3001:2863,FRTRK2003,1:1:225:7:12:8:0,0,false,false,false,false,0
ENMORT001,none,,2026-08-09T09:17:02.000Z,21.37443553,-157.73716992,UAV 1,2,1:3001:2789,ENMORT001,1:1:71:10:1:0:1,0,false,false,false,false,0
ENMORT004,none,,2026-08-09T09:17:02.000Z,21.37447596,-157.73706256,UAV 1,2,1:3001:2630,ENMORT004,1:1:71:10:1:0:1,0,false,false,false,false,0
ENMORT002,none,,2026-08-09T09:17:02.000Z,21.37453609,-157.73721308,UAV 1,2,1:3001:2834,ENMORT002,1:1:71:10:1:0:1,0,false,false,false,false,0
ENMORT003,none,,2026-08-09T09:17:02.000Z,21.37463664,-157.73725624,UAV 1,2,1:3001:2865,ENMORT003,1:1:71:10:1:0:1,0,false,false,false,false,0
ENMORT005,none,,2026-08-09T09:17:02.000Z,21.37457651,-157.73710572,UAV 1,2,1:3001:2607,ENMORT005,1:1:71:10:1:0:1,0,false,false,false,false,0
FRTRK2004,move to,LOC_남측제1방어선,2026-08-09T09:17:02.000Z,21.38725895,-157.74452807,UAV 1,1,1:3001:2576,FRTRK2004,1:1:225:7:12:8:0,0,false,false,false,false,0
FRT80007,none,,2026-08-09T09:17:02.000Z,21.38084254,-157.74641584,UAV 1,1,1:3001:2804,FRT80007,1:1:222:1:1:1:0,0,false,false,false,false,0
FRT80008,none,,2026-08-09T09:17:02.000Z,21.38464318,-157.75021370,UAV 1,1,1:3001:2756,FRT80008,1:1:222:1:1:1:0,0,false,false,false,false,0
FRTRK2002,move to,LOC_남측제1방어선,2026-08-09T09:17:02.000Z,21.38724209,-157.74438869,UAV 1,1,1:3001:2827,FRTRK2002,1:1:225:7:12:8:0,0,false,false,false,false,0
FRTRK1004,move to,LOC_남측제1방어선,2026-08-09T09:17:02.000Z,21.38742125,-157.74445146,UAV 1,1,1:3001:2898,FRTRK1004,1:1:225:7:12:0:0,0,false,false,false,false,0
ENM35004,move to,LOC_적북측접근로,2026-08-09T09:17:02.000Z,21.37135214,-157.74165128,UAV 1,2,1:3001:2650,ENM35004,1:1:225:7:1:6:0,0,false,false,false,false,0
FRTRK2003,move to,LOC_남측제1방어선,2026-08-09T09:17:02.000Z,21.38729547,-157.74447303,UAV 1,1,1:3001:2863,FRTRK2003,1:1:225:7:12:8:0,0,false,false,false,false,0
ENMORT001,none,,2026-08-09T09:17:03.000Z,21.37443553,-157.73716992,UAV 1,2,1:3001:2789,ENMORT001,1:1:71:10:1:0:1,0,false,false,false,false,0
ENMORT004,none,,2026-08-09T09:17:03.000Z,21.37447596,-157.73706256,UAV 1,2,1:3001:2630,ENMORT004,1:1:71:10:1:0:1,0,false,false,false,false,0
ENMORT002,none,,2026-08-09T09:17:03.000Z,21.37453609,-157.73721308,UAV 1,2,1:3001:2834,ENMORT002,1:1:71:10:1:0:1,0,false,false,false,false,0
ENMORT003,none,,2026-08-09T09:17:03.000Z,21.37463664,-157.73725624,UAV 1,2,1:3001:2865,ENMORT003,1:1:71:10:1:0:1,0,false,false,false,false,0
ENMORT005,none,,2026-08-09T09:17:03.000Z,21.37457651,-157.73710572,UAV 1,2,1:3001:2607,ENMORT005,1:1:71:10:1:0:1,0,false,false,false,false,0
FRTRK2004,move to,LOC_남측제1방어선,2026-08-09T09:17:03.000Z,21.38725895,-157.74452807,UAV 1,1,1:3001:2576,FRTRK2004,1:1:225:7:12:8:0,0,false,false,false,false,0
FRT80007,none,,2026-08-09T09:17:03.000Z,21.38084254,-157.74641584,UAV 1,1,1:3001:2804,FRT80007,1:1:222:1:1:1:0,0,false,false,false,false,0
FRT80008,none,,2026-08-09T09:17:03.000Z,21.38464318,-157.75021370,UAV 1,1,1:3001:2756,FRT80008,1:1:222:1:1:1:0,0,false,false,false,false,0
FRTRK2002,move to,LOC_남측제1방어선,2026-08-09T09:17:03.000Z,21.38724209,-157.74438869,UAV 1,1,1:3001:2827,FRTRK2002,1:1:225:7:12:8:0,0,false,false,false,false,0
FRTRK1004,move to,LOC_남측제1방어선,2026-08-09T09:17:03.000Z,21.38742125,-157.74445146,UAV 1,1,1:3001:2898,FRTRK1004,1:1:225:7:12:0:0,0,false,false,false,false,0
ENM35004,move to,LOC_적북측접근로,2026-08-09T09:17:03.000Z,21.37135214,-157.74165128,UAV 1,2,1:3001:2650,ENM35004,1:1:225:7:1:6:0,0,false,false,false,false,0
FRTRK2003,move to,LOC_남측제1방어선,2026-08-09T09:17:03.000Z,21.38729547,-157.74447303,UAV 1,1,1:3001:2863,FRTRK2003,1:1:225:7:12:8:0,0,false,false,false,false,0
ENMORT001,none,,2026-08-09T09:17:03.000Z,21.37443553,-157.73716992,UAV 1,2,1:3001:2789,ENMORT001,1:1:71:10:1:0:1,0,false,false,false,false,0
ENMORT004,none,,2026-08-09T09:17:03.000Z,21.37447596,-157.73706256,UAV 1,2,1:3001:2630,ENMORT004,1:1:71:10:1:0:1,0,false,false,false,false,0
ENMORT002,none,,2026-08-09T09:17:03.000Z,21.37453609,-157.73721308,UAV 1,2,1:3001:2834,ENMORT002,1:1:71:10:1:0:1,0,false,false,false,false,0
ENMORT003,none,,2026-08-09T09:17:03.000Z,21.37463664,-157.73725624,UAV 1,2,1:3001:2865,ENMORT003,1:1:71:10:1:0:1,0,false,false,false,false,0
ENMORT005,none,,2026-08-09T09:17:03.000Z,21.37457651,-157.73710572,UAV 1,2,1:3001:2607,ENMORT005,1:1:71:10:1:0:1,0,false,false,false,false,0
FRTRK2004,move to,LOC_남측제1방어선,2026-08-09T09:17:03.000Z,21.38725865,-157.74452551,UAV 1,1,1:3001:2576,FRTRK2004,1:1:225:7:12:8:0,0,false,false,false,false,0
FRT80007,none,,2026-08-09T09:17:03.000Z,21.38084254,-157.74641584,UAV 1,1,1:3001:2804,FRT80007,1:1:222:1:1:1:0,0,false,false,false,false,0
FRT80008,none,,2026-08-09T09:17:03.000Z,21.38464318,-157.75021370,UAV 1,1,1:3001:2756,FRT80008,1:1:222:1:1:1:0,0,false,false,false,false,0
FRTRK2002,move to,LOC_남측제1방어선,2026-08-09T09:17:03.000Z,21.38724189,-157.74438696,UAV 1,1,1:3001:2827,FRTRK2002,1:1:225:7:12:8:0,0,false,false,false,false,0
FRTRK1004,move to,LOC_남측제1방어선,2026-08-09T09:17:03.000Z,21.38742109,-157.74445037,UAV 1,1,1:3001:2898,FRTRK1004,1:1:225:7:12:0:0,0,false,false,false,false,0
FRTRK2003,move to,LOC_남측제1방어선,2026-08-09T09:17:03.000Z,21.38729080,-157.74443530,UAV 1,1,1:3001:2863,FRTRK2003,1:1:225:7:12:8:0,0,false,false,false,false,0
ENMORT001,none,,2026-08-09T09:17:04.000Z,21.37443553,-157.73716992,UAV 1,2,1:3001:2789,ENMORT001,1:1:71:10:1:0:1,0,false,false,false,false,0
ENMORT004,none,,2026-08-09T09:17:04.000Z,21.37447596,-157.73706256,UAV 1,2,1:3001:2630,ENMORT004,1:1:71:10:1:0:1,0,false,false,false,false,0
ENMORT002,none,,2026-08-09T09:17:04.000Z,21.37453609,-157.73721308,UAV 1,2,1:3001:2834,ENMORT002,1:1:71:10:1:0:1,0,false,false,false,false,0
ENMORT003,none,,2026-08-09T09:17:04.000Z,21.37463664,-157.73725624,UAV 1,2,1:3001:2865,ENMORT003,1:1:71:10:1:0:1,0,false,false,false,false,0
ENMORT005,none,,2026-08-09T09:17:04.000Z,21.37457651,-157.73710572,UAV 1,2,1:3001:2607,ENMORT005,1:1:71:10:1:0:1,0,false,false,false,false,0
FRTRK2004,move to,LOC_남측제1방어선,2026-08-09T09:17:04.000Z,21.38725865,-157.74452551,UAV 1,1,1:3001:2576,FRTRK2004,1:1:225:7:12:8:0,0,false,false,false,false,0
FRT80007,none,,2026-08-09T09:17:04.000Z,21.38084254,-157.74641584,UAV 1,1,1:3001:2804,FRT80007,1:1:222:1:1:1:0,0,false,false,false,false,0
FRT80008,none,,2026-08-09T09:17:04.000Z,21.38464318,-157.75021370,UAV 1,1,1:3001:2756,FRT80008,1:1:222:1:1:1:0,0,false,false,false,false,0
FRTRK2002,move to,LOC_남측제1방어선,2026-08-09T09:17:04.000Z,21.38724189,-157.74438696,UAV 1,1,1:3001:2827,FRTRK2002,1:1:225:7:12:8:0,0,false,false,false,false,0
FRTRK1004,move to,LOC_남측제1방어선,2026-08-09T09:17:04.000Z,21.38742109,-157.74445037,UAV 1,1,1:3001:2898,FRTRK1004,1:1:225:7:12:0:0,0,false,false,false,false,0
FRTRK2003,move to,LOC_남측제1방어선,2026-08-09T09:17:04.000Z,21.38729080,-157.74443530,UAV 1,1,1:3001:2863,FRTRK2003,1:1:225:7:12:8:0,0,false,false,false,false,0
ENMORT001,none,,2026-08-09T09:17:04.000Z,21.37443553,-157.73716992,UAV 1,2,1:3001:2789,ENMORT001,1:1:71:10:1:0:1,0,false,false,false,false,0
ENMORT004,none,,2026-08-09T09:17:04.000Z,21.37447596,-157.73706256,UAV 1,2,1:3001:2630,ENMORT004,1:1:71:10:1:0:1,0,false,false,false,false,0
ENMORT002,none,,2026-08-09T09:17:04.000Z,21.37453609,-157.73721308,UAV 1,2,1:3001:2834,ENMORT002,1:1:71:10:1:0:1,0,false,false,false,false,0
ENMORT003,none,,2026-08-09T09:17:04.000Z,21.37463664,-157.73725624,UAV 1,2,1:3001:2865,ENMORT003,1:1:71:10:1:0:1,0,false,false,false,false,0
ENMORT005,none,,2026-08-09T09:17:04.000Z,21.37457651,-157.73710572,UAV 1,2,1:3001:2607,ENMORT005,1:1:71:10:1:0:1,0,false,false,false,false,0
FRTRK2004,move to,LOC_남측제1방어선,2026-08-09T09:17:04.000Z,21.38725865,-157.74452551,UAV 1,1,1:3001:2576,FRTRK2004,1:1:225:7:12:8:0,0,false,false,false,false,0
FRT80007,none,,2026-08-09T09:17:04.000Z,21.38084254,-157.74641584,UAV 1,1,1:3001:2804,FRT80007,1:1:222:1:1:1:0,0,false,false,false,false,0
FRT80008,none,,2026-08-09T09:17:04.000Z,21.38464318,-157.75021370,UAV 1,1,1:3001:2756,FRT80008,1:1:222:1:1:1:0,0,false,false,false,false,0
FRTRK2002,move to,LOC_남측제1방어선,2026-08-09T09:17:04.000Z,21.38724189,-157.74438696,UAV 1,1,1:3001:2827,FRTRK2002,1:1:225:7:12:8:0,0,false,false,false,false,0
FRTRK1004,move to,LOC_남측제1방어선,2026-08-09T09:17:04.000Z,21.38742109,-157.74445037,UAV 1,1,1:3001:2898,FRTRK1004,1:1:225:7:12:0:0,0,false,false,false,false,0
FRTRK2003,move to,LOC_남측제1방어선,2026-08-09T09:17:04.000Z,21.38729080,-157.74443530,UAV 1,1,1:3001:2863,FRTRK2003,1:1:225:7:12:8:0,0,false,false,false,false,0
ENMORT001,none,,2026-08-09T09:17:05.000Z,21.37443553,-157.73716992,UAV 1,2,1:3001:2789,ENMORT001,1:1:71:10:1:0:1,0,false,false,false,false,0
ENMORT004,none,,2026-08-09T09:17:05.000Z,21.37447596,-157.73706256,UAV 1,2,1:3001:2630,ENMORT004,1:1:71:10:1:0:1,0,false,false,false,false,0
ENMORT002,none,,2026-08-09T09:17:05.000Z,21.37453609,-157.73721308,UAV 1,2,1:3001:2834,ENMORT002,1:1:71:10:1:0:1,0,false,false,false,false,0
ENMORT003,none,,2026-08-09T09:17:05.000Z,21.37463664,-157.73725624,UAV 1,2,1:3001:2865,ENMORT003,1:1:71:10:1:0:1,0,false,false,false,false,0
ENMORT005,none,,2026-08-09T09:17:05.000Z,21.37457651,-157.73710572,UAV 1,2,1:3001:2607,ENMORT005,1:1:71:10:1:0:1,0,false,false,false,false,0
FRTRK2004,move to,LOC_남측제1방어선,2026-08-09T09:17:05.000Z,21.38725865,-157.74452551,UAV 1,1,1:3001:2576,FRTRK2004,1:1:225:7:12:8:0,0,false,false,false,false,0
FRT80007,none,,2026-08-09T09:17:05.000Z,21.38084254,-157.74641584,UAV 1,1,1:3001:2804,FRT80007,1:1:222:1:1:1:0,0,false,false,false,false,0
FRT80008,none,,2026-08-09T09:17:05.000Z,21.38464318,-157.75021370,UAV 1,1,1:3001:2756,FRT80008,1:1:222:1:1:1:0,0,false,false,false,false,0
FRTRK2002,move to,LOC_남측제1방어선,2026-08-09T09:17:05.000Z,21.38724189,-157.74438696,UAV 1,1,1:3001:2827,FRTRK2002,1:1:225:7:12:8:0,0,false,false,false,false,0
FRTRK1004,move to,LOC_남측제1방어선,2026-08-09T09:17:05.000Z,21.38742109,-157.74445037,UAV 1,1,1:3001:2898,FRTRK1004,1:1:225:7:12:0:0,0,false,false,false,false,0
FRTRK2003,move to,LOC_남측제1방어선,2026-08-09T09:17:05.000Z,21.38729080,-157.74443530,UAV 1,1,1:3001:2863,FRTRK2003,1:1:225:7:12:8:0,0,false,false,false,false,0
ENMORT001,none,,2026-08-09T09:17:05.000Z,21.37443553,-157.73716992,UAV 1,2,1:3001:2789,ENMORT001,1:1:71:10:1:0:1,0,false,false,false,false,0
ENMORT004,none,,2026-08-09T09:17:05.000Z,21.37447596,-157.73706256,UAV 1,2,1:3001:2630,ENMORT004,1:1:71:10:1:0:1,0,false,false,false,false,0
ENMORT002,none,,2026-08-09T09:17:05.000Z,21.37453609,-157.73721308,UAV 1,2,1:3001:2834,ENMORT002,1:1:71:10:1:0:1,0,false,false,false,false,0
ENMORT003,none,,2026-08-09T09:17:05.000Z,21.37463664,-157.73725624,UAV 1,2,1:3001:2865,ENMORT003,1:1:71:10:1:0:1,0,false,false,false,false,0
ENMORT005,none,,2026-08-09T09:17:05.000Z,21.37457651,-157.73710572,UAV 1,2,1:3001:2607,ENMORT005,1:1:71:10:1:0:1,0,false,false,false,false,0
FRTRK2004,move to,LOC_남측제1방어선,2026-08-09T09:17:05.000Z,21.38725842,-157.74452357,UAV 1,1,1:3001:2576,FRTRK2004,1:1:225:7:12:8:0,0,false,false,false,false,0
FRT80007,none,,2026-08-09T09:17:05.000Z,21.38084254,-157.74641584,UAV 1,1,1:3001:2804,FRT80007,1:1:222:1:1:1:0,0,false,false,false,false,0
FRT80008,none,,2026-08-09T09:17:05.000Z,21.38464318,-157.75021370,UAV 1,1,1:3001:2756,FRT80008,1:1:222:1:1:1:0,0,false,false,false,false,0
FRTRK2002,move to,LOC_남측제1방어선,2026-08-09T09:17:05.000Z,21.38724224,-157.74438997,UAV 1,1,1:3001:2827,FRTRK2002,1:1:225:7:12:8:0,0,false,false,false,false,0
FRTRK1002,move to,LOC_남측제1방어선,2026-08-09T09:17:05.000Z,21.38737933,-157.74445640,UAV 1,1,1:3001:2853,FRTRK1002,1:1:225:7:12:0:0,0,false,false,false,false,0
ENM35003,move to,LOC_적북측접근로,2026-08-09T09:17:05.000Z,21.37137873,-157.74153496,UAV 1,2,1:3001:2894,ENM35003,1:1:225:7:1:6:0,0,false,false,false,false,0
ENMORT001,none,,2026-08-09T09:17:06.000Z,21.37443553,-157.73716992,UAV 1,2,1:3001:2789,ENMORT001,1:1:71:10:1:0:1,0,false,false,false,false,0
ENMORT004,none,,2026-08-09T09:17:06.000Z,21.37447596,-157.73706256,UAV 1,2,1:3001:2630,ENMORT004,1:1:71:10:1:0:1,0,false,false,false,false,0
ENMORT002,none,,2026-08-09T09:17:06.000Z,21.37453609,-157.73721308,UAV 1,2,1:3001:2834,ENMORT002,1:1:71:10:1:0:1,0,false,false,false,false,0
ENMORT003,none,,2026-08-09T09:17:06.000Z,21.37463664,-157.73725624,UAV 1,2,1:3001:2865,ENMORT003,1:1:71:10:1:0:1,0,false,false,false,false,0
ENMORT005,none,,2026-08-09T09:17:06.000Z,21.37457651,-157.73710572,UAV 1,2,1:3001:2607,ENMORT005,1:1:71:10:1:0:1,0,false,false,false,false,0
FRTRK2004,move to,LOC_남측제1방어선,2026-08-09T09:17:06.000Z,21.38725842,-157.74452357,UAV 1,1,1:3001:2576,FRTRK2004,1:1:225:7:12:8:0,0,false,false,false,false,0
FRT80007,none,,2026-08-09T09:17:06.000Z,21.38084254,-157.74641584,UAV 1,1,1:3001:2804,FRT80007,1:1:222:1:1:1:0,0,false,false,false,false,0
FRT80008,none,,2026-08-09T09:17:06.000Z,21.38464318,-157.75021370,UAV 1,1,1:3001:2756,FRT80008,1:1:222:1:1:1:0,0,false,false,false,false,0
FRTRK2002,move to,LOC_남측제1방어선,2026-08-09T09:17:06.000Z,21.38724224,-157.74438997,UAV 1,1,1:3001:2827,FRTRK2002,1:1:225:7:12:8:0,0,false,false,false,false,0
FRTRK1002,move to,LOC_남측제1방어선,2026-08-09T09:17:06.000Z,21.38737933,-157.74445640,UAV 1,1,1:3001:2853,FRTRK1002,1:1:225:7:12:0:0,0,false,false,false,false,0
ENM35003,move to,LOC_적북측접근로,2026-08-09T09:17:06.000Z,21.37137873,-157.74153496,UAV 1,2,1:3001:2894,ENM35003,1:1:225:7:1:6:0,0,false,false,false,false,0
ENMORT001,none,,2026-08-09T09:17:07.000Z,21.37443553,-157.73716992,UAV 1,2,1:3001:2789,ENMORT001,1:1:71:10:1:0:1,0,false,false,false,false,0
ENMORT004,none,,2026-08-09T09:17:07.000Z,21.37447596,-157.73706256,UAV 1,2,1:3001:2630,ENMORT004,1:1:71:10:1:0:1,0,false,false,false,false,0
ENMORT002,none,,2026-08-09T09:17:07.000Z,21.37453609,-157.73721308,UAV 1,2,1:3001:2834,ENMORT002,1:1:71:10:1:0:1,0,false,false,false,false,0
ENMORT003,none,,2026-08-09T09:17:07.000Z,21.37463664,-157.73725624,UAV 1,2,1:3001:2865,ENMORT003,1:1:71:10:1:0:1,0,false,false,false,false,0
ENMORT005,none,,2026-08-09T09:17:07.000Z,21.37457651,-157.73710572,UAV 1,2,1:3001:2607,ENMORT005,1:1:71:10:1:0:1,0,false,false,false,false,0
FRTRK2004,move to,LOC_남측제1방어선,2026-08-09T09:17:07.000Z,21.38725842,-157.74452357,UAV 1,1,1:3001:2576,FRTRK2004,1:1:225:7:12:8:0,0,false,false,false,false,0
FRT80007,none,,2026-08-09T09:17:07.000Z,21.38084254,-157.74641584,UAV 1,1,1:3001:2804,FRT80007,1:1:222:1:1:1:0,0,false,false,false,false,0
FRT80008,none,,2026-08-09T09:17:07.000Z,21.38464318,-157.75021370,UAV 1,1,1:3001:2756,FRT80008,1:1:222:1:1:1:0,0,false,false,false,false,0
FRTRK2002,move to,LOC_남측제1방어선,2026-08-09T09:17:07.000Z,21.38724224,-157.74438997,UAV 1,1,1:3001:2827,FRTRK2002,1:1:225:7:12:8:0,0,false,false,false,false,0
FRTRK1002,move to,LOC_남측제1방어선,2026-08-09T09:17:07.000Z,21.38737933,-157.74445640,UAV 1,1,1:3001:2853,FRTRK1002,1:1:225:7:12:0:0,0,false,false,false,false,0
ENM35003,move to,LOC_적북측접근로,2026-08-09T09:17:07.000Z,21.37137873,-157.74153496,UAV 1,2,1:3001:2894,ENM35003,1:1:225:7:1:6:0,0,false,false,false,false,0
ENMORT001,none,,2026-08-09T09:17:07.000Z,21.37443553,-157.73716992,UAV 1,2,1:3001:2789,ENMORT001,1:1:71:10:1:0:1,0,false,false,false,false,0
ENMORT004,none,,2026-08-09T09:17:07.000Z,21.37447596,-157.73706256,UAV 1,2,1:3001:2630,ENMORT004,1:1:71:10:1:0:1,0,false,false,false,false,0
ENMORT002,none,,2026-08-09T09:17:07.000Z,21.37453609,-157.73721308,UAV 1,2,1:3001:2834,ENMORT002,1:1:71:10:1:0:1,0,false,false,false,false,0
ENMORT003,none,,2026-08-09T09:17:07.000Z,21.37463664,-157.73725624,UAV 1,2,1:3001:2865,ENMORT003,1:1:71:10:1:0:1,0,false,false,false,false,0
ENMORT005,none,,2026-08-09T09:17:07.000Z,21.37457651,-157.73710572,UAV 1,2,1:3001:2607,ENMORT005,1:1:71:10:1:0:1,0,false,false,false,false,0
FRTRK2004,move to,LOC_남측제1방어선,2026-08-09T09:17:07.000Z,21.38725839,-157.74452325,UAV 1,1,1:3001:2576,FRTRK2004,1:1:225:7:12:8:0,0,false,false,false,false,0
FRT80007,none,,2026-08-09T09:17:07.000Z,21.38084254,-157.74641584,UAV 1,1,1:3001:2804,FRT80007,1:1:222:1:1:1:0,0,false,false,false,false,0
FRT80008,none,,2026-08-09T09:17:07.000Z,21.38464318,-157.75021370,UAV 1,1,1:3001:2756,FRT80008,1:1:222:1:1:1:0,0,false,false,false,false,0
FRTRK2002,move to,LOC_남측제1방어선,2026-08-09T09:17:07.000Z,21.38724306,-157.74439706,UAV 1,1,1:3001:2827,FRTRK2002,1:1:225:7:12:8:0,0,false,false,false,false,0
FRTRK1002,move to,LOC_남측제1방어선,2026-08-09T09:17:07.000Z,21.38737768,-157.74444464,UAV 1,1,1:3001:2853,FRTRK1002,1:1:225:7:12:0:0,0,false,false,false,false,0
ENMORT001,none,,2026-08-09T09:17:08.000Z,21.37443553,-157.73716992,UAV 1,2,1:3001:2789,ENMORT001,1:1:71:10:1:0:1,0,false,false,false,false,0
ENMORT004,none,,2026-08-09T09:17:08.000Z,21.37447596,-157.73706256,UAV 1,2,1:3001:2630,ENMORT004,1:1:71:10:1:0:1,0,false,false,false,false,0
ENMORT002,none,,2026-08-09T09:17:08.000Z,21.37453609,-157.73721308,UAV 1,2,1:3001:2834,ENMORT002,1:1:71:10:1:0:1,0,false,false,false,false,0
ENMORT003,none,,2026-08-09T09:17:08.000Z,21.37463664,-157.73725624,UAV 1,2,1:3001:2865,ENMORT003,1:1:71:10:1:0:1,0,false,false,false,false,0
ENMORT005,none,,2026-08-09T09:17:08.000Z,21.37457651,-157.73710572,UAV 1,2,1:3001:2607,ENMORT005,1:1:71:10:1:0:1,0,false,false,false,false,0
FRTRK2004,move to,LOC_남측제1방어선,2026-08-09T09:17:08.000Z,21.38725839,-157.74452325,UAV 1,1,1:3001:2576,FRTRK2004,1:1:225:7:12:8:0,0,false,false,false,false,0
FRT80007,none,,2026-08-09T09:17:08.000Z,21.38084254,-157.74641584,UAV 1,1,1:3001:2804,FRT80007,1:1:222:1:1:1:0,0,false,false,false,false,0
FRT80008,none,,2026-08-09T09:17:08.000Z,21.38464318,-157.75021370,UAV 1,1,1:3001:2756,FRT80008,1:1:222:1:1:1:0,0,false,false,false,false,0
FRTRK2002,move to,LOC_남측제1방어선,2026-08-09T09:17:08.000Z,21.38724306,-157.74439706,UAV 1,1,1:3001:2827,FRTRK2002,1:1:225:7:12:8:0,0,false,false,false,false,0
FRTRK1002,move to,LOC_남측제1방어선,2026-08-09T09:17:08.000Z,21.38737768,-157.74444464,UAV 1,1,1:3001:2853,FRTRK1002,1:1:225:7:12:0:0,0,false,false,false,false,0
ENMORT001,none,,2026-08-09T09:17:08.000Z,21.37443553,-157.73716992,UAV 1,2,1:3001:2789,ENMORT001,1:1:71:10:1:0:1,0,false,false,false,false,0
ENMORT004,none,,2026-08-09T09:17:08.000Z,21.37447596,-157.73706256,UAV 1,2,1:3001:2630,ENMORT004,1:1:71:10:1:0:1,0,false,false,false,false,0
ENMORT002,none,,2026-08-09T09:17:08.000Z,21.37453609,-157.73721308,UAV 1,2,1:3001:2834,ENMORT002,1:1:71:10:1:0:1,0,false,false,false,false,0
ENMORT003,none,,2026-08-09T09:17:08.000Z,21.37463664,-157.73725624,UAV 1,2,1:3001:2865,ENMORT003,1:1:71:10:1:0:1,0,false,false,false,false,0
ENMORT005,none,,2026-08-09T09:17:08.000Z,21.37457651,-157.73710572,UAV 1,2,1:3001:2607,ENMORT005,1:1:71:10:1:0:1,0,false,false,false,false,0
FRTRK2004,move to,LOC_남측제1방어선,2026-08-09T09:17:08.000Z,21.38725839,-157.74452325,UAV 1,1,1:3001:2576,FRTRK2004,1:1:225:7:12:8:0,0,false,false,false,false,0
FRT80007,none,,2026-08-09T09:17:08.000Z,21.38084254,-157.74641584,UAV 1,1,1:3001:2804,FRT80007,1:1:222:1:1:1:0,0,false,false,false,false,0
FRT80008,none,,2026-08-09T09:17:08.000Z,21.38464318,-157.75021370,UAV 1,1,1:3001:2756,FRT80008,1:1:222:1:1:1:0,0,false,false,false,false,0
FRTRK2002,move to,LOC_남측제1방어선,2026-08-09T09:17:08.000Z,21.38724306,-157.74439706,UAV 1,1,1:3001:2827,FRTRK2002,1:1:225:7:12:8:0,0,false,false,false,false,0
FRTRK1002,move to,LOC_남측제1방어선,2026-08-09T09:17:08.000Z,21.38737768,-157.74444464,UAV 1,1,1:3001:2853,FRTRK1002,1:1:225:7:12:0:0,0,false,false,false,false,0
ENMORT001,none,,2026-08-09T09:17:09.000Z,21.37443553,-157.73716992,UAV 1,2,1:3001:2789,ENMORT001,1:1:71:10:1:0:1,0,false,false,false,false,0
ENMORT004,none,,2026-08-09T09:17:09.000Z,21.37447596,-157.73706256,UAV 1,2,1:3001:2630,ENMORT004,1:1:71:10:1:0:1,0,false,false,false,false,0
ENMORT002,none,,2026-08-09T09:17:09.000Z,21.37453609,-157.73721308,UAV 1,2,1:3001:2834,ENMORT002,1:1:71:10:1:0:1,0,false,false,false,false,0
ENMORT003,none,,2026-08-09T09:17:09.000Z,21.37463664,-157.73725624,UAV 1,2,1:3001:2865,ENMORT003,1:1:71:10:1:0:1,0,false,false,false,false,0
ENMORT005,none,,2026-08-09T09:17:09.000Z,21.37457651,-157.73710572,UAV 1,2,1:3001:2607,ENMORT005,1:1:71:10:1:0:1,0,false,false,false,false,0
FRTRK2004,move to,LOC_남측제1방어선,2026-08-09T09:17:09.000Z,21.38725839,-157.74452325,UAV 1,1,1:3001:2576,FRTRK2004,1:1:225:7:12:8:0,0,false,false,false,false,0
FRT80007,none,,2026-08-09T09:17:09.000Z,21.38084254,-157.74641584,UAV 1,1,1:3001:2804,FRT80007,1:1:222:1:1:1:0,0,false,false,false,false,0
FRT80008,none,,2026-08-09T09:17:09.000Z,21.38464318,-157.75021370,UAV 1,1,1:3001:2756,FRT80008,1:1:222:1:1:1:0,0,false,false,false,false,0
FRTRK2002,move to,LOC_남측제1방어선,2026-08-09T09:17:09.000Z,21.38724306,-157.74439706,UAV 1,1,1:3001:2827,FRTRK2002,1:1:225:7:12:8:0,0,false,false,false,false,0
FRTRK1002,move to,LOC_남측제1방어선,2026-08-09T09:17:09.000Z,21.38737768,-157.74444464,UAV 1,1,1:3001:2853,FRTRK1002,1:1:225:7:12:0:0,0,false,false,false,false,0
ENMORT001,none,,2026-08-09T09:17:09.000Z,21.37443553,-157.73716992,UAV 1,2,1:3001:2789,ENMORT001,1:1:71:10:1:0:1,0,false,false,false,false,0
ENMORT004,none,,2026-08-09T09:17:09.000Z,21.37447596,-157.73706256,UAV 1,2,1:3001:2630,ENMORT004,1:1:71:10:1:0:1,0,false,false,false,false,0
ENMORT002,none,,2026-08-09T09:17:09.000Z,21.37453609,-157.73721308,UAV 1,2,1:3001:2834,ENMORT002,1:1:71:10:1:0:1,0,false,false,false,false,0
ENMORT003,none,,2026-08-09T09:17:09.000Z,21.37463664,-157.73725624,UAV 1,2,1:3001:2865,ENMORT003,1:1:71:10:1:0:1,0,false,false,false,false,0
ENMORT005,none,,2026-08-09T09:17:09.000Z,21.37457651,-157.73710572,UAV 1,2,1:3001:2607,ENMORT005,1:1:71:10:1:0:1,0,false,false,false,false,0
FRTRK2004,move to,LOC_남측제1방어선,2026-08-09T09:17:09.000Z,21.38725857,-157.74452487,UAV 1,1,1:3001:2576,FRTRK2004,1:1:225:7:12:8:0,0,false,false,false,false,0
FRT80007,none,,2026-08-09T09:17:09.000Z,21.38084254,-157.74641584,UAV 1,1,1:3001:2804,FRT80007,1:1:222:1:1:1:0,0,false,false,false,false,0
FRT80008,none,,2026-08-09T09:17:09.000Z,21.38464318,-157.75021370,UAV 1,1,1:3001:2756,FRT80008,1:1:222:1:1:1:0,0,false,false,false,false,0
FRTRK2002,move to,LOC_남측제1방어선,2026-08-09T09:17:09.000Z,21.38724437,-157.74440843,UAV 1,1,1:3001:2827,FRTRK2002,1:1:225:7:12:8:0,0,false,false,false,false,0
FRTRK1002,move to,LOC_남측제1방어선,2026-08-09T09:17:09.000Z,21.38737944,-157.74445722,UAV 1,1,1:3001:2853,FRTRK1002,1:1:225:7:12:0:0,0,false,false,false,false,0
ENM35002,move to,LOC_적북측접근로,2026-08-09T09:17:09.000Z,21.37135240,-157.74165031,UAV 1,2,1:3001:2740,ENM35002,1:1:225:7:1:6:0,0,false,false,false,false,0
ENMORT001,none,,2026-08-09T09:17:10.000Z,21.37443553,-157.73716992,UAV 1,2,1:3001:2789,ENMORT001,1:1:71:10:1:0:1,0,false,false,false,false,0
ENMORT004,none,,2026-08-09T09:17:10.000Z,21.37447596,-157.73706256,UAV 1,2,1:3001:2630,ENMORT004,1:1:71:10:1:0:1,0,false,false,false,false,0
ENMORT002,none,,2026-08-09T09:17:10.000Z,21.37453609,-157.73721308,UAV 1,2,1:3001:2834,ENMORT002,1:1:71:10:1:0:1,0,false,false,false,false,0
ENMORT003,none,,2026-08-09T09:17:10.000Z,21.37463664,-157.73725624,UAV 1,2,1:3001:2865,ENMORT003,1:1:71:10:1:0:1,0,false,false,false,false,0
ENMORT005,none,,2026-08-09T09:17:10.000Z,21.37457651,-157.73710572,UAV 1,2,1:3001:2607,ENMORT005,1:1:71:10:1:0:1,0,false,false,false,false,0
FRTRK2004,move to,LOC_남측제1방어선,2026-08-09T09:17:10.000Z,21.38725857,-157.74452487,UAV 1,1,1:3001:2576,FRTRK2004,1:1:225:7:12:8:0,0,false,false,false,false,0
FRT80007,none,,2026-08-09T09:17:10.000Z,21.38084254,-157.74641584,UAV 1,1,1:3001:2804,FRT80007,1:1:222:1:1:1:0,0,false,false,false,false,0
FRT80008,none,,2026-08-09T09:17:10.000Z,21.38464318,-157.75021370,UAV 1,1,1:3001:2756,FRT80008,1:1:222:1:1:1:0,0,false,false,false,false,0
FRTRK2002,move to,LOC_남측제1방어선,2026-08-09T09:17:10.000Z,21.38724437,-157.74440843,UAV 1,1,1:3001:2827,FRTRK2002,1:1:225:7:12:8:0,0,false,false,false,false,0
FRTRK1002,move to,LOC_남측제1방어선,2026-08-09T09:17:10.000Z,21.38737944,-157.74445722,UAV 1,1,1:3001:2853,FRTRK1002,1:1:225:7:12:0:0,0,false,false,false,false,0
ENM35002,move to,LOC_적북측접근로,2026-08-09T09:17:10.000Z,21.37135240,-157.74165031,UAV 1,2,1:3001:2740,ENM35002,1:1:225:7:1:6:0,0,false,false,false,false,0
ENMORT001,none,,2026-08-09T09:17:10.000Z,21.37443553,-157.73716992,UAV 1,2,1:3001:2789,ENMORT001,1:1:71:10:1:0:1,0,false,false,false,false,0
ENMORT004,none,,2026-08-09T09:17:10.000Z,21.37447596,-157.73706256,UAV 1,2,1:3001:2630,ENMORT004,1:1:71:10:1:0:1,0,false,false,false,false,0
ENMORT002,none,,2026-08-09T09:17:10.000Z,21.37453609,-157.73721308,UAV 1,2,1:3001:2834,ENMORT002,1:1:71:10:1:0:1,0,false,false,false,false,0
ENMORT003,none,,2026-08-09T09:17:10.000Z,21.37463664,-157.73725624,UAV 1,2,1:3001:2865,ENMORT003,1:1:71:10:1:0:1,0,false,false,false,false,0
ENMORT005,none,,2026-08-09T09:17:10.000Z,21.37457651,-157.73710572,UAV 1,2,1:3001:2607,ENMORT005,1:1:71:10:1:0:1,0,false,false,false,false,0
FRTRK2004,move to,LOC_남측제1방어선,2026-08-09T09:17:10.000Z,21.38725857,-157.74452487,UAV 1,1,1:3001:2576,FRTRK2004,1:1:225:7:12:8:0,0,false,false,false,false,0
FRT80007,none,,2026-08-09T09:17:10.000Z,21.38084254,-157.74641584,UAV 1,1,1:3001:2804,FRT80007,1:1:222:1:1:1:0,0,false,false,false,false,0
FRT80008,none,,2026-08-09T09:17:10.000Z,21.38464318,-157.75021370,UAV 1,1,1:3001:2756,FRT80008,1:1:222:1:1:1:0,0,false,false,false,false,0
FRTRK2002,move to,LOC_남측제1방어선,2026-08-09T09:17:10.000Z,21.38724437,-157.74440843,UAV 1,1,1:3001:2827,FRTRK2002,1:1:225:7:12:8:0,0,false,false,false,false,0
FRTRK1002,move to,LOC_남측제1방어선,2026-08-09T09:17:10.000Z,21.38737944,-157.74445722,UAV 1,1,1:3001:2853,FRTRK1002,1:1:225:7:12:0:0,0,false,false,false,false,0
ENM35002,move to,LOC_적북측접근로,2026-08-09T09:17:10.000Z,21.37135240,-157.74165031,UAV 1,2,1:3001:2740,ENM35002,1:1:225:7:1:6:0,0,false,false,false,false,0
ENMORT001,none,,2026-08-09T09:17:11.000Z,21.37443553,-157.73716992,UAV 1,2,1:3001:2789,ENMORT001,1:1:71:10:1:0:1,0,false,false,false,false,0
ENMORT004,none,,2026-08-09T09:17:11.000Z,21.37447596,-157.73706256,UAV 1,2,1:3001:2630,ENMORT004,1:1:71:10:1:0:1,0,false,false,false,false,0
ENMORT002,none,,2026-08-09T09:17:11.000Z,21.37453609,-157.73721308,UAV 1,2,1:3001:2834,ENMORT002,1:1:71:10:1:0:1,0,false,false,false,false,0
ENMORT003,none,,2026-08-09T09:17:11.000Z,21.37463664,-157.73725624,UAV 1,2,1:3001:2865,ENMORT003,1:1:71:10:1:0:1,0,false,false,false,false,0
ENMORT005,none,,2026-08-09T09:17:11.000Z,21.37457651,-157.73710572,UAV 1,2,1:3001:2607,ENMORT005,1:1:71:10:1:0:1,0,false,false,false,false,0
FRTRK2004,move to,LOC_남측제1방어선,2026-08-09T09:17:11.000Z,21.38725857,-157.74452487,UAV 1,1,1:3001:2576,FRTRK2004,1:1:225:7:12:8:0,0,false,false,false,false,0
FRT80007,none,,2026-08-09T09:17:11.000Z,21.38084254,-157.74641584,UAV 1,1,1:3001:2804,FRT80007,1:1:222:1:1:1:0,0,false,false,false,false,0
FRT80008,none,,2026-08-09T09:17:11.000Z,21.38464318,-157.75021370,UAV 1,1,1:3001:2756,FRT80008,1:1:222:1:1:1:0,0,false,false,false,false,0
FRTRK2002,move to,LOC_남측제1방어선,2026-08-09T09:17:11.000Z,21.38724437,-157.74440843,UAV 1,1,1:3001:2827,FRTRK2002,1:1:225:7:12:8:0,0,false,false,false,false,0
FRTRK1002,move to,LOC_남측제1방어선,2026-08-09T09:17:11.000Z,21.38737944,-157.74445722,UAV 1,1,1:3001:2853,FRTRK1002,1:1:225:7:12:0:0,0,false,false,false,false,0
ENM35002,move to,LOC_적북측접근로,2026-08-09T09:17:11.000Z,21.37135240,-157.74165031,UAV 1,2,1:3001:2740,ENM35002,1:1:225:7:1:6:0,0,false,false,false,false,0
ENMORT001,none,,2026-08-09T09:17:11.000Z,21.37443553,-157.73716992,UAV 1,2,1:3001:2789,ENMORT001,1:1:71:10:1:0:1,0,false,false,false,false,0
ENMORT004,none,,2026-08-09T09:17:11.000Z,21.37447596,-157.73706256,UAV 1,2,1:3001:2630,ENMORT004,1:1:71:10:1:0:1,0,false,false,false,false,0
ENMORT002,none,,2026-08-09T09:17:11.000Z,21.37453609,-157.73721308,UAV 1,2,1:3001:2834,ENMORT002,1:1:71:10:1:0:1,0,false,false,false,false,0
ENMORT003,none,,2026-08-09T09:17:11.000Z,21.37463664,-157.73725624,UAV 1,2,1:3001:2865,ENMORT003,1:1:71:10:1:0:1,0,false,false,false,false,0
ENMORT005,none,,2026-08-09T09:17:11.000Z,21.37457651,-157.73710572,UAV 1,2,1:3001:2607,ENMORT005,1:1:71:10:1:0:1,0,false,false,false,false,0
FRTRK2004,move to,LOC_남측제1방어선,2026-08-09T09:17:11.000Z,21.38725886,-157.74452730,UAV 1,1,1:3001:2576,FRTRK2004,1:1:225:7:12:8:0,0,false,false,false,false,0
FRT80007,none,,2026-08-09T09:17:11.000Z,21.38084254,-157.74641584,UAV 1,1,1:3001:2804,FRT80007,1:1:222:1:1:1:0,0,false,false,false,false,0
FRT80008,none,,2026-08-09T09:17:11.000Z,21.38464318,-157.75021370,UAV 1,1,1:3001:2756,FRT80008,1:1:222:1:1:1:0,0,false,false,false,false,0
FRTRK2002,move to,LOC_남측제1방어선,2026-08-09T09:17:11.000Z,21.38724601,-157.74442252,UAV 1,1,1:3001:2827,FRTRK2002,1:1:225:7:12:8:0,0,false,false,false,false,0
FRTRK1002,move to,LOC_남측제1방어선,2026-08-09T09:17:11.000Z,21.38738342,-157.74448566,UAV 1,1,1:3001:2853,FRTRK1002,1:1:225:7:12:0:0,0,false,false,false,false,0
ENM35002,move to,LOC_적북측접근로,2026-08-09T09:17:11.000Z,21.37135784,-157.74162832,UAV 1,2,1:3001:2740,ENM35002,1:1:225:7:1:6:0,0,false,false,false,false,0
ENM35004,move to,LOC_적북측접근로,2026-08-09T09:17:11.000Z,21.37138324,-157.74152554,UAV 1,2,1:3001:2650,ENM35004,1:1:225:7:1:6:0,0,false,false,false,false,0
ENMORT001,none,,2026-08-09T09:17:12.000Z,21.37443553,-157.73716992,UAV 1,2,1:3001:2789,ENMORT001,1:1:71:10:1:0:1,0,false,false,false,false,0
ENMORT004,none,,2026-08-09T09:17:12.000Z,21.37447596,-157.73706256,UAV 1,2,1:3001:2630,ENMORT004,1:1:71:10:1:0:1,0,false,false,false,false,0
ENMORT002,none,,2026-08-09T09:17:12.000Z,21.37453609,-157.73721308,UAV 1,2,1:3001:2834,ENMORT002,1:1:71:10:1:0:1,0,false,false,false,false,0
ENMORT003,none,,2026-08-09T09:17:12.000Z,21.37463664,-157.73725624,UAV 1,2,1:3001:2865,ENMORT003,1:1:71:10:1:0:1,0,false,false,false,false,0
ENMORT005,none,,2026-08-09T09:17:12.000Z,21.37457651,-157.73710572,UAV 1,2,1:3001:2607,ENMORT005,1:1:71:10:1:0:1,0,false,false,false,false,0
FRTRK2004,move to,LOC_남측제1방어선,2026-08-09T09:17:12.000Z,21.38725886,-157.74452730,UAV 1,1,1:3001:2576,FRTRK2004,1:1:225:7:12:8:0,0,false,false,false,false,0
FRT80007,none,,2026-08-09T09:17:12.000Z,21.38084254,-157.74641584,UAV 1,1,1:3001:2804,FRT80007,1:1:222:1:1:1:0,0,false,false,false,false,0
FRT80008,none,,2026-08-09T09:17:12.000Z,21.38464318,-157.75021370,UAV 1,1,1:3001:2756,FRT80008,1:1:222:1:1:1:0,0,false,false,false,false,0
FRTRK2002,move to,LOC_남측제1방어선,2026-08-09T09:17:12.000Z,21.38724601,-157.74442252,UAV 1,1,1:3001:2827,FRTRK2002,1:1:225:7:12:8:0,0,false,false,false,false,0
FRTRK1002,move to,LOC_남측제1방어선,2026-08-09T09:17:12.000Z,21.38738342,-157.74448566,UAV 1,1,1:3001:2853,FRTRK1002,1:1:225:7:12:0:0,0,false,false,false,false,0
ENM35002,move to,LOC_적북측접근로,2026-08-09T09:17:12.000Z,21.37135784,-157.74162832,UAV 1,2,1:3001:2740,ENM35002,1:1:225:7:1:6:0,0,false,false,false,false,0
ENM35004,move to,LOC_적북측접근로,2026-08-09T09:17:12.000Z,21.37138324,-157.74152554,UAV 1,2,1:3001:2650,ENM35004,1:1:225:7:1:6:0,0,false,false,false,false,0
ENMORT001,none,,2026-08-09T09:17:12.000Z,21.37443553,-157.73716992,UAV 1,2,1:3001:2789,ENMORT001,1:1:71:10:1:0:1,0,false,false,false,false,0
ENMORT004,none,,2026-08-09T09:17:12.000Z,21.37447596,-157.73706256,UAV 1,2,1:3001:2630,ENMORT004,1:1:71:10:1:0:1,0,false,false,false,false,0
ENMORT002,none,,2026-08-09T09:17:12.000Z,21.37453609,-157.73721308,UAV 1,2,1:3001:2834,ENMORT002,1:1:71:10:1:0:1,0,false,false,false,false,0
ENMORT003,none,,2026-08-09T09:17:12.000Z,21.37463664,-157.73725624,UAV 1,2,1:3001:2865,ENMORT003,1:1:71:10:1:0:1,0,false,false,false,false,0
ENMORT005,none,,2026-08-09T09:17:12.000Z,21.37457651,-157.73710572,UAV 1,2,1:3001:2607,ENMORT005,1:1:71:10:1:0:1,0,false,false,false,false,0
FRTRK2004,move to,LOC_남측제1방어선,2026-08-09T09:17:12.000Z,21.38725886,-157.74452730,UAV 1,1,1:3001:2576,FRTRK2004,1:1:225:7:12:8:0,0,false,false,false,false,0
FRT80007,none,,2026-08-09T09:17:12.000Z,21.38084254,-157.74641584,UAV 1,1,1:3001:2804,FRT80007,1:1:222:1:1:1:0,0,false,false,false,false,0
FRT80008,none,,2026-08-09T09:17:12.000Z,21.38464318,-157.75021370,UAV 1,1,1:3001:2756,FRT80008,1:1:222:1:1:1:0,0,false,false,false,false,0
FRTRK2002,move to,LOC_남측제1방어선,2026-08-09T09:17:12.000Z,21.38724601,-157.74442252,UAV 1,1,1:3001:2827,FRTRK2002,1:1:225:7:12:8:0,0,false,false,false,false,0
FRTRK1002,move to,LOC_남측제1방어선,2026-08-09T09:17:12.000Z,21.38738342,-157.74448566,UAV 1,1,1:3001:2853,FRTRK1002,1:1:225:7:12:0:0,0,false,false,false,false,0
ENM35002,move to,LOC_적북측접근로,2026-08-09T09:17:12.000Z,21.37135784,-157.74162832,UAV 1,2,1:3001:2740,ENM35002,1:1:225:7:1:6:0,0,false,false,false,false,0
ENM35004,move to,LOC_적북측접근로,2026-08-09T09:17:12.000Z,21.37138324,-157.74152554,UAV 1,2,1:3001:2650,ENM35004,1:1:225:7:1:6:0,0,false,false,false,false,0
ENMORT001,none,,2026-08-09T09:17:13.000Z,21.37443553,-157.73716992,UAV 1,2,1:3001:2789,ENMORT001,1:1:71:10:1:0:1,0,false,false,false,false,0
ENMORT004,none,,2026-08-09T09:17:13.000Z,21.37447596,-157.73706256,UAV 1,2,1:3001:2630,ENMORT004,1:1:71:10:1:0:1,0,false,false,false,false,0
ENMORT002,none,,2026-08-09T09:17:13.000Z,21.37453609,-157.73721308,UAV 1,2,1:3001:2834,ENMORT002,1:1:71:10:1:0:1,0,false,false,false,false,0
ENMORT003,none,,2026-08-09T09:17:13.000Z,21.37463664,-157.73725624,UAV 1,2,1:3001:2865,ENMORT003,1:1:71:10:1:0:1,0,false,false,false,false,0
ENMORT005,none,,2026-08-09T09:17:13.000Z,21.37457651,-157.73710572,UAV 1,2,1:3001:2607,ENMORT005,1:1:71:10:1:0:1,0,false,false,false,false,0
FRTRK2004,move to,LOC_남측제1방어선,2026-08-09T09:17:13.000Z,21.38725886,-157.74452730,UAV 1,1,1:3001:2576,FRTRK2004,1:1:225:7:12:8:0,0,false,false,false,false,0
FRT80007,none,,2026-08-09T09:17:13.000Z,21.38084254,-157.74641584,UAV 1,1,1:3001:2804,FRT80007,1:1:222:1:1:1:0,0,false,false,false,false,0
FRT80008,none,,2026-08-09T09:17:13.000Z,21.38464318,-157.75021370,UAV 1,1,1:3001:2756,FRT80008,1:1:222:1:1:1:0,0,false,false,false,false,0
FRTRK2002,move to,LOC_남측제1방어선,2026-08-09T09:17:13.000Z,21.38724601,-157.74442252,UAV 1,1,1:3001:2827,FRTRK2002,1:1:225:7:12:8:0,0,false,false,false,false,0
FRTRK1002,move to,LOC_남측제1방어선,2026-08-09T09:17:13.000Z,21.38738342,-157.74448566,UAV 1,1,1:3001:2853,FRTRK1002,1:1:225:7:12:0:0,0,false,false,false,false,0
ENM35002,move to,LOC_적북측접근로,2026-08-09T09:17:13.000Z,21.37135784,-157.74162832,UAV 1,2,1:3001:2740,ENM35002,1:1:225:7:1:6:0,0,false,false,false,false,0
ENM35004,move to,LOC_적북측접근로,2026-08-09T09:17:13.000Z,21.37138324,-157.74152554,UAV 1,2,1:3001:2650,ENM35004,1:1:225:7:1:6:0,0,false,false,false,false,0
ENMORT001,none,,2026-08-09T09:17:13.000Z,21.37443553,-157.73716992,UAV 1,2,1:3001:2789,ENMORT001,1:1:71:10:1:0:1,0,false,false,false,false,0
ENMORT004,none,,2026-08-09T09:17:13.000Z,21.37447596,-157.73706256,UAV 1,2,1:3001:2630,ENMORT004,1:1:71:10:1:0:1,0,false,false,false,false,0
ENMORT002,none,,2026-08-09T09:17:13.000Z,21.37453609,-157.73721308,UAV 1,2,1:3001:2834,ENMORT002,1:1:71:10:1:0:1,0,false,false,false,false,0
ENMORT003,none,,2026-08-09T09:17:13.000Z,21.37463664,-157.73725624,UAV 1,2,1:3001:2865,ENMORT003,1:1:71:10:1:0:1,0,false,false,false,false,0
ENMORT005,none,,2026-08-09T09:17:13.000Z,21.37457651,-157.73710572,UAV 1,2,1:3001:2607,ENMORT005,1:1:71:10:1:0:1,0,false,false,false,false,0
FRTRK2004,move to,LOC_남측제1방어선,2026-08-09T09:17:13.000Z,21.38725908,-157.74452927,UAV 1,1,1:3001:2576,FRTRK2004,1:1:225:7:12:8:0,0,false,false,false,false,0
FRT80007,none,,2026-08-09T09:17:13.000Z,21.38084254,-157.74641584,UAV 1,1,1:3001:2804,FRT80007,1:1:222:1:1:1:0,0,false,false,false,false,0
FRT80008,none,,2026-08-09T09:17:13.000Z,21.38464318,-157.75021370,UAV 1,1,1:3001:2756,FRT80008,1:1:222:1:1:1:0,0,false,false,false,false,0
FRTRK2002,move to,LOC_남측제1방어선,2026-08-09T09:17:13.000Z,21.38724802,-157.74443986,UAV 1,1,1:3001:2827,FRTRK2002,1:1:225:7:12:8:0,0,false,false,false,false,0
FRTRK1004,move to,LOC_남측제1방어선,2026-08-09T09:17:13.000Z,21.38742444,-157.74447305,UAV 1,1,1:3001:2898,FRTRK1004,1:1:225:7:12:0:0,0,false,false,false,false,0
ENMORT001,none,,2026-08-09T09:17:14.000Z,21.37443553,-157.73716992,UAV 1,2,1:3001:2789,ENMORT001,1:1:71:10:1:0:1,0,false,false,false,false,0
ENMORT004,none,,2026-08-09T09:17:14.000Z,21.37447596,-157.73706256,UAV 1,2,1:3001:2630,ENMORT004,1:1:71:10:1:0:1,0,false,false,false,false,0
ENMORT002,none,,2026-08-09T09:17:14.000Z,21.37453609,-157.73721308,UAV 1,2,1:3001:2834,ENMORT002,1:1:71:10:1:0:1,0,false,false,false,false,0
ENMORT003,none,,2026-08-09T09:17:14.000Z,21.37463664,-157.73725624,UAV 1,2,1:3001:2865,ENMORT003,1:1:71:10:1:0:1,0,false,false,false,false,0
ENMORT005,none,,2026-08-09T09:17:14.000Z,21.37457651,-157.73710572,UAV 1,2,1:3001:2607,ENMORT005,1:1:71:10:1:0:1,0,false,false,false,false,0
FRTRK2004,move to,LOC_남측제1방어선,2026-08-09T09:17:14.000Z,21.38725908,-157.74452927,UAV 1,1,1:3001:2576,FRTRK2004,1:1:225:7:12:8:0,0,false,false,false,false,0
FRT80007,none,,2026-08-09T09:17:14.000Z,21.38084254,-157.74641584,UAV 1,1,1:3001:2804,FRT80007,1:1:222:1:1:1:0,0,false,false,false,false,0
FRT80008,none,,2026-08-09T09:17:14.000Z,21.38464318,-157.75021370,UAV 1,1,1:3001:2756,FRT80008,1:1:222:1:1:1:0,0,false,false,false,false,0
FRTRK2002,move to,LOC_남측제1방어선,2026-08-09T09:17:14.000Z,21.38724802,-157.74443986,UAV 1,1,1:3001:2827,FRTRK2002,1:1:225:7:12:8:0,0,false,false,false,false,0
FRTRK1004,move to,LOC_남측제1방어선,2026-08-09T09:17:14.000Z,21.38742444,-157.74447305,UAV 1,1,1:3001:2898,FRTRK1004,1:1:225:7:12:0:0,0,false,false,false,false,0
ENMORT001,none,,2026-08-09T09:17:14.000Z,21.37443553,-157.73716992,UAV 1,2,1:3001:2789,ENMORT001,1:1:71:10:1:0:1,0,false,false,false,false,0
ENMORT004,none,,2026-08-09T09:17:14.000Z,21.37447596,-157.73706256,UAV 1,2,1:3001:2630,ENMORT004,1:1:71:10:1:0:1,0,false,false,false,false,0
ENMORT002,none,,2026-08-09T09:17:14.000Z,21.37453609,-157.73721308,UAV 1,2,1:3001:2834,ENMORT002,1:1:71:10:1:0:1,0,false,false,false,false,0
ENMORT003,none,,2026-08-09T09:17:14.000Z,21.37463664,-157.73725624,UAV 1,2,1:3001:2865,ENMORT003,1:1:71:10:1:0:1,0,false,false,false,false,0
ENMORT005,none,,2026-08-09T09:17:14.000Z,21.37457651,-157.73710572,UAV 1,2,1:3001:2607,ENMORT005,1:1:71:10:1:0:1,0,false,false,false,false,0
FRTRK2004,move to,LOC_남측제1방어선,2026-08-09T09:17:14.000Z,21.38725908,-157.74452927,UAV 1,1,1:3001:2576,FRTRK2004,1:1:225:7:12:8:0,0,false,false,false,false,0
FRT80007,none,,2026-08-09T09:17:14.000Z,21.38084254,-157.74641584,UAV 1,1,1:3001:2804,FRT80007,1:1:222:1:1:1:0,0,false,false,false,false,0
FRT80008,none,,2026-08-09T09:17:14.000Z,21.38464318,-157.75021370,UAV 1,1,1:3001:2756,FRT80008,1:1:222:1:1:1:0,0,false,false,false,false,0
FRTRK2002,move to,LOC_남측제1방어선,2026-08-09T09:17:14.000Z,21.38724802,-157.74443986,UAV 1,1,1:3001:2827,FRTRK2002,1:1:225:7:12:8:0,0,false,false,false,false,0
FRTRK1004,move to,LOC_남측제1방어선,2026-08-09T09:17:14.000Z,21.38742444,-157.74447305,UAV 1,1,1:3001:2898,FRTRK1004,1:1:225:7:12:0:0,0,false,false,false,false,0
ENMORT001,none,,2026-08-09T09:17:15.000Z,21.37443553,-157.73716992,UAV 1,2,1:3001:2789,ENMORT001,1:1:71:10:1:0:1,0,false,false,false,false,0
ENMORT004,none,,2026-08-09T09:17:15.000Z,21.37447596,-157.73706256,UAV 1,2,1:3001:2630,ENMORT004,1:1:71:10:1:0:1,0,false,false,false,false,0
ENMORT002,none,,2026-08-09T09:17:15.000Z,21.37453609,-157.73721308,UAV 1,2,1:3001:2834,ENMORT002,1:1:71:10:1:0:1,0,false,false,false,false,0
ENMORT003,none,,2026-08-09T09:17:15.000Z,21.37463664,-157.73725624,UAV 1,2,1:3001:2865,ENMORT003,1:1:71:10:1:0:1,0,false,false,false,false,0
ENMORT005,none,,2026-08-09T09:17:15.000Z,21.37457651,-157.73710572,UAV 1,2,1:3001:2607,ENMORT005,1:1:71:10:1:0:1,0,false,false,false,false,0
FRTRK2004,move to,LOC_남측제1방어선,2026-08-09T09:17:15.000Z,21.38725908,-157.74452927,UAV 1,1,1:3001:2576,FRTRK2004,1:1:225:7:12:8:0,0,false,false,false,false,0
FRT80007,none,,2026-08-09T09:17:15.000Z,21.38084254,-157.74641584,UAV 1,1,1:3001:2804,FRT80007,1:1:222:1:1:1:0,0,false,false,false,false,0
FRT80008,none,,2026-08-09T09:17:15.000Z,21.38464318,-157.75021370,UAV 1,1,1:3001:2756,FRT80008,1:1:222:1:1:1:0,0,false,false,false,false,0
FRTRK2002,move to,LOC_남측제1방어선,2026-08-09T09:17:15.000Z,21.38724802,-157.74443986,UAV 1,1,1:3001:2827,FRTRK2002,1:1:225:7:12:8:0,0,false,false,false,false,0
FRTRK1004,move to,LOC_남측제1방어선,2026-08-09T09:17:15.000Z,21.38742444,-157.74447305,UAV 1,1,1:3001:2898,FRTRK1004,1:1:225:7:12:0:0,0,false,false,false,false,0
ENMORT001,none,,2026-08-09T09:17:16.000Z,21.37443553,-157.73716992,UAV 1,2,1:3001:2789,ENMORT001,1:1:71:10:1:0:1,0,false,false,false,false,0
ENMORT004,none,,2026-08-09T09:17:16.000Z,21.37447596,-157.73706256,UAV 1,2,1:3001:2630,ENMORT004,1:1:71:10:1:0:1,0,false,false,false,false,0
ENMORT002,none,,2026-08-09T09:17:16.000Z,21.37453609,-157.73721308,UAV 1,2,1:3001:2834,ENMORT002,1:1:71:10:1:0:1,0,false,false,false,false,0
ENMORT003,none,,2026-08-09T09:17:16.000Z,21.37463664,-157.73725624,UAV 1,2,1:3001:2865,ENMORT003,1:1:71:10:1:0:1,0,false,false,false,false,0
ENMORT005,none,,2026-08-09T09:17:16.000Z,21.37457651,-157.73710572,UAV 1,2,1:3001:2607,ENMORT005,1:1:71:10:1:0:1,0,false,false,false,false,0
FRTRK2004,move to,LOC_남측제1방어선,2026-08-09T09:17:16.000Z,21.38725913,-157.74452964,UAV 1,1,1:3001:2576,FRTRK2004,1:1:225:7:12:8:0,0,false,false,false,false,0
FRT80007,none,,2026-08-09T09:17:16.000Z,21.38084254,-157.74641584,UAV 1,1,1:3001:2804,FRT80007,1:1:222:1:1:1:0,0,false,false,false,false,0
FRT80008,none,,2026-08-09T09:17:16.000Z,21.38464318,-157.75021370,UAV 1,1,1:3001:2756,FRT80008,1:1:222:1:1:1:0,0,false,false,false,false,0
FRTRK2002,move to,LOC_남측제1방어선,2026-08-09T09:17:16.000Z,21.38725029,-157.74445946,UAV 1,1,1:3001:2827,FRTRK2002,1:1:225:7:12:8:0,0,false,false,false,false,0
FRTRK1004,move to,LOC_남측제1방어선,2026-08-09T09:17:16.000Z,21.38742035,-157.74444542,UAV 1,1,1:3001:2898,FRTRK1004,1:1:225:7:12:0:0,0,false,false,false,false,0
ENM35003,move to,LOC_적북측접근로,2026-08-09T09:17:16.000Z,21.37135459,-157.74163694,UAV 1,2,1:3001:2894,ENM35003,1:1:225:7:1:6:0,0,false,false,false,false,0
ENMORT001,none,,2026-08-09T09:17:16.000Z,21.37443553,-157.73716992,UAV 1,2,1:3001:2789,ENMORT001,1:1:71:10:1:0:1,0,false,false,false,false,0
ENMORT004,none,,2026-08-09T09:17:16.000Z,21.37447596,-157.73706256,UAV 1,2,1:3001:2630,ENMORT004,1:1:71:10:1:0:1,0,false,false,false,false,0
ENMORT002,none,,2026-08-09T09:17:16.000Z,21.37453609,-157.73721308,UAV 1,2,1:3001:2834,ENMORT002,1:1:71:10:1:0:1,0,false,false,false,false,0
ENMORT003,none,,2026-08-09T09:17:16.000Z,21.37463664,-157.73725624,UAV 1,2,1:3001:2865,ENMORT003,1:1:71:10:1:0:1,0,false,false,false,false,0
ENMORT005,none,,2026-08-09T09:17:16.000Z,21.37457651,-157.73710572,UAV 1,2,1:3001:2607,ENMORT005,1:1:71:10:1:0:1,0,false,false,false,false,0
FRTRK2004,move to,LOC_남측제1방어선,2026-08-09T09:17:16.000Z,21.38725913,-157.74452964,UAV 1,1,1:3001:2576,FRTRK2004,1:1:225:7:12:8:0,0,false,false,false,false,0
FRT80007,none,,2026-08-09T09:17:16.000Z,21.38084254,-157.74641584,UAV 1,1,1:3001:2804,FRT80007,1:1:222:1:1:1:0,0,false,false,false,false,0
FRT80008,none,,2026-08-09T09:17:16.000Z,21.38464318,-157.75021370,UAV 1,1,1:3001:2756,FRT80008,1:1:222:1:1:1:0,0,false,false,false,false,0
FRTRK2002,move to,LOC_남측제1방어선,2026-08-09T09:17:16.000Z,21.38725029,-157.74445946,UAV 1,1,1:3001:2827,FRTRK2002,1:1:225:7:12:8:0,0,false,false,false,false,0
FRTRK1004,move to,LOC_남측제1방어선,2026-08-09T09:17:16.000Z,21.38742035,-157.74444542,UAV 1,1,1:3001:2898,FRTRK1004,1:1:225:7:12:0:0,0,false,false,false,false,0
ENM35003,move to,LOC_적북측접근로,2026-08-09T09:17:16.000Z,21.37135459,-157.74163694,UAV 1,2,1:3001:2894,ENM35003,1:1:225:7:1:6:0,0,false,false,false,false,0
ENMORT001,none,,2026-08-09T09:17:17.000Z,21.37443553,-157.73716992,UAV 1,2,1:3001:2789,ENMORT001,1:1:71:10:1:0:1,0,false,false,false,false,0
ENMORT004,none,,2026-08-09T09:17:17.000Z,21.37447596,-157.73706256,UAV 1,2,1:3001:2630,ENMORT004,1:1:71:10:1:0:1,0,false,false,false,false,0
ENMORT002,none,,2026-08-09T09:17:17.000Z,21.37453609,-157.73721308,UAV 1,2,1:3001:2834,ENMORT002,1:1:71:10:1:0:1,0,false,false,false,false,0
ENMORT003,none,,2026-08-09T09:17:17.000Z,21.37463664,-157.73725624,UAV 1,2,1:3001:2865,ENMORT003,1:1:71:10:1:0:1,0,false,false,false,false,0
ENMORT005,none,,2026-08-09T09:17:17.000Z,21.37457651,-157.73710572,UAV 1,2,1:3001:2607,ENMORT005,1:1:71:10:1:0:1,0,false,false,false,false,0
FRTRK2004,move to,LOC_남측제1방어선,2026-08-09T09:17:17.000Z,21.38725913,-157.74452964,UAV 1,1,1:3001:2576,FRTRK2004,1:1:225:7:12:8:0,0,false,false,false,false,0
FRT80007,none,,2026-08-09T09:17:17.000Z,21.38084254,-157.74641584,UAV 1,1,1:3001:2804,FRT80007,1:1:222:1:1:1:0,0,false,false,false,false,0
FRT80008,none,,2026-08-09T09:17:17.000Z,21.38464318,-157.75021370,UAV 1,1,1:3001:2756,FRT80008,1:1:222:1:1:1:0,0,false,false,false,false,0
FRTRK2002,move to,LOC_남측제1방어선,2026-08-09T09:17:17.000Z,21.38725029,-157.74445946,UAV 1,1,1:3001:2827,FRTRK2002,1:1:225:7:12:8:0,0,false,false,false,false,0
FRTRK1004,move to,LOC_남측제1방어선,2026-08-09T09:17:17.000Z,21.38742035,-157.74444542,UAV 1,1,1:3001:2898,FRTRK1004,1:1:225:7:12:0:0,0,false,false,false,false,0
ENM35003,move to,LOC_적북측접근로,2026-08-09T09:17:17.000Z,21.37135459,-157.74163694,UAV 1,2,1:3001:2894,ENM35003,1:1:225:7:1:6:0,0,false,false,false,false,0
ENMORT001,none,,2026-08-09T09:17:17.000Z,21.37443553,-157.73716992,UAV 1,2,1:3001:2789,ENMORT001,1:1:71:10:1:0:1,0,false,false,false,false,0
ENMORT004,none,,2026-08-09T09:17:17.000Z,21.37447596,-157.73706256,UAV 1,2,1:3001:2630,ENMORT004,1:1:71:10:1:0:1,0,false,false,false,false,0
ENMORT002,none,,2026-08-09T09:17:17.000Z,21.37453609,-157.73721308,UAV 1,2,1:3001:2834,ENMORT002,1:1:71:10:1:0:1,0,false,false,false,false,0
ENMORT003,none,,2026-08-09T09:17:17.000Z,21.37463664,-157.73725624,UAV 1,2,1:3001:2865,ENMORT003,1:1:71:10:1:0:1,0,false,false,false,false,0
ENMORT005,none,,2026-08-09T09:17:17.000Z,21.37457651,-157.73710572,UAV 1,2,1:3001:2607,ENMORT005,1:1:71:10:1:0:1,0,false,false,false,false,0
FRTRK2004,move to,LOC_남측제1방어선,2026-08-09T09:17:17.000Z,21.38725913,-157.74452964,UAV 1,1,1:3001:2576,FRTRK2004,1:1:225:7:12:8:0,0,false,false,false,false,0
FRT80007,none,,2026-08-09T09:17:17.000Z,21.38084254,-157.74641584,UAV 1,1,1:3001:2804,FRT80007,1:1:222:1:1:1:0,0,false,false,false,false,0
FRT80008,none,,2026-08-09T09:17:17.000Z,21.38464318,-157.75021370,UAV 1,1,1:3001:2756,FRT80008,1:1:222:1:1:1:0,0,false,false,false,false,0
FRTRK2002,move to,LOC_남측제1방어선,2026-08-09T09:17:17.000Z,21.38725029,-157.74445946,UAV 1,1,1:3001:2827,FRTRK2002,1:1:225:7:12:8:0,0,false,false,false,false,0
FRTRK1004,move to,LOC_남측제1방어선,2026-08-09T09:17:17.000Z,21.38742035,-157.74444542,UAV 1,1,1:3001:2898,FRTRK1004,1:1:225:7:12:0:0,0,false,false,false,false,0
ENM35003,move to,LOC_적북측접근로,2026-08-09T09:17:17.000Z,21.37135459,-157.74163694,UAV 1,2,1:3001:2894,ENM35003,1:1:225:7:1:6:0,0,false,false,false,false,0
ENMORT001,none,,2026-08-09T09:17:18.000Z,21.37443553,-157.73716992,UAV 1,2,1:3001:2789,ENMORT001,1:1:71:10:1:0:1,0,false,false,false,false,0
ENMORT004,none,,2026-08-09T09:17:18.000Z,21.37447596,-157.73706256,UAV 1,2,1:3001:2630,ENMORT004,1:1:71:10:1:0:1,0,false,false,false,false,0
ENMORT002,none,,2026-08-09T09:17:18.000Z,21.37453609,-157.73721308,UAV 1,2,1:3001:2834,ENMORT002,1:1:71:10:1:0:1,0,false,false,false,false,0
ENMORT003,none,,2026-08-09T09:17:18.000Z,21.37463664,-157.73725624,UAV 1,2,1:3001:2865,ENMORT003,1:1:71:10:1:0:1,0,false,false,false,false,0
ENMORT005,none,,2026-08-09T09:17:18.000Z,21.37457651,-157.73710572,UAV 1,2,1:3001:2607,ENMORT005,1:1:71:10:1:0:1,0,false,false,false,false,0
FRTRK2004,move to,LOC_남측제1방어선,2026-08-09T09:17:18.000Z,21.38725895,-157.74452813,UAV 1,1,1:3001:2576,FRTRK2004,1:1:225:7:12:8:0,0,false,false,false,false,0
FRT80007,none,,2026-08-09T09:17:18.000Z,21.38084254,-157.74641584,UAV 1,1,1:3001:2804,FRT80007,1:1:222:1:1:1:0,0,false,false,false,false,0
FRT80008,none,,2026-08-09T09:17:18.000Z,21.38464318,-157.75021370,UAV 1,1,1:3001:2756,FRT80008,1:1:222:1:1:1:0,0,false,false,false,false,0
FRTRK2002,move to,LOC_남측제1방어선,2026-08-09T09:17:18.000Z,21.38725275,-157.74448066,UAV 1,1,1:3001:2827,FRTRK2002,1:1:225:7:12:8:0,0,false,false,false,false,0
FRTRK1004,move to,LOC_남측제1방어선,2026-08-09T09:17:18.000Z,21.38742068,-157.74444763,UAV 1,1,1:3001:2898,FRTRK1004,1:1:225:7:12:0:0,0,false,false,false,false,0
ENM35003,move to,LOC_적북측접근로,2026-08-09T09:17:18.000Z,21.37135040,-157.74165467,UAV 1,2,1:3001:2894,ENM35003,1:1:225:7:1:6:0,0,false,false,false,false,0
ENM35004,move to,LOC_적북측접근로,2026-08-09T09:17:18.000Z,21.37136743,-157.74158946,UAV 1,2,1:3001:2650,ENM35004,1:1:225:7:1:6:0,0,false,false,false,false,0
FRTRK1002,move to,LOC_남측제1방어선,2026-08-09T09:17:18.000Z,21.38738382,-157.74448850,UAV 1,1,1:3001:2853,FRTRK1002,1:1:225:7:12:0:0,0,false,false,false,false,0
ENMORT001,none,,2026-08-09T09:17:18.000Z,21.37443553,-157.73716992,UAV 1,2,1:3001:2789,ENMORT001,1:1:71:10:1:0:1,0,false,false,false,false,0
ENMORT004,none,,2026-08-09T09:17:18.000Z,21.37447596,-157.73706256,UAV 1,2,1:3001:2630,ENMORT004,1:1:71:10:1:0:1,0,false,false,false,false,0
ENMORT002,none,,2026-08-09T09:17:18.000Z,21.37453609,-157.73721308,UAV 1,2,1:3001:2834,ENMORT002,1:1:71:10:1:0:1,0,false,false,false,false,0
ENMORT003,none,,2026-08-09T09:17:18.000Z,21.37463664,-157.73725624,UAV 1,2,1:3001:2865,ENMORT003,1:1:71:10:1:0:1,0,false,false,false,false,0
ENMORT005,none,,2026-08-09T09:17:18.000Z,21.37457651,-157.73710572,UAV 1,2,1:3001:2607,ENMORT005,1:1:71:10:1:0:1,0,false,false,false,false,0
FRTRK2004,move to,LOC_남측제1방어선,2026-08-09T09:17:18.000Z,21.38725895,-157.74452813,UAV 1,1,1:3001:2576,FRTRK2004,1:1:225:7:12:8:0,0,false,false,false,false,0
FRT80007,none,,2026-08-09T09:17:18.000Z,21.38084254,-157.74641584,UAV 1,1,1:3001:2804,FRT80007,1:1:222:1:1:1:0,0,false,false,false,false,0
FRT80008,none,,2026-08-09T09:17:18.000Z,21.38464318,-157.75021370,UAV 1,1,1:3001:2756,FRT80008,1:1:222:1:1:1:0,0,false,false,false,false,0
FRTRK2002,move to,LOC_남측제1방어선,2026-08-09T09:17:18.000Z,21.38725275,-157.74448066,UAV 1,1,1:3001:2827,FRTRK2002,1:1:225:7:12:8:0,0,false,false,false,false,0
FRTRK1004,move to,LOC_남측제1방어선,2026-08-09T09:17:18.000Z,21.38742068,-157.74444763,UAV 1,1,1:3001:2898,FRTRK1004,1:1:225:7:12:0:0,0,false,false,false,false,0
ENM35003,move to,LOC_적북측접근로,2026-08-09T09:17:18.000Z,21.37135040,-157.74165467,UAV 1,2,1:3001:2894,ENM35003,1:1:225:7:1:6:0,0,false,false,false,false,0
ENM35004,move to,LOC_적북측접근로,2026-08-09T09:17:18.000Z,21.37136743,-157.74158946,UAV 1,2,1:3001:2650,ENM35004,1:1:225:7:1:6:0,0,false,false,false,false,0
FRTRK1002,move to,LOC_남측제1방어선,2026-08-09T09:17:18.000Z,21.38738382,-157.74448850,UAV 1,1,1:3001:2853,FRTRK1002,1:1:225:7:12:0:0,0,false,false,false,false,0
ENMORT001,none,,2026-08-09T09:17:19.000Z,21.37443553,-157.73716992,UAV 1,2,1:3001:2789,ENMORT001,1:1:71:10:1:0:1,0,false,false,false,false,0
ENMORT004,none,,2026-08-09T09:17:19.000Z,21.37447596,-157.73706256,UAV 1,2,1:3001:2630,ENMORT004,1:1:71:10:1:0:1,0,false,false,false,false,0
ENMORT002,none,,2026-08-09T09:17:19.000Z,21.37453609,-157.73721308,UAV 1,2,1:3001:2834,ENMORT002,1:1:71:10:1:0:1,0,false,false,false,false,0
ENMORT003,none,,2026-08-09T09:17:19.000Z,21.37463664,-157.73725624,UAV 1,2,1:3001:2865,ENMORT003,1:1:71:10:1:0:1,0,false,false,false,false,0
ENMORT005,none,,2026-08-09T09:17:19.000Z,21.37457651,-157.73710572,UAV 1,2,1:3001:2607,ENMORT005,1:1:71:10:1:0:1,0,false,false,false,false,0
FRTRK2004,move to,LOC_남측제1방어선,2026-08-09T09:17:19.000Z,21.38725895,-157.74452813,UAV 1,1,1:3001:2576,FRTRK2004,1:1:225:7:12:8:0,0,false,false,false,false,0
FRT80007,none,,2026-08-09T09:17:19.000Z,21.38084254,-157.74641584,UAV 1,1,1:3001:2804,FRT80007,1:1:222:1:1:1:0,0,false,false,false,false,0
FRT80008,none,,2026-08-09T09:17:19.000Z,21.38464318,-157.75021370,UAV 1,1,1:3001:2756,FRT80008,1:1:222:1:1:1:0,0,false,false,false,false,0
FRTRK2002,move to,LOC_남측제1방어선,2026-08-09T09:17:19.000Z,21.38725275,-157.74448066,UAV 1,1,1:3001:2827,FRTRK2002,1:1:225:7:12:8:0,0,false,false,false,false,0
FRTRK1004,move to,LOC_남측제1방어선,2026-08-09T09:17:19.000Z,21.38742068,-157.74444763,UAV 1,1,1:3001:2898,FRTRK1004,1:1:225:7:12:0:0,0,false,false,false,false,0
ENM35003,move to,LOC_적북측접근로,2026-08-09T09:17:19.000Z,21.37135040,-157.74165467,UAV 1,2,1:3001:2894,ENM35003,1:1:225:7:1:6:0,0,false,false,false,false,0
ENM35004,move to,LOC_적북측접근로,2026-08-09T09:17:19.000Z,21.37136743,-157.74158946,UAV 1,2,1:3001:2650,ENM35004,1:1:225:7:1:6:0,0,false,false,false,false,0
FRTRK1002,move to,LOC_남측제1방어선,2026-08-09T09:17:19.000Z,21.38738382,-157.74448850,UAV 1,1,1:3001:2853,FRTRK1002,1:1:225:7:12:0:0,0,false,false,false,false,0
ENMORT001,none,,2026-08-09T09:17:19.000Z,21.37443553,-157.73716992,UAV 1,2,1:3001:2789,ENMORT001,1:1:71:10:1:0:1,0,false,false,false,false,0
ENMORT004,none,,2026-08-09T09:17:19.000Z,21.37447596,-157.73706256,UAV 1,2,1:3001:2630,ENMORT004,1:1:71:10:1:0:1,0,false,false,false,false,0
ENMORT002,none,,2026-08-09T09:17:19.000Z,21.37453609,-157.73721308,UAV 1,2,1:3001:2834,ENMORT002,1:1:71:10:1:0:1,0,false,false,false,false,0
ENMORT003,none,,2026-08-09T09:17:19.000Z,21.37463664,-157.73725624,UAV 1,2,1:3001:2865,ENMORT003,1:1:71:10:1:0:1,0,false,false,false,false,0
ENMORT005,none,,2026-08-09T09:17:19.000Z,21.37457651,-157.73710572,UAV 1,2,1:3001:2607,ENMORT005,1:1:71:10:1:0:1,0,false,false,false,false,0
FRTRK2004,move to,LOC_남측제1방어선,2026-08-09T09:17:19.000Z,21.38725895,-157.74452813,UAV 1,1,1:3001:2576,FRTRK2004,1:1:225:7:12:8:0,0,false,false,false,false,0
FRT80007,none,,2026-08-09T09:17:19.000Z,21.38084254,-157.74641584,UAV 1,1,1:3001:2804,FRT80007,1:1:222:1:1:1:0,0,false,false,false,false,0
FRT80008,none,,2026-08-09T09:17:19.000Z,21.38464318,-157.75021370,UAV 1,1,1:3001:2756,FRT80008,1:1:222:1:1:1:0,0,false,false,false,false,0
FRTRK2002,move to,LOC_남측제1방어선,2026-08-09T09:17:19.000Z,21.38725275,-157.74448066,UAV 1,1,1:3001:2827,FRTRK2002,1:1:225:7:12:8:0,0,false,false,false,false,0
FRTRK1004,move to,LOC_남측제1방어선,2026-08-09T09:17:19.000Z,21.38742068,-157.74444763,UAV 1,1,1:3001:2898,FRTRK1004,1:1:225:7:12:0:0,0,false,false,false,false,0
ENM35003,move to,LOC_적북측접근로,2026-08-09T09:17:19.000Z,21.37135040,-157.74165467,UAV 1,2,1:3001:2894,ENM35003,1:1:225:7:1:6:0,0,false,false,false,false,0
ENM35004,move to,LOC_적북측접근로,2026-08-09T09:17:19.000Z,21.37136743,-157.74158946,UAV 1,2,1:3001:2650,ENM35004,1:1:225:7:1:6:0,0,false,false,false,false,0
FRTRK1002,move to,LOC_남측제1방어선,2026-08-09T09:17:19.000Z,21.38738382,-157.74448850,UAV 1,1,1:3001:2853,FRTRK1002,1:1:225:7:12:0:0,0,false,false,false,false,0
ENMORT001,none,,2026-08-09T09:17:20.000Z,21.37443553,-157.73716992,UAV 1,2,1:3001:2789,ENMORT001,1:1:71:10:1:0:1,0,false,false,false,false,0
ENMORT004,none,,2026-08-09T09:17:20.000Z,21.37447596,-157.73706256,UAV 1,2,1:3001:2630,ENMORT004,1:1:71:10:1:0:1,0,false,false,false,false,0
ENMORT002,none,,2026-08-09T09:17:20.000Z,21.37453609,-157.73721308,UAV 1,2,1:3001:2834,ENMORT002,1:1:71:10:1:0:1,0,false,false,false,false,0
ENMORT003,none,,2026-08-09T09:17:20.000Z,21.37463664,-157.73725624,UAV 1,2,1:3001:2865,ENMORT003,1:1:71:10:1:0:1,0,false,false,false,false,0
ENMORT005,none,,2026-08-09T09:17:20.000Z,21.37457651,-157.73710572,UAV 1,2,1:3001:2607,ENMORT005,1:1:71:10:1:0:1,0,false,false,false,false,0
FRTRK2004,move to,LOC_남측제1방어선,2026-08-09T09:17:20.000Z,21.38725867,-157.74452567,UAV 1,1,1:3001:2576,FRTRK2004,1:1:225:7:12:8:0,0,false,false,false,false,0
FRT80007,none,,2026-08-09T09:17:20.000Z,21.38084254,-157.74641584,UAV 1,1,1:3001:2804,FRT80007,1:1:222:1:1:1:0,0,false,false,false,false,0
FRT80008,none,,2026-08-09T09:17:20.000Z,21.38464318,-157.75021370,UAV 1,1,1:3001:2756,FRT80008,1:1:222:1:1:1:0,0,false,false,false,false,0
FRTRK1002,move to,LOC_남측제1방어선,2026-08-09T09:17:20.000Z,21.38737828,-157.74444889,UAV 1,1,1:3001:2853,FRTRK1002,1:1:225:7:12:0:0,0,false,false,false,false,0
FRTRK2003,move to,LOC_남측제1방어선,2026-08-09T09:17:20.000Z,21.38729285,-157.74445183,UAV 1,1,1:3001:2863,FRTRK2003,1:1:225:7:12:8:0,0,false,false,false,false,0
ENMORT001,none,,2026-08-09T09:17:20.000Z,21.37443553,-157.73716992,UAV 1,2,1:3001:2789,ENMORT001,1:1:71:10:1:0:1,0,false,false,false,false,0
ENMORT004,none,,2026-08-09T09:17:20.000Z,21.37447596,-157.73706256,UAV 1,2,1:3001:2630,ENMORT004,1:1:71:10:1:0:1,0,false,false,false,false,0
ENMORT002,none,,2026-08-09T09:17:20.000Z,21.37453609,-157.73721308,UAV 1,2,1:3001:2834,ENMORT002,1:1:71:10:1:0:1,0,false,false,false,false,0
ENMORT003,none,,2026-08-09T09:17:20.000Z,21.37463664,-157.73725624,UAV 1,2,1:3001:2865,ENMORT003,1:1:71:10:1:0:1,0,false,false,false,false,0
ENMORT005,none,,2026-08-09T09:17:20.000Z,21.37457651,-157.73710572,UAV 1,2,1:3001:2607,ENMORT005,1:1:71:10:1:0:1,0,false,false,false,false,0
FRTRK2004,move to,LOC_남측제1방어선,2026-08-09T09:17:20.000Z,21.38725867,-157.74452567,UAV 1,1,1:3001:2576,FRTRK2004,1:1:225:7:12:8:0,0,false,false,false,false,0
FRT80007,none,,2026-08-09T09:17:20.000Z,21.38084254,-157.74641584,UAV 1,1,1:3001:2804,FRT80007,1:1:222:1:1:1:0,0,false,false,false,false,0
FRT80008,none,,2026-08-09T09:17:20.000Z,21.38464318,-157.75021370,UAV 1,1,1:3001:2756,FRT80008,1:1:222:1:1:1:0,0,false,false,false,false,0
FRTRK1002,move to,LOC_남측제1방어선,2026-08-09T09:17:20.000Z,21.38737828,-157.74444889,UAV 1,1,1:3001:2853,FRTRK1002,1:1:225:7:12:0:0,0,false,false,false,false,0
FRTRK2003,move to,LOC_남측제1방어선,2026-08-09T09:17:20.000Z,21.38729285,-157.74445183,UAV 1,1,1:3001:2863,FRTRK2003,1:1:225:7:12:8:0,0,false,false,false,false,0
ENMORT001,none,,2026-08-09T09:17:21.000Z,21.37443553,-157.73716992,UAV 1,2,1:3001:2789,ENMORT001,1:1:71:10:1:0:1,0,false,false,false,false,0
ENMORT004,none,,2026-08-09T09:17:21.000Z,21.37447596,-157.73706256,UAV 1,2,1:3001:2630,ENMORT004,1:1:71:10:1:0:1,0,false,false,false,false,0
ENMORT002,none,,2026-08-09T09:17:21.000Z,21.37453609,-157.73721308,UAV 1,2,1:3001:2834,ENMORT002,1:1:71:10:1:0:1,0,false,false,false,false,0
ENMORT003,none,,2026-08-09T09:17:21.000Z,21.37463664,-157.73725624,UAV 1,2,1:3001:2865,ENMORT003,1:1:71:10:1:0:1,0,false,false,false,false,0
ENMORT005,none,,2026-08-09T09:17:21.000Z,21.37457651,-157.73710572,UAV 1,2,1:3001:2607,ENMORT005,1:1:71:10:1:0:1,0,false,false,false,false,0
FRTRK2004,move to,LOC_남측제1방어선,2026-08-09T09:17:21.000Z,21.38725867,-157.74452567,UAV 1,1,1:3001:2576,FRTRK2004,1:1:225:7:12:8:0,0,false,false,false,false,0
FRT80007,none,,2026-08-09T09:17:21.000Z,21.38084254,-157.74641584,UAV 1,1,1:3001:2804,FRT80007,1:1:222:1:1:1:0,0,false,false,false,false,0
FRT80008,none,,2026-08-09T09:17:21.000Z,21.38464318,-157.75021370,UAV 1,1,1:3001:2756,FRT80008,1:1:222:1:1:1:0,0,false,false,false,false,0
FRTRK1002,move to,LOC_남측제1방어선,2026-08-09T09:17:21.000Z,21.38737828,-157.74444889,UAV 1,1,1:3001:2853,FRTRK1002,1:1:225:7:12:0:0,0,false,false,false,false,0
FRTRK2003,move to,LOC_남측제1방어선,2026-08-09T09:17:21.000Z,21.38729285,-157.74445183,UAV 1,1,1:3001:2863,FRTRK2003,1:1:225:7:12:8:0,0,false,false,false,false,0
ENMORT001,none,,2026-08-09T09:17:21.000Z,21.37443553,-157.73716992,UAV 1,2,1:3001:2789,ENMORT001,1:1:71:10:1:0:1,0,false,false,false,false,0
ENMORT004,none,,2026-08-09T09:17:21.000Z,21.37447596,-157.73706256,UAV 1,2,1:3001:2630,ENMORT004,1:1:71:10:1:0:1,0,false,false,false,false,0
ENMORT002,none,,2026-08-09T09:17:21.000Z,21.37453609,-157.73721308,UAV 1,2,1:3001:2834,ENMORT002,1:1:71:10:1:0:1,0,false,false,false,false,0
ENMORT003,none,,2026-08-09T09:17:21.000Z,21.37463664,-157.73725624,UAV 1,2,1:3001:2865,ENMORT003,1:1:71:10:1:0:1,0,false,false,false,false,0
ENMORT005,none,,2026-08-09T09:17:21.000Z,21.37457651,-157.73710572,UAV 1,2,1:3001:2607,ENMORT005,1:1:71:10:1:0:1,0,false,false,false,false,0
FRTRK2004,move to,LOC_남측제1방어선,2026-08-09T09:17:21.000Z,21.38725844,-157.74452368,UAV 1,1,1:3001:2576,FRTRK2004,1:1:225:7:12:8:0,0,false,false,false,false,0
FRT80007,none,,2026-08-09T09:17:21.000Z,21.38084254,-157.74641584,UAV 1,1,1:3001:2804,FRT80007,1:1:222:1:1:1:0,0,false,false,false,false,0
FRT80008,none,,2026-08-09T09:17:21.000Z,21.38464318,-157.75021370,UAV 1,1,1:3001:2756,FRT80008,1:1:222:1:1:1:0,0,false,false,false,false,0
FRTRK1002,move to,LOC_남측제1방어선,2026-08-09T09:17:21.000Z,21.38737724,-157.74444146,UAV 1,1,1:3001:2853,FRTRK1002,1:1:225:7:12:0:0,0,false,false,false,false,0
FRTRK2003,move to,LOC_남측제1방어선,2026-08-09T09:17:21.000Z,21.38728945,-157.74442445,UAV 1,1,1:3001:2863,FRTRK2003,1:1:225:7:12:8:0,0,false,false,false,false,0
ENM35004,move to,LOC_적북측접근로,2026-08-09T09:17:21.000Z,21.37135255,-157.74164964,UAV 1,2,1:3001:2650,ENM35004,1:1:225:7:1:6:0,0,false,false,false,false,0
ENM35002,move to,LOC_적북측접근로,2026-08-09T09:17:21.000Z,21.37138081,-157.74153550,UAV 1,2,1:3001:2740,ENM35002,1:1:225:7:1:6:0,0,false,false,false,false,0
ENM35001,move to,LOC_적북측접근로,2026-08-09T09:17:21.000Z,21.37136923,-157.74157509,UAV 1,2,1:3001:2754,ENM35001,1:1:225:7:1:6:0,0,false,false,false,false,0
ENMORT001,none,,2026-08-09T09:17:22.000Z,21.37443553,-157.73716992,UAV 1,2,1:3001:2789,ENMORT001,1:1:71:10:1:0:1,0,false,false,false,false,0
ENMORT004,none,,2026-08-09T09:17:22.000Z,21.37447596,-157.73706256,UAV 1,2,1:3001:2630,ENMORT004,1:1:71:10:1:0:1,0,false,false,false,false,0
ENMORT002,none,,2026-08-09T09:17:22.000Z,21.37453609,-157.73721308,UAV 1,2,1:3001:2834,ENMORT002,1:1:71:10:1:0:1,0,false,false,false,false,0
ENMORT003,none,,2026-08-09T09:17:22.000Z,21.37463664,-157.73725624,UAV 1,2,1:3001:2865,ENMORT003,1:1:71:10:1:0:1,0,false,false,false,false,0
ENMORT005,none,,2026-08-09T09:17:22.000Z,21.37457651,-157.73710572,UAV 1,2,1:3001:2607,ENMORT005,1:1:71:10:1:0:1,0,false,false,false,false,0
FRTRK2004,move to,LOC_남측제1방어선,2026-08-09T09:17:22.000Z,21.38725844,-157.74452368,UAV 1,1,1:3001:2576,FRTRK2004,1:1:225:7:12:8:0,0,false,false,false,false,0
FRT80007,none,,2026-08-09T09:17:22.000Z,21.38084254,-157.74641584,UAV 1,1,1:3001:2804,FRT80007,1:1:222:1:1:1:0,0,false,false,false,false,0
FRT80008,none,,2026-08-09T09:17:22.000Z,21.38464318,-157.75021370,UAV 1,1,1:3001:2756,FRT80008,1:1:222:1:1:1:0,0,false,false,false,false,0
FRTRK1002,move to,LOC_남측제1방어선,2026-08-09T09:17:22.000Z,21.38737724,-157.74444146,UAV 1,1,1:3001:2853,FRTRK1002,1:1:225:7:12:0:0,0,false,false,false,false,0
FRTRK2003,move to,LOC_남측제1방어선,2026-08-09T09:17:22.000Z,21.38728945,-157.74442445,UAV 1,1,1:3001:2863,FRTRK2003,1:1:225:7:12:8:0,0,false,false,false,false,0
ENM35004,move to,LOC_적북측접근로,2026-08-09T09:17:22.000Z,21.37135255,-157.74164964,UAV 1,2,1:3001:2650,ENM35004,1:1:225:7:1:6:0,0,false,false,false,false,0
ENM35002,move to,LOC_적북측접근로,2026-08-09T09:17:22.000Z,21.37138081,-157.74153550,UAV 1,2,1:3001:2740,ENM35002,1:1:225:7:1:6:0,0,false,false,false,false,0
ENM35001,move to,LOC_적북측접근로,2026-08-09T09:17:22.000Z,21.37136923,-157.74157509,UAV 1,2,1:3001:2754,ENM35001,1:1:225:7:1:6:0,0,false,false,false,false,0
ENMORT001,none,,2026-08-09T09:17:22.000Z,21.37443553,-157.73716992,UAV 1,2,1:3001:2789,ENMORT001,1:1:71:10:1:0:1,0,false,false,false,false,0
ENMORT004,none,,2026-08-09T09:17:22.000Z,21.37447596,-157.73706256,UAV 1,2,1:3001:2630,ENMORT004,1:1:71:10:1:0:1,0,false,false,false,false,0
ENMORT002,none,,2026-08-09T09:17:22.000Z,21.37453609,-157.73721308,UAV 1,2,1:3001:2834,ENMORT002,1:1:71:10:1:0:1,0,false,false,false,false,0
ENMORT003,none,,2026-08-09T09:17:22.000Z,21.37463664,-157.73725624,UAV 1,2,1:3001:2865,ENMORT003,1:1:71:10:1:0:1,0,false,false,false,false,0
ENMORT005,none,,2026-08-09T09:17:22.000Z,21.37457651,-157.73710572,UAV 1,2,1:3001:2607,ENMORT005,1:1:71:10:1:0:1,0,false,false,false,false,0
FRTRK2004,move to,LOC_남측제1방어선,2026-08-09T09:17:22.000Z,21.38725844,-157.74452368,UAV 1,1,1:3001:2576,FRTRK2004,1:1:225:7:12:8:0,0,false,false,false,false,0
FRT80007,none,,2026-08-09T09:17:22.000Z,21.38084254,-157.74641584,UAV 1,1,1:3001:2804,FRT80007,1:1:222:1:1:1:0,0,false,false,false,false,0
FRT80008,none,,2026-08-09T09:17:22.000Z,21.38464318,-157.75021370,UAV 1,1,1:3001:2756,FRT80008,1:1:222:1:1:1:0,0,false,false,false,false,0
FRTRK1002,move to,LOC_남측제1방어선,2026-08-09T09:17:22.000Z,21.38737724,-157.74444146,UAV 1,1,1:3001:2853,FRTRK1002,1:1:225:7:12:0:0,0,false,false,false,false,0
FRTRK2003,move to,LOC_남측제1방어선,2026-08-09T09:17:22.000Z,21.38728945,-157.74442445,UAV 1,1,1:3001:2863,FRTRK2003,1:1:225:7:12:8:0,0,false,false,false,false,0
ENM35004,move to,LOC_적북측접근로,2026-08-09T09:17:22.000Z,21.37135255,-157.74164964,UAV 1,2,1:3001:2650,ENM35004,1:1:225:7:1:6:0,0,false,false,false,false,0
ENM35002,move to,LOC_적북측접근로,2026-08-09T09:17:22.000Z,21.37138081,-157.74153550,UAV 1,2,1:3001:2740,ENM35002,1:1:225:7:1:6:0,0,false,false,false,false,0
ENM35001,move to,LOC_적북측접근로,2026-08-09T09:17:22.000Z,21.37136923,-157.74157509,UAV 1,2,1:3001:2754,ENM35001,1:1:225:7:1:6:0,0,false,false,false,false,0
ENMORT001,none,,2026-08-09T09:17:23.000Z,21.37443553,-157.73716992,UAV 1,2,1:3001:2789,ENMORT001,1:1:71:10:1:0:1,0,false,false,false,false,0
ENMORT004,none,,2026-08-09T09:17:23.000Z,21.37447596,-157.73706256,UAV 1,2,1:3001:2630,ENMORT004,1:1:71:10:1:0:1,0,false,false,false,false,0
ENMORT002,none,,2026-08-09T09:17:23.000Z,21.37453609,-157.73721308,UAV 1,2,1:3001:2834,ENMORT002,1:1:71:10:1:0:1,0,false,false,false,false,0
ENMORT003,none,,2026-08-09T09:17:23.000Z,21.37463664,-157.73725624,UAV 1,2,1:3001:2865,ENMORT003,1:1:71:10:1:0:1,0,false,false,false,false,0
ENMORT005,none,,2026-08-09T09:17:23.000Z,21.37457651,-157.73710572,UAV 1,2,1:3001:2607,ENMORT005,1:1:71:10:1:0:1,0,false,false,false,false,0
FRTRK2004,move to,LOC_남측제1방어선,2026-08-09T09:17:23.000Z,21.38725844,-157.74452368,UAV 1,1,1:3001:2576,FRTRK2004,1:1:225:7:12:8:0,0,false,false,false,false,0
FRT80007,none,,2026-08-09T09:17:23.000Z,21.38084254,-157.74641584,UAV 1,1,1:3001:2804,FRT80007,1:1:222:1:1:1:0,0,false,false,false,false,0
FRT80008,none,,2026-08-09T09:17:23.000Z,21.38464318,-157.75021370,UAV 1,1,1:3001:2756,FRT80008,1:1:222:1:1:1:0,0,false,false,false,false,0
FRTRK1002,move to,LOC_남측제1방어선,2026-08-09T09:17:23.000Z,21.38737724,-157.74444146,UAV 1,1,1:3001:2853,FRTRK1002,1:1:225:7:12:0:0,0,false,false,false,false,0
FRTRK2003,move to,LOC_남측제1방어선,2026-08-09T09:17:23.000Z,21.38728945,-157.74442445,UAV 1,1,1:3001:2863,FRTRK2003,1:1:225:7:12:8:0,0,false,false,false,false,0
ENM35004,move to,LOC_적북측접근로,2026-08-09T09:17:23.000Z,21.37135255,-157.74164964,UAV 1,2,1:3001:2650,ENM35004,1:1:225:7:1:6:0,0,false,false,false,false,0
ENM35002,move to,LOC_적북측접근로,2026-08-09T09:17:23.000Z,21.37138081,-157.74153550,UAV 1,2,1:3001:2740,ENM35002,1:1:225:7:1:6:0,0,false,false,false,false,0
ENM35001,move to,LOC_적북측접근로,2026-08-09T09:17:23.000Z,21.37136923,-157.74157509,UAV 1,2,1:3001:2754,ENM35001,1:1:225:7:1:6:0,0,false,false,false,false,0
ENMORT001,none,,2026-08-09T09:17:24.000Z,21.37443553,-157.73716992,UAV 1,2,1:3001:2789,ENMORT001,1:1:71:10:1:0:1,0,false,false,false,false,0
ENMORT004,none,,2026-08-09T09:17:24.000Z,21.37447596,-157.73706256,UAV 1,2,1:3001:2630,ENMORT004,1:1:71:10:1:0:1,0,false,false,false,false,0
ENMORT002,none,,2026-08-09T09:17:24.000Z,21.37453609,-157.73721308,UAV 1,2,1:3001:2834,ENMORT002,1:1:71:10:1:0:1,0,false,false,false,false,0
ENMORT003,none,,2026-08-09T09:17:24.000Z,21.37463664,-157.73725624,UAV 1,2,1:3001:2865,ENMORT003,1:1:71:10:1:0:1,0,false,false,false,false,0
ENMORT005,none,,2026-08-09T09:17:24.000Z,21.37457651,-157.73710572,UAV 1,2,1:3001:2607,ENMORT005,1:1:71:10:1:0:1,0,false,false,false,false,0
FRTRK2004,move to,LOC_남측제1방어선,2026-08-09T09:17:24.000Z,21.38725840,-157.74452332,UAV 1,1,1:3001:2576,FRTRK2004,1:1:225:7:12:8:0,0,false,false,false,false,0
FRT80007,none,,2026-08-09T09:17:24.000Z,21.38084254,-157.74641584,UAV 1,1,1:3001:2804,FRT80007,1:1:222:1:1:1:0,0,false,false,false,false,0
FRT80008,none,,2026-08-09T09:17:24.000Z,21.38464318,-157.75021370,UAV 1,1,1:3001:2756,FRT80008,1:1:222:1:1:1:0,0,false,false,false,false,0
FRTRK1002,move to,LOC_남측제1방어선,2026-08-09T09:17:24.000Z,21.38737943,-157.74445714,UAV 1,1,1:3001:2853,FRTRK1002,1:1:225:7:12:0:0,0,false,false,false,false,0
FRTRK2003,move to,LOC_남측제1방어선,2026-08-09T09:17:24.000Z,21.38728851,-157.74441680,UAV 1,1,1:3001:2863,FRTRK2003,1:1:225:7:12:8:0,0,false,false,false,false,0
FRTRK2002,move to,LOC_남측제1방어선,2026-08-09T09:17:24.000Z,21.38725119,-157.74446722,UAV 1,1,1:3001:2827,FRTRK2002,1:1:225:7:12:8:0,0,false,false,false,false,0
ENMORT001,none,,2026-08-09T09:17:24.000Z,21.37443553,-157.73716992,UAV 1,2,1:3001:2789,ENMORT001,1:1:71:10:1:0:1,0,false,false,false,false,0
ENMORT004,none,,2026-08-09T09:17:24.000Z,21.37447596,-157.73706256,UAV 1,2,1:3001:2630,ENMORT004,1:1:71:10:1:0:1,0,false,false,false,false,0
ENMORT002,none,,2026-08-09T09:17:24.000Z,21.37453609,-157.73721308,UAV 1,2,1:3001:2834,ENMORT002,1:1:71:10:1:0:1,0,false,false,false,false,0
ENMORT003,none,,2026-08-09T09:17:24.000Z,21.37463664,-157.73725624,UAV 1,2,1:3001:2865,ENMORT003,1:1:71:10:1:0:1,0,false,false,false,false,0
ENMORT005,none,,2026-08-09T09:17:24.000Z,21.37457651,-157.73710572,UAV 1,2,1:3001:2607,ENMORT005,1:1:71:10:1:0:1,0,false,false,false,false,0
FRTRK2004,move to,LOC_남측제1방어선,2026-08-09T09:17:24.000Z,21.38725840,-157.74452332,UAV 1,1,1:3001:2576,FRTRK2004,1:1:225:7:12:8:0,0,false,false,false,false,0
FRT80007,none,,2026-08-09T09:17:24.000Z,21.38084254,-157.74641584,UAV 1,1,1:3001:2804,FRT80007,1:1:222:1:1:1:0,0,false,false,false,false,0
FRT80008,none,,2026-08-09T09:17:24.000Z,21.38464318,-157.75021370,UAV 1,1,1:3001:2756,FRT80008,1:1:222:1:1:1:0,0,false,false,false,false,0
FRTRK1002,move to,LOC_남측제1방어선,2026-08-09T09:17:24.000Z,21.38737943,-157.74445714,UAV 1,1,1:3001:2853,FRTRK1002,1:1:225:7:12:0:0,0,false,false,false,false,0
FRTRK2003,move to,LOC_남측제1방어선,2026-08-09T09:17:24.000Z,21.38728851,-157.74441680,UAV 1,1,1:3001:2863,FRTRK2003,1:1:225:7:12:8:0,0,false,false,false,false,0
FRTRK2002,move to,LOC_남측제1방어선,2026-08-09T09:17:24.000Z,21.38725119,-157.74446722,UAV 1,1,1:3001:2827,FRTRK2002,1:1:225:7:12:8:0,0,false,false,false,false,0
ENMORT001,none,,2026-08-09T09:17:25.000Z,21.37443553,-157.73716992,UAV 1,2,1:3001:2789,ENMORT001,1:1:71:10:1:0:1,0,false,false,false,false,0
ENMORT004,none,,2026-08-09T09:17:25.000Z,21.37447596,-157.73706256,UAV 1,2,1:3001:2630,ENMORT004,1:1:71:10:1:0:1,0,false,false,false,false,0
ENMORT002,none,,2026-08-09T09:17:25.000Z,21.37453609,-157.73721308,UAV 1,2,1:3001:2834,ENMORT002,1:1:71:10:1:0:1,0,false,false,false,false,0
ENMORT003,none,,2026-08-09T09:17:25.000Z,21.37463664,-157.73725624,UAV 1,2,1:3001:2865,ENMORT003,1:1:71:10:1:0:1,0,false,false,false,false,0
ENMORT005,none,,2026-08-09T09:17:25.000Z,21.37457651,-157.73710572,UAV 1,2,1:3001:2607,ENMORT005,1:1:71:10:1:0:1,0,false,false,false,false,0
FRTRK2004,move to,LOC_남측제1방어선,2026-08-09T09:17:25.000Z,21.38725840,-157.74452332,UAV 1,1,1:3001:2576,FRTRK2004,1:1:225:7:12:8:0,0,false,false,false,false,0
FRT80007,none,,2026-08-09T09:17:25.000Z,21.38084254,-157.74641584,UAV 1,1,1:3001:2804,FRT80007,1:1:222:1:1:1:0,0,false,false,false,false,0
FRT80008,none,,2026-08-09T09:17:25.000Z,21.38464318,-157.75021370,UAV 1,1,1:3001:2756,FRT80008,1:1:222:1:1:1:0,0,false,false,false,false,0
FRTRK1002,move to,LOC_남측제1방어선,2026-08-09T09:17:25.000Z,21.38737943,-157.74445714,UAV 1,1,1:3001:2853,FRTRK1002,1:1:225:7:12:0:0,0,false,false,false,false,0
FRTRK2003,move to,LOC_남측제1방어선,2026-08-09T09:17:25.000Z,21.38728851,-157.74441680,UAV 1,1,1:3001:2863,FRTRK2003,1:1:225:7:12:8:0,0,false,false,false,false,0
FRTRK2002,move to,LOC_남측제1방어선,2026-08-09T09:17:25.000Z,21.38725119,-157.74446722,UAV 1,1,1:3001:2827,FRTRK2002,1:1:225:7:12:8:0,0,false,false,false,false,0
ENMORT001,none,,2026-08-09T09:17:25.000Z,21.37443553,-157.73716992,UAV 1,2,1:3001:2789,ENMORT001,1:1:71:10:1:0:1,0,false,false,false,false,0
ENMORT004,none,,2026-08-09T09:17:25.000Z,21.37447596,-157.73706256,UAV 1,2,1:3001:2630,ENMORT004,1:1:71:10:1:0:1,0,false,false,false,false,0
ENMORT002,none,,2026-08-09T09:17:25.000Z,21.37453609,-157.73721308,UAV 1,2,1:3001:2834,ENMORT002,1:1:71:10:1:0:1,0,false,false,false,false,0
ENMORT003,none,,2026-08-09T09:17:25.000Z,21.37463664,-157.73725624,UAV 1,2,1:3001:2865,ENMORT003,1:1:71:10:1:0:1,0,false,false,false,false,0
ENMORT005,none,,2026-08-09T09:17:25.000Z,21.37457651,-157.73710572,UAV 1,2,1:3001:2607,ENMORT005,1:1:71:10:1:0:1,0,false,false,false,false,0
FRTRK2004,move to,LOC_남측제1방어선,2026-08-09T09:17:25.000Z,21.38725840,-157.74452332,UAV 1,1,1:3001:2576,FRTRK2004,1:1:225:7:12:8:0,0,false,false,false,false,0
FRT80007,none,,2026-08-09T09:17:25.000Z,21.38084254,-157.74641584,UAV 1,1,1:3001:2804,FRT80007,1:1:222:1:1:1:0,0,false,false,false,false,0
FRT80008,none,,2026-08-09T09:17:25.000Z,21.38464318,-157.75021370,UAV 1,1,1:3001:2756,FRT80008,1:1:222:1:1:1:0,0,false,false,false,false,0
FRTRK1002,move to,LOC_남측제1방어선,2026-08-09T09:17:25.000Z,21.38737943,-157.74445714,UAV 1,1,1:3001:2853,FRTRK1002,1:1:225:7:12:0:0,0,false,false,false,false,0
FRTRK2003,move to,LOC_남측제1방어선,2026-08-09T09:17:25.000Z,21.38728851,-157.74441680,UAV 1,1,1:3001:2863,FRTRK2003,1:1:225:7:12:8:0,0,false,false,false,false,0
FRTRK2002,move to,LOC_남측제1방어선,2026-08-09T09:17:25.000Z,21.38725119,-157.74446722,UAV 1,1,1:3001:2827,FRTRK2002,1:1:225:7:12:8:0,0,false,false,false,false,0
ENMORT001,none,,2026-08-09T09:17:26.000Z,21.37443553,-157.73716992,UAV 1,2,1:3001:2789,ENMORT001,1:1:71:10:1:0:1,0,false,false,false,false,0
ENMORT004,none,,2026-08-09T09:17:26.000Z,21.37447596,-157.73706256,UAV 1,2,1:3001:2630,ENMORT004,1:1:71:10:1:0:1,0,false,false,false,false,0
ENMORT002,none,,2026-08-09T09:17:26.000Z,21.37453609,-157.73721308,UAV 1,2,1:3001:2834,ENMORT002,1:1:71:10:1:0:1,0,false,false,false,false,0
ENMORT003,none,,2026-08-09T09:17:26.000Z,21.37463664,-157.73725624,UAV 1,2,1:3001:2865,ENMORT003,1:1:71:10:1:0:1,0,false,false,false,false,0
ENMORT005,none,,2026-08-09T09:17:26.000Z,21.37457651,-157.73710572,UAV 1,2,1:3001:2607,ENMORT005,1:1:71:10:1:0:1,0,false,false,false,false,0
FRTRK2004,move to,LOC_남측제1방어선,2026-08-09T09:17:26.000Z,21.38725857,-157.74452480,UAV 1,1,1:3001:2576,FRTRK2004,1:1:225:7:12:8:0,0,false,false,false,false,0
FRT80007,none,,2026-08-09T09:17:26.000Z,21.38084254,-157.74641584,UAV 1,1,1:3001:2804,FRT80007,1:1:222:1:1:1:0,0,false,false,false,false,0
FRT80008,none,,2026-08-09T09:17:26.000Z,21.38464318,-157.75021370,UAV 1,1,1:3001:2756,FRT80008,1:1:222:1:1:1:0,0,false,false,false,false,0
FRTRK1002,move to,LOC_남측제1방어선,2026-08-09T09:17:26.000Z,21.38738383,-157.74448859,UAV 1,1,1:3001:2853,FRTRK1002,1:1:225:7:12:0:0,0,false,false,false,false,0
FRTRK2002,move to,LOC_남측제1방어선,2026-08-09T09:17:26.000Z,21.38724656,-157.74442727,UAV 1,1,1:3001:2827,FRTRK2002,1:1:225:7:12:8:0,0,false,false,false,false,0
ENM35003,move to,LOC_적북측접근로,2026-08-09T09:17:26.000Z,21.37137584,-157.74154717,UAV 1,2,1:3001:2894,ENM35003,1:1:225:7:1:6:0,0,false,false,false,false,0
ENMORT001,none,,2026-08-09T09:17:26.000Z,21.37443553,-157.73716992,UAV 1,2,1:3001:2789,ENMORT001,1:1:71:10:1:0:1,0,false,false,false,false,0
ENMORT004,none,,2026-08-09T09:17:26.000Z,21.37447596,-157.73706256,UAV 1,2,1:3001:2630,ENMORT004,1:1:71:10:1:0:1,0,false,false,false,false,0
ENMORT002,none,,2026-08-09T09:17:26.000Z,21.37453609,-157.73721308,UAV 1,2,1:3001:2834,ENMORT002,1:1:71:10:1:0:1,0,false,false,false,false,0
ENMORT003,none,,2026-08-09T09:17:26.000Z,21.37463664,-157.73725624,UAV 1,2,1:3001:2865,ENMORT003,1:1:71:10:1:0:1,0,false,false,false,false,0
ENMORT005,none,,2026-08-09T09:17:26.000Z,21.37457651,-157.73710572,UAV 1,2,1:3001:2607,ENMORT005,1:1:71:10:1:0:1,0,false,false,false,false,0
FRTRK2004,move to,LOC_남측제1방어선,2026-08-09T09:17:26.000Z,21.38725857,-157.74452480,UAV 1,1,1:3001:2576,FRTRK2004,1:1:225:7:12:8:0,0,false,false,false,false,0
FRT80007,none,,2026-08-09T09:17:26.000Z,21.38084254,-157.74641584,UAV 1,1,1:3001:2804,FRT80007,1:1:222:1:1:1:0,0,false,false,false,false,0
FRT80008,none,,2026-08-09T09:17:26.000Z,21.38464318,-157.75021370,UAV 1,1,1:3001:2756,FRT80008,1:1:222:1:1:1:0,0,false,false,false,false,0
FRTRK1002,move to,LOC_남측제1방어선,2026-08-09T09:17:26.000Z,21.38738383,-157.74448859,UAV 1,1,1:3001:2853,FRTRK1002,1:1:225:7:12:0:0,0,false,false,false,false,0
FRTRK2002,move to,LOC_남측제1방어선,2026-08-09T09:17:26.000Z,21.38724656,-157.74442727,UAV 1,1,1:3001:2827,FRTRK2002,1:1:225:7:12:8:0,0,false,false,false,false,0
ENM35003,move to,LOC_적북측접근로,2026-08-09T09:17:26.000Z,21.37137584,-157.74154717,UAV 1,2,1:3001:2894,ENM35003,1:1:225:7:1:6:0,0,false,false,false,false,0
ENMORT001,none,,2026-08-09T09:17:27.000Z,21.37443553,-157.73716992,UAV 1,2,1:3001:2789,ENMORT001,1:1:71:10:1:0:1,0,false,false,false,false,0
ENMORT004,none,,2026-08-09T09:17:27.000Z,21.37447596,-157.73706256,UAV 1,2,1:3001:2630,ENMORT004,1:1:71:10:1:0:1,0,false,false,false,false,0
ENMORT002,none,,2026-08-09T09:17:27.000Z,21.37453609,-157.73721308,UAV 1,2,1:3001:2834,ENMORT002,1:1:71:10:1:0:1,0,false,false,false,false,0
ENMORT003,none,,2026-08-09T09:17:27.000Z,21.37463664,-157.73725624,UAV 1,2,1:3001:2865,ENMORT003,1:1:71:10:1:0:1,0,false,false,false,false,0
ENMORT005,none,,2026-08-09T09:17:27.000Z,21.37457651,-157.73710572,UAV 1,2,1:3001:2607,ENMORT005,1:1:71:10:1:0:1,0,false,false,false,false,0
FRTRK2004,move to,LOC_남측제1방어선,2026-08-09T09:17:27.000Z,21.38725857,-157.74452480,UAV 1,1,1:3001:2576,FRTRK2004,1:1:225:7:12:8:0,0,false,false,false,false,0
FRT80007,none,,2026-08-09T09:17:27.000Z,21.38084254,-157.74641584,UAV 1,1,1:3001:2804,FRT80007,1:1:222:1:1:1:0,0,false,false,false,false,0
FRT80008,none,,2026-08-09T09:17:27.000Z,21.38464318,-157.75021370,UAV 1,1,1:3001:2756,FRT80008,1:1:222:1:1:1:0,0,false,false,false,false,0
FRTRK1002,move to,LOC_남측제1방어선,2026-08-09T09:17:27.000Z,21.38738383,-157.74448859,UAV 1,1,1:3001:2853,FRTRK1002,1:1:225:7:12:0:0,0,false,false,false,false,0
FRTRK2002,move to,LOC_남측제1방어선,2026-08-09T09:17:27.000Z,21.38724656,-157.74442727,UAV 1,1,1:3001:2827,FRTRK2002,1:1:225:7:12:8:0,0,false,false,false,false,0
ENM35003,move to,LOC_적북측접근로,2026-08-09T09:17:27.000Z,21.37137584,-157.74154717,UAV 1,2,1:3001:2894,ENM35003,1:1:225:7:1:6:0,0,false,false,false,false,0
ENMORT001,none,,2026-08-09T09:17:27.000Z,21.37443553,-157.73716992,UAV 1,2,1:3001:2789,ENMORT001,1:1:71:10:1:0:1,0,false,false,false,false,0
ENMORT004,none,,2026-08-09T09:17:27.000Z,21.37447596,-157.73706256,UAV 1,2,1:3001:2630,ENMORT004,1:1:71:10:1:0:1,0,false,false,false,false,0
ENMORT002,none,,2026-08-09T09:17:27.000Z,21.37453609,-157.73721308,UAV 1,2,1:3001:2834,ENMORT002,1:1:71:10:1:0:1,0,false,false,false,false,0
ENMORT003,none,,2026-08-09T09:17:27.000Z,21.37463664,-157.73725624,UAV 1,2,1:3001:2865,ENMORT003,1:1:71:10:1:0:1,0,false,false,false,false,0
ENMORT005,none,,2026-08-09T09:17:27.000Z,21.37457651,-157.73710572,UAV 1,2,1:3001:2607,ENMORT005,1:1:71:10:1:0:1,0,false,false,false,false,0
FRTRK2004,move to,LOC_남측제1방어선,2026-08-09T09:17:27.000Z,21.38725857,-157.74452480,UAV 1,1,1:3001:2576,FRTRK2004,1:1:225:7:12:8:0,0,false,false,false,false,0
FRT80007,none,,2026-08-09T09:17:27.000Z,21.38084254,-157.74641584,UAV 1,1,1:3001:2804,FRT80007,1:1:222:1:1:1:0,0,false,false,false,false,0
FRT80008,none,,2026-08-09T09:17:27.000Z,21.38464318,-157.75021370,UAV 1,1,1:3001:2756,FRT80008,1:1:222:1:1:1:0,0,false,false,false,false,0
FRTRK1002,move to,LOC_남측제1방어선,2026-08-09T09:17:27.000Z,21.38738383,-157.74448859,UAV 1,1,1:3001:2853,FRTRK1002,1:1:225:7:12:0:0,0,false,false,false,false,0
FRTRK2002,move to,LOC_남측제1방어선,2026-08-09T09:17:27.000Z,21.38724656,-157.74442727,UAV 1,1,1:3001:2827,FRTRK2002,1:1:225:7:12:8:0,0,false,false,false,false,0
ENM35003,move to,LOC_적북측접근로,2026-08-09T09:17:27.000Z,21.37137584,-157.74154717,UAV 1,2,1:3001:2894,ENM35003,1:1:225:7:1:6:0,0,false,false,false,false,0
ENMORT001,none,,2026-08-09T09:17:28.000Z,21.37443553,-157.73716992,UAV 1,2,1:3001:2789,ENMORT001,1:1:71:10:1:0:1,0,false,false,false,false,0
ENMORT004,none,,2026-08-09T09:17:28.000Z,21.37447596,-157.73706256,UAV 1,2,1:3001:2630,ENMORT004,1:1:71:10:1:0:1,0,false,false,false,false,0
ENMORT002,none,,2026-08-09T09:17:28.000Z,21.37453609,-157.73721308,UAV 1,2,1:3001:2834,ENMORT002,1:1:71:10:1:0:1,0,false,false,false,false,0
ENMORT003,none,,2026-08-09T09:17:28.000Z,21.37463664,-157.73725624,UAV 1,2,1:3001:2865,ENMORT003,1:1:71:10:1:0:1,0,false,false,false,false,0
ENMORT005,none,,2026-08-09T09:17:28.000Z,21.37457651,-157.73710572,UAV 1,2,1:3001:2607,ENMORT005,1:1:71:10:1:0:1,0,false,false,false,false,0
FRTRK2004,move to,LOC_남측제1방어선,2026-08-09T09:17:28.000Z,21.38725884,-157.74452716,UAV 1,1,1:3001:2576,FRTRK2004,1:1:225:7:12:8:0,0,false,false,false,false,0
FRT80007,none,,2026-08-09T09:17:28.000Z,21.38084254,-157.74641584,UAV 1,1,1:3001:2804,FRT80007,1:1:222:1:1:1:0,0,false,false,false,false,0
FRT80008,none,,2026-08-09T09:17:28.000Z,21.38464318,-157.75021370,UAV 1,1,1:3001:2756,FRT80008,1:1:222:1:1:1:0,0,false,false,false,false,0
FRTRK2002,move to,LOC_남측제1방어선,2026-08-09T09:17:28.000Z,21.38724414,-157.74440642,UAV 1,1,1:3001:2827,FRTRK2002,1:1:225:7:12:8:0,0,false,false,false,false,0
ENM35003,move to,LOC_적북측접근로,2026-08-09T09:17:28.000Z,21.37137972,-157.74153076,UAV 1,2,1:3001:2894,ENM35003,1:1:225:7:1:6:0,0,false,false,false,false,0
ENM35004,move to,LOC_적북측접근로,2026-08-09T09:17:28.000Z,21.37136913,-157.74158262,UAV 1,2,1:3001:2650,ENM35004,1:1:225:7:1:6:0,0,false,false,false,false,0
FRM109001,move to,LOC_목표A남측,2026-08-09T09:17:28.000Z,21.39083357,-157.74279824,UAV 1,1,1:3001:2852,FRM109001,1:1:225:4:3:6:0,0,false,false,false,false,0
FRTRK1004,move to,LOC_남측제1방어선,2026-08-09T09:17:28.000Z,21.38742435,-157.74447243,UAV 1,1,1:3001:2898,FRTRK1004,1:1:225:7:12:0:0,0,false,false,false,false,0
ENMORT001,none,,2026-08-09T09:17:28.000Z,21.37443553,-157.73716992,UAV 1,2,1:3001:2789,ENMORT001,1:1:71:10:1:0:1,0,false,false,false,false,0
ENMORT004,none,,2026-08-09T09:17:28.000Z,21.37447596,-157.73706256,UAV 1,2,1:3001:2630,ENMORT004,1:1:71:10:1:0:1,0,false,false,false,false,0
ENMORT002,none,,2026-08-09T09:17:28.000Z,21.37453609,-157.73721308,UAV 1,2,1:3001:2834,ENMORT002,1:1:71:10:1:0:1,0,false,false,false,false,0
ENMORT003,none,,2026-08-09T09:17:28.000Z,21.37463664,-157.73725624,UAV 1,2,1:3001:2865,ENMORT003,1:1:71:10:1:0:1,0,false,false,false,false,0
ENMORT005,none,,2026-08-09T09:17:28.000Z,21.37457651,-157.73710572,UAV 1,2,1:3001:2607,ENMORT005,1:1:71:10:1:0:1,0,false,false,false,false,0
FRTRK2004,move to,LOC_남측제1방어선,2026-08-09T09:17:28.000Z,21.38725884,-157.74452716,UAV 1,1,1:3001:2576,FRTRK2004,1:1:225:7:12:8:0,0,false,false,false,false,0
FRT80007,none,,2026-08-09T09:17:28.000Z,21.38084254,-157.74641584,UAV 1,1,1:3001:2804,FRT80007,1:1:222:1:1:1:0,0,false,false,false,false,0
FRT80008,none,,2026-08-09T09:17:28.000Z,21.38464318,-157.75021370,UAV 1,1,1:3001:2756,FRT80008,1:1:222:1:1:1:0,0,false,false,false,false,0
FRTRK2002,move to,LOC_남측제1방어선,2026-08-09T09:17:28.000Z,21.38724414,-157.74440642,UAV 1,1,1:3001:2827,FRTRK2002,1:1:225:7:12:8:0,0,false,false,false,false,0
ENM35003,move to,LOC_적북측접근로,2026-08-09T09:17:28.000Z,21.37137972,-157.74153076,UAV 1,2,1:3001:2894,ENM35003,1:1:225:7:1:6:0,0,false,false,false,false,0
ENM35004,move to,LOC_적북측접근로,2026-08-09T09:17:28.000Z,21.37136913,-157.74158262,UAV 1,2,1:3001:2650,ENM35004,1:1:225:7:1:6:0,0,false,false,false,false,0
FRM109001,move to,LOC_목표A남측,2026-08-09T09:17:28.000Z,21.39083357,-157.74279824,UAV 1,1,1:3001:2852,FRM109001,1:1:225:4:3:6:0,0,false,false,false,false,0
FRTRK1004,move to,LOC_남측제1방어선,2026-08-09T09:17:28.000Z,21.38742435,-157.74447243,UAV 1,1,1:3001:2898,FRTRK1004,1:1:225:7:12:0:0,0,false,false,false,false,0
ENMORT001,none,,2026-08-09T09:17:29.000Z,21.37443553,-157.73716992,UAV 1,2,1:3001:2789,ENMORT001,1:1:71:10:1:0:1,0,false,false,false,false,0
ENMORT004,none,,2026-08-09T09:17:29.000Z,21.37447596,-157.73706256,UAV 1,2,1:3001:2630,ENMORT004,1:1:71:10:1:0:1,0,false,false,false,false,0
ENMORT002,none,,2026-08-09T09:17:29.000Z,21.37453609,-157.73721308,UAV 1,2,1:3001:2834,ENMORT002,1:1:71:10:1:0:1,0,false,false,false,false,0
ENMORT003,none,,2026-08-09T09:17:29.000Z,21.37463664,-157.73725624,UAV 1,2,1:3001:2865,ENMORT003,1:1:71:10:1:0:1,0,false,false,false,false,0
ENMORT005,none,,2026-08-09T09:17:29.000Z,21.37457651,-157.73710572,UAV 1,2,1:3001:2607,ENMORT005,1:1:71:10:1:0:1,0,false,false,false,false,0
FRTRK2004,move to,LOC_남측제1방어선,2026-08-09T09:17:29.000Z,21.38725884,-157.74452716,UAV 1,1,1:3001:2576,FRTRK2004,1:1:225:7:12:8:0,0,false,false,false,false,0
FRT80007,none,,2026-08-09T09:17:29.000Z,21.38084254,-157.74641584,UAV 1,1,1:3001:2804,FRT80007,1:1:222:1:1:1:0,0,false,false,false,false,0
FRT80008,none,,2026-08-09T09:17:29.000Z,21.38464318,-157.75021370,UAV 1,1,1:3001:2756,FRT80008,1:1:222:1:1:1:0,0,false,false,false,false,0
FRTRK2002,move to,LOC_남측제1방어선,2026-08-09T09:17:29.000Z,21.38724414,-157.74440642,UAV 1,1,1:3001:2827,FRTRK2002,1:1:225:7:12:8:0,0,false,false,false,false,0
ENM35003,move to,LOC_적북측접근로,2026-08-09T09:17:29.000Z,21.37137972,-157.74153076,UAV 1,2,1:3001:2894,ENM35003,1:1:225:7:1:6:0,0,false,false,false,false,0
ENM35004,move to,LOC_적북측접근로,2026-08-09T09:17:29.000Z,21.37136913,-157.74158262,UAV 1,2,1:3001:2650,ENM35004,1:1:225:7:1:6:0,0,false,false,false,false,0
FRM109001,move to,LOC_목표A남측,2026-08-09T09:17:29.000Z,21.39083357,-157.74279824,UAV 1,1,1:3001:2852,FRM109001,1:1:225:4:3:6:0,0,false,false,false,false,0
FRTRK1004,move to,LOC_남측제1방어선,2026-08-09T09:17:29.000Z,21.38742435,-157.74447243,UAV 1,1,1:3001:2898,FRTRK1004,1:1:225:7:12:0:0,0,false,false,false,false,0
ENMORT001,none,,2026-08-09T09:17:29.000Z,21.37443553,-157.73716992,UAV 1,2,1:3001:2789,ENMORT001,1:1:71:10:1:0:1,0,false,false,false,false,0
ENMORT004,none,,2026-08-09T09:17:29.000Z,21.37447596,-157.73706256,UAV 1,2,1:3001:2630,ENMORT004,1:1:71:10:1:0:1,0,false,false,false,false,0
ENMORT002,none,,2026-08-09T09:17:29.000Z,21.37453609,-157.73721308,UAV 1,2,1:3001:2834,ENMORT002,1:1:71:10:1:0:1,0,false,false,false,false,0
ENMORT003,none,,2026-08-09T09:17:29.000Z,21.37463664,-157.73725624,UAV 1,2,1:3001:2865,ENMORT003,1:1:71:10:1:0:1,0,false,false,false,false,0
ENMORT005,none,,2026-08-09T09:17:29.000Z,21.37457651,-157.73710572,UAV 1,2,1:3001:2607,ENMORT005,1:1:71:10:1:0:1,0,false,false,false,false,0
FRTRK2004,move to,LOC_남측제1방어선,2026-08-09T09:17:29.000Z,21.38725884,-157.74452716,UAV 1,1,1:3001:2576,FRTRK2004,1:1:225:7:12:8:0,0,false,false,false,false,0
FRT80007,none,,2026-08-09T09:17:29.000Z,21.38084254,-157.74641584,UAV 1,1,1:3001:2804,FRT80007,1:1:222:1:1:1:0,0,false,false,false,false,0
FRT80008,none,,2026-08-09T09:17:29.000Z,21.38464318,-157.75021370,UAV 1,1,1:3001:2756,FRT80008,1:1:222:1:1:1:0,0,false,false,false,false,0
FRTRK2002,move to,LOC_남측제1방어선,2026-08-09T09:17:29.000Z,21.38724414,-157.74440642,UAV 1,1,1:3001:2827,FRTRK2002,1:1:225:7:12:8:0,0,false,false,false,false,0
ENM35003,move to,LOC_적북측접근로,2026-08-09T09:17:29.000Z,21.37137972,-157.74153076,UAV 1,2,1:3001:2894,ENM35003,1:1:225:7:1:6:0,0,false,false,false,false,0
ENM35004,move to,LOC_적북측접근로,2026-08-09T09:17:29.000Z,21.37136913,-157.74158262,UAV 1,2,1:3001:2650,ENM35004,1:1:225:7:1:6:0,0,false,false,false,false,0
FRM109001,move to,LOC_목표A남측,2026-08-09T09:17:29.000Z,21.39083357,-157.74279824,UAV 1,1,1:3001:2852,FRM109001,1:1:225:4:3:6:0,0,false,false,false,false,0
FRTRK1004,move to,LOC_남측제1방어선,2026-08-09T09:17:29.000Z,21.38742435,-157.74447243,UAV 1,1,1:3001:2898,FRTRK1004,1:1:225:7:12:0:0,0,false,false,false,false,0
ENMORT001,none,,2026-08-09T09:17:30.000Z,21.37443553,-157.73716992,UAV 1,2,1:3001:2789,ENMORT001,1:1:71:10:1:0:1,0,false,false,false,false,0
ENMORT004,none,,2026-08-09T09:17:30.000Z,21.37447596,-157.73706256,UAV 1,2,1:3001:2630,ENMORT004,1:1:71:10:1:0:1,0,false,false,false,false,0
ENMORT002,none,,2026-08-09T09:17:30.000Z,21.37453609,-157.73721308,UAV 1,2,1:3001:2834,ENMORT002,1:1:71:10:1:0:1,0,false,false,false,false,0
ENMORT003,none,,2026-08-09T09:17:30.000Z,21.37463664,-157.73725624,UAV 1,2,1:3001:2865,ENMORT003,1:1:71:10:1:0:1,0,false,false,false,false,0
ENMORT005,none,,2026-08-09T09:17:30.000Z,21.37457651,-157.73710572,UAV 1,2,1:3001:2607,ENMORT005,1:1:71:10:1:0:1,0,false,false,false,false,0
FRTRK2004,move to,LOC_남측제1방어선,2026-08-09T09:17:30.000Z,21.38725907,-157.74452915,UAV 1,1,1:3001:2576,FRTRK2004,1:1:225:7:12:8:0,0,false,false,false,false,0
FRT80007,none,,2026-08-09T09:17:30.000Z,21.38084254,-157.74641584,UAV 1,1,1:3001:2804,FRT80007,1:1:222:1:1:1:0,0,false,false,false,false,0
FRT80008,none,,2026-08-09T09:17:30.000Z,21.38464318,-157.75021370,UAV 1,1,1:3001:2756,FRT80008,1:1:222:1:1:1:0,0,false,false,false,false,0
FRTRK2002,move to,LOC_남측제1방어선,2026-08-09T09:17:30.000Z,21.38724270,-157.74439395,UAV 1,1,1:3001:2827,FRTRK2002,1:1:225:7:12:8:0,0,false,false,false,false,0
FRM109001,move to,LOC_목표A남측,2026-08-09T09:17:30.000Z,21.39083362,-157.74279819,UAV 1,1,1:3001:2852,FRM109001,1:1:225:4:3:6:0,0,false,false,false,false,0
FRTRK1004,move to,LOC_남측제1방어선,2026-08-09T09:17:30.000Z,21.38742081,-157.74444848,UAV 1,1,1:3001:2898,FRTRK1004,1:1:225:7:12:0:0,0,false,false,false,false,0
FRTRK2003,move to,LOC_남측제1방어선,2026-08-09T09:17:30.000Z,21.38729500,-157.74446920,UAV 1,1,1:3001:2863,FRTRK2003,1:1:225:7:12:8:0,0,false,false,false,false,0
ENMORT001,none,,2026-08-09T09:17:31.000Z,21.37443553,-157.73716992,UAV 1,2,1:3001:2789,ENMORT001,1:1:71:10:1:0:1,0,false,false,false,false,0
ENMORT004,none,,2026-08-09T09:17:31.000Z,21.37447596,-157.73706256,UAV 1,2,1:3001:2630,ENMORT004,1:1:71:10:1:0:1,0,false,false,false,false,0
ENMORT002,none,,2026-08-09T09:17:31.000Z,21.37453609,-157.73721308,UAV 1,2,1:3001:2834,ENMORT002,1:1:71:10:1:0:1,0,false,false,false,false,0
ENMORT003,none,,2026-08-09T09:17:31.000Z,21.37463664,-157.73725624,UAV 1,2,1:3001:2865,ENMORT003,1:1:71:10:1:0:1,0,false,false,false,false,0
ENMORT005,none,,2026-08-09T09:17:31.000Z,21.37457651,-157.73710572,UAV 1,2,1:3001:2607,ENMORT005,1:1:71:10:1:0:1,0,false,false,false,false,0
FRTRK2004,move to,LOC_남측제1방어선,2026-08-09T09:17:31.000Z,21.38725907,-157.74452915,UAV 1,1,1:3001:2576,FRTRK2004,1:1:225:7:12:8:0,0,false,false,false,false,0
FRT80007,none,,2026-08-09T09:17:31.000Z,21.38084254,-157.74641584,UAV 1,1,1:3001:2804,FRT80007,1:1:222:1:1:1:0,0,false,false,false,false,0
FRT80008,none,,2026-08-09T09:17:31.000Z,21.38464318,-157.75021370,UAV 1,1,1:3001:2756,FRT80008,1:1:222:1:1:1:0,0,false,false,false,false,0
FRTRK2002,move to,LOC_남측제1방어선,2026-08-09T09:17:31.000Z,21.38724270,-157.74439395,UAV 1,1,1:3001:2827,FRTRK2002,1:1:225:7:12:8:0,0,false,false,false,false,0
FRM109001,move to,LOC_목표A남측,2026-08-09T09:17:31.000Z,21.39083362,-157.74279819,UAV 1,1,1:3001:2852,FRM109001,1:1:225:4:3:6:0,0,false,false,false,false,0
FRTRK1004,move to,LOC_남측제1방어선,2026-08-09T09:17:31.000Z,21.38742081,-157.74444848,UAV 1,1,1:3001:2898,FRTRK1004,1:1:225:7:12:0:0,0,false,false,false,false,0
FRTRK2003,move to,LOC_남측제1방어선,2026-08-09T09:17:31.000Z,21.38729500,-157.74446920,UAV 1,1,1:3001:2863,FRTRK2003,1:1:225:7:12:8:0,0,false,false,false,false,0
ENMORT001,none,,2026-08-09T09:17:31.000Z,21.37443553,-157.73716992,UAV 1,2,1:3001:2789,ENMORT001,1:1:71:10:1:0:1,0,false,false,false,false,0
ENMORT004,none,,2026-08-09T09:17:31.000Z,21.37447596,-157.73706256,UAV 1,2,1:3001:2630,ENMORT004,1:1:71:10:1:0:1,0,false,false,false,false,0
ENMORT002,none,,2026-08-09T09:17:31.000Z,21.37453609,-157.73721308,UAV 1,2,1:3001:2834,ENMORT002,1:1:71:10:1:0:1,0,false,false,false,false,0
ENMORT003,none,,2026-08-09T09:17:31.000Z,21.37463664,-157.73725624,UAV 1,2,1:3001:2865,ENMORT003,1:1:71:10:1:0:1,0,false,false,false,false,0
ENMORT005,none,,2026-08-09T09:17:31.000Z,21.37457651,-157.73710572,UAV 1,2,1:3001:2607,ENMORT005,1:1:71:10:1:0:1,0,false,false,false,false,0
FRTRK2004,move to,LOC_남측제1방어선,2026-08-09T09:17:31.000Z,21.38725907,-157.74452915,UAV 1,1,1:3001:2576,FRTRK2004,1:1:225:7:12:8:0,0,false,false,false,false,0
FRT80007,none,,2026-08-09T09:17:31.000Z,21.38084254,-157.74641584,UAV 1,1,1:3001:2804,FRT80007,1:1:222:1:1:1:0,0,false,false,false,false,0
FRT80008,none,,2026-08-09T09:17:31.000Z,21.38464318,-157.75021370,UAV 1,1,1:3001:2756,FRT80008,1:1:222:1:1:1:0,0,false,false,false,false,0
FRTRK2002,move to,LOC_남측제1방어선,2026-08-09T09:17:31.000Z,21.38724270,-157.74439395,UAV 1,1,1:3001:2827,FRTRK2002,1:1:225:7:12:8:0,0,false,false,false,false,0
FRM109001,move to,LOC_목표A남측,2026-08-09T09:17:31.000Z,21.39083362,-157.74279819,UAV 1,1,1:3001:2852,FRM109001,1:1:225:4:3:6:0,0,false,false,false,false,0
FRTRK1004,move to,LOC_남측제1방어선,2026-08-09T09:17:31.000Z,21.38742081,-157.74444848,UAV 1,1,1:3001:2898,FRTRK1004,1:1:225:7:12:0:0,0,false,false,false,false,0
FRTRK2003,move to,LOC_남측제1방어선,2026-08-09T09:17:31.000Z,21.38729500,-157.74446920,UAV 1,1,1:3001:2863,FRTRK2003,1:1:225:7:12:8:0,0,false,false,false,false,0
ENMORT001,none,,2026-08-09T09:17:32.000Z,21.37443553,-157.73716992,UAV 1,2,1:3001:2789,ENMORT001,1:1:71:10:1:0:1,0,false,false,false,false,0
ENMORT004,none,,2026-08-09T09:17:32.000Z,21.37447596,-157.73706256,UAV 1,2,1:3001:2630,ENMORT004,1:1:71:10:1:0:1,0,false,false,false,false,0
ENMORT002,none,,2026-08-09T09:17:32.000Z,21.37453609,-157.73721308,UAV 1,2,1:3001:2834,ENMORT002,1:1:71:10:1:0:1,0,false,false,false,false,0
ENMORT003,none,,2026-08-09T09:17:32.000Z,21.37463664,-157.73725624,UAV 1,2,1:3001:2865,ENMORT003,1:1:71:10:1:0:1,0,false,false,false,false,0
ENMORT005,none,,2026-08-09T09:17:32.000Z,21.37457651,-157.73710572,UAV 1,2,1:3001:2607,ENMORT005,1:1:71:10:1:0:1,0,false,false,false,false,0
FRTRK2004,move to,LOC_남측제1방어선,2026-08-09T09:17:32.000Z,21.38725912,-157.74452958,UAV 1,1,1:3001:2576,FRTRK2004,1:1:225:7:12:8:0,0,false,false,false,false,0
FRT80007,none,,2026-08-09T09:17:32.000Z,21.38084254,-157.74641584,UAV 1,1,1:3001:2804,FRT80007,1:1:222:1:1:1:0,0,false,false,false,false,0
FRT80008,none,,2026-08-09T09:17:32.000Z,21.38464318,-157.75021370,UAV 1,1,1:3001:2756,FRT80008,1:1:222:1:1:1:0,0,false,false,false,false,0
FRTRK2002,move to,LOC_남측제1방어선,2026-08-09T09:17:32.000Z,21.38724192,-157.74438724,UAV 1,1,1:3001:2827,FRTRK2002,1:1:225:7:12:8:0,0,false,false,false,false,0
FRTRK1004,move to,LOC_남측제1방어선,2026-08-09T09:17:32.000Z,21.38742156,-157.74445355,UAV 1,1,1:3001:2898,FRTRK1004,1:1:225:7:12:0:0,0,false,false,false,false,0
ENM35002,move to,LOC_적북측접근로,2026-08-09T09:17:32.000Z,21.37135251,-157.74164986,UAV 1,2,1:3001:2740,ENM35002,1:1:225:7:1:6:0,0,false,false,false,false,0
ENM35001,move to,LOC_적북측접근로,2026-08-09T09:17:32.000Z,21.37136249,-157.74160360,UAV 1,2,1:3001:2754,ENM35001,1:1:225:7:1:6:0,0,false,false,false,false,0
FRTRK1002,move to,LOC_남측제1방어선,2026-08-09T09:17:32.000Z,21.38738323,-157.74448435,UAV 1,1,1:3001:2853,FRTRK1002,1:1:225:7:12:0:0,0,false,false,false,false,0
ENMORT001,none,,2026-08-09T09:17:32.000Z,21.37443553,-157.73716992,UAV 1,2,1:3001:2789,ENMORT001,1:1:71:10:1:0:1,0,false,false,false,false,0
ENMORT004,none,,2026-08-09T09:17:32.000Z,21.37447596,-157.73706256,UAV 1,2,1:3001:2630,ENMORT004,1:1:71:10:1:0:1,0,false,false,false,false,0
ENMORT002,none,,2026-08-09T09:17:32.000Z,21.37453609,-157.73721308,UAV 1,2,1:3001:2834,ENMORT002,1:1:71:10:1:0:1,0,false,false,false,false,0
ENMORT003,none,,2026-08-09T09:17:32.000Z,21.37463664,-157.73725624,UAV 1,2,1:3001:2865,ENMORT003,1:1:71:10:1:0:1,0,false,false,false,false,0
ENMORT005,none,,2026-08-09T09:17:32.000Z,21.37457651,-157.73710572,UAV 1,2,1:3001:2607,ENMORT005,1:1:71:10:1:0:1,0,false,false,false,false,0
FRTRK2004,move to,LOC_남측제1방어선,2026-08-09T09:17:32.000Z,21.38725912,-157.74452958,UAV 1,1,1:3001:2576,FRTRK2004,1:1:225:7:12:8:0,0,false,false,false,false,0
FRT80007,none,,2026-08-09T09:17:32.000Z,21.38084254,-157.74641584,UAV 1,1,1:3001:2804,FRT80007,1:1:222:1:1:1:0,0,false,false,false,false,0
FRT80008,none,,2026-08-09T09:17:32.000Z,21.38464318,-157.75021370,UAV 1,1,1:3001:2756,FRT80008,1:1:222:1:1:1:0,0,false,false,false,false,0
FRTRK2002,move to,LOC_남측제1방어선,2026-08-09T09:17:32.000Z,21.38724192,-157.74438724,UAV 1,1,1:3001:2827,FRTRK2002,1:1:225:7:12:8:0,0,false,false,false,false,0
FRTRK1004,move to,LOC_남측제1방어선,2026-08-09T09:17:32.000Z,21.38742156,-157.74445355,UAV 1,1,1:3001:2898,FRTRK1004,1:1:225:7:12:0:0,0,false,false,false,false,0
ENM35002,move to,LOC_적북측접근로,2026-08-09T09:17:32.000Z,21.37135251,-157.74164986,UAV 1,2,1:3001:2740,ENM35002,1:1:225:7:1:6:0,0,false,false,false,false,0
ENM35001,move to,LOC_적북측접근로,2026-08-09T09:17:32.000Z,21.37136249,-157.74160360,UAV 1,2,1:3001:2754,ENM35001,1:1:225:7:1:6:0,0,false,false,false,false,0
FRTRK1002,move to,LOC_남측제1방어선,2026-08-09T09:17:32.000Z,21.38738323,-157.74448435,UAV 1,1,1:3001:2853,FRTRK1002,1:1:225:7:12:0:0,0,false,false,false,false,0
ENMORT001,none,,2026-08-09T09:17:33.000Z,21.37443553,-157.73716992,UAV 1,2,1:3001:2789,ENMORT001,1:1:71:10:1:0:1,0,false,false,false,false,0
ENMORT004,none,,2026-08-09T09:17:33.000Z,21.37447596,-157.73706256,UAV 1,2,1:3001:2630,ENMORT004,1:1:71:10:1:0:1,0,false,false,false,false,0
ENMORT002,none,,2026-08-09T09:17:33.000Z,21.37453609,-157.73721308,UAV 1,2,1:3001:2834,ENMORT002,1:1:71:10:1:0:1,0,false,false,false,false,0
ENMORT003,none,,2026-08-09T09:17:33.000Z,21.37463664,-157.73725624,UAV 1,2,1:3001:2865,ENMORT003,1:1:71:10:1:0:1,0,false,false,false,false,0
ENMORT005,none,,2026-08-09T09:17:33.000Z,21.37457651,-157.73710572,UAV 1,2,1:3001:2607,ENMORT005,1:1:71:10:1:0:1,0,false,false,false,false,0
FRTRK2004,move to,LOC_남측제1방어선,2026-08-09T09:17:33.000Z,21.38725912,-157.74452958,UAV 1,1,1:3001:2576,FRTRK2004,1:1:225:7:12:8:0,0,false,false,false,false,0
FRT80007,none,,2026-08-09T09:17:33.000Z,21.38084254,-157.74641584,UAV 1,1,1:3001:2804,FRT80007,1:1:222:1:1:1:0,0,false,false,false,false,0
FRT80008,none,,2026-08-09T09:17:33.000Z,21.38464318,-157.75021370,UAV 1,1,1:3001:2756,FRT80008,1:1:222:1:1:1:0,0,false,false,false,false,0
FRTRK2002,move to,LOC_남측제1방어선,2026-08-09T09:17:33.000Z,21.38724192,-157.74438724,UAV 1,1,1:3001:2827,FRTRK2002,1:1:225:7:12:8:0,0,false,false,false,false,0
FRTRK1004,move to,LOC_남측제1방어선,2026-08-09T09:17:33.000Z,21.38742156,-157.74445355,UAV 1,1,1:3001:2898,FRTRK1004,1:1:225:7:12:0:0,0,false,false,false,false,0
ENM35002,move to,LOC_적북측접근로,2026-08-09T09:17:33.000Z,21.37135251,-157.74164986,UAV 1,2,1:3001:2740,ENM35002,1:1:225:7:1:6:0,0,false,false,false,false,0
ENM35001,move to,LOC_적북측접근로,2026-08-09T09:17:33.000Z,21.37136249,-157.74160360,UAV 1,2,1:3001:2754,ENM35001,1:1:225:7:1:6:0,0,false,false,false,false,0
FRTRK1002,move to,LOC_남측제1방어선,2026-08-09T09:17:33.000Z,21.38738323,-157.74448435,UAV 1,1,1:3001:2853,FRTRK1002,1:1:225:7:12:0:0,0,false,false,false,false,0
ENMORT001,none,,2026-08-09T09:17:34.000Z,21.37443553,-157.73716992,UAV 1,2,1:3001:2789,ENMORT001,1:1:71:10:1:0:1,0,false,false,false,false,0
ENMORT002,none,,2026-08-09T09:17:34.000Z,21.37453609,-157.73721308,UAV 1,2,1:3001:2834,ENMORT002,1:1:71:10:1:0:1,0,false,false,false,false,0
ENMORT003,none,,2026-08-09T09:17:34.000Z,21.37463664,-157.73725624,UAV 1,2,1:3001:2865,ENMORT003,1:1:71:10:1:0:1,0,false,false,false,false,0
FRTRK2004,move to,LOC_남측제1방어선,2026-08-09T09:17:34.000Z,21.38725896,-157.74452816,UAV 1,1,1:3001:2576,FRTRK2004,1:1:225:7:12:8:0,0,false,false,false,false,0
FRT80007,none,,2026-08-09T09:17:34.000Z,21.38084254,-157.74641584,UAV 1,1,1:3001:2804,FRT80007,1:1:222:1:1:1:0,0,false,false,false,false,0
FRT80008,none,,2026-08-09T09:17:34.000Z,21.38464318,-157.75021370,UAV 1,1,1:3001:2756,FRT80008,1:1:222:1:1:1:0,0,false,false,false,false,0
FRTRK2002,move to,LOC_남측제1방어선,2026-08-09T09:17:34.000Z,21.38724177,-157.74438595,UAV 1,1,1:3001:2827,FRTRK2002,1:1:225:7:12:8:0,0,false,false,false,false,0
ENM35002,move to,LOC_적북측접근로,2026-08-09T09:17:34.000Z,21.37135900,-157.74162363,UAV 1,2,1:3001:2740,ENM35002,1:1:225:7:1:6:0,0,false,false,false,false,0
FRTRK1002,move to,LOC_남측제1방어선,2026-08-09T09:17:34.000Z,21.38737833,-157.74444928,UAV 1,1,1:3001:2853,FRTRK1002,1:1:225:7:12:0:0,0,false,false,false,false,0
ENMORT001,none,,2026-08-09T09:17:34.000Z,21.37443553,-157.73716992,UAV 1,2,1:3001:2789,ENMORT001,1:1:71:10:1:0:1,0,false,false,false,false,0
ENMORT002,none,,2026-08-09T09:17:34.000Z,21.37453609,-157.73721308,UAV 1,2,1:3001:2834,ENMORT002,1:1:71:10:1:0:1,0,false,false,false,false,0
ENMORT003,none,,2026-08-09T09:17:34.000Z,21.37463664,-157.73725624,UAV 1,2,1:3001:2865,ENMORT003,1:1:71:10:1:0:1,0,false,false,false,false,0
FRTRK2004,move to,LOC_남측제1방어선,2026-08-09T09:17:34.000Z,21.38725896,-157.74452816,UAV 1,1,1:3001:2576,FRTRK2004,1:1:225:7:12:8:0,0,false,false,false,false,0
FRT80007,none,,2026-08-09T09:17:34.000Z,21.38084254,-157.74641584,UAV 1,1,1:3001:2804,FRT80007,1:1:222:1:1:1:0,0,false,false,false,false,0
FRT80008,none,,2026-08-09T09:17:34.000Z,21.38464318,-157.75021370,UAV 1,1,1:3001:2756,FRT80008,1:1:222:1:1:1:0,0,false,false,false,false,0
FRTRK2002,move to,LOC_남측제1방어선,2026-08-09T09:17:34.000Z,21.38724177,-157.74438595,UAV 1,1,1:3001:2827,FRTRK2002,1:1:225:7:12:8:0,0,false,false,false,false,0
ENM35002,move to,LOC_적북측접근로,2026-08-09T09:17:34.000Z,21.37135900,-157.74162363,UAV 1,2,1:3001:2740,ENM35002,1:1:225:7:1:6:0,0,false,false,false,false,0
FRTRK1002,move to,LOC_남측제1방어선,2026-08-09T09:17:34.000Z,21.38737833,-157.74444928,UAV 1,1,1:3001:2853,FRTRK1002,1:1:225:7:12:0:0,0,false,false,false,false,0
ENMORT001,none,,2026-08-09T09:17:35.000Z,21.37443553,-157.73716992,UAV 1,2,1:3001:2789,ENMORT001,1:1:71:10:1:0:1,0,false,false,false,false,0
ENMORT002,none,,2026-08-09T09:17:35.000Z,21.37453609,-157.73721308,UAV 1,2,1:3001:2834,ENMORT002,1:1:71:10:1:0:1,0,false,false,false,false,0
ENMORT003,none,,2026-08-09T09:17:35.000Z,21.37463664,-157.73725624,UAV 1,2,1:3001:2865,ENMORT003,1:1:71:10:1:0:1,0,false,false,false,false,0
FRTRK2004,move to,LOC_남측제1방어선,2026-08-09T09:17:35.000Z,21.38725896,-157.74452816,UAV 1,1,1:3001:2576,FRTRK2004,1:1:225:7:12:8:0,0,false,false,false,false,0
FRT80007,none,,2026-08-09T09:17:35.000Z,21.38084254,-157.74641584,UAV 1,1,1:3001:2804,FRT80007,1:1:222:1:1:1:0,0,false,false,false,false,0
FRT80008,none,,2026-08-09T09:17:35.000Z,21.38464318,-157.75021370,UAV 1,1,1:3001:2756,FRT80008,1:1:222:1:1:1:0,0,false,false,false,false,0
FRTRK2002,move to,LOC_남측제1방어선,2026-08-09T09:17:35.000Z,21.38724177,-157.74438595,UAV 1,1,1:3001:2827,FRTRK2002,1:1:225:7:12:8:0,0,false,false,false,false,0
ENM35002,move to,LOC_적북측접근로,2026-08-09T09:17:35.000Z,21.37135900,-157.74162363,UAV 1,2,1:3001:2740,ENM35002,1:1:225:7:1:6:0,0,false,false,false,false,0
FRTRK1002,move to,LOC_남측제1방어선,2026-08-09T09:17:35.000Z,21.38737833,-157.74444928,UAV 1,1,1:3001:2853,FRTRK1002,1:1:225:7:12:0:0,0,false,false,false,false,0
ENMORT001,none,,2026-08-09T09:17:35.000Z,21.37443553,-157.73716992,UAV 1,2,1:3001:2789,ENMORT001,1:1:71:10:1:0:1,0,false,false,false,false,0
ENMORT002,none,,2026-08-09T09:17:35.000Z,21.37453609,-157.73721308,UAV 1,2,1:3001:2834,ENMORT002,1:1:71:10:1:0:1,0,false,false,false,false,0
ENMORT003,none,,2026-08-09T09:17:35.000Z,21.37463664,-157.73725624,UAV 1,2,1:3001:2865,ENMORT003,1:1:71:10:1:0:1,0,false,false,false,false,0
FRTRK2004,move to,LOC_남측제1방어선,2026-08-09T09:17:35.000Z,21.38725896,-157.74452816,UAV 1,1,1:3001:2576,FRTRK2004,1:1:225:7:12:8:0,0,false,false,false,false,0
FRT80007,none,,2026-08-09T09:17:35.000Z,21.38084254,-157.74641584,UAV 1,1,1:3001:2804,FRT80007,1:1:222:1:1:1:0,0,false,false,false,false,0
FRT80008,none,,2026-08-09T09:17:35.000Z,21.38464318,-157.75021370,UAV 1,1,1:3001:2756,FRT80008,1:1:222:1:1:1:0,0,false,false,false,false,0
FRTRK2002,move to,LOC_남측제1방어선,2026-08-09T09:17:35.000Z,21.38724177,-157.74438595,UAV 1,1,1:3001:2827,FRTRK2002,1:1:225:7:12:8:0,0,false,false,false,false,0
ENM35002,move to,LOC_적북측접근로,2026-08-09T09:17:35.000Z,21.37135900,-157.74162363,UAV 1,2,1:3001:2740,ENM35002,1:1:225:7:1:6:0,0,false,false,false,false,0
FRTRK1002,move to,LOC_남측제1방어선,2026-08-09T09:17:35.000Z,21.38737833,-157.74444928,UAV 1,1,1:3001:2853,FRTRK1002,1:1:225:7:12:0:0,0,false,false,false,false,0
FRTRK2004,move to,LOC_남측제1방어선,2026-08-09T09:17:36.000Z,21.38725867,-157.74452572,UAV 1,1,1:3001:2576,FRTRK2004,1:1:225:7:12:8:0,0,false,false,false,false,0
FRT80007,none,,2026-08-09T09:17:36.000Z,21.38084254,-157.74641584,UAV 1,1,1:3001:2804,FRT80007,1:1:222:1:1:1:0,0,false,false,false,false,0
FRT80008,none,,2026-08-09T09:17:36.000Z,21.38464318,-157.75021370,UAV 1,1,1:3001:2756,FRT80008,1:1:222:1:1:1:0,0,false,false,false,false,0
FRTRK2002,move to,LOC_남측제1방어선,2026-08-09T09:17:36.000Z,21.38724225,-157.74439010,UAV 1,1,1:3001:2827,FRTRK2002,1:1:225:7:12:8:0,0,false,false,false,false,0
FRTRK1002,move to,LOC_남측제1방어선,2026-08-09T09:17:36.000Z,21.38737763,-157.74444430,UAV 1,1,1:3001:2853,FRTRK1002,1:1:225:7:12:0:0,0,false,false,false,false,0
FRTRK2004,move to,LOC_남측제1방어선,2026-08-09T09:17:37.000Z,21.38725867,-157.74452572,UAV 1,1,1:3001:2576,FRTRK2004,1:1:225:7:12:8:0,0,false,false,false,false,0
FRT80007,none,,2026-08-09T09:17:37.000Z,21.38084254,-157.74641584,UAV 1,1,1:3001:2804,FRT80007,1:1:222:1:1:1:0,0,false,false,false,false,0
FRT80008,none,,2026-08-09T09:17:37.000Z,21.38464318,-157.75021370,UAV 1,1,1:3001:2756,FRT80008,1:1:222:1:1:1:0,0,false,false,false,false,0
FRTRK2002,move to,LOC_남측제1방어선,2026-08-09T09:17:37.000Z,21.38724225,-157.74439010,UAV 1,1,1:3001:2827,FRTRK2002,1:1:225:7:12:8:0,0,false,false,false,false,0
FRTRK1002,move to,LOC_남측제1방어선,2026-08-09T09:17:37.000Z,21.38737763,-157.74444430,UAV 1,1,1:3001:2853,FRTRK1002,1:1:225:7:12:0:0,0,false,false,false,false,0
FRTRK2004,move to,LOC_남측제1방어선,2026-08-09T09:17:37.000Z,21.38725867,-157.74452572,UAV 1,1,1:3001:2576,FRTRK2004,1:1:225:7:12:8:0,0,false,false,false,false,0
FRT80007,none,,2026-08-09T09:17:37.000Z,21.38084254,-157.74641584,UAV 1,1,1:3001:2804,FRT80007,1:1:222:1:1:1:0,0,false,false,false,false,0
FRT80008,none,,2026-08-09T09:17:37.000Z,21.38464318,-157.75021370,UAV 1,1,1:3001:2756,FRT80008,1:1:222:1:1:1:0,0,false,false,false,false,0
FRTRK2002,move to,LOC_남측제1방어선,2026-08-09T09:17:37.000Z,21.38724225,-157.74439010,UAV 1,1,1:3001:2827,FRTRK2002,1:1:225:7:12:8:0,0,false,false,false,false,0
FRTRK1002,move to,LOC_남측제1방어선,2026-08-09T09:17:37.000Z,21.38737763,-157.74444430,UAV 1,1,1:3001:2853,FRTRK1002,1:1:225:7:12:0:0,0,false,false,false,false,0
FRT80007,none,,2026-08-09T09:17:38.000Z,21.38084254,-157.74641584,UAV 1,1,1:3001:2804,FRT80007,1:1:222:1:1:1:0,0,false,false,false,false,0
FRT80008,none,,2026-08-09T09:17:38.000Z,21.38464318,-157.75021370,UAV 1,1,1:3001:2756,FRT80008,1:1:222:1:1:1:0,0,false,false,false,false,0
ENM35003,move to,LOC_적북측접근로,2026-08-09T09:17:38.000Z,21.37135327,-157.74164252,UAV 1,2,1:3001:2894,ENM35003,1:1:225:7:1:6:0,0,false,false,false,false,0
FRT80007,none,,2026-08-09T09:17:38.000Z,21.38084254,-157.74641584,UAV 1,1,1:3001:2804,FRT80007,1:1:222:1:1:1:0,0,false,false,false,false,0
FRT80008,none,,2026-08-09T09:17:38.000Z,21.38464318,-157.75021370,UAV 1,1,1:3001:2756,FRT80008,1:1:222:1:1:1:0,0,false,false,false,false,0
ENM35003,move to,LOC_적북측접근로,2026-08-09T09:17:38.000Z,21.37135327,-157.74164252,UAV 1,2,1:3001:2894,ENM35003,1:1:225:7:1:6:0,0,false,false,false,false,0
FRT80007,none,,2026-08-09T09:17:39.000Z,21.38084254,-157.74641584,UAV 1,1,1:3001:2804,FRT80007,1:1:222:1:1:1:0,0,false,false,false,false,0
FRT80008,none,,2026-08-09T09:17:39.000Z,21.38464318,-157.75021370,UAV 1,1,1:3001:2756,FRT80008,1:1:222:1:1:1:0,0,false,false,false,false,0
ENM35003,move to,LOC_적북측접근로,2026-08-09T09:17:39.000Z,21.37135327,-157.74164252,UAV 1,2,1:3001:2894,ENM35003,1:1:225:7:1:6:0,0,false,false,false,false,0
FRT80007,none,,2026-08-09T09:17:39.000Z,21.38084254,-157.74641584,UAV 1,1,1:3001:2804,FRT80007,1:1:222:1:1:1:0,0,false,false,false,false,0
FRT80008,none,,2026-08-09T09:17:39.000Z,21.38464318,-157.75021370,UAV 1,1,1:3001:2756,FRT80008,1:1:222:1:1:1:0,0,false,false,false,false,0
ENM35003,move to,LOC_적북측접근로,2026-08-09T09:17:39.000Z,21.37135327,-157.74164252,UAV 1,2,1:3001:2894,ENM35003,1:1:225:7:1:6:0,0,false,false,false,false,0
FRT80007,none,,2026-08-09T09:17:40.000Z,21.38084254,-157.74641584,UAV 1,1,1:3001:2804,FRT80007,1:1:222:1:1:1:0,0,false,false,false,false,0
FRT80008,none,,2026-08-09T09:17:40.000Z,21.38464318,-157.75021370,UAV 1,1,1:3001:2756,FRT80008,1:1:222:1:1:1:0,0,false,false,false,false,0
ENM35003,move to,LOC_적북측접근로,2026-08-09T09:17:40.000Z,21.37135034,-157.74165489,UAV 1,2,1:3001:2894,ENM35003,1:1:225:7:1:6:0,0,false,false,false,false,0
ENM35004,move to,LOC_적북측접근로,2026-08-09T09:17:40.000Z,21.37136468,-157.74160060,UAV 1,2,1:3001:2650,ENM35004,1:1:225:7:1:6:0,0,false,false,false,false,0
FRT80007,none,,2026-08-09T09:17:41.000Z,21.38084254,-157.74641584,UAV 1,1,1:3001:2804,FRT80007,1:1:222:1:1:1:0,0,false,false,false,false,0
FRT80008,none,,2026-08-09T09:17:41.000Z,21.38464318,-157.75021370,UAV 1,1,1:3001:2756,FRT80008,1:1:222:1:1:1:0,0,false,false,false,false,0
ENM35003,move to,LOC_적북측접근로,2026-08-09T09:17:41.000Z,21.37135034,-157.74165489,UAV 1,2,1:3001:2894,ENM35003,1:1:225:7:1:6:0,0,false,false,false,false,0
ENM35004,move to,LOC_적북측접근로,2026-08-09T09:17:41.000Z,21.37136468,-157.74160060,UAV 1,2,1:3001:2650,ENM35004,1:1:225:7:1:6:0,0,false,false,false,false,0
FRT80007,none,,2026-08-09T09:17:41.000Z,21.38084254,-157.74641584,UAV 1,1,1:3001:2804,FRT80007,1:1:222:1:1:1:0,0,false,false,false,false,0
FRT80008,none,,2026-08-09T09:17:41.000Z,21.38464318,-157.75021370,UAV 1,1,1:3001:2756,FRT80008,1:1:222:1:1:1:0,0,false,false,false,false,0
ENM35003,move to,LOC_적북측접근로,2026-08-09T09:17:41.000Z,21.37135034,-157.74165489,UAV 1,2,1:3001:2894,ENM35003,1:1:225:7:1:6:0,0,false,false,false,false,0
ENM35004,move to,LOC_적북측접근로,2026-08-09T09:17:41.000Z,21.37136468,-157.74160060,UAV 1,2,1:3001:2650,ENM35004,1:1:225:7:1:6:0,0,false,false,false,false,0
FRT80007,none,,2026-08-09T09:17:42.000Z,21.38084254,-157.74641584,UAV 1,1,1:3001:2804,FRT80007,1:1:222:1:1:1:0,0,false,false,false,false,0
FRT80008,none,,2026-08-09T09:17:42.000Z,21.38464318,-157.75021370,UAV 1,1,1:3001:2756,FRT80008,1:1:222:1:1:1:0,0,false,false,false,false,0
ENM35003,move to,LOC_적북측접근로,2026-08-09T09:17:42.000Z,21.37135034,-157.74165489,UAV 1,2,1:3001:2894,ENM35003,1:1:225:7:1:6:0,0,false,false,false,false,0
ENM35004,move to,LOC_적북측접근로,2026-08-09T09:17:42.000Z,21.37136468,-157.74160060,UAV 1,2,1:3001:2650,ENM35004,1:1:225:7:1:6:0,0,false,false,false,false,0
FRT80007,none,,2026-08-09T09:17:42.000Z,21.38084254,-157.74641584,UAV 1,1,1:3001:2804,FRT80007,1:1:222:1:1:1:0,0,false,false,false,false,0
FRT80008,none,,2026-08-09T09:17:42.000Z,21.38464318,-157.75021370,UAV 1,1,1:3001:2756,FRT80008,1:1:222:1:1:1:0,0,false,false,false,false,0
FRT80007,none,,2026-08-09T09:17:43.000Z,21.38084254,-157.74641584,UAV 1,1,1:3001:2804,FRT80007,1:1:222:1:1:1:0,0,false,false,false,false,0
FRT80008,none,,2026-08-09T09:17:43.000Z,21.38464318,-157.75021370,UAV 1,1,1:3001:2756,FRT80008,1:1:222:1:1:1:0,0,false,false,false,false,0
FRT80007,none,,2026-08-09T09:17:43.000Z,21.38084254,-157.74641584,UAV 1,1,1:3001:2804,FRT80007,1:1:222:1:1:1:0,0,false,false,false,false,0
FRT80008,none,,2026-08-09T09:17:43.000Z,21.38464318,-157.75021370,UAV 1,1,1:3001:2756,FRT80008,1:1:222:1:1:1:0,0,false,false,false,false,0
FRT80007,none,,2026-08-09T09:17:44.000Z,21.38084254,-157.74641584,UAV 1,1,1:3001:2804,FRT80007,1:1:222:1:1:1:0,0,false,false,false,false,0
FRT80008,none,,2026-08-09T09:17:44.000Z,21.38464318,-157.75021370,UAV 1,1,1:3001:2756,FRT80008,1:1:222:1:1:1:0,0,false,false,false,false,0
FRT80007,none,,2026-08-09T09:17:44.000Z,21.38084254,-157.74641584,UAV 1,1,1:3001:2804,FRT80007,1:1:222:1:1:1:0,0,false,false,false,false,0
FRT80008,none,,2026-08-09T09:17:44.000Z,21.38464318,-157.75021370,UAV 1,1,1:3001:2756,FRT80008,1:1:222:1:1:1:0,0,false,false,false,false,0
ENM35002,move to,LOC_적북측접근로,2026-08-09T09:17:44.000Z,21.37138090,-157.74153511,UAV 1,2,1:3001:2740,ENM35002,1:1:225:7:1:6:0,0,false,false,false,false,0
FRT80007,none,,2026-08-09T09:17:45.000Z,21.38084254,-157.74641584,UAV 1,1,1:3001:2804,FRT80007,1:1:222:1:1:1:0,0,false,false,false,false,0
FRT80008,none,,2026-08-09T09:17:45.000Z,21.38464318,-157.75021370,UAV 1,1,1:3001:2756,FRT80008,1:1:222:1:1:1:0,0,false,false,false,false,0
ENM35002,move to,LOC_적북측접근로,2026-08-09T09:17:45.000Z,21.37138090,-157.74153511,UAV 1,2,1:3001:2740,ENM35002,1:1:225:7:1:6:0,0,false,false,false,false,0
FRT80007,none,,2026-08-09T09:17:45.000Z,21.38084254,-157.74641584,UAV 1,1,1:3001:2804,FRT80007,1:1:222:1:1:1:0,0,false,false,false,false,0
FRT80008,none,,2026-08-09T09:17:45.000Z,21.38464318,-157.75021370,UAV 1,1,1:3001:2756,FRT80008,1:1:222:1:1:1:0,0,false,false,false,false,0
ENM35002,move to,LOC_적북측접근로,2026-08-09T09:17:45.000Z,21.37138090,-157.74153511,UAV 1,2,1:3001:2740,ENM35002,1:1:225:7:1:6:0,0,false,false,false,false,0
FRT80007,none,,2026-08-09T09:17:46.000Z,21.38084254,-157.74641584,UAV 1,1,1:3001:2804,FRT80007,1:1:222:1:1:1:0,0,false,false,false,false,0
FRT80008,none,,2026-08-09T09:17:46.000Z,21.38464318,-157.75021370,UAV 1,1,1:3001:2756,FRT80008,1:1:222:1:1:1:0,0,false,false,false,false,0
ENM35002,move to,LOC_적북측접근로,2026-08-09T09:17:46.000Z,21.37138090,-157.74153511,UAV 1,2,1:3001:2740,ENM35002,1:1:225:7:1:6:0,0,false,false,false,false,0
FRT80007,none,,2026-08-09T09:17:46.000Z,21.38084254,-157.74641584,UAV 1,1,1:3001:2804,FRT80007,1:1:222:1:1:1:0,0,false,false,false,false,0
FRT80008,none,,2026-08-09T09:17:46.000Z,21.38464318,-157.75021370,UAV 1,1,1:3001:2756,FRT80008,1:1:222:1:1:1:0,0,false,false,false,false,0
FRT80007,none,,2026-08-09T09:17:47.000Z,21.38084254,-157.74641584,UAV 1,1,1:3001:2804,FRT80007,1:1:222:1:1:1:0,0,false,false,false,false,0
FRT80008,none,,2026-08-09T09:17:47.000Z,21.38464318,-157.75021370,UAV 1,1,1:3001:2756,FRT80008,1:1:222:1:1:1:0,0,false,false,false,false,0
FRT80007,none,,2026-08-09T09:17:47.000Z,21.38084254,-157.74641584,UAV 1,1,1:3001:2804,FRT80007,1:1:222:1:1:1:0,0,false,false,false,false,0
FRT80008,none,,2026-08-09T09:17:47.000Z,21.38464318,-157.75021370,UAV 1,1,1:3001:2756,FRT80008,1:1:222:1:1:1:0,0,false,false,false,false,0
FRT80007,none,,2026-08-09T09:17:48.000Z,21.38084254,-157.74641584,UAV 1,1,1:3001:2804,FRT80007,1:1:222:1:1:1:0,0,false,false,false,false,0
FRT80008,none,,2026-08-09T09:17:48.000Z,21.38464318,-157.75021370,UAV 1,1,1:3001:2756,FRT80008,1:1:222:1:1:1:0,0,false,false,false,false,0
ENMORT001,none,,2026-08-09T09:17:48.000Z,21.37443553,-157.73716992,UAV 1,2,1:3001:2789,ENMORT001,1:1:71:10:1:0:1,0,false,false,false,false,0
ENMORT002,none,,2026-08-09T09:17:48.000Z,21.37453609,-157.73721308,UAV 1,2,1:3001:2834,ENMORT002,1:1:71:10:1:0:1,0,false,false,false,false,0
ENM35003,move to,LOC_적북측접근로,2026-08-09T09:17:48.000Z,21.37137677,-157.74154322,UAV 1,2,1:3001:2894,ENM35003,1:1:225:7:1:6:0,0,false,false,false,false,0
FRT80007,none,,2026-08-09T09:17:48.000Z,21.38084254,-157.74641584,UAV 1,1,1:3001:2804,FRT80007,1:1:222:1:1:1:0,0,false,false,false,false,0
FRT80008,none,,2026-08-09T09:17:48.000Z,21.38464318,-157.75021370,UAV 1,1,1:3001:2756,FRT80008,1:1:222:1:1:1:0,0,false,false,false,false,0
ENMORT001,none,,2026-08-09T09:17:48.000Z,21.37443553,-157.73716992,UAV 1,2,1:3001:2789,ENMORT001,1:1:71:10:1:0:1,0,false,false,false,false,0
ENMORT002,none,,2026-08-09T09:17:48.000Z,21.37453609,-157.73721308,UAV 1,2,1:3001:2834,ENMORT002,1:1:71:10:1:0:1,0,false,false,false,false,0
ENM35003,move to,LOC_적북측접근로,2026-08-09T09:17:48.000Z,21.37137677,-157.74154322,UAV 1,2,1:3001:2894,ENM35003,1:1:225:7:1:6:0,0,false,false,false,false,0
FRT80007,none,,2026-08-09T09:17:49.000Z,21.38084254,-157.74641584,UAV 1,1,1:3001:2804,FRT80007,1:1:222:1:1:1:0,0,false,false,false,false,0
FRT80008,none,,2026-08-09T09:17:49.000Z,21.38464318,-157.75021370,UAV 1,1,1:3001:2756,FRT80008,1:1:222:1:1:1:0,0,false,false,false,false,0
ENMORT001,none,,2026-08-09T09:17:49.000Z,21.37443553,-157.73716992,UAV 1,2,1:3001:2789,ENMORT001,1:1:71:10:1:0:1,0,false,false,false,false,0
ENMORT002,none,,2026-08-09T09:17:49.000Z,21.37453609,-157.73721308,UAV 1,2,1:3001:2834,ENMORT002,1:1:71:10:1:0:1,0,false,false,false,false,0
ENM35003,move to,LOC_적북측접근로,2026-08-09T09:17:49.000Z,21.37137677,-157.74154322,UAV 1,2,1:3001:2894,ENM35003,1:1:225:7:1:6:0,0,false,false,false,false,0
FRT80007,none,,2026-08-09T09:17:50.000Z,21.38084254,-157.74641584,UAV 1,1,1:3001:2804,FRT80007,1:1:222:1:1:1:0,0,false,false,false,false,0
FRT80008,none,,2026-08-09T09:17:50.000Z,21.38464318,-157.75021370,UAV 1,1,1:3001:2756,FRT80008,1:1:222:1:1:1:0,0,false,false,false,false,0
ENMORT001,none,,2026-08-09T09:17:50.000Z,21.37443553,-157.73716992,UAV 1,2,1:3001:2789,ENMORT001,1:1:71:10:1:0:1,0,false,false,false,false,0
ENMORT002,none,,2026-08-09T09:17:50.000Z,21.37453609,-157.73721308,UAV 1,2,1:3001:2834,ENMORT002,1:1:71:10:1:0:1,0,false,false,false,false,0
ENM35003,move to,LOC_적북측접근로,2026-08-09T09:17:50.000Z,21.37137677,-157.74154322,UAV 1,2,1:3001:2894,ENM35003,1:1:225:7:1:6:0,0,false,false,false,false,0
FRT80007,none,,2026-08-09T09:17:50.000Z,21.38084254,-157.74641584,UAV 1,1,1:3001:2804,FRT80007,1:1:222:1:1:1:0,0,false,false,false,false,0
FRT80008,none,,2026-08-09T09:17:50.000Z,21.38464318,-157.75021370,UAV 1,1,1:3001:2756,FRT80008,1:1:222:1:1:1:0,0,false,false,false,false,0
ENMORT001,none,,2026-08-09T09:17:50.000Z,21.37443553,-157.73716992,UAV 1,2,1:3001:2789,ENMORT001,1:1:71:10:1:0:1,0,false,false,false,false,0
ENMORT002,none,,2026-08-09T09:17:50.000Z,21.37453609,-157.73721308,UAV 1,2,1:3001:2834,ENMORT002,1:1:71:10:1:0:1,0,false,false,false,false,0
ENM35003,move to,LOC_적북측접근로,2026-08-09T09:17:50.000Z,21.37137677,-157.74154322,UAV 1,2,1:3001:2894,ENM35003,1:1:225:7:1:6:0,0,false,false,false,false,0
FRT80007,none,,2026-08-09T09:17:51.000Z,21.38084254,-157.74641584,UAV 1,1,1:3001:2804,FRT80007,1:1:222:1:1:1:0,0,false,false,false,false,0
ENMORT001,none,,2026-08-09T09:17:51.000Z,21.37443553,-157.73716992,UAV 1,2,1:3001:2789,ENMORT001,1:1:71:10:1:0:1,0,false,false,false,false,0
ENMORT002,none,,2026-08-09T09:17:51.000Z,21.37453609,-157.73721308,UAV 1,2,1:3001:2834,ENMORT002,1:1:71:10:1:0:1,0,false,false,false,false,0
ENM35003,move to,LOC_적북측접근로,2026-08-09T09:17:51.000Z,21.37138009,-157.74152922,UAV 1,2,1:3001:2894,ENM35003,1:1:225:7:1:6:0,0,false,false,false,false,0
ENMORT005,none,,2026-08-09T09:17:51.000Z,21.37457651,-157.73710572,UAV 1,2,1:3001:2607,ENMORT005,1:1:71:10:1:0:1,0,false,false,false,false,0
ENMORT004,none,,2026-08-09T09:17:51.000Z,21.37447596,-157.73706256,UAV 1,2,1:3001:2630,ENMORT004,1:1:71:10:1:0:1,0,false,false,false,false,0
ENMORT003,none,,2026-08-09T09:17:51.000Z,21.37463664,-157.73725624,UAV 1,2,1:3001:2865,ENMORT003,1:1:71:10:1:0:1,0,false,false,false,false,0
FRT80007,none,,2026-08-09T09:17:51.000Z,21.38084254,-157.74641584,UAV 1,1,1:3001:2804,FRT80007,1:1:222:1:1:1:0,0,false,false,false,false,0
ENMORT001,none,,2026-08-09T09:17:51.000Z,21.37443553,-157.73716992,UAV 1,2,1:3001:2789,ENMORT001,1:1:71:10:1:0:1,0,false,false,false,false,0
ENMORT002,none,,2026-08-09T09:17:51.000Z,21.37453609,-157.73721308,UAV 1,2,1:3001:2834,ENMORT002,1:1:71:10:1:0:1,0,false,false,false,false,0
ENM35003,move to,LOC_적북측접근로,2026-08-09T09:17:51.000Z,21.37138009,-157.74152922,UAV 1,2,1:3001:2894,ENM35003,1:1:225:7:1:6:0,0,false,false,false,false,0
ENMORT005,none,,2026-08-09T09:17:51.000Z,21.37457651,-157.73710572,UAV 1,2,1:3001:2607,ENMORT005,1:1:71:10:1:0:1,0,false,false,false,false,0
ENMORT004,none,,2026-08-09T09:17:51.000Z,21.37447596,-157.73706256,UAV 1,2,1:3001:2630,ENMORT004,1:1:71:10:1:0:1,0,false,false,false,false,0
ENMORT003,none,,2026-08-09T09:17:51.000Z,21.37463664,-157.73725624,UAV 1,2,1:3001:2865,ENMORT003,1:1:71:10:1:0:1,0,false,false,false,false,0
FRT80007,none,,2026-08-09T09:17:52.000Z,21.38084254,-157.74641584,UAV 1,1,1:3001:2804,FRT80007,1:1:222:1:1:1:0,0,false,false,false,false,0
ENMORT001,none,,2026-08-09T09:17:52.000Z,21.37443553,-157.73716992,UAV 1,2,1:3001:2789,ENMORT001,1:1:71:10:1:0:1,0,false,false,false,false,0
ENMORT002,none,,2026-08-09T09:17:52.000Z,21.37453609,-157.73721308,UAV 1,2,1:3001:2834,ENMORT002,1:1:71:10:1:0:1,0,false,false,false,false,0
ENM35003,move to,LOC_적북측접근로,2026-08-09T09:17:52.000Z,21.37138009,-157.74152922,UAV 1,2,1:3001:2894,ENM35003,1:1:225:7:1:6:0,0,false,false,false,false,0
ENMORT005,none,,2026-08-09T09:17:52.000Z,21.37457651,-157.73710572,UAV 1,2,1:3001:2607,ENMORT005,1:1:71:10:1:0:1,0,false,false,false,false,0
ENMORT004,none,,2026-08-09T09:17:52.000Z,21.37447596,-157.73706256,UAV 1,2,1:3001:2630,ENMORT004,1:1:71:10:1:0:1,0,false,false,false,false,0
ENMORT003,none,,2026-08-09T09:17:52.000Z,21.37463664,-157.73725624,UAV 1,2,1:3001:2865,ENMORT003,1:1:71:10:1:0:1,0,false,false,false,false,0
FRT80007,none,,2026-08-09T09:17:52.000Z,21.38084254,-157.74641584,UAV 1,1,1:3001:2804,FRT80007,1:1:222:1:1:1:0,0,false,false,false,false,0
ENMORT001,none,,2026-08-09T09:17:52.000Z,21.37443553,-157.73716992,UAV 1,2,1:3001:2789,ENMORT001,1:1:71:10:1:0:1,0,false,false,false,false,0
ENMORT002,none,,2026-08-09T09:17:52.000Z,21.37453609,-157.73721308,UAV 1,2,1:3001:2834,ENMORT002,1:1:71:10:1:0:1,0,false,false,false,false,0
ENM35003,move to,LOC_적북측접근로,2026-08-09T09:17:52.000Z,21.37138009,-157.74152922,UAV 1,2,1:3001:2894,ENM35003,1:1:225:7:1:6:0,0,false,false,false,false,0
ENMORT005,none,,2026-08-09T09:17:52.000Z,21.37457651,-157.73710572,UAV 1,2,1:3001:2607,ENMORT005,1:1:71:10:1:0:1,0,false,false,false,false,0
ENMORT004,none,,2026-08-09T09:17:52.000Z,21.37447596,-157.73706256,UAV 1,2,1:3001:2630,ENMORT004,1:1:71:10:1:0:1,0,false,false,false,false,0
ENMORT003,none,,2026-08-09T09:17:52.000Z,21.37463664,-157.73725624,UAV 1,2,1:3001:2865,ENMORT003,1:1:71:10:1:0:1,0,false,false,false,false,0
ENMORT001,none,,2026-08-09T09:17:53.000Z,21.37443553,-157.73716992,UAV 1,2,1:3001:2789,ENMORT001,1:1:71:10:1:0:1,0,false,false,false,false,0
ENMORT002,none,,2026-08-09T09:17:53.000Z,21.37453609,-157.73721308,UAV 1,2,1:3001:2834,ENMORT002,1:1:71:10:1:0:1,0,false,false,false,false,0
ENMORT005,none,,2026-08-09T09:17:53.000Z,21.37457651,-157.73710572,UAV 1,2,1:3001:2607,ENMORT005,1:1:71:10:1:0:1,0,false,false,false,false,0
ENMORT004,none,,2026-08-09T09:17:53.000Z,21.37447596,-157.73706256,UAV 1,2,1:3001:2630,ENMORT004,1:1:71:10:1:0:1,0,false,false,false,false,0
ENMORT003,none,,2026-08-09T09:17:53.000Z,21.37463664,-157.73725624,UAV 1,2,1:3001:2865,ENMORT003,1:1:71:10:1:0:1,0,false,false,false,false,0
ENMORT001,none,,2026-08-09T09:17:53.000Z,21.37443553,-157.73716992,UAV 1,2,1:3001:2789,ENMORT001,1:1:71:10:1:0:1,0,false,false,false,false,0
ENMORT002,none,,2026-08-09T09:17:53.000Z,21.37453609,-157.73721308,UAV 1,2,1:3001:2834,ENMORT002,1:1:71:10:1:0:1,0,false,false,false,false,0
ENMORT005,none,,2026-08-09T09:17:53.000Z,21.37457651,-157.73710572,UAV 1,2,1:3001:2607,ENMORT005,1:1:71:10:1:0:1,0,false,false,false,false,0
ENMORT004,none,,2026-08-09T09:17:53.000Z,21.37447596,-157.73706256,UAV 1,2,1:3001:2630,ENMORT004,1:1:71:10:1:0:1,0,false,false,false,false,0
ENMORT003,none,,2026-08-09T09:17:53.000Z,21.37463664,-157.73725624,UAV 1,2,1:3001:2865,ENMORT003,1:1:71:10:1:0:1,0,false,false,false,false,0
ENMORT001,none,,2026-08-09T09:17:54.000Z,21.37443553,-157.73716992,UAV 1,2,1:3001:2789,ENMORT001,1:1:71:10:1:0:1,0,false,false,false,false,0
ENMORT002,none,,2026-08-09T09:17:54.000Z,21.37453609,-157.73721308,UAV 1,2,1:3001:2834,ENMORT002,1:1:71:10:1:0:1,0,false,false,false,false,0
ENMORT005,none,,2026-08-09T09:17:54.000Z,21.37457651,-157.73710572,UAV 1,2,1:3001:2607,ENMORT005,1:1:71:10:1:0:1,0,false,false,false,false,0
ENMORT004,none,,2026-08-09T09:17:54.000Z,21.37447596,-157.73706256,UAV 1,2,1:3001:2630,ENMORT004,1:1:71:10:1:0:1,0,false,false,false,false,0
ENMORT003,none,,2026-08-09T09:17:54.000Z,21.37463664,-157.73725624,UAV 1,2,1:3001:2865,ENMORT003,1:1:71:10:1:0:1,0,false,false,false,false,0
ENMORT001,none,,2026-08-09T09:17:54.000Z,21.37443553,-157.73716992,UAV 1,2,1:3001:2789,ENMORT001,1:1:71:10:1:0:1,0,false,false,false,false,0
ENMORT002,none,,2026-08-09T09:17:54.000Z,21.37453609,-157.73721308,UAV 1,2,1:3001:2834,ENMORT002,1:1:71:10:1:0:1,0,false,false,false,false,0
ENMORT005,none,,2026-08-09T09:17:54.000Z,21.37457651,-157.73710572,UAV 1,2,1:3001:2607,ENMORT005,1:1:71:10:1:0:1,0,false,false,false,false,0
ENMORT004,none,,2026-08-09T09:17:54.000Z,21.37447596,-157.73706256,UAV 1,2,1:3001:2630,ENMORT004,1:1:71:10:1:0:1,0,false,false,false,false,0
ENMORT003,none,,2026-08-09T09:17:54.000Z,21.37463664,-157.73725624,UAV 1,2,1:3001:2865,ENMORT003,1:1:71:10:1:0:1,0,false,false,false,false,0
ENMORT001,none,,2026-08-09T09:17:55.000Z,21.37443553,-157.73716992,UAV 1,2,1:3001:2789,ENMORT001,1:1:71:10:1:0:1,0,false,false,false,false,0
ENMORT002,none,,2026-08-09T09:17:55.000Z,21.37453609,-157.73721308,UAV 1,2,1:3001:2834,ENMORT002,1:1:71:10:1:0:1,0,false,false,false,false,0
ENMORT005,none,,2026-08-09T09:17:55.000Z,21.37457651,-157.73710572,UAV 1,2,1:3001:2607,ENMORT005,1:1:71:10:1:0:1,0,false,false,false,false,0
ENMORT004,none,,2026-08-09T09:17:55.000Z,21.37447596,-157.73706256,UAV 1,2,1:3001:2630,ENMORT004,1:1:71:10:1:0:1,0,false,false,false,false,0
ENMORT003,none,,2026-08-09T09:17:55.000Z,21.37463664,-157.73725624,UAV 1,2,1:3001:2865,ENMORT003,1:1:71:10:1:0:1,0,false,false,false,false,0
ENMORT001,none,,2026-08-09T09:17:55.000Z,21.37443553,-157.73716992,UAV 1,2,1:3001:2789,ENMORT001,1:1:71:10:1:0:1,0,false,false,false,false,0
ENMORT002,none,,2026-08-09T09:17:55.000Z,21.37453609,-157.73721308,UAV 1,2,1:3001:2834,ENMORT002,1:1:71:10:1:0:1,0,false,false,false,false,0
ENMORT005,none,,2026-08-09T09:17:55.000Z,21.37457651,-157.73710572,UAV 1,2,1:3001:2607,ENMORT005,1:1:71:10:1:0:1,0,false,false,false,false,0
ENMORT004,none,,2026-08-09T09:17:55.000Z,21.37447596,-157.73706256,UAV 1,2,1:3001:2630,ENMORT004,1:1:71:10:1:0:1,0,false,false,false,false,0
ENMORT003,none,,2026-08-09T09:17:55.000Z,21.37463664,-157.73725624,UAV 1,2,1:3001:2865,ENMORT003,1:1:71:10:1:0:1,0,false,false,false,false,0
ENMORT001,none,,2026-08-09T09:17:56.000Z,21.37443553,-157.73716992,UAV 1,2,1:3001:2789,ENMORT001,1:1:71:10:1:0:1,0,false,false,false,false,0
ENMORT002,none,,2026-08-09T09:17:56.000Z,21.37453609,-157.73721308,UAV 1,2,1:3001:2834,ENMORT002,1:1:71:10:1:0:1,0,false,false,false,false,0
ENMORT005,none,,2026-08-09T09:17:56.000Z,21.37457651,-157.73710572,UAV 1,2,1:3001:2607,ENMORT005,1:1:71:10:1:0:1,0,false,false,false,false,0
ENMORT004,none,,2026-08-09T09:17:56.000Z,21.37447596,-157.73706256,UAV 1,2,1:3001:2630,ENMORT004,1:1:71:10:1:0:1,0,false,false,false,false,0
ENMORT003,none,,2026-08-09T09:17:56.000Z,21.37463664,-157.73725624,UAV 1,2,1:3001:2865,ENMORT003,1:1:71:10:1:0:1,0,false,false,false,false,0
ENMORT001,none,,2026-08-09T09:17:56.000Z,21.37443553,-157.73716992,UAV 1,2,1:3001:2789,ENMORT001,1:1:71:10:1:0:1,0,false,false,false,false,0
ENMORT002,none,,2026-08-09T09:17:56.000Z,21.37453609,-157.73721308,UAV 1,2,1:3001:2834,ENMORT002,1:1:71:10:1:0:1,0,false,false,false,false,0
ENMORT005,none,,2026-08-09T09:17:56.000Z,21.37457651,-157.73710572,UAV 1,2,1:3001:2607,ENMORT005,1:1:71:10:1:0:1,0,false,false,false,false,0
ENMORT004,none,,2026-08-09T09:17:56.000Z,21.37447596,-157.73706256,UAV 1,2,1:3001:2630,ENMORT004,1:1:71:10:1:0:1,0,false,false,false,false,0
ENMORT003,none,,2026-08-09T09:17:56.000Z,21.37463664,-157.73725624,UAV 1,2,1:3001:2865,ENMORT003,1:1:71:10:1:0:1,0,false,false,false,false,0
ENMORT001,none,,2026-08-09T09:17:57.000Z,21.37443553,-157.73716992,UAV 1,2,1:3001:2789,ENMORT001,1:1:71:10:1:0:1,0,false,false,false,false,0
ENMORT002,none,,2026-08-09T09:17:57.000Z,21.37453609,-157.73721308,UAV 1,2,1:3001:2834,ENMORT002,1:1:71:10:1:0:1,0,false,false,false,false,0
ENMORT005,none,,2026-08-09T09:17:57.000Z,21.37457651,-157.73710572,UAV 1,2,1:3001:2607,ENMORT005,1:1:71:10:1:0:1,0,false,false,false,false,0
ENMORT004,none,,2026-08-09T09:17:57.000Z,21.37447596,-157.73706256,UAV 1,2,1:3001:2630,ENMORT004,1:1:71:10:1:0:1,0,false,false,false,false,0
ENMORT003,none,,2026-08-09T09:17:57.000Z,21.37463664,-157.73725624,UAV 1,2,1:3001:2865,ENMORT003,1:1:71:10:1:0:1,0,false,false,false,false,0
ENMORT001,none,,2026-08-09T09:17:57.000Z,21.37443553,-157.73716992,UAV 1,2,1:3001:2789,ENMORT001,1:1:71:10:1:0:1,0,false,false,false,false,0
ENMORT002,none,,2026-08-09T09:17:57.000Z,21.37453609,-157.73721308,UAV 1,2,1:3001:2834,ENMORT002,1:1:71:10:1:0:1,0,false,false,false,false,0
ENMORT005,none,,2026-08-09T09:17:57.000Z,21.37457651,-157.73710572,UAV 1,2,1:3001:2607,ENMORT005,1:1:71:10:1:0:1,0,false,false,false,false,0
ENMORT004,none,,2026-08-09T09:17:57.000Z,21.37447596,-157.73706256,UAV 1,2,1:3001:2630,ENMORT004,1:1:71:10:1:0:1,0,false,false,false,false,0
ENMORT003,none,,2026-08-09T09:17:57.000Z,21.37463664,-157.73725624,UAV 1,2,1:3001:2865,ENMORT003,1:1:71:10:1:0:1,0,false,false,false,false,0
ENMORT001,none,,2026-08-09T09:17:58.000Z,21.37443553,-157.73716992,UAV 1,2,1:3001:2789,ENMORT001,1:1:71:10:1:0:1,0,false,false,false,false,0
ENMORT002,none,,2026-08-09T09:17:58.000Z,21.37453609,-157.73721308,UAV 1,2,1:3001:2834,ENMORT002,1:1:71:10:1:0:1,0,false,false,false,false,0
ENMORT005,none,,2026-08-09T09:17:58.000Z,21.37457651,-157.73710572,UAV 1,2,1:3001:2607,ENMORT005,1:1:71:10:1:0:1,0,false,false,false,false,0
ENMORT004,none,,2026-08-09T09:17:58.000Z,21.37447596,-157.73706256,UAV 1,2,1:3001:2630,ENMORT004,1:1:71:10:1:0:1,0,false,false,false,false,0
ENMORT003,none,,2026-08-09T09:17:58.000Z,21.37463664,-157.73725624,UAV 1,2,1:3001:2865,ENMORT003,1:1:71:10:1:0:1,0,false,false,false,false,0
ENMORT001,none,,2026-08-09T09:17:58.000Z,21.37443553,-157.73716992,UAV 1,2,1:3001:2789,ENMORT001,1:1:71:10:1:0:1,0,false,false,false,false,0
ENMORT002,none,,2026-08-09T09:17:58.000Z,21.37453609,-157.73721308,UAV 1,2,1:3001:2834,ENMORT002,1:1:71:10:1:0:1,0,false,false,false,false,0
ENMORT005,none,,2026-08-09T09:17:58.000Z,21.37457651,-157.73710572,UAV 1,2,1:3001:2607,ENMORT005,1:1:71:10:1:0:1,0,false,false,false,false,0
ENMORT004,none,,2026-08-09T09:17:58.000Z,21.37447596,-157.73706256,UAV 1,2,1:3001:2630,ENMORT004,1:1:71:10:1:0:1,0,false,false,false,false,0
ENMORT003,none,,2026-08-09T09:17:58.000Z,21.37463664,-157.73725624,UAV 1,2,1:3001:2865,ENMORT003,1:1:71:10:1:0:1,0,false,false,false,false,0
ENMORT001,none,,2026-08-09T09:17:59.000Z,21.37443553,-157.73716992,UAV 1,2,1:3001:2789,ENMORT001,1:1:71:10:1:0:1,0,false,false,false,false,0
ENMORT002,none,,2026-08-09T09:17:59.000Z,21.37453609,-157.73721308,UAV 1,2,1:3001:2834,ENMORT002,1:1:71:10:1:0:1,0,false,false,false,false,0
ENMORT005,none,,2026-08-09T09:17:59.000Z,21.37457651,-157.73710572,UAV 1,2,1:3001:2607,ENMORT005,1:1:71:10:1:0:1,0,false,false,false,false,0
ENMORT004,none,,2026-08-09T09:17:59.000Z,21.37447596,-157.73706256,UAV 1,2,1:3001:2630,ENMORT004,1:1:71:10:1:0:1,0,false,false,false,false,0
ENMORT003,none,,2026-08-09T09:17:59.000Z,21.37463664,-157.73725624,UAV 1,2,1:3001:2865,ENMORT003,1:1:71:10:1:0:1,0,false,false,false,false,0
ENMORT001,none,,2026-08-09T09:17:59.000Z,21.37443553,-157.73716992,UAV 1,2,1:3001:2789,ENMORT001,1:1:71:10:1:0:1,0,false,false,false,false,0
ENMORT002,none,,2026-08-09T09:17:59.000Z,21.37453609,-157.73721308,UAV 1,2,1:3001:2834,ENMORT002,1:1:71:10:1:0:1,0,false,false,false,false,0
ENMORT005,none,,2026-08-09T09:17:59.000Z,21.37457651,-157.73710572,UAV 1,2,1:3001:2607,ENMORT005,1:1:71:10:1:0:1,0,false,false,false,false,0
ENMORT004,none,,2026-08-09T09:17:59.000Z,21.37447596,-157.73706256,UAV 1,2,1:3001:2630,ENMORT004,1:1:71:10:1:0:1,0,false,false,false,false,0
ENMORT003,none,,2026-08-09T09:17:59.000Z,21.37463664,-157.73725624,UAV 1,2,1:3001:2865,ENMORT003,1:1:71:10:1:0:1,0,false,false,false,false,0
ENMORT001,none,,2026-08-09T09:18:00.000Z,21.37443553,-157.73716992,UAV 1,2,1:3001:2789,ENMORT001,1:1:71:10:1:0:1,0,false,false,false,false,0
ENMORT002,none,,2026-08-09T09:18:00.000Z,21.37453609,-157.73721308,UAV 1,2,1:3001:2834,ENMORT002,1:1:71:10:1:0:1,0,false,false,false,false,0
ENMORT005,none,,2026-08-09T09:18:00.000Z,21.37457651,-157.73710572,UAV 1,2,1:3001:2607,ENMORT005,1:1:71:10:1:0:1,0,false,false,false,false,0
ENMORT004,none,,2026-08-09T09:18:00.000Z,21.37447596,-157.73706256,UAV 1,2,1:3001:2630,ENMORT004,1:1:71:10:1:0:1,0,false,false,false,false,0
ENMORT003,none,,2026-08-09T09:18:00.000Z,21.37463664,-157.73725624,UAV 1,2,1:3001:2865,ENMORT003,1:1:71:10:1:0:1,0,false,false,false,false,0
ENMORT001,none,,2026-08-09T09:18:00.000Z,21.37443553,-157.73716992,UAV 1,2,1:3001:2789,ENMORT001,1:1:71:10:1:0:1,0,false,false,false,false,0
ENMORT002,none,,2026-08-09T09:18:00.000Z,21.37453609,-157.73721308,UAV 1,2,1:3001:2834,ENMORT002,1:1:71:10:1:0:1,0,false,false,false,false,0
ENMORT005,none,,2026-08-09T09:18:00.000Z,21.37457651,-157.73710572,UAV 1,2,1:3001:2607,ENMORT005,1:1:71:10:1:0:1,0,false,false,false,false,0
ENMORT004,none,,2026-08-09T09:18:00.000Z,21.37447596,-157.73706256,UAV 1,2,1:3001:2630,ENMORT004,1:1:71:10:1:0:1,0,false,false,false,false,0
ENMORT003,none,,2026-08-09T09:18:00.000Z,21.37463664,-157.73725624,UAV 1,2,1:3001:2865,ENMORT003,1:1:71:10:1:0:1,0,false,false,false,false,0
ENM35003,move to,LOC_적북측접근로,2026-08-09T09:18:00.000Z,21.37135256,-157.74164552,UAV 1,2,1:3001:2894,ENM35003,1:1:225:7:1:6:0,0,false,false,false,false,0
ENMORT001,none,,2026-08-09T09:18:01.000Z,21.37443553,-157.73716992,UAV 1,2,1:3001:2789,ENMORT001,1:1:71:10:1:0:1,0,false,false,false,false,0
ENMORT002,none,,2026-08-09T09:18:01.000Z,21.37453609,-157.73721308,UAV 1,2,1:3001:2834,ENMORT002,1:1:71:10:1:0:1,0,false,false,false,false,0
ENMORT005,none,,2026-08-09T09:18:01.000Z,21.37457651,-157.73710572,UAV 1,2,1:3001:2607,ENMORT005,1:1:71:10:1:0:1,0,false,false,false,false,0
ENMORT004,none,,2026-08-09T09:18:01.000Z,21.37447596,-157.73706256,UAV 1,2,1:3001:2630,ENMORT004,1:1:71:10:1:0:1,0,false,false,false,false,0
ENMORT003,none,,2026-08-09T09:18:01.000Z,21.37463664,-157.73725624,UAV 1,2,1:3001:2865,ENMORT003,1:1:71:10:1:0:1,0,false,false,false,false,0
ENM35003,move to,LOC_적북측접근로,2026-08-09T09:18:01.000Z,21.37135256,-157.74164552,UAV 1,2,1:3001:2894,ENM35003,1:1:225:7:1:6:0,0,false,false,false,false,0
ENMORT001,none,,2026-08-09T09:18:02.000Z,21.37443553,-157.73716992,UAV 1,2,1:3001:2789,ENMORT001,1:1:71:10:1:0:1,0,false,false,false,false,0
ENMORT002,none,,2026-08-09T09:18:02.000Z,21.37453609,-157.73721308,UAV 1,2,1:3001:2834,ENMORT002,1:1:71:10:1:0:1,0,false,false,false,false,0
ENMORT005,none,,2026-08-09T09:18:02.000Z,21.37457651,-157.73710572,UAV 1,2,1:3001:2607,ENMORT005,1:1:71:10:1:0:1,0,false,false,false,false,0
ENMORT004,none,,2026-08-09T09:18:02.000Z,21.37447596,-157.73706256,UAV 1,2,1:3001:2630,ENMORT004,1:1:71:10:1:0:1,0,false,false,false,false,0
ENMORT003,none,,2026-08-09T09:18:02.000Z,21.37463664,-157.73725624,UAV 1,2,1:3001:2865,ENMORT003,1:1:71:10:1:0:1,0,false,false,false,false,0
ENM35003,move to,LOC_적북측접근로,2026-08-09T09:18:02.000Z,21.37135256,-157.74164552,UAV 1,2,1:3001:2894,ENM35003,1:1:225:7:1:6:0,0,false,false,false,false,0
ENMORT001,none,,2026-08-09T09:18:02.000Z,21.37443553,-157.73716992,UAV 1,2,1:3001:2789,ENMORT001,1:1:71:10:1:0:1,0,false,false,false,false,0
ENMORT002,none,,2026-08-09T09:18:02.000Z,21.37453609,-157.73721308,UAV 1,2,1:3001:2834,ENMORT002,1:1:71:10:1:0:1,0,false,false,false,false,0
ENMORT005,none,,2026-08-09T09:18:02.000Z,21.37457651,-157.73710572,UAV 1,2,1:3001:2607,ENMORT005,1:1:71:10:1:0:1,0,false,false,false,false,0
ENMORT004,none,,2026-08-09T09:18:02.000Z,21.37447596,-157.73706256,UAV 1,2,1:3001:2630,ENMORT004,1:1:71:10:1:0:1,0,false,false,false,false,0
ENMORT003,none,,2026-08-09T09:18:02.000Z,21.37463664,-157.73725624,UAV 1,2,1:3001:2865,ENMORT003,1:1:71:10:1:0:1,0,false,false,false,false,0
ENM35003,move to,LOC_적북측접근로,2026-08-09T09:18:02.000Z,21.37135256,-157.74164552,UAV 1,2,1:3001:2894,ENM35003,1:1:225:7:1:6:0,0,false,false,false,false,0
ENMORT001,none,,2026-08-09T09:18:03.000Z,21.37443553,-157.73716992,UAV 1,2,1:3001:2789,ENMORT001,1:1:71:10:1:0:1,0,false,false,false,false,0
ENMORT002,none,,2026-08-09T09:18:03.000Z,21.37453609,-157.73721308,UAV 1,2,1:3001:2834,ENMORT002,1:1:71:10:1:0:1,0,false,false,false,false,0
ENMORT005,none,,2026-08-09T09:18:03.000Z,21.37457651,-157.73710572,UAV 1,2,1:3001:2607,ENMORT005,1:1:71:10:1:0:1,0,false,false,false,false,0
ENMORT004,none,,2026-08-09T09:18:03.000Z,21.37447596,-157.73706256,UAV 1,2,1:3001:2630,ENMORT004,1:1:71:10:1:0:1,0,false,false,false,false,0
ENMORT003,none,,2026-08-09T09:18:03.000Z,21.37463664,-157.73725624,UAV 1,2,1:3001:2865,ENMORT003,1:1:71:10:1:0:1,0,false,false,false,false,0
ENM35004,move to,LOC_적북측접근로,2026-08-09T09:18:03.000Z,21.37136315,-157.74160677,UAV 1,2,1:3001:2650,ENM35004,1:1:225:7:1:6:0,0,false,false,false,false,0
ENMORT001,none,,2026-08-09T09:18:03.000Z,21.37443553,-157.73716992,UAV 1,2,1:3001:2789,ENMORT001,1:1:71:10:1:0:1,0,false,false,false,false,0
ENMORT002,none,,2026-08-09T09:18:03.000Z,21.37453609,-157.73721308,UAV 1,2,1:3001:2834,ENMORT002,1:1:71:10:1:0:1,0,false,false,false,false,0
ENMORT005,none,,2026-08-09T09:18:03.000Z,21.37457651,-157.73710572,UAV 1,2,1:3001:2607,ENMORT005,1:1:71:10:1:0:1,0,false,false,false,false,0
ENMORT004,none,,2026-08-09T09:18:03.000Z,21.37447596,-157.73706256,UAV 1,2,1:3001:2630,ENMORT004,1:1:71:10:1:0:1,0,false,false,false,false,0
ENMORT003,none,,2026-08-09T09:18:03.000Z,21.37463664,-157.73725624,UAV 1,2,1:3001:2865,ENMORT003,1:1:71:10:1:0:1,0,false,false,false,false,0
ENM35004,move to,LOC_적북측접근로,2026-08-09T09:18:03.000Z,21.37136315,-157.74160677,UAV 1,2,1:3001:2650,ENM35004,1:1:225:7:1:6:0,0,false,false,false,false,0
ENMORT001,none,,2026-08-09T09:18:04.000Z,21.37443553,-157.73716992,UAV 1,2,1:3001:2789,ENMORT001,1:1:71:10:1:0:1,0,false,false,false,false,0
ENMORT002,none,,2026-08-09T09:18:04.000Z,21.37453609,-157.73721308,UAV 1,2,1:3001:2834,ENMORT002,1:1:71:10:1:0:1,0,false,false,false,false,0
ENMORT005,none,,2026-08-09T09:18:04.000Z,21.37457651,-157.73710572,UAV 1,2,1:3001:2607,ENMORT005,1:1:71:10:1:0:1,0,false,false,false,false,0
ENMORT004,none,,2026-08-09T09:18:04.000Z,21.37447596,-157.73706256,UAV 1,2,1:3001:2630,ENMORT004,1:1:71:10:1:0:1,0,false,false,false,false,0
ENMORT003,none,,2026-08-09T09:18:04.000Z,21.37463664,-157.73725624,UAV 1,2,1:3001:2865,ENMORT003,1:1:71:10:1:0:1,0,false,false,false,false,0
ENM35004,move to,LOC_적북측접근로,2026-08-09T09:18:04.000Z,21.37136315,-157.74160677,UAV 1,2,1:3001:2650,ENM35004,1:1:225:7:1:6:0,0,false,false,false,false,0
ENMORT001,none,,2026-08-09T09:18:04.000Z,21.37443553,-157.73716992,UAV 1,2,1:3001:2789,ENMORT001,1:1:71:10:1:0:1,0,false,false,false,false,0
ENMORT002,none,,2026-08-09T09:18:04.000Z,21.37453609,-157.73721308,UAV 1,2,1:3001:2834,ENMORT002,1:1:71:10:1:0:1,0,false,false,false,false,0
ENMORT005,none,,2026-08-09T09:18:04.000Z,21.37457651,-157.73710572,UAV 1,2,1:3001:2607,ENMORT005,1:1:71:10:1:0:1,0,false,false,false,false,0
ENMORT004,none,,2026-08-09T09:18:04.000Z,21.37447596,-157.73706256,UAV 1,2,1:3001:2630,ENMORT004,1:1:71:10:1:0:1,0,false,false,false,false,0
ENMORT003,none,,2026-08-09T09:18:04.000Z,21.37463664,-157.73725624,UAV 1,2,1:3001:2865,ENMORT003,1:1:71:10:1:0:1,0,false,false,false,false,0
ENM35004,move to,LOC_적북측접근로,2026-08-09T09:18:04.000Z,21.37136315,-157.74160677,UAV 1,2,1:3001:2650,ENM35004,1:1:225:7:1:6:0,0,false,false,false,false,0
ENMORT001,none,,2026-08-09T09:18:05.000Z,21.37443553,-157.73716992,UAV 1,2,1:3001:2789,ENMORT001,1:1:71:10:1:0:1,0,false,false,false,false,0
ENMORT002,none,,2026-08-09T09:18:05.000Z,21.37453609,-157.73721308,UAV 1,2,1:3001:2834,ENMORT002,1:1:71:10:1:0:1,0,false,false,false,false,0
ENMORT005,none,,2026-08-09T09:18:05.000Z,21.37457651,-157.73710572,UAV 1,2,1:3001:2607,ENMORT005,1:1:71:10:1:0:1,0,false,false,false,false,0
ENMORT004,none,,2026-08-09T09:18:05.000Z,21.37447596,-157.73706256,UAV 1,2,1:3001:2630,ENMORT004,1:1:71:10:1:0:1,0,false,false,false,false,0
ENMORT003,none,,2026-08-09T09:18:05.000Z,21.37463664,-157.73725624,UAV 1,2,1:3001:2865,ENMORT003,1:1:71:10:1:0:1,0,false,false,false,false,0
ENMORT001,none,,2026-08-09T09:18:05.000Z,21.37443553,-157.73716992,UAV 1,2,1:3001:2789,ENMORT001,1:1:71:10:1:0:1,0,false,false,false,false,0
ENMORT002,none,,2026-08-09T09:18:05.000Z,21.37453609,-157.73721308,UAV 1,2,1:3001:2834,ENMORT002,1:1:71:10:1:0:1,0,false,false,false,false,0
ENMORT005,none,,2026-08-09T09:18:05.000Z,21.37457651,-157.73710572,UAV 1,2,1:3001:2607,ENMORT005,1:1:71:10:1:0:1,0,false,false,false,false,0
ENMORT004,none,,2026-08-09T09:18:05.000Z,21.37447596,-157.73706256,UAV 1,2,1:3001:2630,ENMORT004,1:1:71:10:1:0:1,0,false,false,false,false,0
ENMORT003,none,,2026-08-09T09:18:05.000Z,21.37463664,-157.73725624,UAV 1,2,1:3001:2865,ENMORT003,1:1:71:10:1:0:1,0,false,false,false,false,0
ENMORT001,none,,2026-08-09T09:18:06.000Z,21.37443553,-157.73716992,UAV 1,2,1:3001:2789,ENMORT001,1:1:71:10:1:0:1,0,false,false,false,false,0
ENMORT002,none,,2026-08-09T09:18:06.000Z,21.37453609,-157.73721308,UAV 1,2,1:3001:2834,ENMORT002,1:1:71:10:1:0:1,0,false,false,false,false,0
ENMORT005,none,,2026-08-09T09:18:06.000Z,21.37457651,-157.73710572,UAV 1,2,1:3001:2607,ENMORT005,1:1:71:10:1:0:1,0,false,false,false,false,0
ENMORT004,none,,2026-08-09T09:18:06.000Z,21.37447596,-157.73706256,UAV 1,2,1:3001:2630,ENMORT004,1:1:71:10:1:0:1,0,false,false,false,false,0
ENMORT003,none,,2026-08-09T09:18:06.000Z,21.37463664,-157.73725624,UAV 1,2,1:3001:2865,ENMORT003,1:1:71:10:1:0:1,0,false,false,false,false,0
ENMORT001,none,,2026-08-09T09:18:06.000Z,21.37443553,-157.73716992,UAV 1,2,1:3001:2789,ENMORT001,1:1:71:10:1:0:1,0,false,false,false,false,0
ENMORT002,none,,2026-08-09T09:18:06.000Z,21.37453609,-157.73721308,UAV 1,2,1:3001:2834,ENMORT002,1:1:71:10:1:0:1,0,false,false,false,false,0
ENMORT005,none,,2026-08-09T09:18:06.000Z,21.37457651,-157.73710572,UAV 1,2,1:3001:2607,ENMORT005,1:1:71:10:1:0:1,0,false,false,false,false,0
ENMORT004,none,,2026-08-09T09:18:06.000Z,21.37447596,-157.73706256,UAV 1,2,1:3001:2630,ENMORT004,1:1:71:10:1:0:1,0,false,false,false,false,0
ENMORT003,none,,2026-08-09T09:18:06.000Z,21.37463664,-157.73725624,UAV 1,2,1:3001:2865,ENMORT003,1:1:71:10:1:0:1,0,false,false,false,false,0
ENMORT001,none,,2026-08-09T09:18:07.000Z,21.37443553,-157.73716992,UAV 1,2,1:3001:2789,ENMORT001,1:1:71:10:1:0:1,0,false,false,false,false,0
ENMORT002,none,,2026-08-09T09:18:07.000Z,21.37453609,-157.73721308,UAV 1,2,1:3001:2834,ENMORT002,1:1:71:10:1:0:1,0,false,false,false,false,0
ENMORT003,none,,2026-08-09T09:18:07.000Z,21.37463664,-157.73725624,UAV 1,2,1:3001:2865,ENMORT003,1:1:71:10:1:0:1,0,false,false,false,false,0
ENM35004,move to,LOC_적북측접근로,2026-08-09T09:18:07.000Z,21.37135161,-157.74165343,UAV 1,2,1:3001:2650,ENM35004,1:1:225:7:1:6:0,0,false,false,false,false,0
ENM35002,move to,LOC_적북측접근로,2026-08-09T09:18:07.000Z,21.37137827,-157.74154573,UAV 1,2,1:3001:2740,ENM35002,1:1:225:7:1:6:0,0,false,false,false,false,0
ENMORT001,none,,2026-08-09T09:18:07.000Z,21.37443553,-157.73716992,UAV 1,2,1:3001:2789,ENMORT001,1:1:71:10:1:0:1,0,false,false,false,false,0
ENMORT002,none,,2026-08-09T09:18:07.000Z,21.37453609,-157.73721308,UAV 1,2,1:3001:2834,ENMORT002,1:1:71:10:1:0:1,0,false,false,false,false,0
ENMORT003,none,,2026-08-09T09:18:07.000Z,21.37463664,-157.73725624,UAV 1,2,1:3001:2865,ENMORT003,1:1:71:10:1:0:1,0,false,false,false,false,0
ENM35004,move to,LOC_적북측접근로,2026-08-09T09:18:07.000Z,21.37135161,-157.74165343,UAV 1,2,1:3001:2650,ENM35004,1:1:225:7:1:6:0,0,false,false,false,false,0
ENM35002,move to,LOC_적북측접근로,2026-08-09T09:18:07.000Z,21.37137827,-157.74154573,UAV 1,2,1:3001:2740,ENM35002,1:1:225:7:1:6:0,0,false,false,false,false,0
ENMORT001,none,,2026-08-09T09:18:08.000Z,21.37443553,-157.73716992,UAV 1,2,1:3001:2789,ENMORT001,1:1:71:10:1:0:1,0,false,false,false,false,0
ENMORT002,none,,2026-08-09T09:18:08.000Z,21.37453609,-157.73721308,UAV 1,2,1:3001:2834,ENMORT002,1:1:71:10:1:0:1,0,false,false,false,false,0
ENMORT003,none,,2026-08-09T09:18:08.000Z,21.37463664,-157.73725624,UAV 1,2,1:3001:2865,ENMORT003,1:1:71:10:1:0:1,0,false,false,false,false,0
ENM35004,move to,LOC_적북측접근로,2026-08-09T09:18:08.000Z,21.37135161,-157.74165343,UAV 1,2,1:3001:2650,ENM35004,1:1:225:7:1:6:0,0,false,false,false,false,0
ENM35002,move to,LOC_적북측접근로,2026-08-09T09:18:08.000Z,21.37137827,-157.74154573,UAV 1,2,1:3001:2740,ENM35002,1:1:225:7:1:6:0,0,false,false,false,false,0
ENMORT001,none,,2026-08-09T09:18:08.000Z,21.37443553,-157.73716992,UAV 1,2,1:3001:2789,ENMORT001,1:1:71:10:1:0:1,0,false,false,false,false,0
ENMORT002,none,,2026-08-09T09:18:08.000Z,21.37453609,-157.73721308,UAV 1,2,1:3001:2834,ENMORT002,1:1:71:10:1:0:1,0,false,false,false,false,0
ENMORT003,none,,2026-08-09T09:18:08.000Z,21.37463664,-157.73725624,UAV 1,2,1:3001:2865,ENMORT003,1:1:71:10:1:0:1,0,false,false,false,false,0
ENM35004,move to,LOC_적북측접근로,2026-08-09T09:18:08.000Z,21.37135161,-157.74165343,UAV 1,2,1:3001:2650,ENM35004,1:1:225:7:1:6:0,0,false,false,false,false,0
ENM35002,move to,LOC_적북측접근로,2026-08-09T09:18:08.000Z,21.37137827,-157.74154573,UAV 1,2,1:3001:2740,ENM35002,1:1:225:7:1:6:0,0,false,false,false,false,0
ENMORT001,none,,2026-08-09T09:18:09.000Z,21.37443553,-157.73716992,UAV 1,2,1:3001:2789,ENMORT001,1:1:71:10:1:0:1,0,false,false,false,false,0
ENMORT002,none,,2026-08-09T09:18:09.000Z,21.37453609,-157.73721308,UAV 1,2,1:3001:2834,ENMORT002,1:1:71:10:1:0:1,0,false,false,false,false,0
ENMORT003,none,,2026-08-09T09:18:09.000Z,21.37463664,-157.73725624,UAV 1,2,1:3001:2865,ENMORT003,1:1:71:10:1:0:1,0,false,false,false,false,0
ENMORT001,none,,2026-08-09T09:18:09.000Z,21.37443553,-157.73716992,UAV 1,2,1:3001:2789,ENMORT001,1:1:71:10:1:0:1,0,false,false,false,false,0
ENMORT002,none,,2026-08-09T09:18:09.000Z,21.37453609,-157.73721308,UAV 1,2,1:3001:2834,ENMORT002,1:1:71:10:1:0:1,0,false,false,false,false,0
ENMORT003,none,,2026-08-09T09:18:09.000Z,21.37463664,-157.73725624,UAV 1,2,1:3001:2865,ENMORT003,1:1:71:10:1:0:1,0,false,false,false,false,0
ENMORT001,none,,2026-08-09T09:18:10.000Z,21.37443553,-157.73716992,UAV 1,2,1:3001:2789,ENMORT001,1:1:71:10:1:0:1,0,false,false,false,false,0
ENMORT002,none,,2026-08-09T09:18:10.000Z,21.37453609,-157.73721308,UAV 1,2,1:3001:2834,ENMORT002,1:1:71:10:1:0:1,0,false,false,false,false,0
ENMORT003,none,,2026-08-09T09:18:10.000Z,21.37463664,-157.73725624,UAV 1,2,1:3001:2865,ENMORT003,1:1:71:10:1:0:1,0,false,false,false,false,0
ENMORT001,none,,2026-08-09T09:18:10.000Z,21.37443553,-157.73716992,UAV 1,2,1:3001:2789,ENMORT001,1:1:71:10:1:0:1,0,false,false,false,false,0
ENMORT002,none,,2026-08-09T09:18:10.000Z,21.37453609,-157.73721308,UAV 1,2,1:3001:2834,ENMORT002,1:1:71:10:1:0:1,0,false,false,false,false,0
ENMORT003,none,,2026-08-09T09:18:10.000Z,21.37463664,-157.73725624,UAV 1,2,1:3001:2865,ENMORT003,1:1:71:10:1:0:1,0,false,false,false,false,0
ENM35003,move to,LOC_적북측접근로,2026-08-09T09:18:11.000Z,21.37137734,-157.74154081,UAV 1,2,1:3001:2894,ENM35003,1:1:225:7:1:6:0,0,false,false,false,false,0
ENM35003,move to,LOC_적북측접근로,2026-08-09T09:18:11.000Z,21.37137734,-157.74154081,UAV 1,2,1:3001:2894,ENM35003,1:1:225:7:1:6:0,0,false,false,false,false,0
ENM35003,move to,LOC_적북측접근로,2026-08-09T09:18:12.000Z,21.37137734,-157.74154081,UAV 1,2,1:3001:2894,ENM35003,1:1:225:7:1:6:0,0,false,false,false,false,0
ENM35003,move to,LOC_적북측접근로,2026-08-09T09:18:12.000Z,21.37137734,-157.74154081,UAV 1,2,1:3001:2894,ENM35003,1:1:225:7:1:6:0,0,false,false,false,false,0
ENMORT001,none,,2026-08-09T09:18:15.000Z,21.37443553,-157.73716992,UAV 1,2,1:3001:2789,ENMORT001,1:1:71:10:1:0:1,0,false,false,false,false,0
ENMORT001,none,,2026-08-09T09:18:15.000Z,21.37443553,-157.73716992,UAV 1,2,1:3001:2789,ENMORT001,1:1:71:10:1:0:1,0,false,false,false,false,0
ENMORT001,none,,2026-08-09T09:18:16.000Z,21.37443553,-157.73716992,UAV 1,2,1:3001:2789,ENMORT001,1:1:71:10:1:0:1,0,false,false,false,false,0
ENMORT001,none,,2026-08-09T09:18:17.000Z,21.37443553,-157.73716992,UAV 1,2,1:3001:2789,ENMORT001,1:1:71:10:1:0:1,0,false,false,false,false,0
ENMORT001,none,,2026-08-09T09:18:17.000Z,21.37443553,-157.73716992,UAV 1,2,1:3001:2789,ENMORT001,1:1:71:10:1:0:1,0,false,false,false,false,0
ENMORT004,none,,2026-08-09T09:18:17.000Z,21.37447596,-157.73706256,UAV 1,2,1:3001:2630,ENMORT004,1:1:71:10:1:0:1,0,false,false,false,false,0
ENM35002,move to,LOC_적북측접근로,2026-08-09T09:18:17.000Z,21.37135564,-157.74163719,UAV 1,2,1:3001:2740,ENM35002,1:1:225:7:1:6:0,0,false,false,false,false,0
ENMORT002,none,,2026-08-09T09:18:17.000Z,21.37453609,-157.73721308,UAV 1,2,1:3001:2834,ENMORT002,1:1:71:10:1:0:1,0,false,false,false,false,0
ENMORT001,none,,2026-08-09T09:18:18.000Z,21.37443553,-157.73716992,UAV 1,2,1:3001:2789,ENMORT001,1:1:71:10:1:0:1,0,false,false,false,false,0
ENMORT004,none,,2026-08-09T09:18:18.000Z,21.37447596,-157.73706256,UAV 1,2,1:3001:2630,ENMORT004,1:1:71:10:1:0:1,0,false,false,false,false,0
ENM35002,move to,LOC_적북측접근로,2026-08-09T09:18:18.000Z,21.37135564,-157.74163719,UAV 1,2,1:3001:2740,ENM35002,1:1:225:7:1:6:0,0,false,false,false,false,0
ENMORT002,none,,2026-08-09T09:18:18.000Z,21.37453609,-157.73721308,UAV 1,2,1:3001:2834,ENMORT002,1:1:71:10:1:0:1,0,false,false,false,false,0
ENMORT001,none,,2026-08-09T09:18:18.000Z,21.37443553,-157.73716992,UAV 1,2,1:3001:2789,ENMORT001,1:1:71:10:1:0:1,0,false,false,false,false,0
ENMORT004,none,,2026-08-09T09:18:18.000Z,21.37447596,-157.73706256,UAV 1,2,1:3001:2630,ENMORT004,1:1:71:10:1:0:1,0,false,false,false,false,0
ENM35002,move to,LOC_적북측접근로,2026-08-09T09:18:18.000Z,21.37135564,-157.74163719,UAV 1,2,1:3001:2740,ENM35002,1:1:225:7:1:6:0,0,false,false,false,false,0
ENMORT002,none,,2026-08-09T09:18:18.000Z,21.37453609,-157.73721308,UAV 1,2,1:3001:2834,ENMORT002,1:1:71:10:1:0:1,0,false,false,false,false,0
ENMORT001,none,,2026-08-09T09:18:19.000Z,21.37443553,-157.73716992,UAV 1,2,1:3001:2789,ENMORT001,1:1:71:10:1:0:1,0,false,false,false,false,0
ENMORT004,none,,2026-08-09T09:18:19.000Z,21.37447596,-157.73706256,UAV 1,2,1:3001:2630,ENMORT004,1:1:71:10:1:0:1,0,false,false,false,false,0
ENM35002,move to,LOC_적북측접근로,2026-08-09T09:18:19.000Z,21.37135564,-157.74163719,UAV 1,2,1:3001:2740,ENM35002,1:1:225:7:1:6:0,0,false,false,false,false,0
ENMORT002,none,,2026-08-09T09:18:19.000Z,21.37453609,-157.73721308,UAV 1,2,1:3001:2834,ENMORT002,1:1:71:10:1:0:1,0,false,false,false,false,0
ENMORT001,none,,2026-08-09T09:18:19.000Z,21.37443553,-157.73716992,UAV 1,2,1:3001:2789,ENMORT001,1:1:71:10:1:0:1,0,false,false,false,false,0
ENMORT004,none,,2026-08-09T09:18:19.000Z,21.37447596,-157.73706256,UAV 1,2,1:3001:2630,ENMORT004,1:1:71:10:1:0:1,0,false,false,false,false,0
ENMORT002,none,,2026-08-09T09:18:19.000Z,21.37453609,-157.73721308,UAV 1,2,1:3001:2834,ENMORT002,1:1:71:10:1:0:1,0,false,false,false,false,0
ENMORT005,none,,2026-08-09T09:18:19.000Z,21.37457651,-157.73710572,UAV 1,2,1:3001:2607,ENMORT005,1:1:71:10:1:0:1,0,false,false,false,false,0
ENZPU001,none,,2026-08-09T09:18:19.000Z,21.37550111,-157.74438876,UAV 1,2,1:3001:2659,ENZPU001,1:1:222:28:13:7:3,0,false,false,false,false,0
ENMORT003,none,,2026-08-09T09:18:19.000Z,21.37463664,-157.73725624,UAV 1,2,1:3001:2865,ENMORT003,1:1:71:10:1:0:1,0,false,false,false,false,0
ENMORT001,none,,2026-08-09T09:18:20.000Z,21.37443553,-157.73716992,UAV 1,2,1:3001:2789,ENMORT001,1:1:71:10:1:0:1,0,false,false,false,false,0
ENMORT004,none,,2026-08-09T09:18:20.000Z,21.37447596,-157.73706256,UAV 1,2,1:3001:2630,ENMORT004,1:1:71:10:1:0:1,0,false,false,false,false,0
ENMORT002,none,,2026-08-09T09:18:20.000Z,21.37453609,-157.73721308,UAV 1,2,1:3001:2834,ENMORT002,1:1:71:10:1:0:1,0,false,false,false,false,0
ENMORT005,none,,2026-08-09T09:18:20.000Z,21.37457651,-157.73710572,UAV 1,2,1:3001:2607,ENMORT005,1:1:71:10:1:0:1,0,false,false,false,false,0
ENZPU001,none,,2026-08-09T09:18:20.000Z,21.37550111,-157.74438876,UAV 1,2,1:3001:2659,ENZPU001,1:1:222:28:13:7:3,0,false,false,false,false,0
ENMORT003,none,,2026-08-09T09:18:20.000Z,21.37463664,-157.73725624,UAV 1,2,1:3001:2865,ENMORT003,1:1:71:10:1:0:1,0,false,false,false,false,0
ENMORT001,none,,2026-08-09T09:18:20.000Z,21.37443553,-157.73716992,UAV 1,2,1:3001:2789,ENMORT001,1:1:71:10:1:0:1,0,false,false,false,false,0
ENMORT004,none,,2026-08-09T09:18:20.000Z,21.37447596,-157.73706256,UAV 1,2,1:3001:2630,ENMORT004,1:1:71:10:1:0:1,0,false,false,false,false,0
ENMORT002,none,,2026-08-09T09:18:20.000Z,21.37453609,-157.73721308,UAV 1,2,1:3001:2834,ENMORT002,1:1:71:10:1:0:1,0,false,false,false,false,0
ENMORT005,none,,2026-08-09T09:18:20.000Z,21.37457651,-157.73710572,UAV 1,2,1:3001:2607,ENMORT005,1:1:71:10:1:0:1,0,false,false,false,false,0
ENZPU001,none,,2026-08-09T09:18:20.000Z,21.37550111,-157.74438876,UAV 1,2,1:3001:2659,ENZPU001,1:1:222:28:13:7:3,0,false,false,false,false,0
ENMORT003,none,,2026-08-09T09:18:20.000Z,21.37463664,-157.73725624,UAV 1,2,1:3001:2865,ENMORT003,1:1:71:10:1:0:1,0,false,false,false,false,0
ENMORT001,none,,2026-08-09T09:18:21.000Z,21.37443553,-157.73716992,UAV 1,2,1:3001:2789,ENMORT001,1:1:71:10:1:0:1,0,false,false,false,false,0
ENMORT004,none,,2026-08-09T09:18:21.000Z,21.37447596,-157.73706256,UAV 1,2,1:3001:2630,ENMORT004,1:1:71:10:1:0:1,0,false,false,false,false,0
ENMORT002,none,,2026-08-09T09:18:21.000Z,21.37453609,-157.73721308,UAV 1,2,1:3001:2834,ENMORT002,1:1:71:10:1:0:1,0,false,false,false,false,0
ENMORT005,none,,2026-08-09T09:18:21.000Z,21.37457651,-157.73710572,UAV 1,2,1:3001:2607,ENMORT005,1:1:71:10:1:0:1,0,false,false,false,false,0
ENZPU001,none,,2026-08-09T09:18:21.000Z,21.37550111,-157.74438876,UAV 1,2,1:3001:2659,ENZPU001,1:1:222:28:13:7:3,0,false,false,false,false,0
ENMORT003,none,,2026-08-09T09:18:21.000Z,21.37463664,-157.73725624,UAV 1,2,1:3001:2865,ENMORT003,1:1:71:10:1:0:1,0,false,false,false,false,0
ENZPU002,none,,2026-08-09T09:18:21.000Z,21.37545350,-157.74447070,UAV 1,2,1:3001:2807,ENZPU002,1:1:222:28:13:7:3,0,false,false,false,false,0
ENZPU003,none,,2026-08-09T09:18:21.000Z,21.37540589,-157.74455264,UAV 1,2,1:3001:2809,ENZPU003,1:1:222:28:13:7:3,0,false,false,false,false,0
ENM35003,move to,LOC_적북측접근로,2026-08-09T09:18:21.000Z,21.37135729,-157.74162553,UAV 1,2,1:3001:2894,ENM35003,1:1:225:7:1:6:0,0,false,false,false,false,0
ENMORT001,none,,2026-08-09T09:18:21.000Z,21.37443553,-157.73716992,UAV 1,2,1:3001:2789,ENMORT001,1:1:71:10:1:0:1,0,false,false,false,false,0
ENMORT004,none,,2026-08-09T09:18:21.000Z,21.37447596,-157.73706256,UAV 1,2,1:3001:2630,ENMORT004,1:1:71:10:1:0:1,0,false,false,false,false,0
ENMORT002,none,,2026-08-09T09:18:21.000Z,21.37453609,-157.73721308,UAV 1,2,1:3001:2834,ENMORT002,1:1:71:10:1:0:1,0,false,false,false,false,0
ENMORT005,none,,2026-08-09T09:18:21.000Z,21.37457651,-157.73710572,UAV 1,2,1:3001:2607,ENMORT005,1:1:71:10:1:0:1,0,false,false,false,false,0
ENZPU001,none,,2026-08-09T09:18:21.000Z,21.37550111,-157.74438876,UAV 1,2,1:3001:2659,ENZPU001,1:1:222:28:13:7:3,0,false,false,false,false,0
ENMORT003,none,,2026-08-09T09:18:21.000Z,21.37463664,-157.73725624,UAV 1,2,1:3001:2865,ENMORT003,1:1:71:10:1:0:1,0,false,false,false,false,0
ENZPU002,none,,2026-08-09T09:18:21.000Z,21.37545350,-157.74447070,UAV 1,2,1:3001:2807,ENZPU002,1:1:222:28:13:7:3,0,false,false,false,false,0
ENZPU003,none,,2026-08-09T09:18:21.000Z,21.37540589,-157.74455264,UAV 1,2,1:3001:2809,ENZPU003,1:1:222:28:13:7:3,0,false,false,false,false,0
ENM35003,move to,LOC_적북측접근로,2026-08-09T09:18:21.000Z,21.37135729,-157.74162553,UAV 1,2,1:3001:2894,ENM35003,1:1:225:7:1:6:0,0,false,false,false,false,0
ENMORT001,none,,2026-08-09T09:18:22.000Z,21.37443553,-157.73716992,UAV 1,2,1:3001:2789,ENMORT001,1:1:71:10:1:0:1,0,false,false,false,false,0
ENMORT004,none,,2026-08-09T09:18:22.000Z,21.37447596,-157.73706256,UAV 1,2,1:3001:2630,ENMORT004,1:1:71:10:1:0:1,0,false,false,false,false,0
ENMORT002,none,,2026-08-09T09:18:22.000Z,21.37453609,-157.73721308,UAV 1,2,1:3001:2834,ENMORT002,1:1:71:10:1:0:1,0,false,false,false,false,0
ENMORT005,none,,2026-08-09T09:18:22.000Z,21.37457651,-157.73710572,UAV 1,2,1:3001:2607,ENMORT005,1:1:71:10:1:0:1,0,false,false,false,false,0
ENZPU001,none,,2026-08-09T09:18:22.000Z,21.37550111,-157.74438876,UAV 1,2,1:3001:2659,ENZPU001,1:1:222:28:13:7:3,0,false,false,false,false,0
ENMORT003,none,,2026-08-09T09:18:22.000Z,21.37463664,-157.73725624,UAV 1,2,1:3001:2865,ENMORT003,1:1:71:10:1:0:1,0,false,false,false,false,0
ENZPU002,none,,2026-08-09T09:18:22.000Z,21.37545350,-157.74447070,UAV 1,2,1:3001:2807,ENZPU002,1:1:222:28:13:7:3,0,false,false,false,false,0
ENZPU003,none,,2026-08-09T09:18:22.000Z,21.37540589,-157.74455264,UAV 1,2,1:3001:2809,ENZPU003,1:1:222:28:13:7:3,0,false,false,false,false,0
ENM35003,move to,LOC_적북측접근로,2026-08-09T09:18:22.000Z,21.37135729,-157.74162553,UAV 1,2,1:3001:2894,ENM35003,1:1:225:7:1:6:0,0,false,false,false,false,0
ENMORT001,none,,2026-08-09T09:18:22.000Z,21.37443553,-157.73716992,UAV 1,2,1:3001:2789,ENMORT001,1:1:71:10:1:0:1,0,false,false,false,false,0
ENMORT004,none,,2026-08-09T09:18:22.000Z,21.37447596,-157.73706256,UAV 1,2,1:3001:2630,ENMORT004,1:1:71:10:1:0:1,0,false,false,false,false,0
ENMORT002,none,,2026-08-09T09:18:22.000Z,21.37453609,-157.73721308,UAV 1,2,1:3001:2834,ENMORT002,1:1:71:10:1:0:1,0,false,false,false,false,0
ENMORT005,none,,2026-08-09T09:18:22.000Z,21.37457651,-157.73710572,UAV 1,2,1:3001:2607,ENMORT005,1:1:71:10:1:0:1,0,false,false,false,false,0
ENZPU001,none,,2026-08-09T09:18:22.000Z,21.37550111,-157.74438876,UAV 1,2,1:3001:2659,ENZPU001,1:1:222:28:13:7:3,0,false,false,false,false,0
ENMORT003,none,,2026-08-09T09:18:22.000Z,21.37463664,-157.73725624,UAV 1,2,1:3001:2865,ENMORT003,1:1:71:10:1:0:1,0,false,false,false,false,0
ENZPU002,none,,2026-08-09T09:18:22.000Z,21.37545350,-157.74447070,UAV 1,2,1:3001:2807,ENZPU002,1:1:222:28:13:7:3,0,false,false,false,false,0
ENZPU003,none,,2026-08-09T09:18:22.000Z,21.37540589,-157.74455264,UAV 1,2,1:3001:2809,ENZPU003,1:1:222:28:13:7:3,0,false,false,false,false,0
ENM35003,move to,LOC_적북측접근로,2026-08-09T09:18:22.000Z,21.37135729,-157.74162553,UAV 1,2,1:3001:2894,ENM35003,1:1:225:7:1:6:0,0,false,false,false,false,0
ENMORT001,none,,2026-08-09T09:18:23.000Z,21.37443553,-157.73716992,UAV 1,2,1:3001:2789,ENMORT001,1:1:71:10:1:0:1,0,false,false,false,false,0
ENMORT004,none,,2026-08-09T09:18:23.000Z,21.37447596,-157.73706256,UAV 1,2,1:3001:2630,ENMORT004,1:1:71:10:1:0:1,0,false,false,false,false,0
ENMORT002,none,,2026-08-09T09:18:23.000Z,21.37453609,-157.73721308,UAV 1,2,1:3001:2834,ENMORT002,1:1:71:10:1:0:1,0,false,false,false,false,0
ENMORT005,none,,2026-08-09T09:18:23.000Z,21.37457651,-157.73710572,UAV 1,2,1:3001:2607,ENMORT005,1:1:71:10:1:0:1,0,false,false,false,false,0
ENZPU001,none,,2026-08-09T09:18:23.000Z,21.37550111,-157.74438876,UAV 1,2,1:3001:2659,ENZPU001,1:1:222:28:13:7:3,0,false,false,false,false,0
ENMORT003,none,,2026-08-09T09:18:23.000Z,21.37463664,-157.73725624,UAV 1,2,1:3001:2865,ENMORT003,1:1:71:10:1:0:1,0,false,false,false,false,0
ENZPU002,none,,2026-08-09T09:18:23.000Z,21.37545350,-157.74447070,UAV 1,2,1:3001:2807,ENZPU002,1:1:222:28:13:7:3,0,false,false,false,false,0
ENZPU003,none,,2026-08-09T09:18:23.000Z,21.37540589,-157.74455264,UAV 1,2,1:3001:2809,ENZPU003,1:1:222:28:13:7:3,0,false,false,false,false,0
ENM35003,move to,LOC_적북측접근로,2026-08-09T09:18:23.000Z,21.37135126,-157.74165103,UAV 1,2,1:3001:2894,ENM35003,1:1:225:7:1:6:0,0,false,false,false,false,0
ENMORT001,none,,2026-08-09T09:18:23.000Z,21.37443553,-157.73716992,UAV 1,2,1:3001:2789,ENMORT001,1:1:71:10:1:0:1,0,false,false,false,false,0
ENMORT004,none,,2026-08-09T09:18:23.000Z,21.37447596,-157.73706256,UAV 1,2,1:3001:2630,ENMORT004,1:1:71:10:1:0:1,0,false,false,false,false,0
ENMORT002,none,,2026-08-09T09:18:23.000Z,21.37453609,-157.73721308,UAV 1,2,1:3001:2834,ENMORT002,1:1:71:10:1:0:1,0,false,false,false,false,0
ENMORT005,none,,2026-08-09T09:18:23.000Z,21.37457651,-157.73710572,UAV 1,2,1:3001:2607,ENMORT005,1:1:71:10:1:0:1,0,false,false,false,false,0
ENZPU001,none,,2026-08-09T09:18:23.000Z,21.37550111,-157.74438876,UAV 1,2,1:3001:2659,ENZPU001,1:1:222:28:13:7:3,0,false,false,false,false,0
ENMORT003,none,,2026-08-09T09:18:23.000Z,21.37463664,-157.73725624,UAV 1,2,1:3001:2865,ENMORT003,1:1:71:10:1:0:1,0,false,false,false,false,0
ENZPU002,none,,2026-08-09T09:18:23.000Z,21.37545350,-157.74447070,UAV 1,2,1:3001:2807,ENZPU002,1:1:222:28:13:7:3,0,false,false,false,false,0
ENZPU003,none,,2026-08-09T09:18:23.000Z,21.37540589,-157.74455264,UAV 1,2,1:3001:2809,ENZPU003,1:1:222:28:13:7:3,0,false,false,false,false,0
ENM35003,move to,LOC_적북측접근로,2026-08-09T09:18:23.000Z,21.37135126,-157.74165103,UAV 1,2,1:3001:2894,ENM35003,1:1:225:7:1:6:0,0,false,false,false,false,0
ENMORT001,none,,2026-08-09T09:18:24.000Z,21.37443553,-157.73716992,UAV 1,2,1:3001:2789,ENMORT001,1:1:71:10:1:0:1,0,false,false,false,false,0
ENMORT004,none,,2026-08-09T09:18:24.000Z,21.37447596,-157.73706256,UAV 1,2,1:3001:2630,ENMORT004,1:1:71:10:1:0:1,0,false,false,false,false,0
ENMORT002,none,,2026-08-09T09:18:24.000Z,21.37453609,-157.73721308,UAV 1,2,1:3001:2834,ENMORT002,1:1:71:10:1:0:1,0,false,false,false,false,0
ENMORT005,none,,2026-08-09T09:18:24.000Z,21.37457651,-157.73710572,UAV 1,2,1:3001:2607,ENMORT005,1:1:71:10:1:0:1,0,false,false,false,false,0
ENZPU001,none,,2026-08-09T09:18:24.000Z,21.37550111,-157.74438876,UAV 1,2,1:3001:2659,ENZPU001,1:1:222:28:13:7:3,0,false,false,false,false,0
ENMORT003,none,,2026-08-09T09:18:24.000Z,21.37463664,-157.73725624,UAV 1,2,1:3001:2865,ENMORT003,1:1:71:10:1:0:1,0,false,false,false,false,0
ENZPU002,none,,2026-08-09T09:18:24.000Z,21.37545350,-157.74447070,UAV 1,2,1:3001:2807,ENZPU002,1:1:222:28:13:7:3,0,false,false,false,false,0
ENZPU003,none,,2026-08-09T09:18:24.000Z,21.37540589,-157.74455264,UAV 1,2,1:3001:2809,ENZPU003,1:1:222:28:13:7:3,0,false,false,false,false,0
ENM35003,move to,LOC_적북측접근로,2026-08-09T09:18:24.000Z,21.37135126,-157.74165103,UAV 1,2,1:3001:2894,ENM35003,1:1:225:7:1:6:0,0,false,false,false,false,0
ENMORT001,none,,2026-08-09T09:18:24.000Z,21.37443553,-157.73716992,UAV 1,2,1:3001:2789,ENMORT001,1:1:71:10:1:0:1,0,false,false,false,false,0
ENMORT004,none,,2026-08-09T09:18:24.000Z,21.37447596,-157.73706256,UAV 1,2,1:3001:2630,ENMORT004,1:1:71:10:1:0:1,0,false,false,false,false,0
ENMORT002,none,,2026-08-09T09:18:24.000Z,21.37453609,-157.73721308,UAV 1,2,1:3001:2834,ENMORT002,1:1:71:10:1:0:1,0,false,false,false,false,0
ENMORT005,none,,2026-08-09T09:18:24.000Z,21.37457651,-157.73710572,UAV 1,2,1:3001:2607,ENMORT005,1:1:71:10:1:0:1,0,false,false,false,false,0
ENZPU001,none,,2026-08-09T09:18:24.000Z,21.37550111,-157.74438876,UAV 1,2,1:3001:2659,ENZPU001,1:1:222:28:13:7:3,0,false,false,false,false,0
ENMORT003,none,,2026-08-09T09:18:24.000Z,21.37463664,-157.73725624,UAV 1,2,1:3001:2865,ENMORT003,1:1:71:10:1:0:1,0,false,false,false,false,0
ENZPU002,none,,2026-08-09T09:18:24.000Z,21.37545350,-157.74447070,UAV 1,2,1:3001:2807,ENZPU002,1:1:222:28:13:7:3,0,false,false,false,false,0
ENZPU003,none,,2026-08-09T09:18:24.000Z,21.37540589,-157.74455264,UAV 1,2,1:3001:2809,ENZPU003,1:1:222:28:13:7:3,0,false,false,false,false,0
ENM35003,move to,LOC_적북측접근로,2026-08-09T09:18:24.000Z,21.37135126,-157.74165103,UAV 1,2,1:3001:2894,ENM35003,1:1:225:7:1:6:0,0,false,false,false,false,0
ENMORT001,none,,2026-08-09T09:18:25.000Z,21.37443553,-157.73716992,UAV 1,2,1:3001:2789,ENMORT001,1:1:71:10:1:0:1,0,false,false,false,false,0
ENMORT004,none,,2026-08-09T09:18:25.000Z,21.37447596,-157.73706256,UAV 1,2,1:3001:2630,ENMORT004,1:1:71:10:1:0:1,0,false,false,false,false,0
ENMORT002,none,,2026-08-09T09:18:25.000Z,21.37453609,-157.73721308,UAV 1,2,1:3001:2834,ENMORT002,1:1:71:10:1:0:1,0,false,false,false,false,0
ENMORT005,none,,2026-08-09T09:18:25.000Z,21.37457651,-157.73710572,UAV 1,2,1:3001:2607,ENMORT005,1:1:71:10:1:0:1,0,false,false,false,false,0
ENZPU001,none,,2026-08-09T09:18:25.000Z,21.37550111,-157.74438876,UAV 1,2,1:3001:2659,ENZPU001,1:1:222:28:13:7:3,0,false,false,false,false,0
ENMORT003,none,,2026-08-09T09:18:25.000Z,21.37463664,-157.73725624,UAV 1,2,1:3001:2865,ENMORT003,1:1:71:10:1:0:1,0,false,false,false,false,0
ENZPU002,none,,2026-08-09T09:18:25.000Z,21.37545350,-157.74447070,UAV 1,2,1:3001:2807,ENZPU002,1:1:222:28:13:7:3,0,false,false,false,false,0
ENZPU003,none,,2026-08-09T09:18:25.000Z,21.37540589,-157.74455264,UAV 1,2,1:3001:2809,ENZPU003,1:1:222:28:13:7:3,0,false,false,false,false,0
ENM35004,move to,LOC_적북측접근로,2026-08-09T09:18:25.000Z,21.37136164,-157.74161289,UAV 1,2,1:3001:2650,ENM35004,1:1:225:7:1:6:0,0,false,false,false,false,0
ENMORT001,none,,2026-08-09T09:18:25.000Z,21.37443553,-157.73716992,UAV 1,2,1:3001:2789,ENMORT001,1:1:71:10:1:0:1,0,false,false,false,false,0
ENMORT004,none,,2026-08-09T09:18:25.000Z,21.37447596,-157.73706256,UAV 1,2,1:3001:2630,ENMORT004,1:1:71:10:1:0:1,0,false,false,false,false,0
ENMORT002,none,,2026-08-09T09:18:25.000Z,21.37453609,-157.73721308,UAV 1,2,1:3001:2834,ENMORT002,1:1:71:10:1:0:1,0,false,false,false,false,0
ENMORT005,none,,2026-08-09T09:18:25.000Z,21.37457651,-157.73710572,UAV 1,2,1:3001:2607,ENMORT005,1:1:71:10:1:0:1,0,false,false,false,false,0
ENZPU001,none,,2026-08-09T09:18:25.000Z,21.37550111,-157.74438876,UAV 1,2,1:3001:2659,ENZPU001,1:1:222:28:13:7:3,0,false,false,false,false,0
ENMORT003,none,,2026-08-09T09:18:25.000Z,21.37463664,-157.73725624,UAV 1,2,1:3001:2865,ENMORT003,1:1:71:10:1:0:1,0,false,false,false,false,0
ENZPU002,none,,2026-08-09T09:18:25.000Z,21.37545350,-157.74447070,UAV 1,2,1:3001:2807,ENZPU002,1:1:222:28:13:7:3,0,false,false,false,false,0
ENZPU003,none,,2026-08-09T09:18:25.000Z,21.37540589,-157.74455264,UAV 1,2,1:3001:2809,ENZPU003,1:1:222:28:13:7:3,0,false,false,false,false,0
ENM35004,move to,LOC_적북측접근로,2026-08-09T09:18:25.000Z,21.37136164,-157.74161289,UAV 1,2,1:3001:2650,ENM35004,1:1:225:7:1:6:0,0,false,false,false,false,0
ENMORT001,none,,2026-08-09T09:18:26.000Z,21.37443553,-157.73716992,UAV 1,2,1:3001:2789,ENMORT001,1:1:71:10:1:0:1,0,false,false,false,false,0
ENMORT004,none,,2026-08-09T09:18:26.000Z,21.37447596,-157.73706256,UAV 1,2,1:3001:2630,ENMORT004,1:1:71:10:1:0:1,0,false,false,false,false,0
ENMORT002,none,,2026-08-09T09:18:26.000Z,21.37453609,-157.73721308,UAV 1,2,1:3001:2834,ENMORT002,1:1:71:10:1:0:1,0,false,false,false,false,0
ENMORT005,none,,2026-08-09T09:18:26.000Z,21.37457651,-157.73710572,UAV 1,2,1:3001:2607,ENMORT005,1:1:71:10:1:0:1,0,false,false,false,false,0
ENZPU001,none,,2026-08-09T09:18:26.000Z,21.37550111,-157.74438876,UAV 1,2,1:3001:2659,ENZPU001,1:1:222:28:13:7:3,0,false,false,false,false,0
ENMORT003,none,,2026-08-09T09:18:26.000Z,21.37463664,-157.73725624,UAV 1,2,1:3001:2865,ENMORT003,1:1:71:10:1:0:1,0,false,false,false,false,0
ENZPU002,none,,2026-08-09T09:18:26.000Z,21.37545350,-157.74447070,UAV 1,2,1:3001:2807,ENZPU002,1:1:222:28:13:7:3,0,false,false,false,false,0
ENZPU003,none,,2026-08-09T09:18:26.000Z,21.37540589,-157.74455264,UAV 1,2,1:3001:2809,ENZPU003,1:1:222:28:13:7:3,0,false,false,false,false,0
ENM35004,move to,LOC_적북측접근로,2026-08-09T09:18:26.000Z,21.37136164,-157.74161289,UAV 1,2,1:3001:2650,ENM35004,1:1:225:7:1:6:0,0,false,false,false,false,0
ENMORT001,none,,2026-08-09T09:18:27.000Z,21.37443553,-157.73716992,UAV 1,2,1:3001:2789,ENMORT001,1:1:71:10:1:0:1,0,false,false,false,false,0
ENMORT004,none,,2026-08-09T09:18:27.000Z,21.37447596,-157.73706256,UAV 1,2,1:3001:2630,ENMORT004,1:1:71:10:1:0:1,0,false,false,false,false,0
ENMORT002,none,,2026-08-09T09:18:27.000Z,21.37453609,-157.73721308,UAV 1,2,1:3001:2834,ENMORT002,1:1:71:10:1:0:1,0,false,false,false,false,0
ENMORT005,none,,2026-08-09T09:18:27.000Z,21.37457651,-157.73710572,UAV 1,2,1:3001:2607,ENMORT005,1:1:71:10:1:0:1,0,false,false,false,false,0
ENZPU001,none,,2026-08-09T09:18:27.000Z,21.37550111,-157.74438876,UAV 1,2,1:3001:2659,ENZPU001,1:1:222:28:13:7:3,0,false,false,false,false,0
ENMORT003,none,,2026-08-09T09:18:27.000Z,21.37463664,-157.73725624,UAV 1,2,1:3001:2865,ENMORT003,1:1:71:10:1:0:1,0,false,false,false,false,0
ENZPU002,none,,2026-08-09T09:18:27.000Z,21.37545350,-157.74447070,UAV 1,2,1:3001:2807,ENZPU002,1:1:222:28:13:7:3,0,false,false,false,false,0
ENZPU003,none,,2026-08-09T09:18:27.000Z,21.37540589,-157.74455264,UAV 1,2,1:3001:2809,ENZPU003,1:1:222:28:13:7:3,0,false,false,false,false,0
ENM35004,move to,LOC_적북측접근로,2026-08-09T09:18:27.000Z,21.37136164,-157.74161289,UAV 1,2,1:3001:2650,ENM35004,1:1:225:7:1:6:0,0,false,false,false,false,0
ENMORT001,none,,2026-08-09T09:18:27.000Z,21.37443553,-157.73716992,UAV 1,2,1:3001:2789,ENMORT001,1:1:71:10:1:0:1,0,false,false,false,false,0
ENMORT004,none,,2026-08-09T09:18:27.000Z,21.37447596,-157.73706256,UAV 1,2,1:3001:2630,ENMORT004,1:1:71:10:1:0:1,0,false,false,false,false,0
ENMORT002,none,,2026-08-09T09:18:27.000Z,21.37453609,-157.73721308,UAV 1,2,1:3001:2834,ENMORT002,1:1:71:10:1:0:1,0,false,false,false,false,0
ENMORT005,none,,2026-08-09T09:18:27.000Z,21.37457651,-157.73710572,UAV 1,2,1:3001:2607,ENMORT005,1:1:71:10:1:0:1,0,false,false,false,false,0
ENZPU001,none,,2026-08-09T09:18:27.000Z,21.37550111,-157.74438876,UAV 1,2,1:3001:2659,ENZPU001,1:1:222:28:13:7:3,0,false,false,false,false,0
ENMORT003,none,,2026-08-09T09:18:27.000Z,21.37463664,-157.73725624,UAV 1,2,1:3001:2865,ENMORT003,1:1:71:10:1:0:1,0,false,false,false,false,0
ENZPU002,none,,2026-08-09T09:18:27.000Z,21.37545350,-157.74447070,UAV 1,2,1:3001:2807,ENZPU002,1:1:222:28:13:7:3,0,false,false,false,false,0
ENZPU003,none,,2026-08-09T09:18:27.000Z,21.37540589,-157.74455264,UAV 1,2,1:3001:2809,ENZPU003,1:1:222:28:13:7:3,0,false,false,false,false,0
ENMORT001,none,,2026-08-09T09:18:27.000Z,21.37443553,-157.73716992,UAV 1,2,1:3001:2789,ENMORT001,1:1:71:10:1:0:1,0,false,false,false,false,0
ENMORT004,none,,2026-08-09T09:18:27.000Z,21.37447596,-157.73706256,UAV 1,2,1:3001:2630,ENMORT004,1:1:71:10:1:0:1,0,false,false,false,false,0
ENMORT002,none,,2026-08-09T09:18:27.000Z,21.37453609,-157.73721308,UAV 1,2,1:3001:2834,ENMORT002,1:1:71:10:1:0:1,0,false,false,false,false,0
ENMORT005,none,,2026-08-09T09:18:27.000Z,21.37457651,-157.73710572,UAV 1,2,1:3001:2607,ENMORT005,1:1:71:10:1:0:1,0,false,false,false,false,0
ENZPU001,none,,2026-08-09T09:18:27.000Z,21.37550111,-157.74438876,UAV 1,2,1:3001:2659,ENZPU001,1:1:222:28:13:7:3,0,false,false,false,false,0
ENMORT003,none,,2026-08-09T09:18:27.000Z,21.37463664,-157.73725624,UAV 1,2,1:3001:2865,ENMORT003,1:1:71:10:1:0:1,0,false,false,false,false,0
ENZPU002,none,,2026-08-09T09:18:27.000Z,21.37545350,-157.74447070,UAV 1,2,1:3001:2807,ENZPU002,1:1:222:28:13:7:3,0,false,false,false,false,0
ENZPU003,none,,2026-08-09T09:18:27.000Z,21.37540589,-157.74455264,UAV 1,2,1:3001:2809,ENZPU003,1:1:222:28:13:7:3,0,false,false,false,false,0
ENMORT001,none,,2026-08-09T09:18:28.000Z,21.37443553,-157.73716992,UAV 1,2,1:3001:2789,ENMORT001,1:1:71:10:1:0:1,0,false,false,false,false,0
ENMORT004,none,,2026-08-09T09:18:28.000Z,21.37447596,-157.73706256,UAV 1,2,1:3001:2630,ENMORT004,1:1:71:10:1:0:1,0,false,false,false,false,0
ENMORT002,none,,2026-08-09T09:18:28.000Z,21.37453609,-157.73721308,UAV 1,2,1:3001:2834,ENMORT002,1:1:71:10:1:0:1,0,false,false,false,false,0
ENMORT005,none,,2026-08-09T09:18:28.000Z,21.37457651,-157.73710572,UAV 1,2,1:3001:2607,ENMORT005,1:1:71:10:1:0:1,0,false,false,false,false,0
ENZPU001,none,,2026-08-09T09:18:28.000Z,21.37550111,-157.74438876,UAV 1,2,1:3001:2659,ENZPU001,1:1:222:28:13:7:3,0,false,false,false,false,0
ENMORT003,none,,2026-08-09T09:18:28.000Z,21.37463664,-157.73725624,UAV 1,2,1:3001:2865,ENMORT003,1:1:71:10:1:0:1,0,false,false,false,false,0
ENZPU002,none,,2026-08-09T09:18:28.000Z,21.37545350,-157.74447070,UAV 1,2,1:3001:2807,ENZPU002,1:1:222:28:13:7:3,0,false,false,false,false,0
ENZPU003,none,,2026-08-09T09:18:28.000Z,21.37540589,-157.74455264,UAV 1,2,1:3001:2809,ENZPU003,1:1:222:28:13:7:3,0,false,false,false,false,0
ENMORT001,none,,2026-08-09T09:18:29.000Z,21.37443553,-157.73716992,UAV 1,2,1:3001:2789,ENMORT001,1:1:71:10:1:0:1,0,false,false,false,false,0
ENMORT004,none,,2026-08-09T09:18:29.000Z,21.37447596,-157.73706256,UAV 1,2,1:3001:2630,ENMORT004,1:1:71:10:1:0:1,0,false,false,false,false,0
ENMORT002,none,,2026-08-09T09:18:29.000Z,21.37453609,-157.73721308,UAV 1,2,1:3001:2834,ENMORT002,1:1:71:10:1:0:1,0,false,false,false,false,0
ENMORT005,none,,2026-08-09T09:18:29.000Z,21.37457651,-157.73710572,UAV 1,2,1:3001:2607,ENMORT005,1:1:71:10:1:0:1,0,false,false,false,false,0
ENZPU001,none,,2026-08-09T09:18:29.000Z,21.37550111,-157.74438876,UAV 1,2,1:3001:2659,ENZPU001,1:1:222:28:13:7:3,0,false,false,false,false,0
ENMORT003,none,,2026-08-09T09:18:29.000Z,21.37463664,-157.73725624,UAV 1,2,1:3001:2865,ENMORT003,1:1:71:10:1:0:1,0,false,false,false,false,0
ENZPU002,none,,2026-08-09T09:18:29.000Z,21.37545350,-157.74447070,UAV 1,2,1:3001:2807,ENZPU002,1:1:222:28:13:7:3,0,false,false,false,false,0
ENZPU003,none,,2026-08-09T09:18:29.000Z,21.37540589,-157.74455264,UAV 1,2,1:3001:2809,ENZPU003,1:1:222:28:13:7:3,0,false,false,false,false,0
ENMORT001,none,,2026-08-09T09:18:29.000Z,21.37443553,-157.73716992,UAV 1,2,1:3001:2789,ENMORT001,1:1:71:10:1:0:1,0,false,false,false,false,0
ENMORT004,none,,2026-08-09T09:18:29.000Z,21.37447596,-157.73706256,UAV 1,2,1:3001:2630,ENMORT004,1:1:71:10:1:0:1,0,false,false,false,false,0
ENMORT002,none,,2026-08-09T09:18:29.000Z,21.37453609,-157.73721308,UAV 1,2,1:3001:2834,ENMORT002,1:1:71:10:1:0:1,0,false,false,false,false,0
ENMORT005,none,,2026-08-09T09:18:29.000Z,21.37457651,-157.73710572,UAV 1,2,1:3001:2607,ENMORT005,1:1:71:10:1:0:1,0,false,false,false,false,0
ENZPU001,none,,2026-08-09T09:18:29.000Z,21.37550111,-157.74438876,UAV 1,2,1:3001:2659,ENZPU001,1:1:222:28:13:7:3,0,false,false,false,false,0
ENMORT003,none,,2026-08-09T09:18:29.000Z,21.37463664,-157.73725624,UAV 1,2,1:3001:2865,ENMORT003,1:1:71:10:1:0:1,0,false,false,false,false,0
ENZPU002,none,,2026-08-09T09:18:29.000Z,21.37545350,-157.74447070,UAV 1,2,1:3001:2807,ENZPU002,1:1:222:28:13:7:3,0,false,false,false,false,0
ENZPU003,none,,2026-08-09T09:18:29.000Z,21.37540589,-157.74455264,UAV 1,2,1:3001:2809,ENZPU003,1:1:222:28:13:7:3,0,false,false,false,false,0
ENM35004,move to,LOC_적북측접근로,2026-08-09T09:18:29.000Z,21.37135173,-157.74165297,UAV 1,2,1:3001:2650,ENM35004,1:1:225:7:1:6:0,0,false,false,false,false,0
ENM35002,move to,LOC_적북측접근로,2026-08-09T09:18:29.000Z,21.37137762,-157.74154836,UAV 1,2,1:3001:2740,ENM35002,1:1:225:7:1:6:0,0,false,false,false,false,0
ENMORT001,none,,2026-08-09T09:18:30.000Z,21.37443553,-157.73716992,UAV 1,2,1:3001:2789,ENMORT001,1:1:71:10:1:0:1,0,false,false,false,false,0
ENMORT004,none,,2026-08-09T09:18:30.000Z,21.37447596,-157.73706256,UAV 1,2,1:3001:2630,ENMORT004,1:1:71:10:1:0:1,0,false,false,false,false,0
ENMORT002,none,,2026-08-09T09:18:30.000Z,21.37453609,-157.73721308,UAV 1,2,1:3001:2834,ENMORT002,1:1:71:10:1:0:1,0,false,false,false,false,0
ENMORT005,none,,2026-08-09T09:18:30.000Z,21.37457651,-157.73710572,UAV 1,2,1:3001:2607,ENMORT005,1:1:71:10:1:0:1,0,false,false,false,false,0
ENZPU001,none,,2026-08-09T09:18:30.000Z,21.37550111,-157.74438876,UAV 1,2,1:3001:2659,ENZPU001,1:1:222:28:13:7:3,0,false,false,false,false,0
ENMORT003,none,,2026-08-09T09:18:30.000Z,21.37463664,-157.73725624,UAV 1,2,1:3001:2865,ENMORT003,1:1:71:10:1:0:1,0,false,false,false,false,0
ENZPU002,none,,2026-08-09T09:18:30.000Z,21.37545350,-157.74447070,UAV 1,2,1:3001:2807,ENZPU002,1:1:222:28:13:7:3,0,false,false,false,false,0
ENZPU003,none,,2026-08-09T09:18:30.000Z,21.37540589,-157.74455264,UAV 1,2,1:3001:2809,ENZPU003,1:1:222:28:13:7:3,0,false,false,false,false,0
ENM35004,move to,LOC_적북측접근로,2026-08-09T09:18:30.000Z,21.37135173,-157.74165297,UAV 1,2,1:3001:2650,ENM35004,1:1:225:7:1:6:0,0,false,false,false,false,0
ENM35002,move to,LOC_적북측접근로,2026-08-09T09:18:30.000Z,21.37137762,-157.74154836,UAV 1,2,1:3001:2740,ENM35002,1:1:225:7:1:6:0,0,false,false,false,false,0
ENMORT001,none,,2026-08-09T09:18:30.000Z,21.37443553,-157.73716992,UAV 1,2,1:3001:2789,ENMORT001,1:1:71:10:1:0:1,0,false,false,false,false,0
ENMORT004,none,,2026-08-09T09:18:30.000Z,21.37447596,-157.73706256,UAV 1,2,1:3001:2630,ENMORT004,1:1:71:10:1:0:1,0,false,false,false,false,0
ENMORT002,none,,2026-08-09T09:18:30.000Z,21.37453609,-157.73721308,UAV 1,2,1:3001:2834,ENMORT002,1:1:71:10:1:0:1,0,false,false,false,false,0
ENMORT005,none,,2026-08-09T09:18:30.000Z,21.37457651,-157.73710572,UAV 1,2,1:3001:2607,ENMORT005,1:1:71:10:1:0:1,0,false,false,false,false,0
ENZPU001,none,,2026-08-09T09:18:30.000Z,21.37550111,-157.74438876,UAV 1,2,1:3001:2659,ENZPU001,1:1:222:28:13:7:3,0,false,false,false,false,0
ENMORT003,none,,2026-08-09T09:18:30.000Z,21.37463664,-157.73725624,UAV 1,2,1:3001:2865,ENMORT003,1:1:71:10:1:0:1,0,false,false,false,false,0
ENZPU002,none,,2026-08-09T09:18:30.000Z,21.37545350,-157.74447070,UAV 1,2,1:3001:2807,ENZPU002,1:1:222:28:13:7:3,0,false,false,false,false,0
ENZPU003,none,,2026-08-09T09:18:30.000Z,21.37540589,-157.74455264,UAV 1,2,1:3001:2809,ENZPU003,1:1:222:28:13:7:3,0,false,false,false,false,0
ENM35004,move to,LOC_적북측접근로,2026-08-09T09:18:30.000Z,21.37135173,-157.74165297,UAV 1,2,1:3001:2650,ENM35004,1:1:225:7:1:6:0,0,false,false,false,false,0
ENM35002,move to,LOC_적북측접근로,2026-08-09T09:18:30.000Z,21.37137762,-157.74154836,UAV 1,2,1:3001:2740,ENM35002,1:1:225:7:1:6:0,0,false,false,false,false,0
ENMORT001,none,,2026-08-09T09:18:31.000Z,21.37443553,-157.73716992,UAV 1,2,1:3001:2789,ENMORT001,1:1:71:10:1:0:1,0,false,false,false,false,0
ENMORT004,none,,2026-08-09T09:18:31.000Z,21.37447596,-157.73706256,UAV 1,2,1:3001:2630,ENMORT004,1:1:71:10:1:0:1,0,false,false,false,false,0
ENMORT002,none,,2026-08-09T09:18:31.000Z,21.37453609,-157.73721308,UAV 1,2,1:3001:2834,ENMORT002,1:1:71:10:1:0:1,0,false,false,false,false,0
ENMORT005,none,,2026-08-09T09:18:31.000Z,21.37457651,-157.73710572,UAV 1,2,1:3001:2607,ENMORT005,1:1:71:10:1:0:1,0,false,false,false,false,0
ENZPU001,none,,2026-08-09T09:18:31.000Z,21.37550111,-157.74438876,UAV 1,2,1:3001:2659,ENZPU001,1:1:222:28:13:7:3,0,false,false,false,false,0
ENMORT003,none,,2026-08-09T09:18:31.000Z,21.37463664,-157.73725624,UAV 1,2,1:3001:2865,ENMORT003,1:1:71:10:1:0:1,0,false,false,false,false,0
ENZPU002,none,,2026-08-09T09:18:31.000Z,21.37545350,-157.74447070,UAV 1,2,1:3001:2807,ENZPU002,1:1:222:28:13:7:3,0,false,false,false,false,0
ENZPU003,none,,2026-08-09T09:18:31.000Z,21.37540589,-157.74455264,UAV 1,2,1:3001:2809,ENZPU003,1:1:222:28:13:7:3,0,false,false,false,false,0
ENM35004,move to,LOC_적북측접근로,2026-08-09T09:18:31.000Z,21.37135173,-157.74165297,UAV 1,2,1:3001:2650,ENM35004,1:1:225:7:1:6:0,0,false,false,false,false,0
ENM35002,move to,LOC_적북측접근로,2026-08-09T09:18:31.000Z,21.37137762,-157.74154836,UAV 1,2,1:3001:2740,ENM35002,1:1:225:7:1:6:0,0,false,false,false,false,0
ENMORT001,none,,2026-08-09T09:18:31.000Z,21.37443553,-157.73716992,UAV 1,2,1:3001:2789,ENMORT001,1:1:71:10:1:0:1,0,false,false,false,false,0
ENMORT004,none,,2026-08-09T09:18:31.000Z,21.37447596,-157.73706256,UAV 1,2,1:3001:2630,ENMORT004,1:1:71:10:1:0:1,0,false,false,false,false,0
ENMORT002,none,,2026-08-09T09:18:31.000Z,21.37453609,-157.73721308,UAV 1,2,1:3001:2834,ENMORT002,1:1:71:10:1:0:1,0,false,false,false,false,0
ENMORT005,none,,2026-08-09T09:18:31.000Z,21.37457651,-157.73710572,UAV 1,2,1:3001:2607,ENMORT005,1:1:71:10:1:0:1,0,false,false,false,false,0
ENZPU001,none,,2026-08-09T09:18:31.000Z,21.37550111,-157.74438876,UAV 1,2,1:3001:2659,ENZPU001,1:1:222:28:13:7:3,0,false,false,false,false,0
ENMORT003,none,,2026-08-09T09:18:31.000Z,21.37463664,-157.73725624,UAV 1,2,1:3001:2865,ENMORT003,1:1:71:10:1:0:1,0,false,false,false,false,0
ENZPU002,none,,2026-08-09T09:18:31.000Z,21.37545350,-157.74447070,UAV 1,2,1:3001:2807,ENZPU002,1:1:222:28:13:7:3,0,false,false,false,false,0
ENZPU003,none,,2026-08-09T09:18:31.000Z,21.37540589,-157.74455264,UAV 1,2,1:3001:2809,ENZPU003,1:1:222:28:13:7:3,0,false,false,false,false,0
ENMORT001,none,,2026-08-09T09:18:32.000Z,21.37443553,-157.73716992,UAV 1,2,1:3001:2789,ENMORT001,1:1:71:10:1:0:1,0,false,false,false,false,0
ENMORT004,none,,2026-08-09T09:18:32.000Z,21.37447596,-157.73706256,UAV 1,2,1:3001:2630,ENMORT004,1:1:71:10:1:0:1,0,false,false,false,false,0
ENMORT002,none,,2026-08-09T09:18:32.000Z,21.37453609,-157.73721308,UAV 1,2,1:3001:2834,ENMORT002,1:1:71:10:1:0:1,0,false,false,false,false,0
ENMORT005,none,,2026-08-09T09:18:32.000Z,21.37457651,-157.73710572,UAV 1,2,1:3001:2607,ENMORT005,1:1:71:10:1:0:1,0,false,false,false,false,0
ENZPU001,none,,2026-08-09T09:18:32.000Z,21.37550111,-157.74438876,UAV 1,2,1:3001:2659,ENZPU001,1:1:222:28:13:7:3,0,false,false,false,false,0
ENMORT003,none,,2026-08-09T09:18:32.000Z,21.37463664,-157.73725624,UAV 1,2,1:3001:2865,ENMORT003,1:1:71:10:1:0:1,0,false,false,false,false,0
ENZPU002,none,,2026-08-09T09:18:32.000Z,21.37545350,-157.74447070,UAV 1,2,1:3001:2807,ENZPU002,1:1:222:28:13:7:3,0,false,false,false,false,0
ENZPU003,none,,2026-08-09T09:18:32.000Z,21.37540589,-157.74455264,UAV 1,2,1:3001:2809,ENZPU003,1:1:222:28:13:7:3,0,false,false,false,false,0
ENMORT001,none,,2026-08-09T09:18:32.000Z,21.37443553,-157.73716992,UAV 1,2,1:3001:2789,ENMORT001,1:1:71:10:1:0:1,0,false,false,false,false,0
ENMORT004,none,,2026-08-09T09:18:32.000Z,21.37447596,-157.73706256,UAV 1,2,1:3001:2630,ENMORT004,1:1:71:10:1:0:1,0,false,false,false,false,0
ENMORT002,none,,2026-08-09T09:18:32.000Z,21.37453609,-157.73721308,UAV 1,2,1:3001:2834,ENMORT002,1:1:71:10:1:0:1,0,false,false,false,false,0
ENMORT005,none,,2026-08-09T09:18:32.000Z,21.37457651,-157.73710572,UAV 1,2,1:3001:2607,ENMORT005,1:1:71:10:1:0:1,0,false,false,false,false,0
ENZPU001,none,,2026-08-09T09:18:32.000Z,21.37550111,-157.74438876,UAV 1,2,1:3001:2659,ENZPU001,1:1:222:28:13:7:3,0,false,false,false,false,0
ENMORT003,none,,2026-08-09T09:18:32.000Z,21.37463664,-157.73725624,UAV 1,2,1:3001:2865,ENMORT003,1:1:71:10:1:0:1,0,false,false,false,false,0
ENZPU002,none,,2026-08-09T09:18:32.000Z,21.37545350,-157.74447070,UAV 1,2,1:3001:2807,ENZPU002,1:1:222:28:13:7:3,0,false,false,false,false,0
ENZPU003,none,,2026-08-09T09:18:32.000Z,21.37540589,-157.74455264,UAV 1,2,1:3001:2809,ENZPU003,1:1:222:28:13:7:3,0,false,false,false,false,0
ENMORT001,none,,2026-08-09T09:18:33.000Z,21.37443553,-157.73716992,UAV 1,2,1:3001:2789,ENMORT001,1:1:71:10:1:0:1,0,false,false,false,false,0
ENMORT004,none,,2026-08-09T09:18:33.000Z,21.37447596,-157.73706256,UAV 1,2,1:3001:2630,ENMORT004,1:1:71:10:1:0:1,0,false,false,false,false,0
ENMORT002,none,,2026-08-09T09:18:33.000Z,21.37453609,-157.73721308,UAV 1,2,1:3001:2834,ENMORT002,1:1:71:10:1:0:1,0,false,false,false,false,0
ENMORT005,none,,2026-08-09T09:18:33.000Z,21.37457651,-157.73710572,UAV 1,2,1:3001:2607,ENMORT005,1:1:71:10:1:0:1,0,false,false,false,false,0
ENZPU001,none,,2026-08-09T09:18:33.000Z,21.37550111,-157.74438876,UAV 1,2,1:3001:2659,ENZPU001,1:1:222:28:13:7:3,0,false,false,false,false,0
ENMORT003,none,,2026-08-09T09:18:33.000Z,21.37463664,-157.73725624,UAV 1,2,1:3001:2865,ENMORT003,1:1:71:10:1:0:1,0,false,false,false,false,0
ENZPU002,none,,2026-08-09T09:18:33.000Z,21.37545350,-157.74447070,UAV 1,2,1:3001:2807,ENZPU002,1:1:222:28:13:7:3,0,false,false,false,false,0
ENZPU003,none,,2026-08-09T09:18:33.000Z,21.37540589,-157.74455264,UAV 1,2,1:3001:2809,ENZPU003,1:1:222:28:13:7:3,0,false,false,false,false,0
ENM35001,move to,LOC_적북측접근로,2026-08-09T09:18:33.000Z,21.37135041,-157.74165461,UAV 1,2,1:3001:2754,ENM35001,1:1:225:7:1:6:0,0,false,false,false,false,0
ENM35003,move to,LOC_적북측접근로,2026-08-09T09:18:33.000Z,21.37137849,-157.74153595,UAV 1,2,1:3001:2894,ENM35003,1:1:225:7:1:6:0,0,false,false,false,false,0
ENMORT001,none,,2026-08-09T09:18:34.000Z,21.37443553,-157.73716992,UAV 1,2,1:3001:2789,ENMORT001,1:1:71:10:1:0:1,0,false,false,false,false,0
ENMORT004,none,,2026-08-09T09:18:34.000Z,21.37447596,-157.73706256,UAV 1,2,1:3001:2630,ENMORT004,1:1:71:10:1:0:1,0,false,false,false,false,0
ENMORT002,none,,2026-08-09T09:18:34.000Z,21.37453609,-157.73721308,UAV 1,2,1:3001:2834,ENMORT002,1:1:71:10:1:0:1,0,false,false,false,false,0
ENMORT005,none,,2026-08-09T09:18:34.000Z,21.37457651,-157.73710572,UAV 1,2,1:3001:2607,ENMORT005,1:1:71:10:1:0:1,0,false,false,false,false,0
ENZPU001,none,,2026-08-09T09:18:34.000Z,21.37550111,-157.74438876,UAV 1,2,1:3001:2659,ENZPU001,1:1:222:28:13:7:3,0,false,false,false,false,0
ENMORT003,none,,2026-08-09T09:18:34.000Z,21.37463664,-157.73725624,UAV 1,2,1:3001:2865,ENMORT003,1:1:71:10:1:0:1,0,false,false,false,false,0
ENZPU002,none,,2026-08-09T09:18:34.000Z,21.37545350,-157.74447070,UAV 1,2,1:3001:2807,ENZPU002,1:1:222:28:13:7:3,0,false,false,false,false,0
ENZPU003,none,,2026-08-09T09:18:34.000Z,21.37540589,-157.74455264,UAV 1,2,1:3001:2809,ENZPU003,1:1:222:28:13:7:3,0,false,false,false,false,0
ENM35001,move to,LOC_적북측접근로,2026-08-09T09:18:34.000Z,21.37135041,-157.74165461,UAV 1,2,1:3001:2754,ENM35001,1:1:225:7:1:6:0,0,false,false,false,false,0
ENM35003,move to,LOC_적북측접근로,2026-08-09T09:18:34.000Z,21.37137849,-157.74153595,UAV 1,2,1:3001:2894,ENM35003,1:1:225:7:1:6:0,0,false,false,false,false,0
ENMORT001,none,,2026-08-09T09:18:34.000Z,21.37443553,-157.73716992,UAV 1,2,1:3001:2789,ENMORT001,1:1:71:10:1:0:1,0,false,false,false,false,0
ENMORT004,none,,2026-08-09T09:18:34.000Z,21.37447596,-157.73706256,UAV 1,2,1:3001:2630,ENMORT004,1:1:71:10:1:0:1,0,false,false,false,false,0
ENMORT002,none,,2026-08-09T09:18:34.000Z,21.37453609,-157.73721308,UAV 1,2,1:3001:2834,ENMORT002,1:1:71:10:1:0:1,0,false,false,false,false,0
ENMORT005,none,,2026-08-09T09:18:34.000Z,21.37457651,-157.73710572,UAV 1,2,1:3001:2607,ENMORT005,1:1:71:10:1:0:1,0,false,false,false,false,0
ENZPU001,none,,2026-08-09T09:18:34.000Z,21.37550111,-157.74438876,UAV 1,2,1:3001:2659,ENZPU001,1:1:222:28:13:7:3,0,false,false,false,false,0
ENMORT003,none,,2026-08-09T09:18:34.000Z,21.37463664,-157.73725624,UAV 1,2,1:3001:2865,ENMORT003,1:1:71:10:1:0:1,0,false,false,false,false,0
ENZPU002,none,,2026-08-09T09:18:34.000Z,21.37545350,-157.74447070,UAV 1,2,1:3001:2807,ENZPU002,1:1:222:28:13:7:3,0,false,false,false,false,0
ENZPU003,none,,2026-08-09T09:18:34.000Z,21.37540589,-157.74455264,UAV 1,2,1:3001:2809,ENZPU003,1:1:222:28:13:7:3,0,false,false,false,false,0
ENM35001,move to,LOC_적북측접근로,2026-08-09T09:18:34.000Z,21.37135041,-157.74165461,UAV 1,2,1:3001:2754,ENM35001,1:1:225:7:1:6:0,0,false,false,false,false,0
ENM35003,move to,LOC_적북측접근로,2026-08-09T09:18:34.000Z,21.37137849,-157.74153595,UAV 1,2,1:3001:2894,ENM35003,1:1:225:7:1:6:0,0,false,false,false,false,0
ENMORT001,none,,2026-08-09T09:18:35.000Z,21.37443553,-157.73716992,UAV 1,2,1:3001:2789,ENMORT001,1:1:71:10:1:0:1,0,false,false,false,false,0
ENMORT004,none,,2026-08-09T09:18:35.000Z,21.37447596,-157.73706256,UAV 1,2,1:3001:2630,ENMORT004,1:1:71:10:1:0:1,0,false,false,false,false,0
ENMORT002,none,,2026-08-09T09:18:35.000Z,21.37453609,-157.73721308,UAV 1,2,1:3001:2834,ENMORT002,1:1:71:10:1:0:1,0,false,false,false,false,0
ENMORT005,none,,2026-08-09T09:18:35.000Z,21.37457651,-157.73710572,UAV 1,2,1:3001:2607,ENMORT005,1:1:71:10:1:0:1,0,false,false,false,false,0
ENZPU001,none,,2026-08-09T09:18:35.000Z,21.37550111,-157.74438876,UAV 1,2,1:3001:2659,ENZPU001,1:1:222:28:13:7:3,0,false,false,false,false,0
ENMORT003,none,,2026-08-09T09:18:35.000Z,21.37463664,-157.73725624,UAV 1,2,1:3001:2865,ENMORT003,1:1:71:10:1:0:1,0,false,false,false,false,0
ENZPU002,none,,2026-08-09T09:18:35.000Z,21.37545350,-157.74447070,UAV 1,2,1:3001:2807,ENZPU002,1:1:222:28:13:7:3,0,false,false,false,false,0
ENZPU003,none,,2026-08-09T09:18:35.000Z,21.37540589,-157.74455264,UAV 1,2,1:3001:2809,ENZPU003,1:1:222:28:13:7:3,0,false,false,false,false,0
ENM35001,move to,LOC_적북측접근로,2026-08-09T09:18:35.000Z,21.37135041,-157.74165461,UAV 1,2,1:3001:2754,ENM35001,1:1:225:7:1:6:0,0,false,false,false,false,0
ENM35003,move to,LOC_적북측접근로,2026-08-09T09:18:35.000Z,21.37137849,-157.74153595,UAV 1,2,1:3001:2894,ENM35003,1:1:225:7:1:6:0,0,false,false,false,false,0
ENMORT001,none,,2026-08-09T09:18:35.000Z,21.37443553,-157.73716992,UAV 1,2,1:3001:2789,ENMORT001,1:1:71:10:1:0:1,0,false,false,false,false,0
ENMORT002,none,,2026-08-09T09:18:35.000Z,21.37453609,-157.73721308,UAV 1,2,1:3001:2834,ENMORT002,1:1:71:10:1:0:1,0,false,false,false,false,0
ENZPU001,none,,2026-08-09T09:18:35.000Z,21.37550111,-157.74438876,UAV 1,2,1:3001:2659,ENZPU001,1:1:222:28:13:7:3,0,false,false,false,false,0
ENMORT003,none,,2026-08-09T09:18:35.000Z,21.37463664,-157.73725624,UAV 1,2,1:3001:2865,ENMORT003,1:1:71:10:1:0:1,0,false,false,false,false,0
ENZPU002,none,,2026-08-09T09:18:35.000Z,21.37545350,-157.74447070,UAV 1,2,1:3001:2807,ENZPU002,1:1:222:28:13:7:3,0,false,false,false,false,0
ENZPU003,none,,2026-08-09T09:18:35.000Z,21.37540589,-157.74455264,UAV 1,2,1:3001:2809,ENZPU003,1:1:222:28:13:7:3,0,false,false,false,false,0
ENMORT001,none,,2026-08-09T09:18:36.000Z,21.37443553,-157.73716992,UAV 1,2,1:3001:2789,ENMORT001,1:1:71:10:1:0:1,0,false,false,false,false,0
ENMORT002,none,,2026-08-09T09:18:36.000Z,21.37453609,-157.73721308,UAV 1,2,1:3001:2834,ENMORT002,1:1:71:10:1:0:1,0,false,false,false,false,0
ENZPU001,none,,2026-08-09T09:18:36.000Z,21.37550111,-157.74438876,UAV 1,2,1:3001:2659,ENZPU001,1:1:222:28:13:7:3,0,false,false,false,false,0
ENMORT003,none,,2026-08-09T09:18:36.000Z,21.37463664,-157.73725624,UAV 1,2,1:3001:2865,ENMORT003,1:1:71:10:1:0:1,0,false,false,false,false,0
ENZPU002,none,,2026-08-09T09:18:36.000Z,21.37545350,-157.74447070,UAV 1,2,1:3001:2807,ENZPU002,1:1:222:28:13:7:3,0,false,false,false,false,0
ENZPU003,none,,2026-08-09T09:18:36.000Z,21.37540589,-157.74455264,UAV 1,2,1:3001:2809,ENZPU003,1:1:222:28:13:7:3,0,false,false,false,false,0
ENMORT001,none,,2026-08-09T09:18:36.000Z,21.37443553,-157.73716992,UAV 1,2,1:3001:2789,ENMORT001,1:1:71:10:1:0:1,0,false,false,false,false,0
ENMORT002,none,,2026-08-09T09:18:36.000Z,21.37453609,-157.73721308,UAV 1,2,1:3001:2834,ENMORT002,1:1:71:10:1:0:1,0,false,false,false,false,0
ENZPU001,none,,2026-08-09T09:18:36.000Z,21.37550111,-157.74438876,UAV 1,2,1:3001:2659,ENZPU001,1:1:222:28:13:7:3,0,false,false,false,false,0
ENMORT003,none,,2026-08-09T09:18:36.000Z,21.37463664,-157.73725624,UAV 1,2,1:3001:2865,ENMORT003,1:1:71:10:1:0:1,0,false,false,false,false,0
ENZPU002,none,,2026-08-09T09:18:36.000Z,21.37545350,-157.74447070,UAV 1,2,1:3001:2807,ENZPU002,1:1:222:28:13:7:3,0,false,false,false,false,0
ENZPU003,none,,2026-08-09T09:18:36.000Z,21.37540589,-157.74455264,UAV 1,2,1:3001:2809,ENZPU003,1:1:222:28:13:7:3,0,false,false,false,false,0
ENMORT001,none,,2026-08-09T09:18:37.000Z,21.37443553,-157.73716992,UAV 1,2,1:3001:2789,ENMORT001,1:1:71:10:1:0:1,0,false,false,false,false,0
ENMORT002,none,,2026-08-09T09:18:37.000Z,21.37453609,-157.73721308,UAV 1,2,1:3001:2834,ENMORT002,1:1:71:10:1:0:1,0,false,false,false,false,0
ENZPU001,none,,2026-08-09T09:18:37.000Z,21.37550111,-157.74438876,UAV 1,2,1:3001:2659,ENZPU001,1:1:222:28:13:7:3,0,false,false,false,false,0
ENMORT003,none,,2026-08-09T09:18:37.000Z,21.37463664,-157.73725624,UAV 1,2,1:3001:2865,ENMORT003,1:1:71:10:1:0:1,0,false,false,false,false,0
ENZPU002,none,,2026-08-09T09:18:37.000Z,21.37545350,-157.74447070,UAV 1,2,1:3001:2807,ENZPU002,1:1:222:28:13:7:3,0,false,false,false,false,0
ENZPU003,none,,2026-08-09T09:18:37.000Z,21.37540589,-157.74455264,UAV 1,2,1:3001:2809,ENZPU003,1:1:222:28:13:7:3,0,false,false,false,false,0
ENZPU001,none,,2026-08-09T09:18:38.000Z,21.37550111,-157.74438876,UAV 1,2,1:3001:2659,ENZPU001,1:1:222:28:13:7:3,0,false,false,false,false,0
ENZPU002,none,,2026-08-09T09:18:38.000Z,21.37545350,-157.74447070,UAV 1,2,1:3001:2807,ENZPU002,1:1:222:28:13:7:3,0,false,false,false,false,0
ENZPU003,none,,2026-08-09T09:18:38.000Z,21.37540589,-157.74455264,UAV 1,2,1:3001:2809,ENZPU003,1:1:222:28:13:7:3,0,false,false,false,false,0
ENM35002,move to,LOC_적북측접근로,2026-08-09T09:18:38.000Z,21.37135179,-157.74165275,UAV 1,2,1:3001:2740,ENM35002,1:1:225:7:1:6:0,0,false,false,false,false,0
ENZPU001,none,,2026-08-09T09:18:38.000Z,21.37550111,-157.74438876,UAV 1,2,1:3001:2659,ENZPU001,1:1:222:28:13:7:3,0,false,false,false,false,0
ENZPU002,none,,2026-08-09T09:18:38.000Z,21.37545350,-157.74447070,UAV 1,2,1:3001:2807,ENZPU002,1:1:222:28:13:7:3,0,false,false,false,false,0
ENZPU003,none,,2026-08-09T09:18:38.000Z,21.37540589,-157.74455264,UAV 1,2,1:3001:2809,ENZPU003,1:1:222:28:13:7:3,0,false,false,false,false,0
ENM35002,move to,LOC_적북측접근로,2026-08-09T09:18:38.000Z,21.37135179,-157.74165275,UAV 1,2,1:3001:2740,ENM35002,1:1:225:7:1:6:0,0,false,false,false,false,0
ENZPU001,none,,2026-08-09T09:18:39.000Z,21.37550111,-157.74438876,UAV 1,2,1:3001:2659,ENZPU001,1:1:222:28:13:7:3,0,false,false,false,false,0
ENZPU002,none,,2026-08-09T09:18:39.000Z,21.37545350,-157.74447070,UAV 1,2,1:3001:2807,ENZPU002,1:1:222:28:13:7:3,0,false,false,false,false,0
ENZPU003,none,,2026-08-09T09:18:39.000Z,21.37540589,-157.74455264,UAV 1,2,1:3001:2809,ENZPU003,1:1:222:28:13:7:3,0,false,false,false,false,0
ENM35002,move to,LOC_적북측접근로,2026-08-09T09:18:39.000Z,21.37135179,-157.74165275,UAV 1,2,1:3001:2740,ENM35002,1:1:225:7:1:6:0,0,false,false,false,false,0
ENZPU001,none,,2026-08-09T09:18:39.000Z,21.37550111,-157.74438876,UAV 1,2,1:3001:2659,ENZPU001,1:1:222:28:13:7:3,0,false,false,false,false,0
ENZPU002,none,,2026-08-09T09:18:39.000Z,21.37545350,-157.74447070,UAV 1,2,1:3001:2807,ENZPU002,1:1:222:28:13:7:3,0,false,false,false,false,0
ENZPU003,none,,2026-08-09T09:18:39.000Z,21.37540589,-157.74455264,UAV 1,2,1:3001:2809,ENZPU003,1:1:222:28:13:7:3,0,false,false,false,false,0
ENM35002,move to,LOC_적북측접근로,2026-08-09T09:18:39.000Z,21.37135179,-157.74165275,UAV 1,2,1:3001:2740,ENM35002,1:1:225:7:1:6:0,0,false,false,false,false,0
ENZPU001,none,,2026-08-09T09:18:40.000Z,21.37550111,-157.74438876,UAV 1,2,1:3001:2659,ENZPU001,1:1:222:28:13:7:3,0,false,false,false,false,0
ENZPU002,none,,2026-08-09T09:18:40.000Z,21.37545350,-157.74447070,UAV 1,2,1:3001:2807,ENZPU002,1:1:222:28:13:7:3,0,false,false,false,false,0
ENZPU003,none,,2026-08-09T09:18:40.000Z,21.37540589,-157.74455264,UAV 1,2,1:3001:2809,ENZPU003,1:1:222:28:13:7:3,0,false,false,false,false,0
ENM35002,move to,LOC_적북측접근로,2026-08-09T09:18:40.000Z,21.37135651,-157.74163369,UAV 1,2,1:3001:2740,ENM35002,1:1:225:7:1:6:0,0,false,false,false,false,0
ENZPU001,none,,2026-08-09T09:18:40.000Z,21.37550111,-157.74438876,UAV 1,2,1:3001:2659,ENZPU001,1:1:222:28:13:7:3,0,false,false,false,false,0
ENZPU002,none,,2026-08-09T09:18:40.000Z,21.37545350,-157.74447070,UAV 1,2,1:3001:2807,ENZPU002,1:1:222:28:13:7:3,0,false,false,false,false,0
ENZPU003,none,,2026-08-09T09:18:40.000Z,21.37540589,-157.74455264,UAV 1,2,1:3001:2809,ENZPU003,1:1:222:28:13:7:3,0,false,false,false,false,0
ENM35002,move to,LOC_적북측접근로,2026-08-09T09:18:40.000Z,21.37135651,-157.74163369,UAV 1,2,1:3001:2740,ENM35002,1:1:225:7:1:6:0,0,false,false,false,false,0
ENZPU001,none,,2026-08-09T09:18:41.000Z,21.37550111,-157.74438876,UAV 1,2,1:3001:2659,ENZPU001,1:1:222:28:13:7:3,0,false,false,false,false,0
ENZPU002,none,,2026-08-09T09:18:41.000Z,21.37545350,-157.74447070,UAV 1,2,1:3001:2807,ENZPU002,1:1:222:28:13:7:3,0,false,false,false,false,0
ENZPU003,none,,2026-08-09T09:18:41.000Z,21.37540589,-157.74455264,UAV 1,2,1:3001:2809,ENZPU003,1:1:222:28:13:7:3,0,false,false,false,false,0
ENM35002,move to,LOC_적북측접근로,2026-08-09T09:18:41.000Z,21.37135651,-157.74163369,UAV 1,2,1:3001:2740,ENM35002,1:1:225:7:1:6:0,0,false,false,false,false,0
ENZPU001,none,,2026-08-09T09:18:41.000Z,21.37550111,-157.74438876,UAV 1,2,1:3001:2659,ENZPU001,1:1:222:28:13:7:3,0,false,false,false,false,0
ENZPU002,none,,2026-08-09T09:18:41.000Z,21.37545350,-157.74447070,UAV 1,2,1:3001:2807,ENZPU002,1:1:222:28:13:7:3,0,false,false,false,false,0
ENZPU003,none,,2026-08-09T09:18:41.000Z,21.37540589,-157.74455264,UAV 1,2,1:3001:2809,ENZPU003,1:1:222:28:13:7:3,0,false,false,false,false,0
ENZPU001,none,,2026-08-09T09:18:42.000Z,21.37550111,-157.74438876,UAV 1,2,1:3001:2659,ENZPU001,1:1:222:28:13:7:3,0,false,false,false,false,0
ENZPU002,none,,2026-08-09T09:18:42.000Z,21.37545350,-157.74447070,UAV 1,2,1:3001:2807,ENZPU002,1:1:222:28:13:7:3,0,false,false,false,false,0
ENZPU003,none,,2026-08-09T09:18:42.000Z,21.37540589,-157.74455264,UAV 1,2,1:3001:2809,ENZPU003,1:1:222:28:13:7:3,0,false,false,false,false,0
ENZPU001,none,,2026-08-09T09:18:42.000Z,21.37550111,-157.74438876,UAV 1,2,1:3001:2659,ENZPU001,1:1:222:28:13:7:3,0,false,false,false,false,0
ENZPU002,none,,2026-08-09T09:18:42.000Z,21.37545350,-157.74447070,UAV 1,2,1:3001:2807,ENZPU002,1:1:222:28:13:7:3,0,false,false,false,false,0
ENZPU003,none,,2026-08-09T09:18:42.000Z,21.37540589,-157.74455264,UAV 1,2,1:3001:2809,ENZPU003,1:1:222:28:13:7:3,0,false,false,false,false,0
ENZPU001,none,,2026-08-09T09:18:43.000Z,21.37550111,-157.74438876,UAV 1,2,1:3001:2659,ENZPU001,1:1:222:28:13:7:3,0,false,false,false,false,0
ENZPU002,none,,2026-08-09T09:18:43.000Z,21.37545350,-157.74447070,UAV 1,2,1:3001:2807,ENZPU002,1:1:222:28:13:7:3,0,false,false,false,false,0
ENZPU003,none,,2026-08-09T09:18:43.000Z,21.37540589,-157.74455264,UAV 1,2,1:3001:2809,ENZPU003,1:1:222:28:13:7:3,0,false,false,false,false,0
ENZPU001,none,,2026-08-09T09:18:44.000Z,21.37550111,-157.74438876,UAV 1,2,1:3001:2659,ENZPU001,1:1:222:28:13:7:3,0,false,false,false,false,0
ENZPU002,none,,2026-08-09T09:18:44.000Z,21.37545350,-157.74447070,UAV 1,2,1:3001:2807,ENZPU002,1:1:222:28:13:7:3,0,false,false,false,false,0
ENZPU003,none,,2026-08-09T09:18:44.000Z,21.37540589,-157.74455264,UAV 1,2,1:3001:2809,ENZPU003,1:1:222:28:13:7:3,0,false,false,false,false,0
ENM35003,move to,LOC_적북측접근로,2026-08-09T09:18:44.000Z,21.37135514,-157.74163461,UAV 1,2,1:3001:2894,ENM35003,1:1:225:7:1:6:0,0,false,false,false,false,0
ENZPU001,none,,2026-08-09T09:18:44.000Z,21.37550111,-157.74438876,UAV 1,2,1:3001:2659,ENZPU001,1:1:222:28:13:7:3,0,false,false,false,false,0
ENZPU002,none,,2026-08-09T09:18:44.000Z,21.37545350,-157.74447070,UAV 1,2,1:3001:2807,ENZPU002,1:1:222:28:13:7:3,0,false,false,false,false,0
ENZPU003,none,,2026-08-09T09:18:44.000Z,21.37540589,-157.74455264,UAV 1,2,1:3001:2809,ENZPU003,1:1:222:28:13:7:3,0,false,false,false,false,0
ENM35003,move to,LOC_적북측접근로,2026-08-09T09:18:44.000Z,21.37135514,-157.74163461,UAV 1,2,1:3001:2894,ENM35003,1:1:225:7:1:6:0,0,false,false,false,false,0
ENZPU001,none,,2026-08-09T09:18:45.000Z,21.37550111,-157.74438876,UAV 1,2,1:3001:2659,ENZPU001,1:1:222:28:13:7:3,0,false,false,false,false,0
ENZPU002,none,,2026-08-09T09:18:45.000Z,21.37545350,-157.74447070,UAV 1,2,1:3001:2807,ENZPU002,1:1:222:28:13:7:3,0,false,false,false,false,0
ENZPU003,none,,2026-08-09T09:18:45.000Z,21.37540589,-157.74455264,UAV 1,2,1:3001:2809,ENZPU003,1:1:222:28:13:7:3,0,false,false,false,false,0
ENM35003,move to,LOC_적북측접근로,2026-08-09T09:18:45.000Z,21.37135514,-157.74163461,UAV 1,2,1:3001:2894,ENM35003,1:1:225:7:1:6:0,0,false,false,false,false,0
ENZPU001,none,,2026-08-09T09:18:45.000Z,21.37550111,-157.74438876,UAV 1,2,1:3001:2659,ENZPU001,1:1:222:28:13:7:3,0,false,false,false,false,0
ENZPU002,none,,2026-08-09T09:18:45.000Z,21.37545350,-157.74447070,UAV 1,2,1:3001:2807,ENZPU002,1:1:222:28:13:7:3,0,false,false,false,false,0
ENZPU003,none,,2026-08-09T09:18:45.000Z,21.37540589,-157.74455264,UAV 1,2,1:3001:2809,ENZPU003,1:1:222:28:13:7:3,0,false,false,false,false,0
ENM35003,move to,LOC_적북측접근로,2026-08-09T09:18:45.000Z,21.37135514,-157.74163461,UAV 1,2,1:3001:2894,ENM35003,1:1:225:7:1:6:0,0,false,false,false,false,0
ENZPU001,none,,2026-08-09T09:18:46.000Z,21.37550111,-157.74438876,UAV 1,2,1:3001:2659,ENZPU001,1:1:222:28:13:7:3,0,false,false,false,false,0
ENZPU002,none,,2026-08-09T09:18:46.000Z,21.37545350,-157.74447070,UAV 1,2,1:3001:2807,ENZPU002,1:1:222:28:13:7:3,0,false,false,false,false,0
ENZPU003,none,,2026-08-09T09:18:46.000Z,21.37540589,-157.74455264,UAV 1,2,1:3001:2809,ENZPU003,1:1:222:28:13:7:3,0,false,false,false,false,0
ENM35003,move to,LOC_적북측접근로,2026-08-09T09:18:46.000Z,21.37135051,-157.74165420,UAV 1,2,1:3001:2894,ENM35003,1:1:225:7:1:6:0,0,false,false,false,false,0
ENM35004,move to,LOC_적북측접근로,2026-08-09T09:18:46.000Z,21.37136971,-157.74158028,UAV 1,2,1:3001:2650,ENM35004,1:1:225:7:1:6:0,0,false,false,false,false,0
ENZPU001,none,,2026-08-09T09:18:46.000Z,21.37550111,-157.74438876,UAV 1,2,1:3001:2659,ENZPU001,1:1:222:28:13:7:3,0,false,false,false,false,0
ENZPU002,none,,2026-08-09T09:18:46.000Z,21.37545350,-157.74447070,UAV 1,2,1:3001:2807,ENZPU002,1:1:222:28:13:7:3,0,false,false,false,false,0
ENZPU003,none,,2026-08-09T09:18:46.000Z,21.37540589,-157.74455264,UAV 1,2,1:3001:2809,ENZPU003,1:1:222:28:13:7:3,0,false,false,false,false,0
ENM35003,move to,LOC_적북측접근로,2026-08-09T09:18:46.000Z,21.37135051,-157.74165420,UAV 1,2,1:3001:2894,ENM35003,1:1:225:7:1:6:0,0,false,false,false,false,0
ENM35004,move to,LOC_적북측접근로,2026-08-09T09:18:46.000Z,21.37136971,-157.74158028,UAV 1,2,1:3001:2650,ENM35004,1:1:225:7:1:6:0,0,false,false,false,false,0
ENZPU001,none,,2026-08-09T09:18:47.000Z,21.37550111,-157.74438876,UAV 1,2,1:3001:2659,ENZPU001,1:1:222:28:13:7:3,0,false,false,false,false,0
ENZPU002,none,,2026-08-09T09:18:47.000Z,21.37545350,-157.74447070,UAV 1,2,1:3001:2807,ENZPU002,1:1:222:28:13:7:3,0,false,false,false,false,0
ENZPU003,none,,2026-08-09T09:18:47.000Z,21.37540589,-157.74455264,UAV 1,2,1:3001:2809,ENZPU003,1:1:222:28:13:7:3,0,false,false,false,false,0
ENM35003,move to,LOC_적북측접근로,2026-08-09T09:18:47.000Z,21.37135051,-157.74165420,UAV 1,2,1:3001:2894,ENM35003,1:1:225:7:1:6:0,0,false,false,false,false,0
ENM35004,move to,LOC_적북측접근로,2026-08-09T09:18:47.000Z,21.37136971,-157.74158028,UAV 1,2,1:3001:2650,ENM35004,1:1:225:7:1:6:0,0,false,false,false,false,0
ENZPU001,none,,2026-08-09T09:18:47.000Z,21.37550111,-157.74438876,UAV 1,2,1:3001:2659,ENZPU001,1:1:222:28:13:7:3,0,false,false,false,false,0
ENZPU002,none,,2026-08-09T09:18:47.000Z,21.37545350,-157.74447070,UAV 1,2,1:3001:2807,ENZPU002,1:1:222:28:13:7:3,0,false,false,false,false,0
ENZPU003,none,,2026-08-09T09:18:47.000Z,21.37540589,-157.74455264,UAV 1,2,1:3001:2809,ENZPU003,1:1:222:28:13:7:3,0,false,false,false,false,0
ENM35003,move to,LOC_적북측접근로,2026-08-09T09:18:47.000Z,21.37135051,-157.74165420,UAV 1,2,1:3001:2894,ENM35003,1:1:225:7:1:6:0,0,false,false,false,false,0
ENM35004,move to,LOC_적북측접근로,2026-08-09T09:18:47.000Z,21.37136971,-157.74158028,UAV 1,2,1:3001:2650,ENM35004,1:1:225:7:1:6:0,0,false,false,false,false,0
ENZPU001,none,,2026-08-09T09:18:48.000Z,21.37550111,-157.74438876,UAV 1,2,1:3001:2659,ENZPU001,1:1:222:28:13:7:3,0,false,false,false,false,0
ENZPU002,none,,2026-08-09T09:18:48.000Z,21.37545350,-157.74447070,UAV 1,2,1:3001:2807,ENZPU002,1:1:222:28:13:7:3,0,false,false,false,false,0
ENZPU003,none,,2026-08-09T09:18:48.000Z,21.37540589,-157.74455264,UAV 1,2,1:3001:2809,ENZPU003,1:1:222:28:13:7:3,0,false,false,false,false,0
ENZPU001,none,,2026-08-09T09:18:48.000Z,21.37550111,-157.74438876,UAV 1,2,1:3001:2659,ENZPU001,1:1:222:28:13:7:3,0,false,false,false,false,0
ENZPU002,none,,2026-08-09T09:18:48.000Z,21.37545350,-157.74447070,UAV 1,2,1:3001:2807,ENZPU002,1:1:222:28:13:7:3,0,false,false,false,false,0
ENZPU003,none,,2026-08-09T09:18:48.000Z,21.37540589,-157.74455264,UAV 1,2,1:3001:2809,ENZPU003,1:1:222:28:13:7:3,0,false,false,false,false,0
ENZPU001,none,,2026-08-09T09:18:49.000Z,21.37550111,-157.74438876,UAV 1,2,1:3001:2659,ENZPU001,1:1:222:28:13:7:3,0,false,false,false,false,0
ENZPU002,none,,2026-08-09T09:18:49.000Z,21.37545350,-157.74447070,UAV 1,2,1:3001:2807,ENZPU002,1:1:222:28:13:7:3,0,false,false,false,false,0
ENZPU003,none,,2026-08-09T09:18:49.000Z,21.37540589,-157.74455264,UAV 1,2,1:3001:2809,ENZPU003,1:1:222:28:13:7:3,0,false,false,false,false,0
ENZPU001,none,,2026-08-09T09:18:49.000Z,21.37550111,-157.74438876,UAV 1,2,1:3001:2659,ENZPU001,1:1:222:28:13:7:3,0,false,false,false,false,0
ENZPU002,none,,2026-08-09T09:18:49.000Z,21.37545350,-157.74447070,UAV 1,2,1:3001:2807,ENZPU002,1:1:222:28:13:7:3,0,false,false,false,false,0
ENZPU003,none,,2026-08-09T09:18:49.000Z,21.37540589,-157.74455264,UAV 1,2,1:3001:2809,ENZPU003,1:1:222:28:13:7:3,0,false,false,false,false,0
ENZPU001,none,,2026-08-09T09:18:50.000Z,21.37550111,-157.74438876,UAV 1,2,1:3001:2659,ENZPU001,1:1:222:28:13:7:3,0,false,false,false,false,0
ENZPU002,none,,2026-08-09T09:18:50.000Z,21.37545350,-157.74447070,UAV 1,2,1:3001:2807,ENZPU002,1:1:222:28:13:7:3,0,false,false,false,false,0
ENZPU003,none,,2026-08-09T09:18:50.000Z,21.37540589,-157.74455264,UAV 1,2,1:3001:2809,ENZPU003,1:1:222:28:13:7:3,0,false,false,false,false,0
ENM35002,move to,LOC_적북측접근로,2026-08-09T09:18:50.000Z,21.37138166,-157.74153203,UAV 1,2,1:3001:2740,ENM35002,1:1:225:7:1:6:0,0,false,false,false,false,0
ENM35001,move to,LOC_적북측접근로,2026-08-09T09:18:50.000Z,21.37137000,-157.74157185,UAV 1,2,1:3001:2754,ENM35001,1:1:225:7:1:6:0,0,false,false,false,false,0
ENMORT001,none,,2026-08-09T09:18:50.000Z,21.37443553,-157.73716992,UAV 1,2,1:3001:2789,ENMORT001,1:1:71:10:1:0:1,0,false,false,false,false,0
ENMORT002,none,,2026-08-09T09:18:50.000Z,21.37453609,-157.73721308,UAV 1,2,1:3001:2834,ENMORT002,1:1:71:10:1:0:1,0,false,false,false,false,0
ENZPU001,none,,2026-08-09T09:18:50.000Z,21.37550111,-157.74438876,UAV 1,2,1:3001:2659,ENZPU001,1:1:222:28:13:7:3,0,false,false,false,false,0
ENZPU002,none,,2026-08-09T09:18:50.000Z,21.37545350,-157.74447070,UAV 1,2,1:3001:2807,ENZPU002,1:1:222:28:13:7:3,0,false,false,false,false,0
ENZPU003,none,,2026-08-09T09:18:50.000Z,21.37540589,-157.74455264,UAV 1,2,1:3001:2809,ENZPU003,1:1:222:28:13:7:3,0,false,false,false,false,0
ENM35002,move to,LOC_적북측접근로,2026-08-09T09:18:50.000Z,21.37138166,-157.74153203,UAV 1,2,1:3001:2740,ENM35002,1:1:225:7:1:6:0,0,false,false,false,false,0
ENM35001,move to,LOC_적북측접근로,2026-08-09T09:18:50.000Z,21.37137000,-157.74157185,UAV 1,2,1:3001:2754,ENM35001,1:1:225:7:1:6:0,0,false,false,false,false,0
ENMORT001,none,,2026-08-09T09:18:50.000Z,21.37443553,-157.73716992,UAV 1,2,1:3001:2789,ENMORT001,1:1:71:10:1:0:1,0,false,false,false,false,0
ENMORT002,none,,2026-08-09T09:18:50.000Z,21.37453609,-157.73721308,UAV 1,2,1:3001:2834,ENMORT002,1:1:71:10:1:0:1,0,false,false,false,false,0
ENZPU001,none,,2026-08-09T09:18:51.000Z,21.37550111,-157.74438876,UAV 1,2,1:3001:2659,ENZPU001,1:1:222:28:13:7:3,0,false,false,false,false,0
ENZPU002,none,,2026-08-09T09:18:51.000Z,21.37545350,-157.74447070,UAV 1,2,1:3001:2807,ENZPU002,1:1:222:28:13:7:3,0,false,false,false,false,0
ENZPU003,none,,2026-08-09T09:18:51.000Z,21.37540589,-157.74455264,UAV 1,2,1:3001:2809,ENZPU003,1:1:222:28:13:7:3,0,false,false,false,false,0
ENM35002,move to,LOC_적북측접근로,2026-08-09T09:18:51.000Z,21.37138166,-157.74153203,UAV 1,2,1:3001:2740,ENM35002,1:1:225:7:1:6:0,0,false,false,false,false,0
ENM35001,move to,LOC_적북측접근로,2026-08-09T09:18:51.000Z,21.37137000,-157.74157185,UAV 1,2,1:3001:2754,ENM35001,1:1:225:7:1:6:0,0,false,false,false,false,0
ENMORT001,none,,2026-08-09T09:18:51.000Z,21.37443553,-157.73716992,UAV 1,2,1:3001:2789,ENMORT001,1:1:71:10:1:0:1,0,false,false,false,false,0
ENMORT002,none,,2026-08-09T09:18:51.000Z,21.37453609,-157.73721308,UAV 1,2,1:3001:2834,ENMORT002,1:1:71:10:1:0:1,0,false,false,false,false,0
ENZPU001,none,,2026-08-09T09:18:51.000Z,21.37550111,-157.74438876,UAV 1,2,1:3001:2659,ENZPU001,1:1:222:28:13:7:3,0,false,false,false,false,0
ENZPU002,none,,2026-08-09T09:18:51.000Z,21.37545350,-157.74447070,UAV 1,2,1:3001:2807,ENZPU002,1:1:222:28:13:7:3,0,false,false,false,false,0
ENZPU003,none,,2026-08-09T09:18:51.000Z,21.37540589,-157.74455264,UAV 1,2,1:3001:2809,ENZPU003,1:1:222:28:13:7:3,0,false,false,false,false,0
ENM35002,move to,LOC_적북측접근로,2026-08-09T09:18:51.000Z,21.37138166,-157.74153203,UAV 1,2,1:3001:2740,ENM35002,1:1:225:7:1:6:0,0,false,false,false,false,0
ENM35001,move to,LOC_적북측접근로,2026-08-09T09:18:51.000Z,21.37137000,-157.74157185,UAV 1,2,1:3001:2754,ENM35001,1:1:225:7:1:6:0,0,false,false,false,false,0
ENMORT001,none,,2026-08-09T09:18:51.000Z,21.37443553,-157.73716992,UAV 1,2,1:3001:2789,ENMORT001,1:1:71:10:1:0:1,0,false,false,false,false,0
ENMORT002,none,,2026-08-09T09:18:51.000Z,21.37453609,-157.73721308,UAV 1,2,1:3001:2834,ENMORT002,1:1:71:10:1:0:1,0,false,false,false,false,0
ENZPU001,none,,2026-08-09T09:18:52.000Z,21.37550111,-157.74438876,UAV 1,2,1:3001:2659,ENZPU001,1:1:222:28:13:7:3,0,false,false,false,false,0
ENZPU002,none,,2026-08-09T09:18:52.000Z,21.37545350,-157.74447070,UAV 1,2,1:3001:2807,ENZPU002,1:1:222:28:13:7:3,0,false,false,false,false,0
ENZPU003,none,,2026-08-09T09:18:52.000Z,21.37540589,-157.74455264,UAV 1,2,1:3001:2809,ENZPU003,1:1:222:28:13:7:3,0,false,false,false,false,0
ENMORT001,none,,2026-08-09T09:18:52.000Z,21.37443553,-157.73716992,UAV 1,2,1:3001:2789,ENMORT001,1:1:71:10:1:0:1,0,false,false,false,false,0
ENMORT002,none,,2026-08-09T09:18:52.000Z,21.37453609,-157.73721308,UAV 1,2,1:3001:2834,ENMORT002,1:1:71:10:1:0:1,0,false,false,false,false,0
ENMORT005,none,,2026-08-09T09:18:52.000Z,21.37457651,-157.73710572,UAV 1,2,1:3001:2607,ENMORT005,1:1:71:10:1:0:1,0,false,false,false,false,0
ENMORT004,none,,2026-08-09T09:18:52.000Z,21.37447596,-157.73706256,UAV 1,2,1:3001:2630,ENMORT004,1:1:71:10:1:0:1,0,false,false,false,false,0
ENM35004,move to,LOC_적북측접근로,2026-08-09T09:18:52.000Z,21.37135222,-157.74165098,UAV 1,2,1:3001:2650,ENM35004,1:1:225:7:1:6:0,0,false,false,false,false,0
ENMORT003,none,,2026-08-09T09:18:52.000Z,21.37463664,-157.73725624,UAV 1,2,1:3001:2865,ENMORT003,1:1:71:10:1:0:1,0,false,false,false,false,0
ENZPU001,none,,2026-08-09T09:18:52.000Z,21.37550111,-157.74438876,UAV 1,2,1:3001:2659,ENZPU001,1:1:222:28:13:7:3,0,false,false,false,false,0
ENZPU002,none,,2026-08-09T09:18:52.000Z,21.37545350,-157.74447070,UAV 1,2,1:3001:2807,ENZPU002,1:1:222:28:13:7:3,0,false,false,false,false,0
ENZPU003,none,,2026-08-09T09:18:52.000Z,21.37540589,-157.74455264,UAV 1,2,1:3001:2809,ENZPU003,1:1:222:28:13:7:3,0,false,false,false,false,0
ENMORT001,none,,2026-08-09T09:18:52.000Z,21.37443553,-157.73716992,UAV 1,2,1:3001:2789,ENMORT001,1:1:71:10:1:0:1,0,false,false,false,false,0
ENMORT002,none,,2026-08-09T09:18:52.000Z,21.37453609,-157.73721308,UAV 1,2,1:3001:2834,ENMORT002,1:1:71:10:1:0:1,0,false,false,false,false,0
ENMORT005,none,,2026-08-09T09:18:52.000Z,21.37457651,-157.73710572,UAV 1,2,1:3001:2607,ENMORT005,1:1:71:10:1:0:1,0,false,false,false,false,0
ENMORT004,none,,2026-08-09T09:18:52.000Z,21.37447596,-157.73706256,UAV 1,2,1:3001:2630,ENMORT004,1:1:71:10:1:0:1,0,false,false,false,false,0
ENM35004,move to,LOC_적북측접근로,2026-08-09T09:18:52.000Z,21.37135222,-157.74165098,UAV 1,2,1:3001:2650,ENM35004,1:1:225:7:1:6:0,0,false,false,false,false,0
ENMORT003,none,,2026-08-09T09:18:52.000Z,21.37463664,-157.73725624,UAV 1,2,1:3001:2865,ENMORT003,1:1:71:10:1:0:1,0,false,false,false,false,0
ENZPU001,none,,2026-08-09T09:18:53.000Z,21.37550111,-157.74438876,UAV 1,2,1:3001:2659,ENZPU001,1:1:222:28:13:7:3,0,false,false,false,false,0
ENZPU002,none,,2026-08-09T09:18:53.000Z,21.37545350,-157.74447070,UAV 1,2,1:3001:2807,ENZPU002,1:1:222:28:13:7:3,0,false,false,false,false,0
ENZPU003,none,,2026-08-09T09:18:53.000Z,21.37540589,-157.74455264,UAV 1,2,1:3001:2809,ENZPU003,1:1:222:28:13:7:3,0,false,false,false,false,0
ENMORT001,none,,2026-08-09T09:18:53.000Z,21.37443553,-157.73716992,UAV 1,2,1:3001:2789,ENMORT001,1:1:71:10:1:0:1,0,false,false,false,false,0
ENMORT002,none,,2026-08-09T09:18:53.000Z,21.37453609,-157.73721308,UAV 1,2,1:3001:2834,ENMORT002,1:1:71:10:1:0:1,0,false,false,false,false,0
ENMORT005,none,,2026-08-09T09:18:53.000Z,21.37457651,-157.73710572,UAV 1,2,1:3001:2607,ENMORT005,1:1:71:10:1:0:1,0,false,false,false,false,0
ENMORT004,none,,2026-08-09T09:18:53.000Z,21.37447596,-157.73706256,UAV 1,2,1:3001:2630,ENMORT004,1:1:71:10:1:0:1,0,false,false,false,false,0
ENM35004,move to,LOC_적북측접근로,2026-08-09T09:18:53.000Z,21.37135222,-157.74165098,UAV 1,2,1:3001:2650,ENM35004,1:1:225:7:1:6:0,0,false,false,false,false,0
ENMORT003,none,,2026-08-09T09:18:53.000Z,21.37463664,-157.73725624,UAV 1,2,1:3001:2865,ENMORT003,1:1:71:10:1:0:1,0,false,false,false,false,0
ENZPU001,none,,2026-08-09T09:18:54.000Z,21.37550111,-157.74438876,UAV 1,2,1:3001:2659,ENZPU001,1:1:222:28:13:7:3,0,false,false,false,false,0
ENZPU002,none,,2026-08-09T09:18:54.000Z,21.37545350,-157.74447070,UAV 1,2,1:3001:2807,ENZPU002,1:1:222:28:13:7:3,0,false,false,false,false,0
ENZPU003,none,,2026-08-09T09:18:54.000Z,21.37540589,-157.74455264,UAV 1,2,1:3001:2809,ENZPU003,1:1:222:28:13:7:3,0,false,false,false,false,0
ENMORT001,none,,2026-08-09T09:18:54.000Z,21.37443553,-157.73716992,UAV 1,2,1:3001:2789,ENMORT001,1:1:71:10:1:0:1,0,false,false,false,false,0
ENMORT002,none,,2026-08-09T09:18:54.000Z,21.37453609,-157.73721308,UAV 1,2,1:3001:2834,ENMORT002,1:1:71:10:1:0:1,0,false,false,false,false,0
ENMORT005,none,,2026-08-09T09:18:54.000Z,21.37457651,-157.73710572,UAV 1,2,1:3001:2607,ENMORT005,1:1:71:10:1:0:1,0,false,false,false,false,0
ENMORT004,none,,2026-08-09T09:18:54.000Z,21.37447596,-157.73706256,UAV 1,2,1:3001:2630,ENMORT004,1:1:71:10:1:0:1,0,false,false,false,false,0
ENMORT003,none,,2026-08-09T09:18:54.000Z,21.37463664,-157.73725624,UAV 1,2,1:3001:2865,ENMORT003,1:1:71:10:1:0:1,0,false,false,false,false,0
ENM35002,move to,LOC_적북측접근로,2026-08-09T09:18:54.000Z,21.37136893,-157.74158351,UAV 1,2,1:3001:2740,ENM35002,1:1:225:7:1:6:0,0,false,false,false,false,0
ENZPU001,none,,2026-08-09T09:18:54.000Z,21.37550111,-157.74438876,UAV 1,2,1:3001:2659,ENZPU001,1:1:222:28:13:7:3,0,false,false,false,false,0
ENZPU002,none,,2026-08-09T09:18:54.000Z,21.37545350,-157.74447070,UAV 1,2,1:3001:2807,ENZPU002,1:1:222:28:13:7:3,0,false,false,false,false,0
ENZPU003,none,,2026-08-09T09:18:54.000Z,21.37540589,-157.74455264,UAV 1,2,1:3001:2809,ENZPU003,1:1:222:28:13:7:3,0,false,false,false,false,0
ENMORT001,none,,2026-08-09T09:18:54.000Z,21.37443553,-157.73716992,UAV 1,2,1:3001:2789,ENMORT001,1:1:71:10:1:0:1,0,false,false,false,false,0
ENMORT002,none,,2026-08-09T09:18:54.000Z,21.37453609,-157.73721308,UAV 1,2,1:3001:2834,ENMORT002,1:1:71:10:1:0:1,0,false,false,false,false,0
ENMORT005,none,,2026-08-09T09:18:54.000Z,21.37457651,-157.73710572,UAV 1,2,1:3001:2607,ENMORT005,1:1:71:10:1:0:1,0,false,false,false,false,0
ENMORT004,none,,2026-08-09T09:18:54.000Z,21.37447596,-157.73706256,UAV 1,2,1:3001:2630,ENMORT004,1:1:71:10:1:0:1,0,false,false,false,false,0
ENMORT003,none,,2026-08-09T09:18:54.000Z,21.37463664,-157.73725624,UAV 1,2,1:3001:2865,ENMORT003,1:1:71:10:1:0:1,0,false,false,false,false,0
ENM35002,move to,LOC_적북측접근로,2026-08-09T09:18:54.000Z,21.37136893,-157.74158351,UAV 1,2,1:3001:2740,ENM35002,1:1:225:7:1:6:0,0,false,false,false,false,0
ENZPU001,none,,2026-08-09T09:18:55.000Z,21.37550111,-157.74438876,UAV 1,2,1:3001:2659,ENZPU001,1:1:222:28:13:7:3,0,false,false,false,false,0
ENZPU002,none,,2026-08-09T09:18:55.000Z,21.37545350,-157.74447070,UAV 1,2,1:3001:2807,ENZPU002,1:1:222:28:13:7:3,0,false,false,false,false,0
ENZPU003,none,,2026-08-09T09:18:55.000Z,21.37540589,-157.74455264,UAV 1,2,1:3001:2809,ENZPU003,1:1:222:28:13:7:3,0,false,false,false,false,0
ENMORT001,none,,2026-08-09T09:18:55.000Z,21.37443553,-157.73716992,UAV 1,2,1:3001:2789,ENMORT001,1:1:71:10:1:0:1,0,false,false,false,false,0
ENMORT002,none,,2026-08-09T09:18:55.000Z,21.37453609,-157.73721308,UAV 1,2,1:3001:2834,ENMORT002,1:1:71:10:1:0:1,0,false,false,false,false,0
ENMORT005,none,,2026-08-09T09:18:55.000Z,21.37457651,-157.73710572,UAV 1,2,1:3001:2607,ENMORT005,1:1:71:10:1:0:1,0,false,false,false,false,0
ENMORT004,none,,2026-08-09T09:18:55.000Z,21.37447596,-157.73706256,UAV 1,2,1:3001:2630,ENMORT004,1:1:71:10:1:0:1,0,false,false,false,false,0
ENMORT003,none,,2026-08-09T09:18:55.000Z,21.37463664,-157.73725624,UAV 1,2,1:3001:2865,ENMORT003,1:1:71:10:1:0:1,0,false,false,false,false,0
ENM35002,move to,LOC_적북측접근로,2026-08-09T09:18:55.000Z,21.37136893,-157.74158351,UAV 1,2,1:3001:2740,ENM35002,1:1:225:7:1:6:0,0,false,false,false,false,0
ENZPU001,none,,2026-08-09T09:18:55.000Z,21.37550111,-157.74438876,UAV 1,2,1:3001:2659,ENZPU001,1:1:222:28:13:7:3,0,false,false,false,false,0
ENZPU002,none,,2026-08-09T09:18:55.000Z,21.37545350,-157.74447070,UAV 1,2,1:3001:2807,ENZPU002,1:1:222:28:13:7:3,0,false,false,false,false,0
ENZPU003,none,,2026-08-09T09:18:55.000Z,21.37540589,-157.74455264,UAV 1,2,1:3001:2809,ENZPU003,1:1:222:28:13:7:3,0,false,false,false,false,0
ENMORT001,none,,2026-08-09T09:18:55.000Z,21.37443553,-157.73716992,UAV 1,2,1:3001:2789,ENMORT001,1:1:71:10:1:0:1,0,false,false,false,false,0
ENMORT002,none,,2026-08-09T09:18:55.000Z,21.37453609,-157.73721308,UAV 1,2,1:3001:2834,ENMORT002,1:1:71:10:1:0:1,0,false,false,false,false,0
ENMORT005,none,,2026-08-09T09:18:55.000Z,21.37457651,-157.73710572,UAV 1,2,1:3001:2607,ENMORT005,1:1:71:10:1:0:1,0,false,false,false,false,0
ENMORT004,none,,2026-08-09T09:18:55.000Z,21.37447596,-157.73706256,UAV 1,2,1:3001:2630,ENMORT004,1:1:71:10:1:0:1,0,false,false,false,false,0
ENMORT003,none,,2026-08-09T09:18:55.000Z,21.37463664,-157.73725624,UAV 1,2,1:3001:2865,ENMORT003,1:1:71:10:1:0:1,0,false,false,false,false,0
ENM35002,move to,LOC_적북측접근로,2026-08-09T09:18:55.000Z,21.37136893,-157.74158351,UAV 1,2,1:3001:2740,ENM35002,1:1:225:7:1:6:0,0,false,false,false,false,0
ENZPU001,none,,2026-08-09T09:18:56.000Z,21.37550111,-157.74438876,UAV 1,2,1:3001:2659,ENZPU001,1:1:222:28:13:7:3,0,false,false,false,false,0
ENZPU002,none,,2026-08-09T09:18:56.000Z,21.37545350,-157.74447070,UAV 1,2,1:3001:2807,ENZPU002,1:1:222:28:13:7:3,0,false,false,false,false,0
ENMORT001,none,,2026-08-09T09:18:56.000Z,21.37443553,-157.73716992,UAV 1,2,1:3001:2789,ENMORT001,1:1:71:10:1:0:1,0,false,false,false,false,0
ENMORT002,none,,2026-08-09T09:18:56.000Z,21.37453609,-157.73721308,UAV 1,2,1:3001:2834,ENMORT002,1:1:71:10:1:0:1,0,false,false,false,false,0
ENMORT005,none,,2026-08-09T09:18:56.000Z,21.37457651,-157.73710572,UAV 1,2,1:3001:2607,ENMORT005,1:1:71:10:1:0:1,0,false,false,false,false,0
ENMORT004,none,,2026-08-09T09:18:56.000Z,21.37447596,-157.73706256,UAV 1,2,1:3001:2630,ENMORT004,1:1:71:10:1:0:1,0,false,false,false,false,0
ENMORT003,none,,2026-08-09T09:18:56.000Z,21.37463664,-157.73725624,UAV 1,2,1:3001:2865,ENMORT003,1:1:71:10:1:0:1,0,false,false,false,false,0
ENM35003,move to,LOC_적북측접근로,2026-08-09T09:18:56.000Z,21.37137962,-157.74153119,UAV 1,2,1:3001:2894,ENM35003,1:1:225:7:1:6:0,0,false,false,false,false,0
ENZPU001,none,,2026-08-09T09:18:56.000Z,21.37550111,-157.74438876,UAV 1,2,1:3001:2659,ENZPU001,1:1:222:28:13:7:3,0,false,false,false,false,0
ENZPU002,none,,2026-08-09T09:18:56.000Z,21.37545350,-157.74447070,UAV 1,2,1:3001:2807,ENZPU002,1:1:222:28:13:7:3,0,false,false,false,false,0
ENMORT001,none,,2026-08-09T09:18:56.000Z,21.37443553,-157.73716992,UAV 1,2,1:3001:2789,ENMORT001,1:1:71:10:1:0:1,0,false,false,false,false,0
ENMORT002,none,,2026-08-09T09:18:56.000Z,21.37453609,-157.73721308,UAV 1,2,1:3001:2834,ENMORT002,1:1:71:10:1:0:1,0,false,false,false,false,0
ENMORT005,none,,2026-08-09T09:18:56.000Z,21.37457651,-157.73710572,UAV 1,2,1:3001:2607,ENMORT005,1:1:71:10:1:0:1,0,false,false,false,false,0
ENMORT004,none,,2026-08-09T09:18:56.000Z,21.37447596,-157.73706256,UAV 1,2,1:3001:2630,ENMORT004,1:1:71:10:1:0:1,0,false,false,false,false,0
ENMORT003,none,,2026-08-09T09:18:56.000Z,21.37463664,-157.73725624,UAV 1,2,1:3001:2865,ENMORT003,1:1:71:10:1:0:1,0,false,false,false,false,0
ENM35003,move to,LOC_적북측접근로,2026-08-09T09:18:56.000Z,21.37137962,-157.74153119,UAV 1,2,1:3001:2894,ENM35003,1:1:225:7:1:6:0,0,false,false,false,false,0
ENZPU001,none,,2026-08-09T09:18:57.000Z,21.37550111,-157.74438876,UAV 1,2,1:3001:2659,ENZPU001,1:1:222:28:13:7:3,0,false,false,false,false,0
ENZPU002,none,,2026-08-09T09:18:57.000Z,21.37545350,-157.74447070,UAV 1,2,1:3001:2807,ENZPU002,1:1:222:28:13:7:3,0,false,false,false,false,0
ENMORT001,none,,2026-08-09T09:18:57.000Z,21.37443553,-157.73716992,UAV 1,2,1:3001:2789,ENMORT001,1:1:71:10:1:0:1,0,false,false,false,false,0
ENMORT002,none,,2026-08-09T09:18:57.000Z,21.37453609,-157.73721308,UAV 1,2,1:3001:2834,ENMORT002,1:1:71:10:1:0:1,0,false,false,false,false,0
ENMORT005,none,,2026-08-09T09:18:57.000Z,21.37457651,-157.73710572,UAV 1,2,1:3001:2607,ENMORT005,1:1:71:10:1:0:1,0,false,false,false,false,0
ENMORT004,none,,2026-08-09T09:18:57.000Z,21.37447596,-157.73706256,UAV 1,2,1:3001:2630,ENMORT004,1:1:71:10:1:0:1,0,false,false,false,false,0
ENMORT003,none,,2026-08-09T09:18:57.000Z,21.37463664,-157.73725624,UAV 1,2,1:3001:2865,ENMORT003,1:1:71:10:1:0:1,0,false,false,false,false,0
ENM35003,move to,LOC_적북측접근로,2026-08-09T09:18:57.000Z,21.37137962,-157.74153119,UAV 1,2,1:3001:2894,ENM35003,1:1:225:7:1:6:0,0,false,false,false,false,0
ENZPU001,none,,2026-08-09T09:18:57.000Z,21.37550111,-157.74438876,UAV 1,2,1:3001:2659,ENZPU001,1:1:222:28:13:7:3,0,false,false,false,false,0
ENZPU002,none,,2026-08-09T09:18:57.000Z,21.37545350,-157.74447070,UAV 1,2,1:3001:2807,ENZPU002,1:1:222:28:13:7:3,0,false,false,false,false,0
ENMORT001,none,,2026-08-09T09:18:57.000Z,21.37443553,-157.73716992,UAV 1,2,1:3001:2789,ENMORT001,1:1:71:10:1:0:1,0,false,false,false,false,0
ENMORT002,none,,2026-08-09T09:18:57.000Z,21.37453609,-157.73721308,UAV 1,2,1:3001:2834,ENMORT002,1:1:71:10:1:0:1,0,false,false,false,false,0
ENMORT005,none,,2026-08-09T09:18:57.000Z,21.37457651,-157.73710572,UAV 1,2,1:3001:2607,ENMORT005,1:1:71:10:1:0:1,0,false,false,false,false,0
ENMORT004,none,,2026-08-09T09:18:57.000Z,21.37447596,-157.73706256,UAV 1,2,1:3001:2630,ENMORT004,1:1:71:10:1:0:1,0,false,false,false,false,0
ENMORT003,none,,2026-08-09T09:18:57.000Z,21.37463664,-157.73725624,UAV 1,2,1:3001:2865,ENMORT003,1:1:71:10:1:0:1,0,false,false,false,false,0
ENM35003,move to,LOC_적북측접근로,2026-08-09T09:18:57.000Z,21.37137962,-157.74153119,UAV 1,2,1:3001:2894,ENM35003,1:1:225:7:1:6:0,0,false,false,false,false,0
ENZPU001,none,,2026-08-09T09:18:58.000Z,21.37550111,-157.74438876,UAV 1,2,1:3001:2659,ENZPU001,1:1:222:28:13:7:3,0,false,false,false,false,0
ENZPU002,none,,2026-08-09T09:18:58.000Z,21.37545350,-157.74447070,UAV 1,2,1:3001:2807,ENZPU002,1:1:222:28:13:7:3,0,false,false,false,false,0
ENMORT001,none,,2026-08-09T09:18:58.000Z,21.37443553,-157.73716992,UAV 1,2,1:3001:2789,ENMORT001,1:1:71:10:1:0:1,0,false,false,false,false,0
ENMORT002,none,,2026-08-09T09:18:58.000Z,21.37453609,-157.73721308,UAV 1,2,1:3001:2834,ENMORT002,1:1:71:10:1:0:1,0,false,false,false,false,0
ENMORT005,none,,2026-08-09T09:18:58.000Z,21.37457651,-157.73710572,UAV 1,2,1:3001:2607,ENMORT005,1:1:71:10:1:0:1,0,false,false,false,false,0
ENMORT004,none,,2026-08-09T09:18:58.000Z,21.37447596,-157.73706256,UAV 1,2,1:3001:2630,ENMORT004,1:1:71:10:1:0:1,0,false,false,false,false,0
ENMORT003,none,,2026-08-09T09:18:58.000Z,21.37463664,-157.73725624,UAV 1,2,1:3001:2865,ENMORT003,1:1:71:10:1:0:1,0,false,false,false,false,0
ENZPU001,none,,2026-08-09T09:18:58.000Z,21.37550111,-157.74438876,UAV 1,2,1:3001:2659,ENZPU001,1:1:222:28:13:7:3,0,false,false,false,false,0
ENZPU002,none,,2026-08-09T09:18:58.000Z,21.37545350,-157.74447070,UAV 1,2,1:3001:2807,ENZPU002,1:1:222:28:13:7:3,0,false,false,false,false,0
ENMORT001,none,,2026-08-09T09:18:58.000Z,21.37443553,-157.73716992,UAV 1,2,1:3001:2789,ENMORT001,1:1:71:10:1:0:1,0,false,false,false,false,0
ENMORT002,none,,2026-08-09T09:18:58.000Z,21.37453609,-157.73721308,UAV 1,2,1:3001:2834,ENMORT002,1:1:71:10:1:0:1,0,false,false,false,false,0
ENMORT005,none,,2026-08-09T09:18:58.000Z,21.37457651,-157.73710572,UAV 1,2,1:3001:2607,ENMORT005,1:1:71:10:1:0:1,0,false,false,false,false,0
ENMORT004,none,,2026-08-09T09:18:58.000Z,21.37447596,-157.73706256,UAV 1,2,1:3001:2630,ENMORT004,1:1:71:10:1:0:1,0,false,false,false,false,0
ENMORT003,none,,2026-08-09T09:18:58.000Z,21.37463664,-157.73725624,UAV 1,2,1:3001:2865,ENMORT003,1:1:71:10:1:0:1,0,false,false,false,false,0
ENZPU001,none,,2026-08-09T09:18:59.000Z,21.37550111,-157.74438876,UAV 1,2,1:3001:2659,ENZPU001,1:1:222:28:13:7:3,0,false,false,false,false,0
ENZPU002,none,,2026-08-09T09:18:59.000Z,21.37545350,-157.74447070,UAV 1,2,1:3001:2807,ENZPU002,1:1:222:28:13:7:3,0,false,false,false,false,0
ENMORT001,none,,2026-08-09T09:18:59.000Z,21.37443553,-157.73716992,UAV 1,2,1:3001:2789,ENMORT001,1:1:71:10:1:0:1,0,false,false,false,false,0
ENMORT002,none,,2026-08-09T09:18:59.000Z,21.37453609,-157.73721308,UAV 1,2,1:3001:2834,ENMORT002,1:1:71:10:1:0:1,0,false,false,false,false,0
ENMORT005,none,,2026-08-09T09:18:59.000Z,21.37457651,-157.73710572,UAV 1,2,1:3001:2607,ENMORT005,1:1:71:10:1:0:1,0,false,false,false,false,0
ENMORT004,none,,2026-08-09T09:18:59.000Z,21.37447596,-157.73706256,UAV 1,2,1:3001:2630,ENMORT004,1:1:71:10:1:0:1,0,false,false,false,false,0
ENMORT003,none,,2026-08-09T09:18:59.000Z,21.37463664,-157.73725624,UAV 1,2,1:3001:2865,ENMORT003,1:1:71:10:1:0:1,0,false,false,false,false,0
ENZPU001,none,,2026-08-09T09:18:59.000Z,21.37550111,-157.74438876,UAV 1,2,1:3001:2659,ENZPU001,1:1:222:28:13:7:3,0,false,false,false,false,0
ENZPU002,none,,2026-08-09T09:18:59.000Z,21.37545350,-157.74447070,UAV 1,2,1:3001:2807,ENZPU002,1:1:222:28:13:7:3,0,false,false,false,false,0
ENMORT001,none,,2026-08-09T09:18:59.000Z,21.37443553,-157.73716992,UAV 1,2,1:3001:2789,ENMORT001,1:1:71:10:1:0:1,0,false,false,false,false,0
ENMORT002,none,,2026-08-09T09:18:59.000Z,21.37453609,-157.73721308,UAV 1,2,1:3001:2834,ENMORT002,1:1:71:10:1:0:1,0,false,false,false,false,0
ENMORT005,none,,2026-08-09T09:18:59.000Z,21.37457651,-157.73710572,UAV 1,2,1:3001:2607,ENMORT005,1:1:71:10:1:0:1,0,false,false,false,false,0
ENMORT004,none,,2026-08-09T09:18:59.000Z,21.37447596,-157.73706256,UAV 1,2,1:3001:2630,ENMORT004,1:1:71:10:1:0:1,0,false,false,false,false,0
ENMORT003,none,,2026-08-09T09:18:59.000Z,21.37463664,-157.73725624,UAV 1,2,1:3001:2865,ENMORT003,1:1:71:10:1:0:1,0,false,false,false,false,0
ENZPU001,none,,2026-08-09T09:19:00.000Z,21.37550111,-157.74438876,UAV 1,2,1:3001:2659,ENZPU001,1:1:222:28:13:7:3,0,false,false,false,false,0
ENZPU002,none,,2026-08-09T09:19:00.000Z,21.37545350,-157.74447070,UAV 1,2,1:3001:2807,ENZPU002,1:1:222:28:13:7:3,0,false,false,false,false,0
ENMORT001,none,,2026-08-09T09:19:00.000Z,21.37443553,-157.73716992,UAV 1,2,1:3001:2789,ENMORT001,1:1:71:10:1:0:1,0,false,false,false,false,0
ENMORT002,none,,2026-08-09T09:19:00.000Z,21.37453609,-157.73721308,UAV 1,2,1:3001:2834,ENMORT002,1:1:71:10:1:0:1,0,false,false,false,false,0
ENMORT005,none,,2026-08-09T09:19:00.000Z,21.37457651,-157.73710572,UAV 1,2,1:3001:2607,ENMORT005,1:1:71:10:1:0:1,0,false,false,false,false,0
ENMORT004,none,,2026-08-09T09:19:00.000Z,21.37447596,-157.73706256,UAV 1,2,1:3001:2630,ENMORT004,1:1:71:10:1:0:1,0,false,false,false,false,0
ENMORT003,none,,2026-08-09T09:19:00.000Z,21.37463664,-157.73725624,UAV 1,2,1:3001:2865,ENMORT003,1:1:71:10:1:0:1,0,false,false,false,false,0
ENM35002,move to,LOC_적북측접근로,2026-08-09T09:19:00.000Z,21.37135309,-157.74164749,UAV 1,2,1:3001:2740,ENM35002,1:1:225:7:1:6:0,0,false,false,false,false,0
ENM35001,move to,LOC_적북측접근로,2026-08-09T09:19:00.000Z,21.37136343,-157.74159962,UAV 1,2,1:3001:2754,ENM35001,1:1:225:7:1:6:0,0,false,false,false,false,0
ENZPU001,none,,2026-08-09T09:19:01.000Z,21.37550111,-157.74438876,UAV 1,2,1:3001:2659,ENZPU001,1:1:222:28:13:7:3,0,false,false,false,false,0
ENZPU002,none,,2026-08-09T09:19:01.000Z,21.37545350,-157.74447070,UAV 1,2,1:3001:2807,ENZPU002,1:1:222:28:13:7:3,0,false,false,false,false,0
ENMORT001,none,,2026-08-09T09:19:01.000Z,21.37443553,-157.73716992,UAV 1,2,1:3001:2789,ENMORT001,1:1:71:10:1:0:1,0,false,false,false,false,0
ENMORT002,none,,2026-08-09T09:19:01.000Z,21.37453609,-157.73721308,UAV 1,2,1:3001:2834,ENMORT002,1:1:71:10:1:0:1,0,false,false,false,false,0
ENMORT005,none,,2026-08-09T09:19:01.000Z,21.37457651,-157.73710572,UAV 1,2,1:3001:2607,ENMORT005,1:1:71:10:1:0:1,0,false,false,false,false,0
ENMORT004,none,,2026-08-09T09:19:01.000Z,21.37447596,-157.73706256,UAV 1,2,1:3001:2630,ENMORT004,1:1:71:10:1:0:1,0,false,false,false,false,0
ENMORT003,none,,2026-08-09T09:19:01.000Z,21.37463664,-157.73725624,UAV 1,2,1:3001:2865,ENMORT003,1:1:71:10:1:0:1,0,false,false,false,false,0
ENM35002,move to,LOC_적북측접근로,2026-08-09T09:19:01.000Z,21.37135309,-157.74164749,UAV 1,2,1:3001:2740,ENM35002,1:1:225:7:1:6:0,0,false,false,false,false,0
ENM35001,move to,LOC_적북측접근로,2026-08-09T09:19:01.000Z,21.37136343,-157.74159962,UAV 1,2,1:3001:2754,ENM35001,1:1:225:7:1:6:0,0,false,false,false,false,0
ENZPU001,none,,2026-08-09T09:19:01.000Z,21.37550111,-157.74438876,UAV 1,2,1:3001:2659,ENZPU001,1:1:222:28:13:7:3,0,false,false,false,false,0
ENZPU002,none,,2026-08-09T09:19:01.000Z,21.37545350,-157.74447070,UAV 1,2,1:3001:2807,ENZPU002,1:1:222:28:13:7:3,0,false,false,false,false,0
ENMORT001,none,,2026-08-09T09:19:01.000Z,21.37443553,-157.73716992,UAV 1,2,1:3001:2789,ENMORT001,1:1:71:10:1:0:1,0,false,false,false,false,0
ENMORT002,none,,2026-08-09T09:19:01.000Z,21.37453609,-157.73721308,UAV 1,2,1:3001:2834,ENMORT002,1:1:71:10:1:0:1,0,false,false,false,false,0
ENMORT005,none,,2026-08-09T09:19:01.000Z,21.37457651,-157.73710572,UAV 1,2,1:3001:2607,ENMORT005,1:1:71:10:1:0:1,0,false,false,false,false,0
ENMORT004,none,,2026-08-09T09:19:01.000Z,21.37447596,-157.73706256,UAV 1,2,1:3001:2630,ENMORT004,1:1:71:10:1:0:1,0,false,false,false,false,0
ENMORT003,none,,2026-08-09T09:19:01.000Z,21.37463664,-157.73725624,UAV 1,2,1:3001:2865,ENMORT003,1:1:71:10:1:0:1,0,false,false,false,false,0
ENM35002,move to,LOC_적북측접근로,2026-08-09T09:19:01.000Z,21.37135309,-157.74164749,UAV 1,2,1:3001:2740,ENM35002,1:1:225:7:1:6:0,0,false,false,false,false,0
ENM35001,move to,LOC_적북측접근로,2026-08-09T09:19:01.000Z,21.37136343,-157.74159962,UAV 1,2,1:3001:2754,ENM35001,1:1:225:7:1:6:0,0,false,false,false,false,0
ENZPU001,none,,2026-08-09T09:19:02.000Z,21.37550111,-157.74438876,UAV 1,2,1:3001:2659,ENZPU001,1:1:222:28:13:7:3,0,false,false,false,false,0
ENZPU002,none,,2026-08-09T09:19:02.000Z,21.37545350,-157.74447070,UAV 1,2,1:3001:2807,ENZPU002,1:1:222:28:13:7:3,0,false,false,false,false,0
ENMORT001,none,,2026-08-09T09:19:02.000Z,21.37443553,-157.73716992,UAV 1,2,1:3001:2789,ENMORT001,1:1:71:10:1:0:1,0,false,false,false,false,0
ENMORT002,none,,2026-08-09T09:19:02.000Z,21.37453609,-157.73721308,UAV 1,2,1:3001:2834,ENMORT002,1:1:71:10:1:0:1,0,false,false,false,false,0
ENMORT005,none,,2026-08-09T09:19:02.000Z,21.37457651,-157.73710572,UAV 1,2,1:3001:2607,ENMORT005,1:1:71:10:1:0:1,0,false,false,false,false,0
ENMORT004,none,,2026-08-09T09:19:02.000Z,21.37447596,-157.73706256,UAV 1,2,1:3001:2630,ENMORT004,1:1:71:10:1:0:1,0,false,false,false,false,0
ENMORT003,none,,2026-08-09T09:19:02.000Z,21.37463664,-157.73725624,UAV 1,2,1:3001:2865,ENMORT003,1:1:71:10:1:0:1,0,false,false,false,false,0
ENM35002,move to,LOC_적북측접근로,2026-08-09T09:19:02.000Z,21.37135309,-157.74164749,UAV 1,2,1:3001:2740,ENM35002,1:1:225:7:1:6:0,0,false,false,false,false,0
ENM35001,move to,LOC_적북측접근로,2026-08-09T09:19:02.000Z,21.37136343,-157.74159962,UAV 1,2,1:3001:2754,ENM35001,1:1:225:7:1:6:0,0,false,false,false,false,0
ENZPU001,none,,2026-08-09T09:19:02.000Z,21.37550111,-157.74438876,UAV 1,2,1:3001:2659,ENZPU001,1:1:222:28:13:7:3,0,false,false,false,false,0
ENZPU002,none,,2026-08-09T09:19:02.000Z,21.37545350,-157.74447070,UAV 1,2,1:3001:2807,ENZPU002,1:1:222:28:13:7:3,0,false,false,false,false,0
ENMORT001,none,,2026-08-09T09:19:02.000Z,21.37443553,-157.73716992,UAV 1,2,1:3001:2789,ENMORT001,1:1:71:10:1:0:1,0,false,false,false,false,0
ENMORT002,none,,2026-08-09T09:19:02.000Z,21.37453609,-157.73721308,UAV 1,2,1:3001:2834,ENMORT002,1:1:71:10:1:0:1,0,false,false,false,false,0
ENMORT005,none,,2026-08-09T09:19:02.000Z,21.37457651,-157.73710572,UAV 1,2,1:3001:2607,ENMORT005,1:1:71:10:1:0:1,0,false,false,false,false,0
ENMORT004,none,,2026-08-09T09:19:02.000Z,21.37447596,-157.73706256,UAV 1,2,1:3001:2630,ENMORT004,1:1:71:10:1:0:1,0,false,false,false,false,0
ENMORT003,none,,2026-08-09T09:19:02.000Z,21.37463664,-157.73725624,UAV 1,2,1:3001:2865,ENMORT003,1:1:71:10:1:0:1,0,false,false,false,false,0
ENM35002,move to,LOC_적북측접근로,2026-08-09T09:19:02.000Z,21.37135922,-157.74162273,UAV 1,2,1:3001:2740,ENM35002,1:1:225:7:1:6:0,0,false,false,false,false,0
ENZPU001,none,,2026-08-09T09:19:03.000Z,21.37550111,-157.74438876,UAV 1,2,1:3001:2659,ENZPU001,1:1:222:28:13:7:3,0,false,false,false,false,0
ENZPU002,none,,2026-08-09T09:19:03.000Z,21.37545350,-157.74447070,UAV 1,2,1:3001:2807,ENZPU002,1:1:222:28:13:7:3,0,false,false,false,false,0
ENMORT001,none,,2026-08-09T09:19:03.000Z,21.37443553,-157.73716992,UAV 1,2,1:3001:2789,ENMORT001,1:1:71:10:1:0:1,0,false,false,false,false,0
ENMORT002,none,,2026-08-09T09:19:03.000Z,21.37453609,-157.73721308,UAV 1,2,1:3001:2834,ENMORT002,1:1:71:10:1:0:1,0,false,false,false,false,0
ENMORT005,none,,2026-08-09T09:19:03.000Z,21.37457651,-157.73710572,UAV 1,2,1:3001:2607,ENMORT005,1:1:71:10:1:0:1,0,false,false,false,false,0
ENMORT004,none,,2026-08-09T09:19:03.000Z,21.37447596,-157.73706256,UAV 1,2,1:3001:2630,ENMORT004,1:1:71:10:1:0:1,0,false,false,false,false,0
ENMORT003,none,,2026-08-09T09:19:03.000Z,21.37463664,-157.73725624,UAV 1,2,1:3001:2865,ENMORT003,1:1:71:10:1:0:1,0,false,false,false,false,0
ENM35002,move to,LOC_적북측접근로,2026-08-09T09:19:03.000Z,21.37135922,-157.74162273,UAV 1,2,1:3001:2740,ENM35002,1:1:225:7:1:6:0,0,false,false,false,false,0
ENZPU001,none,,2026-08-09T09:19:03.000Z,21.37550111,-157.74438876,UAV 1,2,1:3001:2659,ENZPU001,1:1:222:28:13:7:3,0,false,false,false,false,0
ENZPU002,none,,2026-08-09T09:19:03.000Z,21.37545350,-157.74447070,UAV 1,2,1:3001:2807,ENZPU002,1:1:222:28:13:7:3,0,false,false,false,false,0
ENMORT001,none,,2026-08-09T09:19:03.000Z,21.37443553,-157.73716992,UAV 1,2,1:3001:2789,ENMORT001,1:1:71:10:1:0:1,0,false,false,false,false,0
ENMORT002,none,,2026-08-09T09:19:03.000Z,21.37453609,-157.73721308,UAV 1,2,1:3001:2834,ENMORT002,1:1:71:10:1:0:1,0,false,false,false,false,0
ENMORT005,none,,2026-08-09T09:19:03.000Z,21.37457651,-157.73710572,UAV 1,2,1:3001:2607,ENMORT005,1:1:71:10:1:0:1,0,false,false,false,false,0
ENMORT004,none,,2026-08-09T09:19:03.000Z,21.37447596,-157.73706256,UAV 1,2,1:3001:2630,ENMORT004,1:1:71:10:1:0:1,0,false,false,false,false,0
ENMORT003,none,,2026-08-09T09:19:03.000Z,21.37463664,-157.73725624,UAV 1,2,1:3001:2865,ENMORT003,1:1:71:10:1:0:1,0,false,false,false,false,0
ENM35002,move to,LOC_적북측접근로,2026-08-09T09:19:03.000Z,21.37135922,-157.74162273,UAV 1,2,1:3001:2740,ENM35002,1:1:225:7:1:6:0,0,false,false,false,false,0
ENZPU001,none,,2026-08-09T09:19:04.000Z,21.37550111,-157.74438876,UAV 1,2,1:3001:2659,ENZPU001,1:1:222:28:13:7:3,0,false,false,false,false,0
ENZPU002,none,,2026-08-09T09:19:04.000Z,21.37545350,-157.74447070,UAV 1,2,1:3001:2807,ENZPU002,1:1:222:28:13:7:3,0,false,false,false,false,0
ENMORT001,none,,2026-08-09T09:19:04.000Z,21.37443553,-157.73716992,UAV 1,2,1:3001:2789,ENMORT001,1:1:71:10:1:0:1,0,false,false,false,false,0
ENMORT002,none,,2026-08-09T09:19:04.000Z,21.37453609,-157.73721308,UAV 1,2,1:3001:2834,ENMORT002,1:1:71:10:1:0:1,0,false,false,false,false,0
ENMORT005,none,,2026-08-09T09:19:04.000Z,21.37457651,-157.73710572,UAV 1,2,1:3001:2607,ENMORT005,1:1:71:10:1:0:1,0,false,false,false,false,0
ENMORT004,none,,2026-08-09T09:19:04.000Z,21.37447596,-157.73706256,UAV 1,2,1:3001:2630,ENMORT004,1:1:71:10:1:0:1,0,false,false,false,false,0
ENMORT003,none,,2026-08-09T09:19:04.000Z,21.37463664,-157.73725624,UAV 1,2,1:3001:2865,ENMORT003,1:1:71:10:1:0:1,0,false,false,false,false,0
ENM35002,move to,LOC_적북측접근로,2026-08-09T09:19:04.000Z,21.37135922,-157.74162273,UAV 1,2,1:3001:2740,ENM35002,1:1:225:7:1:6:0,0,false,false,false,false,0
ENZPU001,none,,2026-08-09T09:19:04.000Z,21.37550111,-157.74438876,UAV 1,2,1:3001:2659,ENZPU001,1:1:222:28:13:7:3,0,false,false,false,false,0
ENZPU002,none,,2026-08-09T09:19:04.000Z,21.37545350,-157.74447070,UAV 1,2,1:3001:2807,ENZPU002,1:1:222:28:13:7:3,0,false,false,false,false,0
ENMORT001,none,,2026-08-09T09:19:04.000Z,21.37443553,-157.73716992,UAV 1,2,1:3001:2789,ENMORT001,1:1:71:10:1:0:1,0,false,false,false,false,0
ENMORT002,none,,2026-08-09T09:19:04.000Z,21.37453609,-157.73721308,UAV 1,2,1:3001:2834,ENMORT002,1:1:71:10:1:0:1,0,false,false,false,false,0
ENMORT005,none,,2026-08-09T09:19:04.000Z,21.37457651,-157.73710572,UAV 1,2,1:3001:2607,ENMORT005,1:1:71:10:1:0:1,0,false,false,false,false,0
ENMORT004,none,,2026-08-09T09:19:04.000Z,21.37447596,-157.73706256,UAV 1,2,1:3001:2630,ENMORT004,1:1:71:10:1:0:1,0,false,false,false,false,0
ENMORT003,none,,2026-08-09T09:19:04.000Z,21.37463664,-157.73725624,UAV 1,2,1:3001:2865,ENMORT003,1:1:71:10:1:0:1,0,false,false,false,false,0
ENZPU001,none,,2026-08-09T09:19:05.000Z,21.37550111,-157.74438876,UAV 1,2,1:3001:2659,ENZPU001,1:1:222:28:13:7:3,0,false,false,false,false,0
ENZPU002,none,,2026-08-09T09:19:05.000Z,21.37545350,-157.74447070,UAV 1,2,1:3001:2807,ENZPU002,1:1:222:28:13:7:3,0,false,false,false,false,0
ENMORT001,none,,2026-08-09T09:19:05.000Z,21.37443553,-157.73716992,UAV 1,2,1:3001:2789,ENMORT001,1:1:71:10:1:0:1,0,false,false,false,false,0
ENMORT002,none,,2026-08-09T09:19:05.000Z,21.37453609,-157.73721308,UAV 1,2,1:3001:2834,ENMORT002,1:1:71:10:1:0:1,0,false,false,false,false,0
ENMORT005,none,,2026-08-09T09:19:05.000Z,21.37457651,-157.73710572,UAV 1,2,1:3001:2607,ENMORT005,1:1:71:10:1:0:1,0,false,false,false,false,0
ENMORT004,none,,2026-08-09T09:19:05.000Z,21.37447596,-157.73706256,UAV 1,2,1:3001:2630,ENMORT004,1:1:71:10:1:0:1,0,false,false,false,false,0
ENMORT003,none,,2026-08-09T09:19:05.000Z,21.37463664,-157.73725624,UAV 1,2,1:3001:2865,ENMORT003,1:1:71:10:1:0:1,0,false,false,false,false,0
ENZPU001,none,,2026-08-09T09:19:05.000Z,21.37550111,-157.74438876,UAV 1,2,1:3001:2659,ENZPU001,1:1:222:28:13:7:3,0,false,false,false,false,0
ENZPU002,none,,2026-08-09T09:19:05.000Z,21.37545350,-157.74447070,UAV 1,2,1:3001:2807,ENZPU002,1:1:222:28:13:7:3,0,false,false,false,false,0
ENMORT001,none,,2026-08-09T09:19:05.000Z,21.37443553,-157.73716992,UAV 1,2,1:3001:2789,ENMORT001,1:1:71:10:1:0:1,0,false,false,false,false,0
ENMORT002,none,,2026-08-09T09:19:05.000Z,21.37453609,-157.73721308,UAV 1,2,1:3001:2834,ENMORT002,1:1:71:10:1:0:1,0,false,false,false,false,0
ENMORT005,none,,2026-08-09T09:19:05.000Z,21.37457651,-157.73710572,UAV 1,2,1:3001:2607,ENMORT005,1:1:71:10:1:0:1,0,false,false,false,false,0
ENMORT004,none,,2026-08-09T09:19:05.000Z,21.37447596,-157.73706256,UAV 1,2,1:3001:2630,ENMORT004,1:1:71:10:1:0:1,0,false,false,false,false,0
ENMORT003,none,,2026-08-09T09:19:05.000Z,21.37463664,-157.73725624,UAV 1,2,1:3001:2865,ENMORT003,1:1:71:10:1:0:1,0,false,false,false,false,0
ENZPU001,none,,2026-08-09T09:19:06.000Z,21.37550111,-157.74438876,UAV 1,2,1:3001:2659,ENZPU001,1:1:222:28:13:7:3,0,false,false,false,false,0
ENZPU002,none,,2026-08-09T09:19:06.000Z,21.37545350,-157.74447070,UAV 1,2,1:3001:2807,ENZPU002,1:1:222:28:13:7:3,0,false,false,false,false,0
ENMORT001,none,,2026-08-09T09:19:06.000Z,21.37443553,-157.73716992,UAV 1,2,1:3001:2789,ENMORT001,1:1:71:10:1:0:1,0,false,false,false,false,0
ENMORT002,none,,2026-08-09T09:19:06.000Z,21.37453609,-157.73721308,UAV 1,2,1:3001:2834,ENMORT002,1:1:71:10:1:0:1,0,false,false,false,false,0
ENMORT005,none,,2026-08-09T09:19:06.000Z,21.37457651,-157.73710572,UAV 1,2,1:3001:2607,ENMORT005,1:1:71:10:1:0:1,0,false,false,false,false,0
ENMORT004,none,,2026-08-09T09:19:06.000Z,21.37447596,-157.73706256,UAV 1,2,1:3001:2630,ENMORT004,1:1:71:10:1:0:1,0,false,false,false,false,0
ENMORT003,none,,2026-08-09T09:19:06.000Z,21.37463664,-157.73725624,UAV 1,2,1:3001:2865,ENMORT003,1:1:71:10:1:0:1,0,false,false,false,false,0
ENZPU001,none,,2026-08-09T09:19:06.000Z,21.37550111,-157.74438876,UAV 1,2,1:3001:2659,ENZPU001,1:1:222:28:13:7:3,0,false,false,false,false,0
ENZPU002,none,,2026-08-09T09:19:06.000Z,21.37545350,-157.74447070,UAV 1,2,1:3001:2807,ENZPU002,1:1:222:28:13:7:3,0,false,false,false,false,0
ENMORT001,none,,2026-08-09T09:19:06.000Z,21.37443553,-157.73716992,UAV 1,2,1:3001:2789,ENMORT001,1:1:71:10:1:0:1,0,false,false,false,false,0
ENMORT002,none,,2026-08-09T09:19:06.000Z,21.37453609,-157.73721308,UAV 1,2,1:3001:2834,ENMORT002,1:1:71:10:1:0:1,0,false,false,false,false,0
ENMORT005,none,,2026-08-09T09:19:06.000Z,21.37457651,-157.73710572,UAV 1,2,1:3001:2607,ENMORT005,1:1:71:10:1:0:1,0,false,false,false,false,0
ENMORT004,none,,2026-08-09T09:19:06.000Z,21.37447596,-157.73706256,UAV 1,2,1:3001:2630,ENMORT004,1:1:71:10:1:0:1,0,false,false,false,false,0
ENMORT003,none,,2026-08-09T09:19:06.000Z,21.37463664,-157.73725624,UAV 1,2,1:3001:2865,ENMORT003,1:1:71:10:1:0:1,0,false,false,false,false,0
ENM35003,move to,LOC_적북측접근로,2026-08-09T09:19:06.000Z,21.37135391,-157.74163982,UAV 1,2,1:3001:2894,ENM35003,1:1:225:7:1:6:0,0,false,false,false,false,0
ENZPU001,none,,2026-08-09T09:19:07.000Z,21.37550111,-157.74438876,UAV 1,2,1:3001:2659,ENZPU001,1:1:222:28:13:7:3,0,false,false,false,false,0
ENZPU002,none,,2026-08-09T09:19:07.000Z,21.37545350,-157.74447070,UAV 1,2,1:3001:2807,ENZPU002,1:1:222:28:13:7:3,0,false,false,false,false,0
ENMORT001,none,,2026-08-09T09:19:07.000Z,21.37443553,-157.73716992,UAV 1,2,1:3001:2789,ENMORT001,1:1:71:10:1:0:1,0,false,false,false,false,0
ENMORT002,none,,2026-08-09T09:19:07.000Z,21.37453609,-157.73721308,UAV 1,2,1:3001:2834,ENMORT002,1:1:71:10:1:0:1,0,false,false,false,false,0
ENMORT005,none,,2026-08-09T09:19:07.000Z,21.37457651,-157.73710572,UAV 1,2,1:3001:2607,ENMORT005,1:1:71:10:1:0:1,0,false,false,false,false,0
ENMORT004,none,,2026-08-09T09:19:07.000Z,21.37447596,-157.73706256,UAV 1,2,1:3001:2630,ENMORT004,1:1:71:10:1:0:1,0,false,false,false,false,0
ENMORT003,none,,2026-08-09T09:19:07.000Z,21.37463664,-157.73725624,UAV 1,2,1:3001:2865,ENMORT003,1:1:71:10:1:0:1,0,false,false,false,false,0
ENM35003,move to,LOC_적북측접근로,2026-08-09T09:19:07.000Z,21.37135391,-157.74163982,UAV 1,2,1:3001:2894,ENM35003,1:1:225:7:1:6:0,0,false,false,false,false,0
ENZPU001,none,,2026-08-09T09:19:07.000Z,21.37550111,-157.74438876,UAV 1,2,1:3001:2659,ENZPU001,1:1:222:28:13:7:3,0,false,false,false,false,0
ENZPU002,none,,2026-08-09T09:19:07.000Z,21.37545350,-157.74447070,UAV 1,2,1:3001:2807,ENZPU002,1:1:222:28:13:7:3,0,false,false,false,false,0
ENMORT001,none,,2026-08-09T09:19:07.000Z,21.37443553,-157.73716992,UAV 1,2,1:3001:2789,ENMORT001,1:1:71:10:1:0:1,0,false,false,false,false,0
ENMORT002,none,,2026-08-09T09:19:07.000Z,21.37453609,-157.73721308,UAV 1,2,1:3001:2834,ENMORT002,1:1:71:10:1:0:1,0,false,false,false,false,0
ENMORT005,none,,2026-08-09T09:19:07.000Z,21.37457651,-157.73710572,UAV 1,2,1:3001:2607,ENMORT005,1:1:71:10:1:0:1,0,false,false,false,false,0
ENMORT004,none,,2026-08-09T09:19:07.000Z,21.37447596,-157.73706256,UAV 1,2,1:3001:2630,ENMORT004,1:1:71:10:1:0:1,0,false,false,false,false,0
ENMORT003,none,,2026-08-09T09:19:07.000Z,21.37463664,-157.73725624,UAV 1,2,1:3001:2865,ENMORT003,1:1:71:10:1:0:1,0,false,false,false,false,0
ENM35003,move to,LOC_적북측접근로,2026-08-09T09:19:07.000Z,21.37135391,-157.74163982,UAV 1,2,1:3001:2894,ENM35003,1:1:225:7:1:6:0,0,false,false,false,false,0
ENZPU001,none,,2026-08-09T09:19:08.000Z,21.37550111,-157.74438876,UAV 1,2,1:3001:2659,ENZPU001,1:1:222:28:13:7:3,0,false,false,false,false,0
ENZPU002,none,,2026-08-09T09:19:08.000Z,21.37545350,-157.74447070,UAV 1,2,1:3001:2807,ENZPU002,1:1:222:28:13:7:3,0,false,false,false,false,0
ENMORT001,none,,2026-08-09T09:19:08.000Z,21.37443553,-157.73716992,UAV 1,2,1:3001:2789,ENMORT001,1:1:71:10:1:0:1,0,false,false,false,false,0
ENMORT002,none,,2026-08-09T09:19:08.000Z,21.37453609,-157.73721308,UAV 1,2,1:3001:2834,ENMORT002,1:1:71:10:1:0:1,0,false,false,false,false,0
ENMORT005,none,,2026-08-09T09:19:08.000Z,21.37457651,-157.73710572,UAV 1,2,1:3001:2607,ENMORT005,1:1:71:10:1:0:1,0,false,false,false,false,0
ENMORT004,none,,2026-08-09T09:19:08.000Z,21.37447596,-157.73706256,UAV 1,2,1:3001:2630,ENMORT004,1:1:71:10:1:0:1,0,false,false,false,false,0
ENMORT003,none,,2026-08-09T09:19:08.000Z,21.37463664,-157.73725624,UAV 1,2,1:3001:2865,ENMORT003,1:1:71:10:1:0:1,0,false,false,false,false,0
ENM35003,move to,LOC_적북측접근로,2026-08-09T09:19:08.000Z,21.37135391,-157.74163982,UAV 1,2,1:3001:2894,ENM35003,1:1:225:7:1:6:0,0,false,false,false,false,0
ENZPU001,none,,2026-08-09T09:19:08.000Z,21.37550111,-157.74438876,UAV 1,2,1:3001:2659,ENZPU001,1:1:222:28:13:7:3,0,false,false,false,false,0
ENZPU002,none,,2026-08-09T09:19:08.000Z,21.37545350,-157.74447070,UAV 1,2,1:3001:2807,ENZPU002,1:1:222:28:13:7:3,0,false,false,false,false,0
ENMORT001,none,,2026-08-09T09:19:08.000Z,21.37443553,-157.73716992,UAV 1,2,1:3001:2789,ENMORT001,1:1:71:10:1:0:1,0,false,false,false,false,0
ENMORT002,none,,2026-08-09T09:19:08.000Z,21.37453609,-157.73721308,UAV 1,2,1:3001:2834,ENMORT002,1:1:71:10:1:0:1,0,false,false,false,false,0
ENMORT005,none,,2026-08-09T09:19:08.000Z,21.37457651,-157.73710572,UAV 1,2,1:3001:2607,ENMORT005,1:1:71:10:1:0:1,0,false,false,false,false,0
ENMORT004,none,,2026-08-09T09:19:08.000Z,21.37447596,-157.73706256,UAV 1,2,1:3001:2630,ENMORT004,1:1:71:10:1:0:1,0,false,false,false,false,0
ENMORT003,none,,2026-08-09T09:19:08.000Z,21.37463664,-157.73725624,UAV 1,2,1:3001:2865,ENMORT003,1:1:71:10:1:0:1,0,false,false,false,false,0
ENM35003,move to,LOC_적북측접근로,2026-08-09T09:19:08.000Z,21.37135093,-157.74165242,UAV 1,2,1:3001:2894,ENM35003,1:1:225:7:1:6:0,0,false,false,false,false,0
ENM35004,move to,LOC_적북측접근로,2026-08-09T09:19:08.000Z,21.37136716,-157.74159056,UAV 1,2,1:3001:2650,ENM35004,1:1:225:7:1:6:0,0,false,false,false,false,0
ENZPU001,none,,2026-08-09T09:19:09.000Z,21.37550111,-157.74438876,UAV 1,2,1:3001:2659,ENZPU001,1:1:222:28:13:7:3,0,false,false,false,false,0
ENZPU002,none,,2026-08-09T09:19:09.000Z,21.37545350,-157.74447070,UAV 1,2,1:3001:2807,ENZPU002,1:1:222:28:13:7:3,0,false,false,false,false,0
ENMORT001,none,,2026-08-09T09:19:09.000Z,21.37443553,-157.73716992,UAV 1,2,1:3001:2789,ENMORT001,1:1:71:10:1:0:1,0,false,false,false,false,0
ENMORT002,none,,2026-08-09T09:19:09.000Z,21.37453609,-157.73721308,UAV 1,2,1:3001:2834,ENMORT002,1:1:71:10:1:0:1,0,false,false,false,false,0
ENMORT005,none,,2026-08-09T09:19:09.000Z,21.37457651,-157.73710572,UAV 1,2,1:3001:2607,ENMORT005,1:1:71:10:1:0:1,0,false,false,false,false,0
ENMORT004,none,,2026-08-09T09:19:09.000Z,21.37447596,-157.73706256,UAV 1,2,1:3001:2630,ENMORT004,1:1:71:10:1:0:1,0,false,false,false,false,0
ENMORT003,none,,2026-08-09T09:19:09.000Z,21.37463664,-157.73725624,UAV 1,2,1:3001:2865,ENMORT003,1:1:71:10:1:0:1,0,false,false,false,false,0
ENM35003,move to,LOC_적북측접근로,2026-08-09T09:19:09.000Z,21.37135093,-157.74165242,UAV 1,2,1:3001:2894,ENM35003,1:1:225:7:1:6:0,0,false,false,false,false,0
ENM35004,move to,LOC_적북측접근로,2026-08-09T09:19:09.000Z,21.37136716,-157.74159056,UAV 1,2,1:3001:2650,ENM35004,1:1:225:7:1:6:0,0,false,false,false,false,0
ENZPU001,none,,2026-08-09T09:19:09.000Z,21.37550111,-157.74438876,UAV 1,2,1:3001:2659,ENZPU001,1:1:222:28:13:7:3,0,false,false,false,false,0
ENZPU002,none,,2026-08-09T09:19:09.000Z,21.37545350,-157.74447070,UAV 1,2,1:3001:2807,ENZPU002,1:1:222:28:13:7:3,0,false,false,false,false,0
ENMORT001,none,,2026-08-09T09:19:09.000Z,21.37443553,-157.73716992,UAV 1,2,1:3001:2789,ENMORT001,1:1:71:10:1:0:1,0,false,false,false,false,0
ENMORT002,none,,2026-08-09T09:19:09.000Z,21.37453609,-157.73721308,UAV 1,2,1:3001:2834,ENMORT002,1:1:71:10:1:0:1,0,false,false,false,false,0
ENMORT005,none,,2026-08-09T09:19:09.000Z,21.37457651,-157.73710572,UAV 1,2,1:3001:2607,ENMORT005,1:1:71:10:1:0:1,0,false,false,false,false,0
ENMORT004,none,,2026-08-09T09:19:09.000Z,21.37447596,-157.73706256,UAV 1,2,1:3001:2630,ENMORT004,1:1:71:10:1:0:1,0,false,false,false,false,0
ENMORT003,none,,2026-08-09T09:19:09.000Z,21.37463664,-157.73725624,UAV 1,2,1:3001:2865,ENMORT003,1:1:71:10:1:0:1,0,false,false,false,false,0
ENM35003,move to,LOC_적북측접근로,2026-08-09T09:19:09.000Z,21.37135093,-157.74165242,UAV 1,2,1:3001:2894,ENM35003,1:1:225:7:1:6:0,0,false,false,false,false,0
ENM35004,move to,LOC_적북측접근로,2026-08-09T09:19:09.000Z,21.37136716,-157.74159056,UAV 1,2,1:3001:2650,ENM35004,1:1:225:7:1:6:0,0,false,false,false,false,0
ENZPU001,none,,2026-08-09T09:19:10.000Z,21.37550111,-157.74438876,UAV 1,2,1:3001:2659,ENZPU001,1:1:222:28:13:7:3,0,false,false,false,false,0
ENZPU002,none,,2026-08-09T09:19:10.000Z,21.37545350,-157.74447070,UAV 1,2,1:3001:2807,ENZPU002,1:1:222:28:13:7:3,0,false,false,false,false,0
ENMORT001,none,,2026-08-09T09:19:10.000Z,21.37443553,-157.73716992,UAV 1,2,1:3001:2789,ENMORT001,1:1:71:10:1:0:1,0,false,false,false,false,0
ENMORT002,none,,2026-08-09T09:19:10.000Z,21.37453609,-157.73721308,UAV 1,2,1:3001:2834,ENMORT002,1:1:71:10:1:0:1,0,false,false,false,false,0
ENMORT005,none,,2026-08-09T09:19:10.000Z,21.37457651,-157.73710572,UAV 1,2,1:3001:2607,ENMORT005,1:1:71:10:1:0:1,0,false,false,false,false,0
ENMORT004,none,,2026-08-09T09:19:10.000Z,21.37447596,-157.73706256,UAV 1,2,1:3001:2630,ENMORT004,1:1:71:10:1:0:1,0,false,false,false,false,0
ENMORT003,none,,2026-08-09T09:19:10.000Z,21.37463664,-157.73725624,UAV 1,2,1:3001:2865,ENMORT003,1:1:71:10:1:0:1,0,false,false,false,false,0
ENM35003,move to,LOC_적북측접근로,2026-08-09T09:19:10.000Z,21.37135093,-157.74165242,UAV 1,2,1:3001:2894,ENM35003,1:1:225:7:1:6:0,0,false,false,false,false,0
ENM35004,move to,LOC_적북측접근로,2026-08-09T09:19:10.000Z,21.37136716,-157.74159056,UAV 1,2,1:3001:2650,ENM35004,1:1:225:7:1:6:0,0,false,false,false,false,0
ENZPU001,none,,2026-08-09T09:19:11.000Z,21.37550111,-157.74438876,UAV 1,2,1:3001:2659,ENZPU001,1:1:222:28:13:7:3,0,false,false,false,false,0
ENZPU002,none,,2026-08-09T09:19:11.000Z,21.37545350,-157.74447070,UAV 1,2,1:3001:2807,ENZPU002,1:1:222:28:13:7:3,0,false,false,false,false,0
ENMORT001,none,,2026-08-09T09:19:11.000Z,21.37443553,-157.73716992,UAV 1,2,1:3001:2789,ENMORT001,1:1:71:10:1:0:1,0,false,false,false,false,0
ENMORT002,none,,2026-08-09T09:19:11.000Z,21.37453609,-157.73721308,UAV 1,2,1:3001:2834,ENMORT002,1:1:71:10:1:0:1,0,false,false,false,false,0
ENMORT005,none,,2026-08-09T09:19:11.000Z,21.37457651,-157.73710572,UAV 1,2,1:3001:2607,ENMORT005,1:1:71:10:1:0:1,0,false,false,false,false,0
ENMORT004,none,,2026-08-09T09:19:11.000Z,21.37447596,-157.73706256,UAV 1,2,1:3001:2630,ENMORT004,1:1:71:10:1:0:1,0,false,false,false,false,0
ENMORT003,none,,2026-08-09T09:19:11.000Z,21.37463664,-157.73725624,UAV 1,2,1:3001:2865,ENMORT003,1:1:71:10:1:0:1,0,false,false,false,false,0
ENZPU001,none,,2026-08-09T09:19:11.000Z,21.37550111,-157.74438876,UAV 1,2,1:3001:2659,ENZPU001,1:1:222:28:13:7:3,0,false,false,false,false,0
ENZPU002,none,,2026-08-09T09:19:11.000Z,21.37545350,-157.74447070,UAV 1,2,1:3001:2807,ENZPU002,1:1:222:28:13:7:3,0,false,false,false,false,0
ENMORT001,none,,2026-08-09T09:19:11.000Z,21.37443553,-157.73716992,UAV 1,2,1:3001:2789,ENMORT001,1:1:71:10:1:0:1,0,false,false,false,false,0
ENMORT002,none,,2026-08-09T09:19:11.000Z,21.37453609,-157.73721308,UAV 1,2,1:3001:2834,ENMORT002,1:1:71:10:1:0:1,0,false,false,false,false,0
ENMORT005,none,,2026-08-09T09:19:11.000Z,21.37457651,-157.73710572,UAV 1,2,1:3001:2607,ENMORT005,1:1:71:10:1:0:1,0,false,false,false,false,0
ENMORT004,none,,2026-08-09T09:19:11.000Z,21.37447596,-157.73706256,UAV 1,2,1:3001:2630,ENMORT004,1:1:71:10:1:0:1,0,false,false,false,false,0
ENMORT003,none,,2026-08-09T09:19:11.000Z,21.37463664,-157.73725624,UAV 1,2,1:3001:2865,ENMORT003,1:1:71:10:1:0:1,0,false,false,false,false,0
ENZPU001,none,,2026-08-09T09:19:12.000Z,21.37550111,-157.74438876,UAV 1,2,1:3001:2659,ENZPU001,1:1:222:28:13:7:3,0,false,false,false,false,0
ENZPU002,none,,2026-08-09T09:19:12.000Z,21.37545350,-157.74447070,UAV 1,2,1:3001:2807,ENZPU002,1:1:222:28:13:7:3,0,false,false,false,false,0
ENMORT001,none,,2026-08-09T09:19:12.000Z,21.37443553,-157.73716992,UAV 1,2,1:3001:2789,ENMORT001,1:1:71:10:1:0:1,0,false,false,false,false,0
ENMORT002,none,,2026-08-09T09:19:12.000Z,21.37453609,-157.73721308,UAV 1,2,1:3001:2834,ENMORT002,1:1:71:10:1:0:1,0,false,false,false,false,0
ENMORT005,none,,2026-08-09T09:19:12.000Z,21.37457651,-157.73710572,UAV 1,2,1:3001:2607,ENMORT005,1:1:71:10:1:0:1,0,false,false,false,false,0
ENMORT004,none,,2026-08-09T09:19:12.000Z,21.37447596,-157.73706256,UAV 1,2,1:3001:2630,ENMORT004,1:1:71:10:1:0:1,0,false,false,false,false,0
ENMORT003,none,,2026-08-09T09:19:12.000Z,21.37463664,-157.73725624,UAV 1,2,1:3001:2865,ENMORT003,1:1:71:10:1:0:1,0,false,false,false,false,0
ENZPU001,none,,2026-08-09T09:19:12.000Z,21.37550111,-157.74438876,UAV 1,2,1:3001:2659,ENZPU001,1:1:222:28:13:7:3,0,false,false,false,false,0
ENZPU002,none,,2026-08-09T09:19:12.000Z,21.37545350,-157.74447070,UAV 1,2,1:3001:2807,ENZPU002,1:1:222:28:13:7:3,0,false,false,false,false,0
ENMORT001,none,,2026-08-09T09:19:12.000Z,21.37443553,-157.73716992,UAV 1,2,1:3001:2789,ENMORT001,1:1:71:10:1:0:1,0,false,false,false,false,0
ENMORT002,none,,2026-08-09T09:19:12.000Z,21.37453609,-157.73721308,UAV 1,2,1:3001:2834,ENMORT002,1:1:71:10:1:0:1,0,false,false,false,false,0
ENMORT005,none,,2026-08-09T09:19:12.000Z,21.37457651,-157.73710572,UAV 1,2,1:3001:2607,ENMORT005,1:1:71:10:1:0:1,0,false,false,false,false,0
ENMORT004,none,,2026-08-09T09:19:12.000Z,21.37447596,-157.73706256,UAV 1,2,1:3001:2630,ENMORT004,1:1:71:10:1:0:1,0,false,false,false,false,0
ENMORT003,none,,2026-08-09T09:19:12.000Z,21.37463664,-157.73725624,UAV 1,2,1:3001:2865,ENMORT003,1:1:71:10:1:0:1,0,false,false,false,false,0
ENZPU001,none,,2026-08-09T09:19:13.000Z,21.37550111,-157.74438876,UAV 1,2,1:3001:2659,ENZPU001,1:1:222:28:13:7:3,0,false,false,false,false,0
ENZPU002,none,,2026-08-09T09:19:13.000Z,21.37545350,-157.74447070,UAV 1,2,1:3001:2807,ENZPU002,1:1:222:28:13:7:3,0,false,false,false,false,0
ENMORT001,none,,2026-08-09T09:19:13.000Z,21.37443553,-157.73716992,UAV 1,2,1:3001:2789,ENMORT001,1:1:71:10:1:0:1,0,false,false,false,false,0
ENMORT002,none,,2026-08-09T09:19:13.000Z,21.37453609,-157.73721308,UAV 1,2,1:3001:2834,ENMORT002,1:1:71:10:1:0:1,0,false,false,false,false,0
ENMORT005,none,,2026-08-09T09:19:13.000Z,21.37457651,-157.73710572,UAV 1,2,1:3001:2607,ENMORT005,1:1:71:10:1:0:1,0,false,false,false,false,0
ENMORT004,none,,2026-08-09T09:19:13.000Z,21.37447596,-157.73706256,UAV 1,2,1:3001:2630,ENMORT004,1:1:71:10:1:0:1,0,false,false,false,false,0
ENMORT003,none,,2026-08-09T09:19:13.000Z,21.37463664,-157.73725624,UAV 1,2,1:3001:2865,ENMORT003,1:1:71:10:1:0:1,0,false,false,false,false,0
ENM35004,move to,LOC_적북측접근로,2026-08-09T09:19:13.000Z,21.37135183,-157.74165257,UAV 1,2,1:3001:2650,ENM35004,1:1:225:7:1:6:0,0,false,false,false,false,0
ENM35002,move to,LOC_적북측접근로,2026-08-09T09:19:13.000Z,21.37137917,-157.74154210,UAV 1,2,1:3001:2740,ENM35002,1:1:225:7:1:6:0,0,false,false,false,false,0
ENZPU001,none,,2026-08-09T09:19:13.000Z,21.37550111,-157.74438876,UAV 1,2,1:3001:2659,ENZPU001,1:1:222:28:13:7:3,0,false,false,false,false,0
ENZPU002,none,,2026-08-09T09:19:13.000Z,21.37545350,-157.74447070,UAV 1,2,1:3001:2807,ENZPU002,1:1:222:28:13:7:3,0,false,false,false,false,0
ENMORT001,none,,2026-08-09T09:19:13.000Z,21.37443553,-157.73716992,UAV 1,2,1:3001:2789,ENMORT001,1:1:71:10:1:0:1,0,false,false,false,false,0
ENMORT002,none,,2026-08-09T09:19:13.000Z,21.37453609,-157.73721308,UAV 1,2,1:3001:2834,ENMORT002,1:1:71:10:1:0:1,0,false,false,false,false,0
ENMORT005,none,,2026-08-09T09:19:13.000Z,21.37457651,-157.73710572,UAV 1,2,1:3001:2607,ENMORT005,1:1:71:10:1:0:1,0,false,false,false,false,0
ENMORT004,none,,2026-08-09T09:19:13.000Z,21.37447596,-157.73706256,UAV 1,2,1:3001:2630,ENMORT004,1:1:71:10:1:0:1,0,false,false,false,false,0
ENMORT003,none,,2026-08-09T09:19:13.000Z,21.37463664,-157.73725624,UAV 1,2,1:3001:2865,ENMORT003,1:1:71:10:1:0:1,0,false,false,false,false,0
ENM35004,move to,LOC_적북측접근로,2026-08-09T09:19:13.000Z,21.37135183,-157.74165257,UAV 1,2,1:3001:2650,ENM35004,1:1:225:7:1:6:0,0,false,false,false,false,0
ENM35002,move to,LOC_적북측접근로,2026-08-09T09:19:13.000Z,21.37137917,-157.74154210,UAV 1,2,1:3001:2740,ENM35002,1:1:225:7:1:6:0,0,false,false,false,false,0
ENZPU001,none,,2026-08-09T09:19:14.000Z,21.37550111,-157.74438876,UAV 1,2,1:3001:2659,ENZPU001,1:1:222:28:13:7:3,0,false,false,false,false,0
ENZPU002,none,,2026-08-09T09:19:14.000Z,21.37545350,-157.74447070,UAV 1,2,1:3001:2807,ENZPU002,1:1:222:28:13:7:3,0,false,false,false,false,0
ENMORT001,none,,2026-08-09T09:19:14.000Z,21.37443553,-157.73716992,UAV 1,2,1:3001:2789,ENMORT001,1:1:71:10:1:0:1,0,false,false,false,false,0
ENMORT002,none,,2026-08-09T09:19:14.000Z,21.37453609,-157.73721308,UAV 1,2,1:3001:2834,ENMORT002,1:1:71:10:1:0:1,0,false,false,false,false,0
ENMORT005,none,,2026-08-09T09:19:14.000Z,21.37457651,-157.73710572,UAV 1,2,1:3001:2607,ENMORT005,1:1:71:10:1:0:1,0,false,false,false,false,0
ENMORT004,none,,2026-08-09T09:19:14.000Z,21.37447596,-157.73706256,UAV 1,2,1:3001:2630,ENMORT004,1:1:71:10:1:0:1,0,false,false,false,false,0
ENMORT003,none,,2026-08-09T09:19:14.000Z,21.37463664,-157.73725624,UAV 1,2,1:3001:2865,ENMORT003,1:1:71:10:1:0:1,0,false,false,false,false,0
ENM35004,move to,LOC_적북측접근로,2026-08-09T09:19:14.000Z,21.37135183,-157.74165257,UAV 1,2,1:3001:2650,ENM35004,1:1:225:7:1:6:0,0,false,false,false,false,0
ENM35002,move to,LOC_적북측접근로,2026-08-09T09:19:14.000Z,21.37137917,-157.74154210,UAV 1,2,1:3001:2740,ENM35002,1:1:225:7:1:6:0,0,false,false,false,false,0
ENZPU001,none,,2026-08-09T09:19:14.000Z,21.37550111,-157.74438876,UAV 1,2,1:3001:2659,ENZPU001,1:1:222:28:13:7:3,0,false,false,false,false,0
ENZPU002,none,,2026-08-09T09:19:14.000Z,21.37545350,-157.74447070,UAV 1,2,1:3001:2807,ENZPU002,1:1:222:28:13:7:3,0,false,false,false,false,0
ENMORT001,none,,2026-08-09T09:19:14.000Z,21.37443553,-157.73716992,UAV 1,2,1:3001:2789,ENMORT001,1:1:71:10:1:0:1,0,false,false,false,false,0
ENMORT002,none,,2026-08-09T09:19:14.000Z,21.37453609,-157.73721308,UAV 1,2,1:3001:2834,ENMORT002,1:1:71:10:1:0:1,0,false,false,false,false,0
ENMORT005,none,,2026-08-09T09:19:14.000Z,21.37457651,-157.73710572,UAV 1,2,1:3001:2607,ENMORT005,1:1:71:10:1:0:1,0,false,false,false,false,0
ENMORT004,none,,2026-08-09T09:19:14.000Z,21.37447596,-157.73706256,UAV 1,2,1:3001:2630,ENMORT004,1:1:71:10:1:0:1,0,false,false,false,false,0
ENMORT003,none,,2026-08-09T09:19:14.000Z,21.37463664,-157.73725624,UAV 1,2,1:3001:2865,ENMORT003,1:1:71:10:1:0:1,0,false,false,false,false,0
ENZPU001,none,,2026-08-09T09:19:15.000Z,21.37550111,-157.74438876,UAV 1,2,1:3001:2659,ENZPU001,1:1:222:28:13:7:3,0,false,false,false,false,0
ENZPU002,none,,2026-08-09T09:19:15.000Z,21.37545350,-157.74447070,UAV 1,2,1:3001:2807,ENZPU002,1:1:222:28:13:7:3,0,false,false,false,false,0
ENMORT001,none,,2026-08-09T09:19:15.000Z,21.37443553,-157.73716992,UAV 1,2,1:3001:2789,ENMORT001,1:1:71:10:1:0:1,0,false,false,false,false,0
ENMORT002,none,,2026-08-09T09:19:15.000Z,21.37453609,-157.73721308,UAV 1,2,1:3001:2834,ENMORT002,1:1:71:10:1:0:1,0,false,false,false,false,0
ENMORT005,none,,2026-08-09T09:19:15.000Z,21.37457651,-157.73710572,UAV 1,2,1:3001:2607,ENMORT005,1:1:71:10:1:0:1,0,false,false,false,false,0
ENMORT004,none,,2026-08-09T09:19:15.000Z,21.37447596,-157.73706256,UAV 1,2,1:3001:2630,ENMORT004,1:1:71:10:1:0:1,0,false,false,false,false,0
ENMORT003,none,,2026-08-09T09:19:15.000Z,21.37463664,-157.73725624,UAV 1,2,1:3001:2865,ENMORT003,1:1:71:10:1:0:1,0,false,false,false,false,0
ENZPU001,none,,2026-08-09T09:19:15.000Z,21.37550111,-157.74438876,UAV 1,2,1:3001:2659,ENZPU001,1:1:222:28:13:7:3,0,false,false,false,false,0
ENZPU002,none,,2026-08-09T09:19:15.000Z,21.37545350,-157.74447070,UAV 1,2,1:3001:2807,ENZPU002,1:1:222:28:13:7:3,0,false,false,false,false,0
ENMORT001,none,,2026-08-09T09:19:15.000Z,21.37443553,-157.73716992,UAV 1,2,1:3001:2789,ENMORT001,1:1:71:10:1:0:1,0,false,false,false,false,0
ENMORT002,none,,2026-08-09T09:19:15.000Z,21.37453609,-157.73721308,UAV 1,2,1:3001:2834,ENMORT002,1:1:71:10:1:0:1,0,false,false,false,false,0
ENMORT005,none,,2026-08-09T09:19:15.000Z,21.37457651,-157.73710572,UAV 1,2,1:3001:2607,ENMORT005,1:1:71:10:1:0:1,0,false,false,false,false,0
ENMORT004,none,,2026-08-09T09:19:15.000Z,21.37447596,-157.73706256,UAV 1,2,1:3001:2630,ENMORT004,1:1:71:10:1:0:1,0,false,false,false,false,0
ENMORT003,none,,2026-08-09T09:19:15.000Z,21.37463664,-157.73725624,UAV 1,2,1:3001:2865,ENMORT003,1:1:71:10:1:0:1,0,false,false,false,false,0
ENZPU001,none,,2026-08-09T09:19:16.000Z,21.37550111,-157.74438876,UAV 1,2,1:3001:2659,ENZPU001,1:1:222:28:13:7:3,0,false,false,false,false,0
ENZPU002,none,,2026-08-09T09:19:16.000Z,21.37545350,-157.74447070,UAV 1,2,1:3001:2807,ENZPU002,1:1:222:28:13:7:3,0,false,false,false,false,0
ENMORT001,none,,2026-08-09T09:19:16.000Z,21.37443553,-157.73716992,UAV 1,2,1:3001:2789,ENMORT001,1:1:71:10:1:0:1,0,false,false,false,false,0
ENMORT002,none,,2026-08-09T09:19:16.000Z,21.37453609,-157.73721308,UAV 1,2,1:3001:2834,ENMORT002,1:1:71:10:1:0:1,0,false,false,false,false,0
ENMORT005,none,,2026-08-09T09:19:16.000Z,21.37457651,-157.73710572,UAV 1,2,1:3001:2607,ENMORT005,1:1:71:10:1:0:1,0,false,false,false,false,0
ENMORT004,none,,2026-08-09T09:19:16.000Z,21.37447596,-157.73706256,UAV 1,2,1:3001:2630,ENMORT004,1:1:71:10:1:0:1,0,false,false,false,false,0
ENMORT003,none,,2026-08-09T09:19:16.000Z,21.37463664,-157.73725624,UAV 1,2,1:3001:2865,ENMORT003,1:1:71:10:1:0:1,0,false,false,false,false,0
ENZPU001,none,,2026-08-09T09:19:16.000Z,21.37550111,-157.74438876,UAV 1,2,1:3001:2659,ENZPU001,1:1:222:28:13:7:3,0,false,false,false,false,0
ENZPU002,none,,2026-08-09T09:19:16.000Z,21.37545350,-157.74447070,UAV 1,2,1:3001:2807,ENZPU002,1:1:222:28:13:7:3,0,false,false,false,false,0
ENMORT001,none,,2026-08-09T09:19:16.000Z,21.37443553,-157.73716992,UAV 1,2,1:3001:2789,ENMORT001,1:1:71:10:1:0:1,0,false,false,false,false,0
ENMORT002,none,,2026-08-09T09:19:16.000Z,21.37453609,-157.73721308,UAV 1,2,1:3001:2834,ENMORT002,1:1:71:10:1:0:1,0,false,false,false,false,0
ENMORT005,none,,2026-08-09T09:19:16.000Z,21.37457651,-157.73710572,UAV 1,2,1:3001:2607,ENMORT005,1:1:71:10:1:0:1,0,false,false,false,false,0
ENMORT004,none,,2026-08-09T09:19:16.000Z,21.37447596,-157.73706256,UAV 1,2,1:3001:2630,ENMORT004,1:1:71:10:1:0:1,0,false,false,false,false,0
ENMORT003,none,,2026-08-09T09:19:16.000Z,21.37463664,-157.73725624,UAV 1,2,1:3001:2865,ENMORT003,1:1:71:10:1:0:1,0,false,false,false,false,0
ENZPU001,none,,2026-08-09T09:19:17.000Z,21.37550111,-157.74438876,UAV 1,2,1:3001:2659,ENZPU001,1:1:222:28:13:7:3,0,false,false,false,false,0
ENZPU002,none,,2026-08-09T09:19:17.000Z,21.37545350,-157.74447070,UAV 1,2,1:3001:2807,ENZPU002,1:1:222:28:13:7:3,0,false,false,false,false,0
ENMORT001,none,,2026-08-09T09:19:17.000Z,21.37443553,-157.73716992,UAV 1,2,1:3001:2789,ENMORT001,1:1:71:10:1:0:1,0,false,false,false,false,0
ENMORT002,none,,2026-08-09T09:19:17.000Z,21.37453609,-157.73721308,UAV 1,2,1:3001:2834,ENMORT002,1:1:71:10:1:0:1,0,false,false,false,false,0
ENMORT005,none,,2026-08-09T09:19:17.000Z,21.37457651,-157.73710572,UAV 1,2,1:3001:2607,ENMORT005,1:1:71:10:1:0:1,0,false,false,false,false,0
ENMORT004,none,,2026-08-09T09:19:17.000Z,21.37447596,-157.73706256,UAV 1,2,1:3001:2630,ENMORT004,1:1:71:10:1:0:1,0,false,false,false,false,0
ENMORT003,none,,2026-08-09T09:19:17.000Z,21.37463664,-157.73725624,UAV 1,2,1:3001:2865,ENMORT003,1:1:71:10:1:0:1,0,false,false,false,false,0
ENM35001,move to,LOC_적북측접근로,2026-08-09T09:19:17.000Z,21.37135118,-157.74165136,UAV 1,2,1:3001:2754,ENM35001,1:1:225:7:1:6:0,0,false,false,false,false,0
ENZPU001,none,,2026-08-09T09:19:17.000Z,21.37550111,-157.74438876,UAV 1,2,1:3001:2659,ENZPU001,1:1:222:28:13:7:3,0,false,false,false,false,0
ENZPU002,none,,2026-08-09T09:19:17.000Z,21.37545350,-157.74447070,UAV 1,2,1:3001:2807,ENZPU002,1:1:222:28:13:7:3,0,false,false,false,false,0
ENMORT001,none,,2026-08-09T09:19:17.000Z,21.37443553,-157.73716992,UAV 1,2,1:3001:2789,ENMORT001,1:1:71:10:1:0:1,0,false,false,false,false,0
ENMORT002,none,,2026-08-09T09:19:17.000Z,21.37453609,-157.73721308,UAV 1,2,1:3001:2834,ENMORT002,1:1:71:10:1:0:1,0,false,false,false,false,0
ENMORT005,none,,2026-08-09T09:19:17.000Z,21.37457651,-157.73710572,UAV 1,2,1:3001:2607,ENMORT005,1:1:71:10:1:0:1,0,false,false,false,false,0
ENMORT004,none,,2026-08-09T09:19:17.000Z,21.37447596,-157.73706256,UAV 1,2,1:3001:2630,ENMORT004,1:1:71:10:1:0:1,0,false,false,false,false,0
ENMORT003,none,,2026-08-09T09:19:17.000Z,21.37463664,-157.73725624,UAV 1,2,1:3001:2865,ENMORT003,1:1:71:10:1:0:1,0,false,false,false,false,0
ENM35001,move to,LOC_적북측접근로,2026-08-09T09:19:17.000Z,21.37135118,-157.74165136,UAV 1,2,1:3001:2754,ENM35001,1:1:225:7:1:6:0,0,false,false,false,false,0
ENZPU001,none,,2026-08-09T09:19:18.000Z,21.37550111,-157.74438876,UAV 1,2,1:3001:2659,ENZPU001,1:1:222:28:13:7:3,0,false,false,false,false,0
ENZPU002,none,,2026-08-09T09:19:18.000Z,21.37545350,-157.74447070,UAV 1,2,1:3001:2807,ENZPU002,1:1:222:28:13:7:3,0,false,false,false,false,0
ENMORT001,none,,2026-08-09T09:19:18.000Z,21.37443553,-157.73716992,UAV 1,2,1:3001:2789,ENMORT001,1:1:71:10:1:0:1,0,false,false,false,false,0
ENMORT002,none,,2026-08-09T09:19:18.000Z,21.37453609,-157.73721308,UAV 1,2,1:3001:2834,ENMORT002,1:1:71:10:1:0:1,0,false,false,false,false,0
ENMORT005,none,,2026-08-09T09:19:18.000Z,21.37457651,-157.73710572,UAV 1,2,1:3001:2607,ENMORT005,1:1:71:10:1:0:1,0,false,false,false,false,0
ENMORT004,none,,2026-08-09T09:19:18.000Z,21.37447596,-157.73706256,UAV 1,2,1:3001:2630,ENMORT004,1:1:71:10:1:0:1,0,false,false,false,false,0
ENMORT003,none,,2026-08-09T09:19:18.000Z,21.37463664,-157.73725624,UAV 1,2,1:3001:2865,ENMORT003,1:1:71:10:1:0:1,0,false,false,false,false,0
ENM35001,move to,LOC_적북측접근로,2026-08-09T09:19:18.000Z,21.37135118,-157.74165136,UAV 1,2,1:3001:2754,ENM35001,1:1:225:7:1:6:0,0,false,false,false,false,0
ENZPU001,none,,2026-08-09T09:19:18.000Z,21.37550111,-157.74438876,UAV 1,2,1:3001:2659,ENZPU001,1:1:222:28:13:7:3,0,false,false,false,false,0
ENZPU002,none,,2026-08-09T09:19:18.000Z,21.37545350,-157.74447070,UAV 1,2,1:3001:2807,ENZPU002,1:1:222:28:13:7:3,0,false,false,false,false,0
ENMORT001,none,,2026-08-09T09:19:18.000Z,21.37443553,-157.73716992,UAV 1,2,1:3001:2789,ENMORT001,1:1:71:10:1:0:1,0,false,false,false,false,0
ENMORT002,none,,2026-08-09T09:19:18.000Z,21.37453609,-157.73721308,UAV 1,2,1:3001:2834,ENMORT002,1:1:71:10:1:0:1,0,false,false,false,false,0
ENMORT005,none,,2026-08-09T09:19:18.000Z,21.37457651,-157.73710572,UAV 1,2,1:3001:2607,ENMORT005,1:1:71:10:1:0:1,0,false,false,false,false,0
ENMORT004,none,,2026-08-09T09:19:18.000Z,21.37447596,-157.73706256,UAV 1,2,1:3001:2630,ENMORT004,1:1:71:10:1:0:1,0,false,false,false,false,0
ENMORT003,none,,2026-08-09T09:19:18.000Z,21.37463664,-157.73725624,UAV 1,2,1:3001:2865,ENMORT003,1:1:71:10:1:0:1,0,false,false,false,false,0
ENM35001,move to,LOC_적북측접근로,2026-08-09T09:19:18.000Z,21.37135118,-157.74165136,UAV 1,2,1:3001:2754,ENM35001,1:1:225:7:1:6:0,0,false,false,false,false,0
ENZPU001,none,,2026-08-09T09:19:19.000Z,21.37550111,-157.74438876,UAV 1,2,1:3001:2659,ENZPU001,1:1:222:28:13:7:3,0,false,false,false,false,0
ENZPU002,none,,2026-08-09T09:19:19.000Z,21.37545350,-157.74447070,UAV 1,2,1:3001:2807,ENZPU002,1:1:222:28:13:7:3,0,false,false,false,false,0
ENMORT001,none,,2026-08-09T09:19:19.000Z,21.37443553,-157.73716992,UAV 1,2,1:3001:2789,ENMORT001,1:1:71:10:1:0:1,0,false,false,false,false,0
ENMORT002,none,,2026-08-09T09:19:19.000Z,21.37453609,-157.73721308,UAV 1,2,1:3001:2834,ENMORT002,1:1:71:10:1:0:1,0,false,false,false,false,0
ENMORT005,none,,2026-08-09T09:19:19.000Z,21.37457651,-157.73710572,UAV 1,2,1:3001:2607,ENMORT005,1:1:71:10:1:0:1,0,false,false,false,false,0
ENMORT004,none,,2026-08-09T09:19:19.000Z,21.37447596,-157.73706256,UAV 1,2,1:3001:2630,ENMORT004,1:1:71:10:1:0:1,0,false,false,false,false,0
ENMORT003,none,,2026-08-09T09:19:19.000Z,21.37463664,-157.73725624,UAV 1,2,1:3001:2865,ENMORT003,1:1:71:10:1:0:1,0,false,false,false,false,0
ENZPU001,none,,2026-08-09T09:19:19.000Z,21.37550111,-157.74438876,UAV 1,2,1:3001:2659,ENZPU001,1:1:222:28:13:7:3,0,false,false,false,false,0
ENZPU002,none,,2026-08-09T09:19:19.000Z,21.37545350,-157.74447070,UAV 1,2,1:3001:2807,ENZPU002,1:1:222:28:13:7:3,0,false,false,false,false,0
ENMORT001,none,,2026-08-09T09:19:19.000Z,21.37443553,-157.73716992,UAV 1,2,1:3001:2789,ENMORT001,1:1:71:10:1:0:1,0,false,false,false,false,0
ENMORT002,none,,2026-08-09T09:19:19.000Z,21.37453609,-157.73721308,UAV 1,2,1:3001:2834,ENMORT002,1:1:71:10:1:0:1,0,false,false,false,false,0
ENMORT005,none,,2026-08-09T09:19:19.000Z,21.37457651,-157.73710572,UAV 1,2,1:3001:2607,ENMORT005,1:1:71:10:1:0:1,0,false,false,false,false,0
ENMORT004,none,,2026-08-09T09:19:19.000Z,21.37447596,-157.73706256,UAV 1,2,1:3001:2630,ENMORT004,1:1:71:10:1:0:1,0,false,false,false,false,0
ENMORT003,none,,2026-08-09T09:19:19.000Z,21.37463664,-157.73725624,UAV 1,2,1:3001:2865,ENMORT003,1:1:71:10:1:0:1,0,false,false,false,false,0
ENZPU001,none,,2026-08-09T09:19:20.000Z,21.37550111,-157.74438876,UAV 1,2,1:3001:2659,ENZPU001,1:1:222:28:13:7:3,0,false,false,false,false,0
ENZPU002,none,,2026-08-09T09:19:20.000Z,21.37545350,-157.74447070,UAV 1,2,1:3001:2807,ENZPU002,1:1:222:28:13:7:3,0,false,false,false,false,0
ENMORT001,none,,2026-08-09T09:19:20.000Z,21.37443553,-157.73716992,UAV 1,2,1:3001:2789,ENMORT001,1:1:71:10:1:0:1,0,false,false,false,false,0
ENMORT002,none,,2026-08-09T09:19:20.000Z,21.37453609,-157.73721308,UAV 1,2,1:3001:2834,ENMORT002,1:1:71:10:1:0:1,0,false,false,false,false,0
ENMORT005,none,,2026-08-09T09:19:20.000Z,21.37457651,-157.73710572,UAV 1,2,1:3001:2607,ENMORT005,1:1:71:10:1:0:1,0,false,false,false,false,0
ENMORT004,none,,2026-08-09T09:19:20.000Z,21.37447596,-157.73706256,UAV 1,2,1:3001:2630,ENMORT004,1:1:71:10:1:0:1,0,false,false,false,false,0
ENMORT003,none,,2026-08-09T09:19:20.000Z,21.37463664,-157.73725624,UAV 1,2,1:3001:2865,ENMORT003,1:1:71:10:1:0:1,0,false,false,false,false,0
ENZPU001,none,,2026-08-09T09:19:20.000Z,21.37550111,-157.74438876,UAV 1,2,1:3001:2659,ENZPU001,1:1:222:28:13:7:3,0,false,false,false,false,0
ENZPU002,none,,2026-08-09T09:19:20.000Z,21.37545350,-157.74447070,UAV 1,2,1:3001:2807,ENZPU002,1:1:222:28:13:7:3,0,false,false,false,false,0
ENMORT001,none,,2026-08-09T09:19:20.000Z,21.37443553,-157.73716992,UAV 1,2,1:3001:2789,ENMORT001,1:1:71:10:1:0:1,0,false,false,false,false,0
ENMORT002,none,,2026-08-09T09:19:20.000Z,21.37453609,-157.73721308,UAV 1,2,1:3001:2834,ENMORT002,1:1:71:10:1:0:1,0,false,false,false,false,0
ENMORT005,none,,2026-08-09T09:19:20.000Z,21.37457651,-157.73710572,UAV 1,2,1:3001:2607,ENMORT005,1:1:71:10:1:0:1,0,false,false,false,false,0
ENMORT004,none,,2026-08-09T09:19:20.000Z,21.37447596,-157.73706256,UAV 1,2,1:3001:2630,ENMORT004,1:1:71:10:1:0:1,0,false,false,false,false,0
ENMORT003,none,,2026-08-09T09:19:20.000Z,21.37463664,-157.73725624,UAV 1,2,1:3001:2865,ENMORT003,1:1:71:10:1:0:1,0,false,false,false,false,0
ENZPU001,none,,2026-08-09T09:19:21.000Z,21.37550111,-157.74438876,UAV 1,2,1:3001:2659,ENZPU001,1:1:222:28:13:7:3,0,false,false,false,false,0
ENZPU002,none,,2026-08-09T09:19:21.000Z,21.37545350,-157.74447070,UAV 1,2,1:3001:2807,ENZPU002,1:1:222:28:13:7:3,0,false,false,false,false,0
ENMORT001,none,,2026-08-09T09:19:21.000Z,21.37443553,-157.73716992,UAV 1,2,1:3001:2789,ENMORT001,1:1:71:10:1:0:1,0,false,false,false,false,0
ENMORT002,none,,2026-08-09T09:19:21.000Z,21.37453609,-157.73721308,UAV 1,2,1:3001:2834,ENMORT002,1:1:71:10:1:0:1,0,false,false,false,false,0
ENMORT005,none,,2026-08-09T09:19:21.000Z,21.37457651,-157.73710572,UAV 1,2,1:3001:2607,ENMORT005,1:1:71:10:1:0:1,0,false,false,false,false,0
ENMORT004,none,,2026-08-09T09:19:21.000Z,21.37447596,-157.73706256,UAV 1,2,1:3001:2630,ENMORT004,1:1:71:10:1:0:1,0,false,false,false,false,0
ENMORT003,none,,2026-08-09T09:19:21.000Z,21.37463664,-157.73725624,UAV 1,2,1:3001:2865,ENMORT003,1:1:71:10:1:0:1,0,false,false,false,false,0
ENSA7001,move to,LOC_동측측방접근로,2026-08-09T09:19:21.000Z,21.37101622,-157.74798704,UAV 1,2,1:3001:2876,ENSA7001,3:1:222:11:45:1:8,0,false,false,false,false,0
ENZPU001,none,,2026-08-09T09:19:21.000Z,21.37550111,-157.74438876,UAV 1,2,1:3001:2659,ENZPU001,1:1:222:28:13:7:3,0,false,false,false,false,0
ENZPU002,none,,2026-08-09T09:19:21.000Z,21.37545350,-157.74447070,UAV 1,2,1:3001:2807,ENZPU002,1:1:222:28:13:7:3,0,false,false,false,false,0
ENMORT001,none,,2026-08-09T09:19:21.000Z,21.37443553,-157.73716992,UAV 1,2,1:3001:2789,ENMORT001,1:1:71:10:1:0:1,0,false,false,false,false,0
ENMORT002,none,,2026-08-09T09:19:21.000Z,21.37453609,-157.73721308,UAV 1,2,1:3001:2834,ENMORT002,1:1:71:10:1:0:1,0,false,false,false,false,0
ENMORT005,none,,2026-08-09T09:19:21.000Z,21.37457651,-157.73710572,UAV 1,2,1:3001:2607,ENMORT005,1:1:71:10:1:0:1,0,false,false,false,false,0
ENMORT004,none,,2026-08-09T09:19:21.000Z,21.37447596,-157.73706256,UAV 1,2,1:3001:2630,ENMORT004,1:1:71:10:1:0:1,0,false,false,false,false,0
ENMORT003,none,,2026-08-09T09:19:21.000Z,21.37463664,-157.73725624,UAV 1,2,1:3001:2865,ENMORT003,1:1:71:10:1:0:1,0,false,false,false,false,0
ENSA7001,move to,LOC_동측측방접근로,2026-08-09T09:19:21.000Z,21.37101622,-157.74798704,UAV 1,2,1:3001:2876,ENSA7001,3:1:222:11:45:1:8,0,false,false,false,false,0
ENZPU001,none,,2026-08-09T09:19:22.000Z,21.37550111,-157.74438876,UAV 1,2,1:3001:2659,ENZPU001,1:1:222:28:13:7:3,0,false,false,false,false,0
ENZPU002,none,,2026-08-09T09:19:22.000Z,21.37545350,-157.74447070,UAV 1,2,1:3001:2807,ENZPU002,1:1:222:28:13:7:3,0,false,false,false,false,0
ENMORT001,none,,2026-08-09T09:19:22.000Z,21.37443553,-157.73716992,UAV 1,2,1:3001:2789,ENMORT001,1:1:71:10:1:0:1,0,false,false,false,false,0
ENMORT002,none,,2026-08-09T09:19:22.000Z,21.37453609,-157.73721308,UAV 1,2,1:3001:2834,ENMORT002,1:1:71:10:1:0:1,0,false,false,false,false,0
ENMORT005,none,,2026-08-09T09:19:22.000Z,21.37457651,-157.73710572,UAV 1,2,1:3001:2607,ENMORT005,1:1:71:10:1:0:1,0,false,false,false,false,0
ENMORT004,none,,2026-08-09T09:19:22.000Z,21.37447596,-157.73706256,UAV 1,2,1:3001:2630,ENMORT004,1:1:71:10:1:0:1,0,false,false,false,false,0
ENMORT003,none,,2026-08-09T09:19:22.000Z,21.37463664,-157.73725624,UAV 1,2,1:3001:2865,ENMORT003,1:1:71:10:1:0:1,0,false,false,false,false,0
ENSA7001,move to,LOC_동측측방접근로,2026-08-09T09:19:22.000Z,21.37101622,-157.74798704,UAV 1,2,1:3001:2876,ENSA7001,3:1:222:11:45:1:8,0,false,false,false,false,0
ENZPU001,none,,2026-08-09T09:19:22.000Z,21.37550111,-157.74438876,UAV 1,2,1:3001:2659,ENZPU001,1:1:222:28:13:7:3,0,false,false,false,false,0
ENZPU002,none,,2026-08-09T09:19:22.000Z,21.37545350,-157.74447070,UAV 1,2,1:3001:2807,ENZPU002,1:1:222:28:13:7:3,0,false,false,false,false,0
ENMORT001,none,,2026-08-09T09:19:22.000Z,21.37443553,-157.73716992,UAV 1,2,1:3001:2789,ENMORT001,1:1:71:10:1:0:1,0,false,false,false,false,0
ENMORT002,none,,2026-08-09T09:19:22.000Z,21.37453609,-157.73721308,UAV 1,2,1:3001:2834,ENMORT002,1:1:71:10:1:0:1,0,false,false,false,false,0
ENMORT005,none,,2026-08-09T09:19:22.000Z,21.37457651,-157.73710572,UAV 1,2,1:3001:2607,ENMORT005,1:1:71:10:1:0:1,0,false,false,false,false,0
ENMORT004,none,,2026-08-09T09:19:22.000Z,21.37447596,-157.73706256,UAV 1,2,1:3001:2630,ENMORT004,1:1:71:10:1:0:1,0,false,false,false,false,0
ENMORT003,none,,2026-08-09T09:19:22.000Z,21.37463664,-157.73725624,UAV 1,2,1:3001:2865,ENMORT003,1:1:71:10:1:0:1,0,false,false,false,false,0
ENSA7001,move to,LOC_동측측방접근로,2026-08-09T09:19:22.000Z,21.37101622,-157.74798704,UAV 1,2,1:3001:2876,ENSA7001,3:1:222:11:45:1:8,0,false,false,false,false,0
ENZPU001,none,,2026-08-09T09:19:23.000Z,21.37550111,-157.74438876,UAV 1,2,1:3001:2659,ENZPU001,1:1:222:28:13:7:3,0,false,false,false,false,0
ENZPU002,none,,2026-08-09T09:19:23.000Z,21.37545350,-157.74447070,UAV 1,2,1:3001:2807,ENZPU002,1:1:222:28:13:7:3,0,false,false,false,false,0
ENMORT001,none,,2026-08-09T09:19:23.000Z,21.37443553,-157.73716992,UAV 1,2,1:3001:2789,ENMORT001,1:1:71:10:1:0:1,0,false,false,false,false,0
ENMORT002,none,,2026-08-09T09:19:23.000Z,21.37453609,-157.73721308,UAV 1,2,1:3001:2834,ENMORT002,1:1:71:10:1:0:1,0,false,false,false,false,0
ENMORT005,none,,2026-08-09T09:19:23.000Z,21.37457651,-157.73710572,UAV 1,2,1:3001:2607,ENMORT005,1:1:71:10:1:0:1,0,false,false,false,false,0
ENMORT004,none,,2026-08-09T09:19:23.000Z,21.37447596,-157.73706256,UAV 1,2,1:3001:2630,ENMORT004,1:1:71:10:1:0:1,0,false,false,false,false,0
ENMORT003,none,,2026-08-09T09:19:23.000Z,21.37463664,-157.73725624,UAV 1,2,1:3001:2865,ENMORT003,1:1:71:10:1:0:1,0,false,false,false,false,0
ENSA7001,move to,LOC_동측측방접근로,2026-08-09T09:19:23.000Z,21.37102552,-157.74801470,UAV 1,2,1:3001:2876,ENSA7001,3:1:222:11:45:1:8,0,false,false,false,false,0
ENZPU001,none,,2026-08-09T09:19:23.000Z,21.37550111,-157.74438876,UAV 1,2,1:3001:2659,ENZPU001,1:1:222:28:13:7:3,0,false,false,false,false,0
ENZPU002,none,,2026-08-09T09:19:23.000Z,21.37545350,-157.74447070,UAV 1,2,1:3001:2807,ENZPU002,1:1:222:28:13:7:3,0,false,false,false,false,0
ENMORT001,none,,2026-08-09T09:19:23.000Z,21.37443553,-157.73716992,UAV 1,2,1:3001:2789,ENMORT001,1:1:71:10:1:0:1,0,false,false,false,false,0
ENMORT002,none,,2026-08-09T09:19:23.000Z,21.37453609,-157.73721308,UAV 1,2,1:3001:2834,ENMORT002,1:1:71:10:1:0:1,0,false,false,false,false,0
ENMORT005,none,,2026-08-09T09:19:23.000Z,21.37457651,-157.73710572,UAV 1,2,1:3001:2607,ENMORT005,1:1:71:10:1:0:1,0,false,false,false,false,0
ENMORT004,none,,2026-08-09T09:19:23.000Z,21.37447596,-157.73706256,UAV 1,2,1:3001:2630,ENMORT004,1:1:71:10:1:0:1,0,false,false,false,false,0
ENMORT003,none,,2026-08-09T09:19:23.000Z,21.37463664,-157.73725624,UAV 1,2,1:3001:2865,ENMORT003,1:1:71:10:1:0:1,0,false,false,false,false,0
ENSA7001,move to,LOC_동측측방접근로,2026-08-09T09:19:23.000Z,21.37102552,-157.74801470,UAV 1,2,1:3001:2876,ENSA7001,3:1:222:11:45:1:8,0,false,false,false,false,0
ENZPU001,none,,2026-08-09T09:19:24.000Z,21.37550111,-157.74438876,UAV 1,2,1:3001:2659,ENZPU001,1:1:222:28:13:7:3,0,false,false,false,false,0
ENZPU002,none,,2026-08-09T09:19:24.000Z,21.37545350,-157.74447070,UAV 1,2,1:3001:2807,ENZPU002,1:1:222:28:13:7:3,0,false,false,false,false,0
ENMORT001,none,,2026-08-09T09:19:24.000Z,21.37443553,-157.73716992,UAV 1,2,1:3001:2789,ENMORT001,1:1:71:10:1:0:1,0,false,false,false,false,0
ENMORT002,none,,2026-08-09T09:19:24.000Z,21.37453609,-157.73721308,UAV 1,2,1:3001:2834,ENMORT002,1:1:71:10:1:0:1,0,false,false,false,false,0
ENMORT005,none,,2026-08-09T09:19:24.000Z,21.37457651,-157.73710572,UAV 1,2,1:3001:2607,ENMORT005,1:1:71:10:1:0:1,0,false,false,false,false,0
ENMORT004,none,,2026-08-09T09:19:24.000Z,21.37447596,-157.73706256,UAV 1,2,1:3001:2630,ENMORT004,1:1:71:10:1:0:1,0,false,false,false,false,0
ENMORT003,none,,2026-08-09T09:19:24.000Z,21.37463664,-157.73725624,UAV 1,2,1:3001:2865,ENMORT003,1:1:71:10:1:0:1,0,false,false,false,false,0
ENSA7001,move to,LOC_동측측방접근로,2026-08-09T09:19:24.000Z,21.37102552,-157.74801470,UAV 1,2,1:3001:2876,ENSA7001,3:1:222:11:45:1:8,0,false,false,false,false,0
ENZPU001,none,,2026-08-09T09:19:24.000Z,21.37550111,-157.74438876,UAV 1,2,1:3001:2659,ENZPU001,1:1:222:28:13:7:3,0,false,false,false,false,0
ENZPU002,none,,2026-08-09T09:19:24.000Z,21.37545350,-157.74447070,UAV 1,2,1:3001:2807,ENZPU002,1:1:222:28:13:7:3,0,false,false,false,false,0
ENMORT001,none,,2026-08-09T09:19:24.000Z,21.37443553,-157.73716992,UAV 1,2,1:3001:2789,ENMORT001,1:1:71:10:1:0:1,0,false,false,false,false,0
ENMORT002,none,,2026-08-09T09:19:24.000Z,21.37453609,-157.73721308,UAV 1,2,1:3001:2834,ENMORT002,1:1:71:10:1:0:1,0,false,false,false,false,0
ENMORT005,none,,2026-08-09T09:19:24.000Z,21.37457651,-157.73710572,UAV 1,2,1:3001:2607,ENMORT005,1:1:71:10:1:0:1,0,false,false,false,false,0
ENMORT004,none,,2026-08-09T09:19:24.000Z,21.37447596,-157.73706256,UAV 1,2,1:3001:2630,ENMORT004,1:1:71:10:1:0:1,0,false,false,false,false,0
ENMORT003,none,,2026-08-09T09:19:24.000Z,21.37463664,-157.73725624,UAV 1,2,1:3001:2865,ENMORT003,1:1:71:10:1:0:1,0,false,false,false,false,0
ENSA7001,move to,LOC_동측측방접근로,2026-08-09T09:19:24.000Z,21.37102552,-157.74801470,UAV 1,2,1:3001:2876,ENSA7001,3:1:222:11:45:1:8,0,false,false,false,false,0
ENZPU001,none,,2026-08-09T09:19:25.000Z,21.37550111,-157.74438876,UAV 1,2,1:3001:2659,ENZPU001,1:1:222:28:13:7:3,0,false,false,false,false,0
ENZPU002,none,,2026-08-09T09:19:25.000Z,21.37545350,-157.74447070,UAV 1,2,1:3001:2807,ENZPU002,1:1:222:28:13:7:3,0,false,false,false,false,0
ENMORT001,none,,2026-08-09T09:19:25.000Z,21.37443553,-157.73716992,UAV 1,2,1:3001:2789,ENMORT001,1:1:71:10:1:0:1,0,false,false,false,false,0
ENMORT002,none,,2026-08-09T09:19:25.000Z,21.37453609,-157.73721308,UAV 1,2,1:3001:2834,ENMORT002,1:1:71:10:1:0:1,0,false,false,false,false,0
ENMORT005,none,,2026-08-09T09:19:25.000Z,21.37457651,-157.73710572,UAV 1,2,1:3001:2607,ENMORT005,1:1:71:10:1:0:1,0,false,false,false,false,0
ENMORT004,none,,2026-08-09T09:19:25.000Z,21.37447596,-157.73706256,UAV 1,2,1:3001:2630,ENMORT004,1:1:71:10:1:0:1,0,false,false,false,false,0
ENMORT003,none,,2026-08-09T09:19:25.000Z,21.37463664,-157.73725624,UAV 1,2,1:3001:2865,ENMORT003,1:1:71:10:1:0:1,0,false,false,false,false,0
ENSA7001,move to,LOC_동측측방접근로,2026-08-09T09:19:25.000Z,21.37103509,-157.74804317,UAV 1,2,1:3001:2876,ENSA7001,3:1:222:11:45:1:8,0,false,false,false,false,0
ENZPU001,none,,2026-08-09T09:19:25.000Z,21.37550111,-157.74438876,UAV 1,2,1:3001:2659,ENZPU001,1:1:222:28:13:7:3,0,false,false,false,false,0
ENZPU002,none,,2026-08-09T09:19:25.000Z,21.37545350,-157.74447070,UAV 1,2,1:3001:2807,ENZPU002,1:1:222:28:13:7:3,0,false,false,false,false,0
ENMORT001,none,,2026-08-09T09:19:25.000Z,21.37443553,-157.73716992,UAV 1,2,1:3001:2789,ENMORT001,1:1:71:10:1:0:1,0,false,false,false,false,0
ENMORT002,none,,2026-08-09T09:19:25.000Z,21.37453609,-157.73721308,UAV 1,2,1:3001:2834,ENMORT002,1:1:71:10:1:0:1,0,false,false,false,false,0
ENMORT005,none,,2026-08-09T09:19:25.000Z,21.37457651,-157.73710572,UAV 1,2,1:3001:2607,ENMORT005,1:1:71:10:1:0:1,0,false,false,false,false,0
ENMORT004,none,,2026-08-09T09:19:25.000Z,21.37447596,-157.73706256,UAV 1,2,1:3001:2630,ENMORT004,1:1:71:10:1:0:1,0,false,false,false,false,0
ENMORT003,none,,2026-08-09T09:19:25.000Z,21.37463664,-157.73725624,UAV 1,2,1:3001:2865,ENMORT003,1:1:71:10:1:0:1,0,false,false,false,false,0
ENSA7001,move to,LOC_동측측방접근로,2026-08-09T09:19:25.000Z,21.37103509,-157.74804317,UAV 1,2,1:3001:2876,ENSA7001,3:1:222:11:45:1:8,0,false,false,false,false,0
ENZPU001,none,,2026-08-09T09:19:26.000Z,21.37550111,-157.74438876,UAV 1,2,1:3001:2659,ENZPU001,1:1:222:28:13:7:3,0,false,false,false,false,0
ENZPU002,none,,2026-08-09T09:19:26.000Z,21.37545350,-157.74447070,UAV 1,2,1:3001:2807,ENZPU002,1:1:222:28:13:7:3,0,false,false,false,false,0
ENMORT001,none,,2026-08-09T09:19:26.000Z,21.37443553,-157.73716992,UAV 1,2,1:3001:2789,ENMORT001,1:1:71:10:1:0:1,0,false,false,false,false,0
ENMORT002,none,,2026-08-09T09:19:26.000Z,21.37453609,-157.73721308,UAV 1,2,1:3001:2834,ENMORT002,1:1:71:10:1:0:1,0,false,false,false,false,0
ENMORT005,none,,2026-08-09T09:19:26.000Z,21.37457651,-157.73710572,UAV 1,2,1:3001:2607,ENMORT005,1:1:71:10:1:0:1,0,false,false,false,false,0
ENMORT004,none,,2026-08-09T09:19:26.000Z,21.37447596,-157.73706256,UAV 1,2,1:3001:2630,ENMORT004,1:1:71:10:1:0:1,0,false,false,false,false,0
ENMORT003,none,,2026-08-09T09:19:26.000Z,21.37463664,-157.73725624,UAV 1,2,1:3001:2865,ENMORT003,1:1:71:10:1:0:1,0,false,false,false,false,0
ENSA7001,move to,LOC_동측측방접근로,2026-08-09T09:19:26.000Z,21.37103509,-157.74804317,UAV 1,2,1:3001:2876,ENSA7001,3:1:222:11:45:1:8,0,false,false,false,false,0
ENZPU001,none,,2026-08-09T09:19:26.000Z,21.37550111,-157.74438876,UAV 1,2,1:3001:2659,ENZPU001,1:1:222:28:13:7:3,0,false,false,false,false,0
ENZPU002,none,,2026-08-09T09:19:26.000Z,21.37545350,-157.74447070,UAV 1,2,1:3001:2807,ENZPU002,1:1:222:28:13:7:3,0,false,false,false,false,0
ENMORT001,none,,2026-08-09T09:19:26.000Z,21.37443553,-157.73716992,UAV 1,2,1:3001:2789,ENMORT001,1:1:71:10:1:0:1,0,false,false,false,false,0
ENMORT002,none,,2026-08-09T09:19:26.000Z,21.37453609,-157.73721308,UAV 1,2,1:3001:2834,ENMORT002,1:1:71:10:1:0:1,0,false,false,false,false,0
ENMORT005,none,,2026-08-09T09:19:26.000Z,21.37457651,-157.73710572,UAV 1,2,1:3001:2607,ENMORT005,1:1:71:10:1:0:1,0,false,false,false,false,0
ENMORT004,none,,2026-08-09T09:19:26.000Z,21.37447596,-157.73706256,UAV 1,2,1:3001:2630,ENMORT004,1:1:71:10:1:0:1,0,false,false,false,false,0
ENMORT003,none,,2026-08-09T09:19:26.000Z,21.37463664,-157.73725624,UAV 1,2,1:3001:2865,ENMORT003,1:1:71:10:1:0:1,0,false,false,false,false,0
ENSA7001,move to,LOC_동측측방접근로,2026-08-09T09:19:26.000Z,21.37103509,-157.74804317,UAV 1,2,1:3001:2876,ENSA7001,3:1:222:11:45:1:8,0,false,false,false,false,0
ENZPU001,none,,2026-08-09T09:19:27.000Z,21.37550111,-157.74438876,UAV 1,2,1:3001:2659,ENZPU001,1:1:222:28:13:7:3,0,false,false,false,false,0
ENZPU002,none,,2026-08-09T09:19:27.000Z,21.37545350,-157.74447070,UAV 1,2,1:3001:2807,ENZPU002,1:1:222:28:13:7:3,0,false,false,false,false,0
ENMORT001,none,,2026-08-09T09:19:27.000Z,21.37443553,-157.73716992,UAV 1,2,1:3001:2789,ENMORT001,1:1:71:10:1:0:1,0,false,false,false,false,0
ENMORT002,none,,2026-08-09T09:19:27.000Z,21.37453609,-157.73721308,UAV 1,2,1:3001:2834,ENMORT002,1:1:71:10:1:0:1,0,false,false,false,false,0
ENMORT005,none,,2026-08-09T09:19:27.000Z,21.37457651,-157.73710572,UAV 1,2,1:3001:2607,ENMORT005,1:1:71:10:1:0:1,0,false,false,false,false,0
ENMORT004,none,,2026-08-09T09:19:27.000Z,21.37447596,-157.73706256,UAV 1,2,1:3001:2630,ENMORT004,1:1:71:10:1:0:1,0,false,false,false,false,0
ENMORT003,none,,2026-08-09T09:19:27.000Z,21.37463664,-157.73725624,UAV 1,2,1:3001:2865,ENMORT003,1:1:71:10:1:0:1,0,false,false,false,false,0
ENSA7001,move to,LOC_동측측방접근로,2026-08-09T09:19:27.000Z,21.37104394,-157.74806948,UAV 1,2,1:3001:2876,ENSA7001,3:1:222:11:45:1:8,0,false,false,false,false,0
ENZPU001,none,,2026-08-09T09:19:27.000Z,21.37550111,-157.74438876,UAV 1,2,1:3001:2659,ENZPU001,1:1:222:28:13:7:3,0,false,false,false,false,0
ENZPU002,none,,2026-08-09T09:19:27.000Z,21.37545350,-157.74447070,UAV 1,2,1:3001:2807,ENZPU002,1:1:222:28:13:7:3,0,false,false,false,false,0
ENMORT001,none,,2026-08-09T09:19:27.000Z,21.37443553,-157.73716992,UAV 1,2,1:3001:2789,ENMORT001,1:1:71:10:1:0:1,0,false,false,false,false,0
ENMORT002,none,,2026-08-09T09:19:27.000Z,21.37453609,-157.73721308,UAV 1,2,1:3001:2834,ENMORT002,1:1:71:10:1:0:1,0,false,false,false,false,0
ENMORT005,none,,2026-08-09T09:19:27.000Z,21.37457651,-157.73710572,UAV 1,2,1:3001:2607,ENMORT005,1:1:71:10:1:0:1,0,false,false,false,false,0
ENMORT004,none,,2026-08-09T09:19:27.000Z,21.37447596,-157.73706256,UAV 1,2,1:3001:2630,ENMORT004,1:1:71:10:1:0:1,0,false,false,false,false,0
ENMORT003,none,,2026-08-09T09:19:27.000Z,21.37463664,-157.73725624,UAV 1,2,1:3001:2865,ENMORT003,1:1:71:10:1:0:1,0,false,false,false,false,0
ENSA7001,move to,LOC_동측측방접근로,2026-08-09T09:19:27.000Z,21.37104394,-157.74806948,UAV 1,2,1:3001:2876,ENSA7001,3:1:222:11:45:1:8,0,false,false,false,false,0
ENZPU001,none,,2026-08-09T09:19:28.000Z,21.37550111,-157.74438876,UAV 1,2,1:3001:2659,ENZPU001,1:1:222:28:13:7:3,0,false,false,false,false,0
ENZPU002,none,,2026-08-09T09:19:28.000Z,21.37545350,-157.74447070,UAV 1,2,1:3001:2807,ENZPU002,1:1:222:28:13:7:3,0,false,false,false,false,0
ENMORT001,none,,2026-08-09T09:19:28.000Z,21.37443553,-157.73716992,UAV 1,2,1:3001:2789,ENMORT001,1:1:71:10:1:0:1,0,false,false,false,false,0
ENMORT002,none,,2026-08-09T09:19:28.000Z,21.37453609,-157.73721308,UAV 1,2,1:3001:2834,ENMORT002,1:1:71:10:1:0:1,0,false,false,false,false,0
ENMORT005,none,,2026-08-09T09:19:28.000Z,21.37457651,-157.73710572,UAV 1,2,1:3001:2607,ENMORT005,1:1:71:10:1:0:1,0,false,false,false,false,0
ENMORT004,none,,2026-08-09T09:19:28.000Z,21.37447596,-157.73706256,UAV 1,2,1:3001:2630,ENMORT004,1:1:71:10:1:0:1,0,false,false,false,false,0
ENMORT003,none,,2026-08-09T09:19:28.000Z,21.37463664,-157.73725624,UAV 1,2,1:3001:2865,ENMORT003,1:1:71:10:1:0:1,0,false,false,false,false,0
ENSA7001,move to,LOC_동측측방접근로,2026-08-09T09:19:28.000Z,21.37104394,-157.74806948,UAV 1,2,1:3001:2876,ENSA7001,3:1:222:11:45:1:8,0,false,false,false,false,0
ENZPU001,none,,2026-08-09T09:19:28.000Z,21.37550111,-157.74438876,UAV 1,2,1:3001:2659,ENZPU001,1:1:222:28:13:7:3,0,false,false,false,false,0
ENZPU002,none,,2026-08-09T09:19:28.000Z,21.37545350,-157.74447070,UAV 1,2,1:3001:2807,ENZPU002,1:1:222:28:13:7:3,0,false,false,false,false,0
ENMORT001,none,,2026-08-09T09:19:28.000Z,21.37443553,-157.73716992,UAV 1,2,1:3001:2789,ENMORT001,1:1:71:10:1:0:1,0,false,false,false,false,0
ENMORT002,none,,2026-08-09T09:19:28.000Z,21.37453609,-157.73721308,UAV 1,2,1:3001:2834,ENMORT002,1:1:71:10:1:0:1,0,false,false,false,false,0
ENMORT005,none,,2026-08-09T09:19:28.000Z,21.37457651,-157.73710572,UAV 1,2,1:3001:2607,ENMORT005,1:1:71:10:1:0:1,0,false,false,false,false,0
ENMORT004,none,,2026-08-09T09:19:28.000Z,21.37447596,-157.73706256,UAV 1,2,1:3001:2630,ENMORT004,1:1:71:10:1:0:1,0,false,false,false,false,0
ENMORT003,none,,2026-08-09T09:19:28.000Z,21.37463664,-157.73725624,UAV 1,2,1:3001:2865,ENMORT003,1:1:71:10:1:0:1,0,false,false,false,false,0
ENSA7001,move to,LOC_동측측방접근로,2026-08-09T09:19:28.000Z,21.37104394,-157.74806948,UAV 1,2,1:3001:2876,ENSA7001,3:1:222:11:45:1:8,0,false,false,false,false,0
ENZPU001,none,,2026-08-09T09:19:29.000Z,21.37550111,-157.74438876,UAV 1,2,1:3001:2659,ENZPU001,1:1:222:28:13:7:3,0,false,false,false,false,0
ENZPU002,none,,2026-08-09T09:19:29.000Z,21.37545350,-157.74447070,UAV 1,2,1:3001:2807,ENZPU002,1:1:222:28:13:7:3,0,false,false,false,false,0
ENMORT001,none,,2026-08-09T09:19:29.000Z,21.37443553,-157.73716992,UAV 1,2,1:3001:2789,ENMORT001,1:1:71:10:1:0:1,0,false,false,false,false,0
ENMORT002,none,,2026-08-09T09:19:29.000Z,21.37453609,-157.73721308,UAV 1,2,1:3001:2834,ENMORT002,1:1:71:10:1:0:1,0,false,false,false,false,0
ENMORT005,none,,2026-08-09T09:19:29.000Z,21.37457651,-157.73710572,UAV 1,2,1:3001:2607,ENMORT005,1:1:71:10:1:0:1,0,false,false,false,false,0
ENMORT004,none,,2026-08-09T09:19:29.000Z,21.37447596,-157.73706256,UAV 1,2,1:3001:2630,ENMORT004,1:1:71:10:1:0:1,0,false,false,false,false,0
ENMORT003,none,,2026-08-09T09:19:29.000Z,21.37463664,-157.73725624,UAV 1,2,1:3001:2865,ENMORT003,1:1:71:10:1:0:1,0,false,false,false,false,0
ENSA7001,move to,LOC_동측측방접근로,2026-08-09T09:19:29.000Z,21.37105372,-157.74809858,UAV 1,2,1:3001:2876,ENSA7001,3:1:222:11:45:1:8,0,false,false,false,false,0
ENZPU001,none,,2026-08-09T09:19:29.000Z,21.37550111,-157.74438876,UAV 1,2,1:3001:2659,ENZPU001,1:1:222:28:13:7:3,0,false,false,false,false,0
ENZPU002,none,,2026-08-09T09:19:29.000Z,21.37545350,-157.74447070,UAV 1,2,1:3001:2807,ENZPU002,1:1:222:28:13:7:3,0,false,false,false,false,0
ENMORT001,none,,2026-08-09T09:19:29.000Z,21.37443553,-157.73716992,UAV 1,2,1:3001:2789,ENMORT001,1:1:71:10:1:0:1,0,false,false,false,false,0
ENMORT002,none,,2026-08-09T09:19:29.000Z,21.37453609,-157.73721308,UAV 1,2,1:3001:2834,ENMORT002,1:1:71:10:1:0:1,0,false,false,false,false,0
ENMORT005,none,,2026-08-09T09:19:29.000Z,21.37457651,-157.73710572,UAV 1,2,1:3001:2607,ENMORT005,1:1:71:10:1:0:1,0,false,false,false,false,0
ENMORT004,none,,2026-08-09T09:19:29.000Z,21.37447596,-157.73706256,UAV 1,2,1:3001:2630,ENMORT004,1:1:71:10:1:0:1,0,false,false,false,false,0
ENMORT003,none,,2026-08-09T09:19:29.000Z,21.37463664,-157.73725624,UAV 1,2,1:3001:2865,ENMORT003,1:1:71:10:1:0:1,0,false,false,false,false,0
ENSA7001,move to,LOC_동측측방접근로,2026-08-09T09:19:29.000Z,21.37105372,-157.74809858,UAV 1,2,1:3001:2876,ENSA7001,3:1:222:11:45:1:8,0,false,false,false,false,0
ENZPU001,none,,2026-08-09T09:19:30.000Z,21.37550111,-157.74438876,UAV 1,2,1:3001:2659,ENZPU001,1:1:222:28:13:7:3,0,false,false,false,false,0
ENZPU002,none,,2026-08-09T09:19:30.000Z,21.37545350,-157.74447070,UAV 1,2,1:3001:2807,ENZPU002,1:1:222:28:13:7:3,0,false,false,false,false,0
ENMORT001,none,,2026-08-09T09:19:30.000Z,21.37443553,-157.73716992,UAV 1,2,1:3001:2789,ENMORT001,1:1:71:10:1:0:1,0,false,false,false,false,0
ENMORT002,none,,2026-08-09T09:19:30.000Z,21.37453609,-157.73721308,UAV 1,2,1:3001:2834,ENMORT002,1:1:71:10:1:0:1,0,false,false,false,false,0
ENMORT005,none,,2026-08-09T09:19:30.000Z,21.37457651,-157.73710572,UAV 1,2,1:3001:2607,ENMORT005,1:1:71:10:1:0:1,0,false,false,false,false,0
ENMORT004,none,,2026-08-09T09:19:30.000Z,21.37447596,-157.73706256,UAV 1,2,1:3001:2630,ENMORT004,1:1:71:10:1:0:1,0,false,false,false,false,0
ENMORT003,none,,2026-08-09T09:19:30.000Z,21.37463664,-157.73725624,UAV 1,2,1:3001:2865,ENMORT003,1:1:71:10:1:0:1,0,false,false,false,false,0
ENSA7001,move to,LOC_동측측방접근로,2026-08-09T09:19:30.000Z,21.37105372,-157.74809858,UAV 1,2,1:3001:2876,ENSA7001,3:1:222:11:45:1:8,0,false,false,false,false,0
ENZPU001,none,,2026-08-09T09:19:30.000Z,21.37550111,-157.74438876,UAV 1,2,1:3001:2659,ENZPU001,1:1:222:28:13:7:3,0,false,false,false,false,0
ENZPU002,none,,2026-08-09T09:19:30.000Z,21.37545350,-157.74447070,UAV 1,2,1:3001:2807,ENZPU002,1:1:222:28:13:7:3,0,false,false,false,false,0
ENMORT001,none,,2026-08-09T09:19:30.000Z,21.37443553,-157.73716992,UAV 1,2,1:3001:2789,ENMORT001,1:1:71:10:1:0:1,0,false,false,false,false,0
ENMORT002,none,,2026-08-09T09:19:30.000Z,21.37453609,-157.73721308,UAV 1,2,1:3001:2834,ENMORT002,1:1:71:10:1:0:1,0,false,false,false,false,0
ENMORT005,none,,2026-08-09T09:19:30.000Z,21.37457651,-157.73710572,UAV 1,2,1:3001:2607,ENMORT005,1:1:71:10:1:0:1,0,false,false,false,false,0
ENMORT004,none,,2026-08-09T09:19:30.000Z,21.37447596,-157.73706256,UAV 1,2,1:3001:2630,ENMORT004,1:1:71:10:1:0:1,0,false,false,false,false,0
ENMORT003,none,,2026-08-09T09:19:30.000Z,21.37463664,-157.73725624,UAV 1,2,1:3001:2865,ENMORT003,1:1:71:10:1:0:1,0,false,false,false,false,0
ENSA7001,move to,LOC_동측측방접근로,2026-08-09T09:19:30.000Z,21.37105372,-157.74809858,UAV 1,2,1:3001:2876,ENSA7001,3:1:222:11:45:1:8,0,false,false,false,false,0
ENZPU001,none,,2026-08-09T09:19:31.000Z,21.37550111,-157.74438876,UAV 1,2,1:3001:2659,ENZPU001,1:1:222:28:13:7:3,0,false,false,false,false,0
ENZPU002,none,,2026-08-09T09:19:31.000Z,21.37545350,-157.74447070,UAV 1,2,1:3001:2807,ENZPU002,1:1:222:28:13:7:3,0,false,false,false,false,0
ENMORT001,none,,2026-08-09T09:19:31.000Z,21.37443553,-157.73716992,UAV 1,2,1:3001:2789,ENMORT001,1:1:71:10:1:0:1,0,false,false,false,false,0
ENMORT002,none,,2026-08-09T09:19:31.000Z,21.37453609,-157.73721308,UAV 1,2,1:3001:2834,ENMORT002,1:1:71:10:1:0:1,0,false,false,false,false,0
ENMORT005,none,,2026-08-09T09:19:31.000Z,21.37457651,-157.73710572,UAV 1,2,1:3001:2607,ENMORT005,1:1:71:10:1:0:1,0,false,false,false,false,0
ENMORT004,none,,2026-08-09T09:19:31.000Z,21.37447596,-157.73706256,UAV 1,2,1:3001:2630,ENMORT004,1:1:71:10:1:0:1,0,false,false,false,false,0
ENMORT003,none,,2026-08-09T09:19:31.000Z,21.37463664,-157.73725624,UAV 1,2,1:3001:2865,ENMORT003,1:1:71:10:1:0:1,0,false,false,false,false,0
ENSA7001,move to,LOC_동측측방접근로,2026-08-09T09:19:31.000Z,21.37106315,-157.74812663,UAV 1,2,1:3001:2876,ENSA7001,3:1:222:11:45:1:8,0,false,false,false,false,0
ENZPU001,none,,2026-08-09T09:19:31.000Z,21.37550111,-157.74438876,UAV 1,2,1:3001:2659,ENZPU001,1:1:222:28:13:7:3,0,false,false,false,false,0
ENZPU002,none,,2026-08-09T09:19:31.000Z,21.37545350,-157.74447070,UAV 1,2,1:3001:2807,ENZPU002,1:1:222:28:13:7:3,0,false,false,false,false,0
ENMORT001,none,,2026-08-09T09:19:31.000Z,21.37443553,-157.73716992,UAV 1,2,1:3001:2789,ENMORT001,1:1:71:10:1:0:1,0,false,false,false,false,0
ENMORT002,none,,2026-08-09T09:19:31.000Z,21.37453609,-157.73721308,UAV 1,2,1:3001:2834,ENMORT002,1:1:71:10:1:0:1,0,false,false,false,false,0
ENMORT005,none,,2026-08-09T09:19:31.000Z,21.37457651,-157.73710572,UAV 1,2,1:3001:2607,ENMORT005,1:1:71:10:1:0:1,0,false,false,false,false,0
ENMORT004,none,,2026-08-09T09:19:31.000Z,21.37447596,-157.73706256,UAV 1,2,1:3001:2630,ENMORT004,1:1:71:10:1:0:1,0,false,false,false,false,0
ENMORT003,none,,2026-08-09T09:19:31.000Z,21.37463664,-157.73725624,UAV 1,2,1:3001:2865,ENMORT003,1:1:71:10:1:0:1,0,false,false,false,false,0
ENSA7001,move to,LOC_동측측방접근로,2026-08-09T09:19:31.000Z,21.37106315,-157.74812663,UAV 1,2,1:3001:2876,ENSA7001,3:1:222:11:45:1:8,0,false,false,false,false,0
ENZPU001,none,,2026-08-09T09:19:32.000Z,21.37550111,-157.74438876,UAV 1,2,1:3001:2659,ENZPU001,1:1:222:28:13:7:3,0,false,false,false,false,0
ENZPU002,none,,2026-08-09T09:19:32.000Z,21.37545350,-157.74447070,UAV 1,2,1:3001:2807,ENZPU002,1:1:222:28:13:7:3,0,false,false,false,false,0
ENMORT001,none,,2026-08-09T09:19:32.000Z,21.37443553,-157.73716992,UAV 1,2,1:3001:2789,ENMORT001,1:1:71:10:1:0:1,0,false,false,false,false,0
ENMORT002,none,,2026-08-09T09:19:32.000Z,21.37453609,-157.73721308,UAV 1,2,1:3001:2834,ENMORT002,1:1:71:10:1:0:1,0,false,false,false,false,0
ENMORT005,none,,2026-08-09T09:19:32.000Z,21.37457651,-157.73710572,UAV 1,2,1:3001:2607,ENMORT005,1:1:71:10:1:0:1,0,false,false,false,false,0
ENMORT004,none,,2026-08-09T09:19:32.000Z,21.37447596,-157.73706256,UAV 1,2,1:3001:2630,ENMORT004,1:1:71:10:1:0:1,0,false,false,false,false,0
ENMORT003,none,,2026-08-09T09:19:32.000Z,21.37463664,-157.73725624,UAV 1,2,1:3001:2865,ENMORT003,1:1:71:10:1:0:1,0,false,false,false,false,0
ENSA7001,move to,LOC_동측측방접근로,2026-08-09T09:19:32.000Z,21.37106315,-157.74812663,UAV 1,2,1:3001:2876,ENSA7001,3:1:222:11:45:1:8,0,false,false,false,false,0
ENZPU001,none,,2026-08-09T09:19:32.000Z,21.37550111,-157.74438876,UAV 1,2,1:3001:2659,ENZPU001,1:1:222:28:13:7:3,0,false,false,false,false,0
ENZPU002,none,,2026-08-09T09:19:32.000Z,21.37545350,-157.74447070,UAV 1,2,1:3001:2807,ENZPU002,1:1:222:28:13:7:3,0,false,false,false,false,0
ENMORT001,none,,2026-08-09T09:19:32.000Z,21.37443553,-157.73716992,UAV 1,2,1:3001:2789,ENMORT001,1:1:71:10:1:0:1,0,false,false,false,false,0
ENMORT002,none,,2026-08-09T09:19:32.000Z,21.37453609,-157.73721308,UAV 1,2,1:3001:2834,ENMORT002,1:1:71:10:1:0:1,0,false,false,false,false,0
ENMORT005,none,,2026-08-09T09:19:32.000Z,21.37457651,-157.73710572,UAV 1,2,1:3001:2607,ENMORT005,1:1:71:10:1:0:1,0,false,false,false,false,0
ENMORT004,none,,2026-08-09T09:19:32.000Z,21.37447596,-157.73706256,UAV 1,2,1:3001:2630,ENMORT004,1:1:71:10:1:0:1,0,false,false,false,false,0
ENMORT003,none,,2026-08-09T09:19:32.000Z,21.37463664,-157.73725624,UAV 1,2,1:3001:2865,ENMORT003,1:1:71:10:1:0:1,0,false,false,false,false,0
ENSA7001,move to,LOC_동측측방접근로,2026-08-09T09:19:32.000Z,21.37106315,-157.74812663,UAV 1,2,1:3001:2876,ENSA7001,3:1:222:11:45:1:8,0,false,false,false,false,0
ENZPU001,none,,2026-08-09T09:19:33.000Z,21.37550111,-157.74438876,UAV 1,2,1:3001:2659,ENZPU001,1:1:222:28:13:7:3,0,false,false,false,false,0
ENZPU002,none,,2026-08-09T09:19:33.000Z,21.37545350,-157.74447070,UAV 1,2,1:3001:2807,ENZPU002,1:1:222:28:13:7:3,0,false,false,false,false,0
ENMORT001,none,,2026-08-09T09:19:33.000Z,21.37443553,-157.73716992,UAV 1,2,1:3001:2789,ENMORT001,1:1:71:10:1:0:1,0,false,false,false,false,0
ENMORT002,none,,2026-08-09T09:19:33.000Z,21.37453609,-157.73721308,UAV 1,2,1:3001:2834,ENMORT002,1:1:71:10:1:0:1,0,false,false,false,false,0
ENMORT005,none,,2026-08-09T09:19:33.000Z,21.37457651,-157.73710572,UAV 1,2,1:3001:2607,ENMORT005,1:1:71:10:1:0:1,0,false,false,false,false,0
ENMORT004,none,,2026-08-09T09:19:33.000Z,21.37447596,-157.73706256,UAV 1,2,1:3001:2630,ENMORT004,1:1:71:10:1:0:1,0,false,false,false,false,0
ENMORT003,none,,2026-08-09T09:19:33.000Z,21.37463664,-157.73725624,UAV 1,2,1:3001:2865,ENMORT003,1:1:71:10:1:0:1,0,false,false,false,false,0
ENSA7001,move to,LOC_동측측방접근로,2026-08-09T09:19:33.000Z,21.37107233,-157.74815392,UAV 1,2,1:3001:2876,ENSA7001,3:1:222:11:45:1:8,0,false,false,false,false,0
ENZPU001,none,,2026-08-09T09:19:34.000Z,21.37550111,-157.74438876,UAV 1,2,1:3001:2659,ENZPU001,1:1:222:28:13:7:3,0,false,false,false,false,0
ENZPU002,none,,2026-08-09T09:19:34.000Z,21.37545350,-157.74447070,UAV 1,2,1:3001:2807,ENZPU002,1:1:222:28:13:7:3,0,false,false,false,false,0
ENMORT001,none,,2026-08-09T09:19:34.000Z,21.37443553,-157.73716992,UAV 1,2,1:3001:2789,ENMORT001,1:1:71:10:1:0:1,0,false,false,false,false,0
ENMORT002,none,,2026-08-09T09:19:34.000Z,21.37453609,-157.73721308,UAV 1,2,1:3001:2834,ENMORT002,1:1:71:10:1:0:1,0,false,false,false,false,0
ENMORT005,none,,2026-08-09T09:19:34.000Z,21.37457651,-157.73710572,UAV 1,2,1:3001:2607,ENMORT005,1:1:71:10:1:0:1,0,false,false,false,false,0
ENMORT004,none,,2026-08-09T09:19:34.000Z,21.37447596,-157.73706256,UAV 1,2,1:3001:2630,ENMORT004,1:1:71:10:1:0:1,0,false,false,false,false,0
ENMORT003,none,,2026-08-09T09:19:34.000Z,21.37463664,-157.73725624,UAV 1,2,1:3001:2865,ENMORT003,1:1:71:10:1:0:1,0,false,false,false,false,0
ENSA7001,move to,LOC_동측측방접근로,2026-08-09T09:19:34.000Z,21.37107233,-157.74815392,UAV 1,2,1:3001:2876,ENSA7001,3:1:222:11:45:1:8,0,false,false,false,false,0
ENZPU001,none,,2026-08-09T09:19:34.000Z,21.37550111,-157.74438876,UAV 1,2,1:3001:2659,ENZPU001,1:1:222:28:13:7:3,0,false,false,false,false,0
ENZPU002,none,,2026-08-09T09:19:34.000Z,21.37545350,-157.74447070,UAV 1,2,1:3001:2807,ENZPU002,1:1:222:28:13:7:3,0,false,false,false,false,0
ENMORT001,none,,2026-08-09T09:19:34.000Z,21.37443553,-157.73716992,UAV 1,2,1:3001:2789,ENMORT001,1:1:71:10:1:0:1,0,false,false,false,false,0
ENMORT002,none,,2026-08-09T09:19:34.000Z,21.37453609,-157.73721308,UAV 1,2,1:3001:2834,ENMORT002,1:1:71:10:1:0:1,0,false,false,false,false,0
ENMORT005,none,,2026-08-09T09:19:34.000Z,21.37457651,-157.73710572,UAV 1,2,1:3001:2607,ENMORT005,1:1:71:10:1:0:1,0,false,false,false,false,0
ENMORT004,none,,2026-08-09T09:19:34.000Z,21.37447596,-157.73706256,UAV 1,2,1:3001:2630,ENMORT004,1:1:71:10:1:0:1,0,false,false,false,false,0
ENMORT003,none,,2026-08-09T09:19:34.000Z,21.37463664,-157.73725624,UAV 1,2,1:3001:2865,ENMORT003,1:1:71:10:1:0:1,0,false,false,false,false,0
ENSA7001,move to,LOC_동측측방접근로,2026-08-09T09:19:34.000Z,21.37107233,-157.74815392,UAV 1,2,1:3001:2876,ENSA7001,3:1:222:11:45:1:8,0,false,false,false,false,0
ENZPU001,none,,2026-08-09T09:19:35.000Z,21.37550111,-157.74438876,UAV 1,2,1:3001:2659,ENZPU001,1:1:222:28:13:7:3,0,false,false,false,false,0
ENZPU002,none,,2026-08-09T09:19:35.000Z,21.37545350,-157.74447070,UAV 1,2,1:3001:2807,ENZPU002,1:1:222:28:13:7:3,0,false,false,false,false,0
ENMORT001,none,,2026-08-09T09:19:35.000Z,21.37443553,-157.73716992,UAV 1,2,1:3001:2789,ENMORT001,1:1:71:10:1:0:1,0,false,false,false,false,0
ENMORT002,none,,2026-08-09T09:19:35.000Z,21.37453609,-157.73721308,UAV 1,2,1:3001:2834,ENMORT002,1:1:71:10:1:0:1,0,false,false,false,false,0
ENMORT005,none,,2026-08-09T09:19:35.000Z,21.37457651,-157.73710572,UAV 1,2,1:3001:2607,ENMORT005,1:1:71:10:1:0:1,0,false,false,false,false,0
ENMORT004,none,,2026-08-09T09:19:35.000Z,21.37447596,-157.73706256,UAV 1,2,1:3001:2630,ENMORT004,1:1:71:10:1:0:1,0,false,false,false,false,0
ENMORT003,none,,2026-08-09T09:19:35.000Z,21.37463664,-157.73725624,UAV 1,2,1:3001:2865,ENMORT003,1:1:71:10:1:0:1,0,false,false,false,false,0
ENSA7001,move to,LOC_동측측방접근로,2026-08-09T09:19:35.000Z,21.37107233,-157.74815392,UAV 1,2,1:3001:2876,ENSA7001,3:1:222:11:45:1:8,0,false,false,false,false,0
ENZPU001,none,,2026-08-09T09:19:35.000Z,21.37550111,-157.74438876,UAV 1,2,1:3001:2659,ENZPU001,1:1:222:28:13:7:3,0,false,false,false,false,0
ENZPU002,none,,2026-08-09T09:19:35.000Z,21.37545350,-157.74447070,UAV 1,2,1:3001:2807,ENZPU002,1:1:222:28:13:7:3,0,false,false,false,false,0
ENMORT001,none,,2026-08-09T09:19:35.000Z,21.37443553,-157.73716992,UAV 1,2,1:3001:2789,ENMORT001,1:1:71:10:1:0:1,0,false,false,false,false,0
ENMORT002,none,,2026-08-09T09:19:35.000Z,21.37453609,-157.73721308,UAV 1,2,1:3001:2834,ENMORT002,1:1:71:10:1:0:1,0,false,false,false,false,0
ENMORT005,none,,2026-08-09T09:19:35.000Z,21.37457651,-157.73710572,UAV 1,2,1:3001:2607,ENMORT005,1:1:71:10:1:0:1,0,false,false,false,false,0
ENMORT004,none,,2026-08-09T09:19:35.000Z,21.37447596,-157.73706256,UAV 1,2,1:3001:2630,ENMORT004,1:1:71:10:1:0:1,0,false,false,false,false,0
ENMORT003,none,,2026-08-09T09:19:35.000Z,21.37463664,-157.73725624,UAV 1,2,1:3001:2865,ENMORT003,1:1:71:10:1:0:1,0,false,false,false,false,0
ENSA7001,move to,LOC_동측측방접근로,2026-08-09T09:19:35.000Z,21.37108185,-157.74818224,UAV 1,2,1:3001:2876,ENSA7001,3:1:222:11:45:1:8,0,false,false,false,false,0
ENZPU001,none,,2026-08-09T09:19:36.000Z,21.37550111,-157.74438876,UAV 1,2,1:3001:2659,ENZPU001,1:1:222:28:13:7:3,0,false,false,false,false,0
ENZPU002,none,,2026-08-09T09:19:36.000Z,21.37545350,-157.74447070,UAV 1,2,1:3001:2807,ENZPU002,1:1:222:28:13:7:3,0,false,false,false,false,0
ENMORT001,none,,2026-08-09T09:19:36.000Z,21.37443553,-157.73716992,UAV 1,2,1:3001:2789,ENMORT001,1:1:71:10:1:0:1,0,false,false,false,false,0
ENMORT002,none,,2026-08-09T09:19:36.000Z,21.37453609,-157.73721308,UAV 1,2,1:3001:2834,ENMORT002,1:1:71:10:1:0:1,0,false,false,false,false,0
ENMORT005,none,,2026-08-09T09:19:36.000Z,21.37457651,-157.73710572,UAV 1,2,1:3001:2607,ENMORT005,1:1:71:10:1:0:1,0,false,false,false,false,0
ENMORT004,none,,2026-08-09T09:19:36.000Z,21.37447596,-157.73706256,UAV 1,2,1:3001:2630,ENMORT004,1:1:71:10:1:0:1,0,false,false,false,false,0
ENMORT003,none,,2026-08-09T09:19:36.000Z,21.37463664,-157.73725624,UAV 1,2,1:3001:2865,ENMORT003,1:1:71:10:1:0:1,0,false,false,false,false,0
ENSA7001,move to,LOC_동측측방접근로,2026-08-09T09:19:36.000Z,21.37108185,-157.74818224,UAV 1,2,1:3001:2876,ENSA7001,3:1:222:11:45:1:8,0,false,false,false,false,0
ENZPU001,none,,2026-08-09T09:19:36.000Z,21.37550111,-157.74438876,UAV 1,2,1:3001:2659,ENZPU001,1:1:222:28:13:7:3,0,false,false,false,false,0
ENZPU002,none,,2026-08-09T09:19:36.000Z,21.37545350,-157.74447070,UAV 1,2,1:3001:2807,ENZPU002,1:1:222:28:13:7:3,0,false,false,false,false,0
ENMORT001,none,,2026-08-09T09:19:36.000Z,21.37443553,-157.73716992,UAV 1,2,1:3001:2789,ENMORT001,1:1:71:10:1:0:1,0,false,false,false,false,0
ENMORT002,none,,2026-08-09T09:19:36.000Z,21.37453609,-157.73721308,UAV 1,2,1:3001:2834,ENMORT002,1:1:71:10:1:0:1,0,false,false,false,false,0
ENMORT005,none,,2026-08-09T09:19:36.000Z,21.37457651,-157.73710572,UAV 1,2,1:3001:2607,ENMORT005,1:1:71:10:1:0:1,0,false,false,false,false,0
ENMORT004,none,,2026-08-09T09:19:36.000Z,21.37447596,-157.73706256,UAV 1,2,1:3001:2630,ENMORT004,1:1:71:10:1:0:1,0,false,false,false,false,0
ENMORT003,none,,2026-08-09T09:19:36.000Z,21.37463664,-157.73725624,UAV 1,2,1:3001:2865,ENMORT003,1:1:71:10:1:0:1,0,false,false,false,false,0
ENSA7001,move to,LOC_동측측방접근로,2026-08-09T09:19:36.000Z,21.37108185,-157.74818224,UAV 1,2,1:3001:2876,ENSA7001,3:1:222:11:45:1:8,0,false,false,false,false,0
ENZPU001,none,,2026-08-09T09:19:37.000Z,21.37550111,-157.74438876,UAV 1,2,1:3001:2659,ENZPU001,1:1:222:28:13:7:3,0,false,false,false,false,0
ENZPU002,none,,2026-08-09T09:19:37.000Z,21.37545350,-157.74447070,UAV 1,2,1:3001:2807,ENZPU002,1:1:222:28:13:7:3,0,false,false,false,false,0
ENMORT001,none,,2026-08-09T09:19:37.000Z,21.37443553,-157.73716992,UAV 1,2,1:3001:2789,ENMORT001,1:1:71:10:1:0:1,0,false,false,false,false,0
ENMORT002,none,,2026-08-09T09:19:37.000Z,21.37453609,-157.73721308,UAV 1,2,1:3001:2834,ENMORT002,1:1:71:10:1:0:1,0,false,false,false,false,0
ENMORT005,none,,2026-08-09T09:19:37.000Z,21.37457651,-157.73710572,UAV 1,2,1:3001:2607,ENMORT005,1:1:71:10:1:0:1,0,false,false,false,false,0
ENMORT004,none,,2026-08-09T09:19:37.000Z,21.37447596,-157.73706256,UAV 1,2,1:3001:2630,ENMORT004,1:1:71:10:1:0:1,0,false,false,false,false,0
ENMORT003,none,,2026-08-09T09:19:37.000Z,21.37463664,-157.73725624,UAV 1,2,1:3001:2865,ENMORT003,1:1:71:10:1:0:1,0,false,false,false,false,0
ENSA7001,move to,LOC_동측측방접근로,2026-08-09T09:19:37.000Z,21.37108185,-157.74818224,UAV 1,2,1:3001:2876,ENSA7001,3:1:222:11:45:1:8,0,false,false,false,false,0
ENMORT001,none,,2026-08-09T09:19:37.000Z,21.37443553,-157.73716992,UAV 1,2,1:3001:2789,ENMORT001,1:1:71:10:1:0:1,0,false,false,false,false,0
ENMORT002,none,,2026-08-09T09:19:37.000Z,21.37453609,-157.73721308,UAV 1,2,1:3001:2834,ENMORT002,1:1:71:10:1:0:1,0,false,false,false,false,0
ENMORT005,none,,2026-08-09T09:19:37.000Z,21.37457651,-157.73710572,UAV 1,2,1:3001:2607,ENMORT005,1:1:71:10:1:0:1,0,false,false,false,false,0
ENMORT004,none,,2026-08-09T09:19:37.000Z,21.37447596,-157.73706256,UAV 1,2,1:3001:2630,ENMORT004,1:1:71:10:1:0:1,0,false,false,false,false,0
ENMORT003,none,,2026-08-09T09:19:37.000Z,21.37463664,-157.73725624,UAV 1,2,1:3001:2865,ENMORT003,1:1:71:10:1:0:1,0,false,false,false,false,0
ENSA7001,move to,LOC_동측측방접근로,2026-08-09T09:19:37.000Z,21.37109137,-157.74821056,UAV 1,2,1:3001:2876,ENSA7001,3:1:222:11:45:1:8,0,false,false,false,false,0
ENMORT001,none,,2026-08-09T09:19:38.000Z,21.37443553,-157.73716992,UAV 1,2,1:3001:2789,ENMORT001,1:1:71:10:1:0:1,0,false,false,false,false,0
ENMORT002,none,,2026-08-09T09:19:38.000Z,21.37453609,-157.73721308,UAV 1,2,1:3001:2834,ENMORT002,1:1:71:10:1:0:1,0,false,false,false,false,0
ENMORT005,none,,2026-08-09T09:19:38.000Z,21.37457651,-157.73710572,UAV 1,2,1:3001:2607,ENMORT005,1:1:71:10:1:0:1,0,false,false,false,false,0
ENMORT004,none,,2026-08-09T09:19:38.000Z,21.37447596,-157.73706256,UAV 1,2,1:3001:2630,ENMORT004,1:1:71:10:1:0:1,0,false,false,false,false,0
ENMORT003,none,,2026-08-09T09:19:38.000Z,21.37463664,-157.73725624,UAV 1,2,1:3001:2865,ENMORT003,1:1:71:10:1:0:1,0,false,false,false,false,0
ENSA7001,move to,LOC_동측측방접근로,2026-08-09T09:19:38.000Z,21.37109137,-157.74821056,UAV 1,2,1:3001:2876,ENSA7001,3:1:222:11:45:1:8,0,false,false,false,false,0
ENMORT001,none,,2026-08-09T09:19:38.000Z,21.37443553,-157.73716992,UAV 1,2,1:3001:2789,ENMORT001,1:1:71:10:1:0:1,0,false,false,false,false,0
ENMORT002,none,,2026-08-09T09:19:38.000Z,21.37453609,-157.73721308,UAV 1,2,1:3001:2834,ENMORT002,1:1:71:10:1:0:1,0,false,false,false,false,0
ENMORT005,none,,2026-08-09T09:19:38.000Z,21.37457651,-157.73710572,UAV 1,2,1:3001:2607,ENMORT005,1:1:71:10:1:0:1,0,false,false,false,false,0
ENMORT004,none,,2026-08-09T09:19:38.000Z,21.37447596,-157.73706256,UAV 1,2,1:3001:2630,ENMORT004,1:1:71:10:1:0:1,0,false,false,false,false,0
ENMORT003,none,,2026-08-09T09:19:38.000Z,21.37463664,-157.73725624,UAV 1,2,1:3001:2865,ENMORT003,1:1:71:10:1:0:1,0,false,false,false,false,0
ENSA7001,move to,LOC_동측측방접근로,2026-08-09T09:19:38.000Z,21.37109137,-157.74821056,UAV 1,2,1:3001:2876,ENSA7001,3:1:222:11:45:1:8,0,false,false,false,false,0
ENMORT001,none,,2026-08-09T09:19:38.000Z,21.37443553,-157.73716992,UAV 1,2,1:3001:2789,ENMORT001,1:1:71:10:1:0:1,0,false,false,false,false,0
ENMORT002,none,,2026-08-09T09:19:38.000Z,21.37453609,-157.73721308,UAV 1,2,1:3001:2834,ENMORT002,1:1:71:10:1:0:1,0,false,false,false,false,0
ENMORT005,none,,2026-08-09T09:19:38.000Z,21.37457651,-157.73710572,UAV 1,2,1:3001:2607,ENMORT005,1:1:71:10:1:0:1,0,false,false,false,false,0
ENMORT004,none,,2026-08-09T09:19:38.000Z,21.37447596,-157.73706256,UAV 1,2,1:3001:2630,ENMORT004,1:1:71:10:1:0:1,0,false,false,false,false,0
ENMORT003,none,,2026-08-09T09:19:38.000Z,21.37463664,-157.73725624,UAV 1,2,1:3001:2865,ENMORT003,1:1:71:10:1:0:1,0,false,false,false,false,0
ENSA7001,move to,LOC_동측측방접근로,2026-08-09T09:19:38.000Z,21.37109137,-157.74821056,UAV 1,2,1:3001:2876,ENSA7001,3:1:222:11:45:1:8,0,false,false,false,false,0
ENMORT001,none,,2026-08-09T09:19:39.000Z,21.37443553,-157.73716992,UAV 1,2,1:3001:2789,ENMORT001,1:1:71:10:1:0:1,0,false,false,false,false,0
ENMORT002,none,,2026-08-09T09:19:39.000Z,21.37453609,-157.73721308,UAV 1,2,1:3001:2834,ENMORT002,1:1:71:10:1:0:1,0,false,false,false,false,0
ENMORT005,none,,2026-08-09T09:19:39.000Z,21.37457651,-157.73710572,UAV 1,2,1:3001:2607,ENMORT005,1:1:71:10:1:0:1,0,false,false,false,false,0
ENMORT004,none,,2026-08-09T09:19:39.000Z,21.37447596,-157.73706256,UAV 1,2,1:3001:2630,ENMORT004,1:1:71:10:1:0:1,0,false,false,false,false,0
ENMORT003,none,,2026-08-09T09:19:39.000Z,21.37463664,-157.73725624,UAV 1,2,1:3001:2865,ENMORT003,1:1:71:10:1:0:1,0,false,false,false,false,0
ENSA7001,move to,LOC_동측측방접근로,2026-08-09T09:19:39.000Z,21.37110049,-157.74823768,UAV 1,2,1:3001:2876,ENSA7001,3:1:222:11:45:1:8,0,false,false,false,false,0
ENMORT001,none,,2026-08-09T09:19:40.000Z,21.37443553,-157.73716992,UAV 1,2,1:3001:2789,ENMORT001,1:1:71:10:1:0:1,0,false,false,false,false,0
ENMORT002,none,,2026-08-09T09:19:40.000Z,21.37453609,-157.73721308,UAV 1,2,1:3001:2834,ENMORT002,1:1:71:10:1:0:1,0,false,false,false,false,0
ENMORT005,none,,2026-08-09T09:19:40.000Z,21.37457651,-157.73710572,UAV 1,2,1:3001:2607,ENMORT005,1:1:71:10:1:0:1,0,false,false,false,false,0
ENMORT004,none,,2026-08-09T09:19:40.000Z,21.37447596,-157.73706256,UAV 1,2,1:3001:2630,ENMORT004,1:1:71:10:1:0:1,0,false,false,false,false,0
ENMORT003,none,,2026-08-09T09:19:40.000Z,21.37463664,-157.73725624,UAV 1,2,1:3001:2865,ENMORT003,1:1:71:10:1:0:1,0,false,false,false,false,0
ENSA7001,move to,LOC_동측측방접근로,2026-08-09T09:19:40.000Z,21.37110049,-157.74823768,UAV 1,2,1:3001:2876,ENSA7001,3:1:222:11:45:1:8,0,false,false,false,false,0
ENMORT001,none,,2026-08-09T09:19:40.000Z,21.37443553,-157.73716992,UAV 1,2,1:3001:2789,ENMORT001,1:1:71:10:1:0:1,0,false,false,false,false,0
ENMORT002,none,,2026-08-09T09:19:40.000Z,21.37453609,-157.73721308,UAV 1,2,1:3001:2834,ENMORT002,1:1:71:10:1:0:1,0,false,false,false,false,0
ENMORT005,none,,2026-08-09T09:19:40.000Z,21.37457651,-157.73710572,UAV 1,2,1:3001:2607,ENMORT005,1:1:71:10:1:0:1,0,false,false,false,false,0
ENMORT004,none,,2026-08-09T09:19:40.000Z,21.37447596,-157.73706256,UAV 1,2,1:3001:2630,ENMORT004,1:1:71:10:1:0:1,0,false,false,false,false,0
ENMORT003,none,,2026-08-09T09:19:40.000Z,21.37463664,-157.73725624,UAV 1,2,1:3001:2865,ENMORT003,1:1:71:10:1:0:1,0,false,false,false,false,0
ENSA7001,move to,LOC_동측측방접근로,2026-08-09T09:19:40.000Z,21.37110049,-157.74823768,UAV 1,2,1:3001:2876,ENSA7001,3:1:222:11:45:1:8,0,false,false,false,false,0
ENMORT001,none,,2026-08-09T09:19:41.000Z,21.37443553,-157.73716992,UAV 1,2,1:3001:2789,ENMORT001,1:1:71:10:1:0:1,0,false,false,false,false,0
ENMORT002,none,,2026-08-09T09:19:41.000Z,21.37453609,-157.73721308,UAV 1,2,1:3001:2834,ENMORT002,1:1:71:10:1:0:1,0,false,false,false,false,0
ENMORT005,none,,2026-08-09T09:19:41.000Z,21.37457651,-157.73710572,UAV 1,2,1:3001:2607,ENMORT005,1:1:71:10:1:0:1,0,false,false,false,false,0
ENMORT004,none,,2026-08-09T09:19:41.000Z,21.37447596,-157.73706256,UAV 1,2,1:3001:2630,ENMORT004,1:1:71:10:1:0:1,0,false,false,false,false,0
ENMORT003,none,,2026-08-09T09:19:41.000Z,21.37463664,-157.73725624,UAV 1,2,1:3001:2865,ENMORT003,1:1:71:10:1:0:1,0,false,false,false,false,0
ENSA7001,move to,LOC_동측측방접근로,2026-08-09T09:19:41.000Z,21.37110049,-157.74823768,UAV 1,2,1:3001:2876,ENSA7001,3:1:222:11:45:1:8,0,false,false,false,false,0
ENMORT001,none,,2026-08-09T09:19:41.000Z,21.37443553,-157.73716992,UAV 1,2,1:3001:2789,ENMORT001,1:1:71:10:1:0:1,0,false,false,false,false,0
ENMORT002,none,,2026-08-09T09:19:41.000Z,21.37453609,-157.73721308,UAV 1,2,1:3001:2834,ENMORT002,1:1:71:10:1:0:1,0,false,false,false,false,0
ENMORT005,none,,2026-08-09T09:19:41.000Z,21.37457651,-157.73710572,UAV 1,2,1:3001:2607,ENMORT005,1:1:71:10:1:0:1,0,false,false,false,false,0
ENMORT004,none,,2026-08-09T09:19:41.000Z,21.37447596,-157.73706256,UAV 1,2,1:3001:2630,ENMORT004,1:1:71:10:1:0:1,0,false,false,false,false,0
ENMORT003,none,,2026-08-09T09:19:41.000Z,21.37463664,-157.73725624,UAV 1,2,1:3001:2865,ENMORT003,1:1:71:10:1:0:1,0,false,false,false,false,0
ENSA7001,move to,LOC_동측측방접근로,2026-08-09T09:19:41.000Z,21.37111007,-157.74826615,UAV 1,2,1:3001:2876,ENSA7001,3:1:222:11:45:1:8,0,false,false,false,false,0
ENMORT001,none,,2026-08-09T09:19:42.000Z,21.37443553,-157.73716992,UAV 1,2,1:3001:2789,ENMORT001,1:1:71:10:1:0:1,0,false,false,false,false,0
ENMORT002,none,,2026-08-09T09:19:42.000Z,21.37453609,-157.73721308,UAV 1,2,1:3001:2834,ENMORT002,1:1:71:10:1:0:1,0,false,false,false,false,0
ENMORT005,none,,2026-08-09T09:19:42.000Z,21.37457651,-157.73710572,UAV 1,2,1:3001:2607,ENMORT005,1:1:71:10:1:0:1,0,false,false,false,false,0
ENMORT004,none,,2026-08-09T09:19:42.000Z,21.37447596,-157.73706256,UAV 1,2,1:3001:2630,ENMORT004,1:1:71:10:1:0:1,0,false,false,false,false,0
ENMORT003,none,,2026-08-09T09:19:42.000Z,21.37463664,-157.73725624,UAV 1,2,1:3001:2865,ENMORT003,1:1:71:10:1:0:1,0,false,false,false,false,0
ENSA7001,move to,LOC_동측측방접근로,2026-08-09T09:19:42.000Z,21.37111007,-157.74826615,UAV 1,2,1:3001:2876,ENSA7001,3:1:222:11:45:1:8,0,false,false,false,false,0
ENMORT001,none,,2026-08-09T09:19:42.000Z,21.37443553,-157.73716992,UAV 1,2,1:3001:2789,ENMORT001,1:1:71:10:1:0:1,0,false,false,false,false,0
ENMORT002,none,,2026-08-09T09:19:42.000Z,21.37453609,-157.73721308,UAV 1,2,1:3001:2834,ENMORT002,1:1:71:10:1:0:1,0,false,false,false,false,0
ENMORT005,none,,2026-08-09T09:19:42.000Z,21.37457651,-157.73710572,UAV 1,2,1:3001:2607,ENMORT005,1:1:71:10:1:0:1,0,false,false,false,false,0
ENMORT004,none,,2026-08-09T09:19:42.000Z,21.37447596,-157.73706256,UAV 1,2,1:3001:2630,ENMORT004,1:1:71:10:1:0:1,0,false,false,false,false,0
ENMORT003,none,,2026-08-09T09:19:42.000Z,21.37463664,-157.73725624,UAV 1,2,1:3001:2865,ENMORT003,1:1:71:10:1:0:1,0,false,false,false,false,0
ENSA7001,move to,LOC_동측측방접근로,2026-08-09T09:19:42.000Z,21.37111007,-157.74826615,UAV 1,2,1:3001:2876,ENSA7001,3:1:222:11:45:1:8,0,false,false,false,false,0
ENMORT001,none,,2026-08-09T09:19:43.000Z,21.37443553,-157.73716992,UAV 1,2,1:3001:2789,ENMORT001,1:1:71:10:1:0:1,0,false,false,false,false,0
ENMORT002,none,,2026-08-09T09:19:43.000Z,21.37453609,-157.73721308,UAV 1,2,1:3001:2834,ENMORT002,1:1:71:10:1:0:1,0,false,false,false,false,0
ENMORT005,none,,2026-08-09T09:19:43.000Z,21.37457651,-157.73710572,UAV 1,2,1:3001:2607,ENMORT005,1:1:71:10:1:0:1,0,false,false,false,false,0
ENMORT004,none,,2026-08-09T09:19:43.000Z,21.37447596,-157.73706256,UAV 1,2,1:3001:2630,ENMORT004,1:1:71:10:1:0:1,0,false,false,false,false,0
ENMORT003,none,,2026-08-09T09:19:43.000Z,21.37463664,-157.73725624,UAV 1,2,1:3001:2865,ENMORT003,1:1:71:10:1:0:1,0,false,false,false,false,0
ENSA7001,move to,LOC_동측측방접근로,2026-08-09T09:19:43.000Z,21.37111007,-157.74826615,UAV 1,2,1:3001:2876,ENSA7001,3:1:222:11:45:1:8,0,false,false,false,false,0
ENMORT001,none,,2026-08-09T09:19:43.000Z,21.37443553,-157.73716992,UAV 1,2,1:3001:2789,ENMORT001,1:1:71:10:1:0:1,0,false,false,false,false,0
ENMORT002,none,,2026-08-09T09:19:43.000Z,21.37453609,-157.73721308,UAV 1,2,1:3001:2834,ENMORT002,1:1:71:10:1:0:1,0,false,false,false,false,0
ENMORT005,none,,2026-08-09T09:19:43.000Z,21.37457651,-157.73710572,UAV 1,2,1:3001:2607,ENMORT005,1:1:71:10:1:0:1,0,false,false,false,false,0
ENMORT004,none,,2026-08-09T09:19:43.000Z,21.37447596,-157.73706256,UAV 1,2,1:3001:2630,ENMORT004,1:1:71:10:1:0:1,0,false,false,false,false,0
ENMORT003,none,,2026-08-09T09:19:43.000Z,21.37463664,-157.73725624,UAV 1,2,1:3001:2865,ENMORT003,1:1:71:10:1:0:1,0,false,false,false,false,0
ENMORT001,none,,2026-08-09T09:19:44.000Z,21.37443553,-157.73716992,UAV 1,2,1:3001:2789,ENMORT001,1:1:71:10:1:0:1,0,false,false,false,false,0
ENMORT002,none,,2026-08-09T09:19:44.000Z,21.37453609,-157.73721308,UAV 1,2,1:3001:2834,ENMORT002,1:1:71:10:1:0:1,0,false,false,false,false,0
ENMORT005,none,,2026-08-09T09:19:44.000Z,21.37457651,-157.73710572,UAV 1,2,1:3001:2607,ENMORT005,1:1:71:10:1:0:1,0,false,false,false,false,0
ENMORT004,none,,2026-08-09T09:19:44.000Z,21.37447596,-157.73706256,UAV 1,2,1:3001:2630,ENMORT004,1:1:71:10:1:0:1,0,false,false,false,false,0
ENMORT003,none,,2026-08-09T09:19:44.000Z,21.37463664,-157.73725624,UAV 1,2,1:3001:2865,ENMORT003,1:1:71:10:1:0:1,0,false,false,false,false,0
ENMORT001,none,,2026-08-09T09:19:44.000Z,21.37443553,-157.73716992,UAV 1,2,1:3001:2789,ENMORT001,1:1:71:10:1:0:1,0,false,false,false,false,0
ENMORT002,none,,2026-08-09T09:19:44.000Z,21.37453609,-157.73721308,UAV 1,2,1:3001:2834,ENMORT002,1:1:71:10:1:0:1,0,false,false,false,false,0
ENMORT005,none,,2026-08-09T09:19:44.000Z,21.37457651,-157.73710572,UAV 1,2,1:3001:2607,ENMORT005,1:1:71:10:1:0:1,0,false,false,false,false,0
ENMORT004,none,,2026-08-09T09:19:44.000Z,21.37447596,-157.73706256,UAV 1,2,1:3001:2630,ENMORT004,1:1:71:10:1:0:1,0,false,false,false,false,0
ENMORT003,none,,2026-08-09T09:19:44.000Z,21.37463664,-157.73725624,UAV 1,2,1:3001:2865,ENMORT003,1:1:71:10:1:0:1,0,false,false,false,false,0
ENMORT001,none,,2026-08-09T09:19:45.000Z,21.37443553,-157.73716992,UAV 1,2,1:3001:2789,ENMORT001,1:1:71:10:1:0:1,0,false,false,false,false,0
ENMORT002,none,,2026-08-09T09:19:45.000Z,21.37453609,-157.73721308,UAV 1,2,1:3001:2834,ENMORT002,1:1:71:10:1:0:1,0,false,false,false,false,0
ENMORT005,none,,2026-08-09T09:19:45.000Z,21.37457651,-157.73710572,UAV 1,2,1:3001:2607,ENMORT005,1:1:71:10:1:0:1,0,false,false,false,false,0
ENMORT004,none,,2026-08-09T09:19:45.000Z,21.37447596,-157.73706256,UAV 1,2,1:3001:2630,ENMORT004,1:1:71:10:1:0:1,0,false,false,false,false,0
ENMORT003,none,,2026-08-09T09:19:45.000Z,21.37463664,-157.73725624,UAV 1,2,1:3001:2865,ENMORT003,1:1:71:10:1:0:1,0,false,false,false,false,0
ENMORT001,none,,2026-08-09T09:19:45.000Z,21.37443553,-157.73716992,UAV 1,2,1:3001:2789,ENMORT001,1:1:71:10:1:0:1,0,false,false,false,false,0
ENMORT002,none,,2026-08-09T09:19:45.000Z,21.37453609,-157.73721308,UAV 1,2,1:3001:2834,ENMORT002,1:1:71:10:1:0:1,0,false,false,false,false,0
ENMORT005,none,,2026-08-09T09:19:45.000Z,21.37457651,-157.73710572,UAV 1,2,1:3001:2607,ENMORT005,1:1:71:10:1:0:1,0,false,false,false,false,0
ENMORT004,none,,2026-08-09T09:19:45.000Z,21.37447596,-157.73706256,UAV 1,2,1:3001:2630,ENMORT004,1:1:71:10:1:0:1,0,false,false,false,false,0
ENMORT003,none,,2026-08-09T09:19:45.000Z,21.37463664,-157.73725624,UAV 1,2,1:3001:2865,ENMORT003,1:1:71:10:1:0:1,0,false,false,false,false,0
ENMORT001,none,,2026-08-09T09:19:45.000Z,21.37443553,-157.73716992,UAV 1,2,1:3001:2789,ENMORT001,1:1:71:10:1:0:1,0,false,false,false,false,0
ENMORT002,none,,2026-08-09T09:19:45.000Z,21.37453609,-157.73721308,UAV 1,2,1:3001:2834,ENMORT002,1:1:71:10:1:0:1,0,false,false,false,false,0
ENMORT005,none,,2026-08-09T09:19:45.000Z,21.37457651,-157.73710572,UAV 1,2,1:3001:2607,ENMORT005,1:1:71:10:1:0:1,0,false,false,false,false,0
ENMORT004,none,,2026-08-09T09:19:45.000Z,21.37447596,-157.73706256,UAV 1,2,1:3001:2630,ENMORT004,1:1:71:10:1:0:1,0,false,false,false,false,0
ENMORT003,none,,2026-08-09T09:19:45.000Z,21.37463664,-157.73725624,UAV 1,2,1:3001:2865,ENMORT003,1:1:71:10:1:0:1,0,false,false,false,false,0
ENMORT001,none,,2026-08-09T09:19:46.000Z,21.37443553,-157.73716992,UAV 1,2,1:3001:2789,ENMORT001,1:1:71:10:1:0:1,0,false,false,false,false,0
ENMORT002,none,,2026-08-09T09:19:46.000Z,21.37453609,-157.73721308,UAV 1,2,1:3001:2834,ENMORT002,1:1:71:10:1:0:1,0,false,false,false,false,0
ENMORT005,none,,2026-08-09T09:19:46.000Z,21.37457651,-157.73710572,UAV 1,2,1:3001:2607,ENMORT005,1:1:71:10:1:0:1,0,false,false,false,false,0
ENMORT004,none,,2026-08-09T09:19:46.000Z,21.37447596,-157.73706256,UAV 1,2,1:3001:2630,ENMORT004,1:1:71:10:1:0:1,0,false,false,false,false,0
ENMORT003,none,,2026-08-09T09:19:46.000Z,21.37463664,-157.73725624,UAV 1,2,1:3001:2865,ENMORT003,1:1:71:10:1:0:1,0,false,false,false,false,0
ENMORT001,none,,2026-08-09T09:19:46.000Z,21.37443553,-157.73716992,UAV 1,2,1:3001:2789,ENMORT001,1:1:71:10:1:0:1,0,false,false,false,false,0
ENMORT002,none,,2026-08-09T09:19:46.000Z,21.37453609,-157.73721308,UAV 1,2,1:3001:2834,ENMORT002,1:1:71:10:1:0:1,0,false,false,false,false,0
ENMORT005,none,,2026-08-09T09:19:46.000Z,21.37457651,-157.73710572,UAV 1,2,1:3001:2607,ENMORT005,1:1:71:10:1:0:1,0,false,false,false,false,0
ENMORT004,none,,2026-08-09T09:19:46.000Z,21.37447596,-157.73706256,UAV 1,2,1:3001:2630,ENMORT004,1:1:71:10:1:0:1,0,false,false,false,false,0
ENMORT003,none,,2026-08-09T09:19:46.000Z,21.37463664,-157.73725624,UAV 1,2,1:3001:2865,ENMORT003,1:1:71:10:1:0:1,0,false,false,false,false,0
ENMORT001,none,,2026-08-09T09:19:46.000Z,21.37443553,-157.73716992,UAV 1,2,1:3001:2789,ENMORT001,1:1:71:10:1:0:1,0,false,false,false,false,0
ENMORT002,none,,2026-08-09T09:19:46.000Z,21.37453609,-157.73721308,UAV 1,2,1:3001:2834,ENMORT002,1:1:71:10:1:0:1,0,false,false,false,false,0
ENMORT005,none,,2026-08-09T09:19:46.000Z,21.37457651,-157.73710572,UAV 1,2,1:3001:2607,ENMORT005,1:1:71:10:1:0:1,0,false,false,false,false,0
ENMORT004,none,,2026-08-09T09:19:46.000Z,21.37447596,-157.73706256,UAV 1,2,1:3001:2630,ENMORT004,1:1:71:10:1:0:1,0,false,false,false,false,0
ENMORT003,none,,2026-08-09T09:19:46.000Z,21.37463664,-157.73725624,UAV 1,2,1:3001:2865,ENMORT003,1:1:71:10:1:0:1,0,false,false,false,false,0
